445923.885336 3944853.022185 0.000000 -0.000143
445923.848569 3944854.316908 0.000000 -0.000143
445923.812402 3944855.598847 0.000000 -0.000147
445923.776832 3944856.868004 0.000000 -0.000151
445923.741862 3944858.124378 0.000000 -0.000156
445923.707490 3944859.367969 0.000000 -0.000161
445923.673717 3944860.598777 0.000000 -0.000166
445923.640543 3944861.816801 0.000000 -0.000171
445923.607968 3944863.022043 0.000000 -0.000177
445923.575991 3944864.214502 0.000000 -0.000183
445923.544613 3944865.394177 0.000000 -0.000189
445923.513834 3944866.561070 0.000000 -0.000195
445923.483654 3944867.715179 0.000000 -0.000202
445923.454072 3944868.856506 0.000000 -0.000209
445923.425089 3944869.985049 0.000000 -0.000216
445923.396705 3944871.100809 0.000000 -0.000223
445923.368920 3944872.203787 0.000000 -0.000231
445923.341734 3944873.293981 0.000000 -0.000240
445923.315146 3944874.371392 0.000000 -0.000248
445923.289157 3944875.436020 0.000000 -0.000257
445923.263767 3944876.487865 0.000000 -0.000267
445923.238975 3944877.526927 0.000000 -0.000277
445923.214782 3944878.553206 0.000000 -0.000288
445923.191188 3944879.566702 0.000000 -0.000299
445923.168193 3944880.567415 0.000000 -0.000310
445923.145797 3944881.555345 0.000000 -0.000323
445923.123999 3944882.530492 0.000000 -0.000335
445923.102800 3944883.492856 0.000000 -0.000349
445923.082200 3944884.442436 0.000000 -0.000364
445923.062198 3944885.379234 0.000000 -0.000379
445923.042796 3944886.303249 0.000000 -0.000395
445923.023992 3944887.214480 0.000000 -0.000412
445923.005787 3944888.112929 0.000000 -0.000430
445922.988180 3944888.998594 0.000000 -0.000449
445922.971173 3944889.871477 0.000000 -0.000469
445922.954764 3944890.731576 0.000000 -0.000490
445922.938954 3944891.578893 0.000000 -0.000513
445922.923742 3944892.413426 0.000000 -0.000537
445922.909130 3944893.235176 0.000000 -0.000563
445922.895116 3944894.044143 0.000000 -0.000590
445922.881701 3944894.840328 0.000000 -0.000619
445922.868884 3944895.623729 0.000000 -0.000650
445922.856667 3944896.394347 0.000000 -0.000684
445922.845048 3944897.152182 0.000000 -0.000719
445922.834028 3944897.897234 0.000000 -0.000757
445922.823607 3944898.629503 0.000000 -0.000798
445922.813784 3944899.348989 0.000000 -0.000842
445922.804561 3944900.055691 0.000000 -0.000889
445922.795936 3944900.749611 0.000000 -0.000939
445922.787909 3944901.430748 0.000000 -0.000994
445922.780482 3944902.099102 0.000000 -0.000518
445922.773354 3944902.761026 0.000000 0.000002
445922.766226 3944903.422874 0.000000 0.000002
445922.759098 3944904.084646 0.000000 0.000002
445922.751969 3944904.746342 0.000000 0.000002
445922.744841 3944905.407962 0.000000 0.000002
445922.737713 3944906.069506 0.000000 0.000002
445922.730585 3944906.730974 0.000000 0.000002
445922.723457 3944907.392366 0.000000 0.000002
445922.716329 3944908.053682 0.000000 0.000002
445922.709201 3944908.714922 0.000000 0.000002
445922.702073 3944909.376086 0.000000 0.000002
445922.694945 3944910.037174 0.000000 0.000002
445922.687817 3944910.698186 0.000000 0.000002
445922.680689 3944911.359121 0.000000 0.000002
445922.673560 3944912.019981 0.000000 0.000002
445922.666432 3944912.680765 0.000000 0.000002
445922.659304 3944913.341472 0.000000 0.000002
445922.652176 3944914.002104 0.000000 0.000002
445922.645048 3944914.662660 0.000000 0.000002
445922.637920 3944915.323139 0.000000 0.000002
445922.630792 3944915.983543 0.000000 0.000002
445922.623664 3944916.643870 0.000000 0.000002
445922.616536 3944917.304122 0.000000 0.000002
445922.609408 3944917.964297 0.000000 0.000002
445922.602280 3944918.624396 0.000000 0.000002
445922.595151 3944919.284420 0.000000 0.000002
445922.588023 3944919.944367 0.000000 0.000002
445922.580895 3944920.604238 0.000000 0.000002
445922.573767 3944921.264034 0.000000 0.000002
445922.566639 3944921.923753 0.000000 0.000002
445922.559511 3944922.583396 0.000000 0.000002
445922.552383 3944923.242963 0.000000 0.000002
445922.545255 3944923.902454 0.000000 0.000002
445922.538127 3944924.561869 0.000000 0.000002
445922.530999 3944925.221208 0.000000 0.000002
445922.523870 3944925.880471 0.000000 0.000002
445922.516742 3944926.539658 0.000000 0.000002
445922.509614 3944927.198769 0.000000 0.000002
445922.502486 3944927.857804 0.000000 0.000002
445922.495358 3944928.516763 0.000000 0.000002
445922.488230 3944929.175646 0.000000 0.000002
445922.481102 3944929.834453 0.000000 0.000002
445922.473974 3944930.493184 0.000000 0.000002
445922.466846 3944931.151838 0.000000 0.000002
445922.459718 3944931.810417 0.000000 0.000002
445922.452590 3944932.468920 0.000000 0.000002
445922.445461 3944933.127346 0.000000 0.000002
445922.438333 3944933.785697 0.000000 0.000002
445922.431205 3944934.443972 0.000000 0.000002
445922.424077 3944935.102170 0.000000 0.000023
445922.416940 3944935.760321 0.000000 0.000044
445922.409783 3944936.418453 0.000000 0.000044
445922.402607 3944937.076566 0.000000 0.000044
445922.395413 3944937.734660 0.000000 0.000044
445922.388199 3944938.392735 0.000000 0.000044
445922.380966 3944939.050791 0.000000 0.000044
445922.373715 3944939.708828 0.000000 0.000044
445922.366444 3944940.366846 0.000000 0.000044
445922.359155 3944941.024845 0.000000 0.000044
445922.351846 3944941.682825 0.000000 0.000044
445922.344518 3944942.340786 0.000000 0.000044
445922.337171 3944942.998728 0.000000 0.000044
445922.329806 3944943.656651 0.000000 0.000044
445922.322421 3944944.314555 0.000000 0.000044
445922.315017 3944944.972440 0.000000 0.000044
445922.307595 3944945.630306 0.000000 0.000044
445922.300153 3944946.288153 0.000000 0.000044
445922.292692 3944946.945981 0.000000 0.000044
445922.285212 3944947.603790 0.000000 0.000044
445922.277714 3944948.261580 0.000000 0.000044
445922.270196 3944948.919350 0.000000 0.000044
445922.262659 3944949.577102 0.000000 0.000044
445922.255103 3944950.234835 0.000000 0.000044
445922.247529 3944950.892549 0.000000 0.000044
445922.239935 3944951.550244 0.000000 0.000044
445922.232322 3944952.207920 0.000000 0.000044
445922.224690 3944952.865576 0.000000 0.000044
445922.217039 3944953.523214 0.000000 0.000044
445922.209370 3944954.180833 0.000000 0.000044
445922.201681 3944954.838433 0.000000 0.000044
445922.193973 3944955.496014 0.000000 0.000044
445922.186246 3944956.153576 0.000000 0.000044
445922.178500 3944956.811118 0.000000 0.000044
445922.170735 3944957.468642 0.000000 0.000044
445922.162951 3944958.126147 0.000000 0.000044
445922.155149 3944958.783633 0.000000 0.000044
445922.147327 3944959.441099 0.000000 0.000044
445922.139486 3944960.098547 0.000000 0.000044
445922.131626 3944960.755976 0.000000 0.000044
445922.123747 3944961.413386 0.000000 0.000045
445922.115849 3944962.070776 0.000000 0.000045
445922.107932 3944962.728148 0.000000 0.000045
445922.099996 3944963.385501 0.000000 0.000045
445922.092041 3944964.042834 0.000000 0.000045
445922.084067 3944964.700149 0.000000 0.000045
445922.076074 3944965.357445 0.000000 0.000045
445922.068062 3944966.014721 0.000000 0.000045
445922.060031 3944966.671979 0.000000 0.000045
445922.051981 3944967.329218 0.000000 0.000045
445922.043912 3944967.986437 0.000000 0.001087
445922.035378 3944968.643362 0.000000 0.002134
445922.025930 3944969.299717 0.000000 0.002139
445922.015571 3944969.955502 0.000000 0.002144
445922.004299 3944970.610716 0.000000 0.002150
445921.992115 3944971.265360 0.000000 0.002155
445921.979018 3944971.919434 0.000000 0.002161
445921.965009 3944972.572937 0.000000 0.002166
445921.950088 3944973.225870 0.000000 0.002172
445921.934254 3944973.878233 0.000000 0.002177
445921.917507 3944974.530026 0.000000 0.002183
445921.899849 3944975.181249 0.000000 0.002188
445921.881278 3944975.831901 0.000000 0.002194
445921.861794 3944976.481983 0.000000 0.002199
445921.841398 3944977.131495 0.000000 0.002205
445921.820090 3944977.780436 0.000000 0.002210
445921.797870 3944978.428808 0.000000 0.002216
445921.774736 3944979.076609 0.000000 0.002221
445921.750691 3944979.723840 0.000000 0.002227
445921.725733 3944980.370500 0.000000 0.002232
445921.699863 3944981.016590 0.000000 0.002238
445921.673080 3944981.662110 0.000000 0.002243
445921.645385 3944982.307060 0.000000 0.002249
445921.616778 3944982.951440 0.000000 0.002254
445921.587258 3944983.595249 0.000000 0.002260
445921.556826 3944984.238488 0.000000 0.002266
445921.525481 3944984.881157 0.000000 0.002271
445921.493224 3944985.523256 0.000000 0.002277
445921.460055 3944986.164784 0.000000 0.002282
445921.425973 3944986.805742 0.000000 0.002288
445921.390979 3944987.446130 0.000000 0.002293
445921.355072 3944988.085948 0.000000 0.002299
445921.318253 3944988.725195 0.000000 0.002304
445921.280522 3944989.363872 0.000000 0.002310
445921.241878 3944990.001979 0.000000 0.002316
445921.202322 3944990.639515 0.000000 0.002321
445921.161854 3944991.276482 0.000000 0.002327
445921.120473 3944991.912878 0.000000 0.002332
445921.078179 3944992.548704 0.000000 0.002338
445921.034974 3944993.183959 0.000000 0.002344
445920.990855 3944993.818645 0.000000 0.002349
445920.945825 3944994.452760 0.000000 0.002355
445920.899882 3944995.086305 0.000000 0.002360
445920.853027 3944995.719279 0.000000 0.002366
445920.805259 3944996.351684 0.000000 0.002372
445920.756579 3944996.983518 0.000000 0.002377
445920.706986 3944997.614782 0.000000 0.002383
445920.656481 3944998.245475 0.000000 0.002388
445920.605064 3944998.875599 0.000000 0.002394
445920.552734 3944999.505152 0.000000 0.002400
445920.499492 3945000.134135 0.000000 0.002494
445920.445319 3945000.762357 0.000000 0.002592
445920.390195 3945001.389629 0.000000 0.002603
445920.334120 3945002.015951 0.000000 0.002614
445920.277096 3945002.641322 0.000000 0.002624
445920.219121 3945003.265743 0.000000 0.002635
445920.160195 3945003.889214 0.000000 0.002646
445920.100319 3945004.511734 0.000000 0.002657
445920.039493 3945005.133304 0.000000 0.002668
445919.977716 3945005.753923 0.000000 0.002679
445919.914989 3945006.373592 0.000000 0.002690
445919.851311 3945006.992310 0.000000 0.002701
445919.786683 3945007.610078 0.000000 0.002712
445919.721105 3945008.226896 0.000000 0.002723
445919.654576 3945008.842763 0.000000 0.002734
445919.587096 3945009.457680 0.000000 0.002745
445919.518667 3945010.071646 0.000000 0.002756
445919.449287 3945010.684662 0.000000 0.002768
445919.378956 3945011.296728 0.000000 0.002779
445919.307675 3945011.907843 0.000000 0.002790
445919.235444 3945012.518007 0.000000 0.002802
445919.162262 3945013.127222 0.000000 0.002813
445919.088130 3945013.735486 0.000000 0.002825
445919.013047 3945014.342799 0.000000 0.002836
445918.937014 3945014.949162 0.000000 0.002848
445918.860031 3945015.554575 0.000000 0.002859
445918.782097 3945016.159037 0.000000 0.002871
445918.703213 3945016.762549 0.000000 0.002882
445918.623378 3945017.365110 0.000000 0.002894
445918.542593 3945017.966721 0.000000 0.002906
445918.460858 3945018.567382 0.000000 0.002917
445918.378172 3945019.167092 0.000000 0.002929
445918.294536 3945019.765852 0.000000 0.002941
445918.209949 3945020.363661 0.000000 0.002953
445918.124412 3945020.960520 0.000000 0.002965
445918.037924 3945021.556429 0.000000 0.002976
445917.950486 3945022.151387 0.000000 0.002988
445917.862098 3945022.745395 0.000000 0.003000
445917.772759 3945023.338452 0.000000 0.003012
445917.682470 3945023.930559 0.000000 0.003024
445917.591230 3945024.521715 0.000000 0.003036
445917.499040 3945025.111921 0.000000 0.003049
445917.405900 3945025.701177 0.000000 0.003061
445917.311809 3945026.289482 0.000000 0.003073
445917.216768 3945026.876837 0.000000 0.003085
445917.120776 3945027.463242 0.000000 0.003097
445917.023834 3945028.048696 0.000000 0.003110
445916.925942 3945028.633199 0.000000 0.003122
445916.827099 3945029.216752 0.000000 0.003134
445916.727306 3945029.799355 0.000000 0.003147
445916.626562 3945030.381007 0.000000 0.003726
445916.524706 3945030.961491 0.000000 0.004314
445916.421577 3945031.540586 0.000000 0.004340
445916.317174 3945032.118295 0.000000 0.004365
445916.211498 3945032.694615 0.000000 0.004390
445916.104548 3945033.269548 0.000000 0.004416
445915.996324 3945033.843093 0.000000 0.004442
445915.886827 3945034.415251 0.000000 0.004467
445915.776057 3945034.986021 0.000000 0.004493
445915.664013 3945035.555404 0.000000 0.004519
445915.550695 3945036.123399 0.000000 0.004545
445915.436104 3945036.690006 0.000000 0.004572
445915.320239 3945037.255226 0.000000 0.004598
445915.203101 3945037.819058 0.000000 0.004624
445915.084689 3945038.381502 0.000000 0.004651
445914.965004 3945038.942559 0.000000 0.004677
445914.844045 3945039.502229 0.000000 0.004704
445914.721812 3945040.060510 0.000000 0.004731
445914.598306 3945040.617404 0.000000 0.004758
445914.473526 3945041.172911 0.000000 0.004785
445914.347473 3945041.727030 0.000000 0.004812
445914.220146 3945042.279761 0.000000 0.004839
445914.091546 3945042.831105 0.000000 0.004867
445913.961672 3945043.381061 0.000000 0.004894
445913.830525 3945043.929630 0.000000 0.004922
445913.698104 3945044.476810 0.000000 0.004949
445913.564409 3945045.022604 0.000000 0.004977
445913.429441 3945045.567009 0.000000 0.005005
445913.293200 3945046.110027 0.000000 0.005032
445913.155685 3945046.651658 0.000000 0.005060
445913.016896 3945047.191901 0.000000 0.005088
445912.876834 3945047.730756 0.000000 0.005117
445912.735498 3945048.268224 0.000000 0.005145
445912.592888 3945048.804304 0.000000 0.005173
445912.449005 3945049.338996 0.000000 0.005201
445912.303849 3945049.872301 0.000000 0.005230
445912.157419 3945050.404219 0.000000 0.005258
445912.009715 3945050.934748 0.000000 0.005287
445911.860738 3945051.463890 0.000000 0.005316
445911.710488 3945051.991645 0.000000 0.005344
445911.558963 3945052.518012 0.000000 0.005373
445911.406166 3945053.042991 0.000000 0.005402
445911.252094 3945053.566583 0.000000 0.005431
445911.096749 3945054.088787 0.000000 0.005460
445910.940131 3945054.609603 0.000000 0.005489
445910.782239 3945055.129032 0.000000 0.005518
445910.623073 3945055.647073 0.000000 0.005547
445910.462634 3945056.163727 0.000000 0.005576
445910.300922 3945056.678993 0.000000 0.005606
445910.137935 3945057.192871 0.000000 0.005635
445909.973676 3945057.705362 0.000000 0.004587
445909.808389 3945058.216713 0.000000 0.003525
445909.642324 3945058.727169 0.000000 0.003537
445909.475479 3945059.236733 0.000000 0.003549
445909.307855 3945059.745403 0.000000 0.003561
445909.139451 3945060.253180 0.000000 0.003573
445908.970268 3945060.760063 0.000000 0.003585
445908.800306 3945061.266053 0.000000 0.003597
445908.629564 3945061.771150 0.000000 0.003610
445908.458043 3945062.275353 0.000000 0.003622
445908.285743 3945062.778663 0.000000 0.003634
445908.112664 3945063.281080 0.000000 0.003646
445907.938805 3945063.782603 0.000000 0.003658
445907.764166 3945064.283233 0.000000 0.003670
445907.588749 3945064.782969 0.000000 0.003682
445907.412552 3945065.281812 0.000000 0.003695
445907.235576 3945065.779761 0.000000 0.003707
445907.057820 3945066.276817 0.000000 0.003719
445906.879285 3945066.772980 0.000000 0.003731
445906.699971 3945067.268250 0.000000 0.003744
445906.519877 3945067.762626 0.000000 0.003756
445906.339004 3945068.256108 0.000000 0.003768
445906.157352 3945068.748697 0.000000 0.003780
445905.974920 3945069.240393 0.000000 0.003793
445905.791709 3945069.731196 0.000000 0.003805
445905.607719 3945070.221105 0.000000 0.003817
445905.422949 3945070.710120 0.000000 0.003829
445905.237400 3945071.198243 0.000000 0.003842
445905.051072 3945071.685472 0.000000 0.003854
445904.863964 3945072.171807 0.000000 0.003866
445904.676077 3945072.657249 0.000000 0.003879
445904.487411 3945073.141798 0.000000 0.003891
445904.297965 3945073.625453 0.000000 0.003903
445904.107740 3945074.108215 0.000000 0.003916
445903.916736 3945074.590084 0.000000 0.003928
445903.724952 3945075.071059 0.000000 0.003940
445903.532389 3945075.551141 0.000000 0.003953
445903.339047 3945076.030329 0.000000 0.003965
445903.144925 3945076.508624 0.000000 0.003977
445902.950024 3945076.986026 0.000000 0.003990
445902.754343 3945077.462534 0.000000 0.004002
445902.557884 3945077.938149 0.000000 0.004014
445902.360645 3945078.412870 0.000000 0.004027
445902.162626 3945078.886698 0.000000 0.004039
445901.963828 3945079.359633 0.000000 0.004051
445901.764251 3945079.831674 0.000000 0.004064
445901.563895 3945080.302822 0.000000 0.004076
445901.362759 3945080.773077 0.000000 0.004088
445901.160844 3945081.242438 0.000000 0.004101
445900.958150 3945081.710906 0.000000 0.004113
445900.754676 3945082.178480 0.000000 0.003779
445900.550508 3945082.645189 0.000000 0.003444
445900.345732 3945083.111063 0.000000 0.003455
445900.140348 3945083.576099 0.000000 0.003466
445899.934356 3945084.040300 0.000000 0.003476
445899.727755 3945084.503664 0.000000 0.003487
445899.520546 3945084.966191 0.000000 0.003498
445899.312729 3945085.427883 0.000000 0.003508
445899.104304 3945085.888738 0.000000 0.003519
445898.895270 3945086.348756 0.000000 0.003530
445898.685628 3945086.807938 0.000000 0.003540
445898.475378 3945087.266284 0.000000 0.003551
445898.264519 3945087.723794 0.000000 0.003562
445898.053053 3945088.180467 0.000000 0.003572
445897.840978 3945088.636304 0.000000 0.003583
445897.628294 3945089.091304 0.000000 0.003594
445897.415003 3945089.545468 0.000000 0.003604
445897.201103 3945089.998796 0.000000 0.003615
445896.986595 3945090.451287 0.000000 0.003626
445896.771479 3945090.902942 0.000000 0.003637
445896.555754 3945091.353761 0.000000 0.003647
445896.339421 3945091.803743 0.000000 0.003658
445896.122480 3945092.252889 0.000000 0.003669
445895.904931 3945092.701198 0.000000 0.003680
445895.686773 3945093.148671 0.000000 0.003691
445895.468007 3945093.595308 0.000000 0.003701
445895.248633 3945094.041109 0.000000 0.003712
445895.028651 3945094.486073 0.000000 0.003723
445894.808060 3945094.930200 0.000000 0.003734
445894.586861 3945095.373492 0.000000 0.003744
445894.365054 3945095.815947 0.000000 0.003755
445894.142638 3945096.257565 0.000000 0.003766
445893.919614 3945096.698347 0.000000 0.003777
445893.695982 3945097.138293 0.000000 0.003788
445893.471742 3945097.577403 0.000000 0.003798
445893.246894 3945098.015676 0.000000 0.003809
445893.021437 3945098.453113 0.000000 0.003820
445892.795372 3945098.889713 0.000000 0.003831
445892.568698 3945099.325477 0.000000 0.003842
445892.341417 3945099.760405 0.000000 0.003852
445892.113527 3945100.194496 0.000000 0.003863
445891.885029 3945100.627751 0.000000 0.003874
445891.655922 3945101.060170 0.000000 0.003885
445891.426208 3945101.491752 0.000000 0.003896
445891.195885 3945101.922498 0.000000 0.003907
445890.964954 3945102.352407 0.000000 0.003917
445890.733414 3945102.781481 0.000000 0.003928
445890.501266 3945103.209717 0.000000 0.003939
445890.268510 3945103.637118 0.000000 0.003950
445890.035146 3945104.063682 0.000000 0.003960
445889.801174 3945104.489410 0.000000 0.003926
445889.566479 3945104.914529 0.000000 0.003883
445889.330948 3945105.339268 0.000000 0.003882
445889.094580 3945105.763627 0.000000 0.003880
445888.857376 3945106.187606 0.000000 0.003878
445888.619336 3945106.611205 0.000000 0.003876
445888.380459 3945107.034424 0.000000 0.003874
445888.140746 3945107.457262 0.000000 0.003872
445887.900197 3945107.879721 0.000000 0.003870
445887.658811 3945108.301799 0.000000 0.003868
445887.416589 3945108.723497 0.000000 0.003866
445887.173531 3945109.144814 0.000000 0.003864
445886.929636 3945109.565752 0.000000 0.003862
445886.684905 3945109.986309 0.000000 0.003860
445886.439337 3945110.406487 0.000000 0.003857
445886.192933 3945110.826284 0.000000 0.003855
445885.945693 3945111.245701 0.000000 0.003853
445885.697616 3945111.664738 0.000000 0.003851
445885.448703 3945112.083394 0.000000 0.003848
445885.198954 3945112.501671 0.000000 0.003846
445884.948368 3945112.919567 0.000000 0.003843
445884.696946 3945113.337083 0.000000 0.003841
445884.444688 3945113.754219 0.000000 0.003838
445884.191593 3945114.170975 0.000000 0.003836
445883.937662 3945114.587351 0.000000 0.003833
445883.682894 3945115.003346 0.000000 0.003830
445883.427290 3945115.418961 0.000000 0.003828
445883.170850 3945115.834197 0.000000 0.003825
445882.913573 3945116.249052 0.000000 0.003822
445882.655460 3945116.663526 0.000000 0.003819
445882.396511 3945117.077621 0.000000 0.003817
445882.136725 3945117.491336 0.000000 0.003814
445881.876103 3945117.904670 0.000000 0.003811
445881.614645 3945118.317624 0.000000 0.003808
445881.352350 3945118.730198 0.000000 0.003805
445881.089219 3945119.142392 0.000000 0.003802
445880.825251 3945119.554206 0.000000 0.003799
445880.560447 3945119.965639 0.000000 0.003796
445880.294807 3945120.376692 0.000000 0.003792
445880.028331 3945120.787366 0.000000 0.003789
445879.761018 3945121.197659 0.000000 0.003786
445879.492868 3945121.607571 0.000000 0.003783
445879.223883 3945122.017104 0.000000 0.003780
445878.954061 3945122.426257 0.000000 0.003776
445878.683402 3945122.835029 0.000000 0.003773
445878.411907 3945123.243421 0.000000 0.003770
445878.139576 3945123.651433 0.000000 0.003766
445877.866409 3945124.059065 0.000000 0.003763
445877.592405 3945124.466317 0.000000 0.003759
445877.317565 3945124.873188 0.000000 0.003756
445877.041888 3945125.279680 0.000000 0.004011
445876.765423 3945125.685610 0.000000 0.004273
445876.488216 3945126.090799 0.000000 0.004278
445876.210268 3945126.495247 0.000000 0.004283
445875.931578 3945126.898954 0.000000 0.004288
445875.652148 3945127.301919 0.000000 0.004293
445875.371975 3945127.704143 0.000000 0.004297
445875.091062 3945128.105626 0.000000 0.004302
445874.809407 3945128.506367 0.000000 0.004307
445874.527011 3945128.906368 0.000000 0.004312
445874.243874 3945129.305626 0.000000 0.004316
445873.959995 3945129.704144 0.000000 0.004321
445873.675375 3945130.101920 0.000000 0.004325
445873.390014 3945130.498954 0.000000 0.004330
445873.103911 3945130.895248 0.000000 0.004334
445872.817067 3945131.290800 0.000000 0.004339
445872.529482 3945131.685611 0.000000 0.004343
445872.241156 3945132.079680 0.000000 0.004347
445871.952088 3945132.473008 0.000000 0.004352
445871.662278 3945132.865595 0.000000 0.004356
445871.371728 3945133.257441 0.000000 0.004360
445871.080436 3945133.648545 0.000000 0.004364
445870.788403 3945134.038908 0.000000 0.004368
445870.495628 3945134.428529 0.000000 0.004372
445870.202112 3945134.817410 0.000000 0.004376
445869.907855 3945135.205548 0.000000 0.004380
445869.612857 3945135.592946 0.000000 0.004384
445869.317117 3945135.979602 0.000000 0.004387
445869.020636 3945136.365517 0.000000 0.004391
445868.723413 3945136.750691 0.000000 0.004395
445868.425450 3945137.135123 0.000000 0.004398
445868.126745 3945137.518814 0.000000 0.004402
445867.827298 3945137.901764 0.000000 0.004405
445867.527110 3945138.283972 0.000000 0.004409
445867.226181 3945138.665439 0.000000 0.004412
445866.924511 3945139.046165 0.000000 0.004415
445866.622099 3945139.426149 0.000000 0.004418
445866.318946 3945139.805392 0.000000 0.004422
445866.015052 3945140.183894 0.000000 0.004425
445865.710416 3945140.561654 0.000000 0.004428
445865.405039 3945140.938673 0.000000 0.004431
445865.098921 3945141.314951 0.000000 0.004434
445864.792061 3945141.690487 0.000000 0.004437
445864.484460 3945142.065283 0.000000 0.004439
445864.176118 3945142.439336 0.000000 0.004442
445863.867034 3945142.812649 0.000000 0.004445
445863.557210 3945143.185220 0.000000 0.004448
445863.246643 3945143.557050 0.000000 0.004450
445862.935336 3945143.928138 0.000000 0.004453
445862.623287 3945144.298485 0.000000 0.004455
445862.310497 3945144.668091 0.000000 0.002914
445861.997222 3945145.037212 0.000000 0.001372
445861.683719 3945145.406106 0.000000 0.001372
445861.369988 3945145.774770 0.000000 0.001372
445861.056028 3945146.143207 0.000000 0.001372
445860.741841 3945146.511416 0.000000 0.001373
445860.427426 3945146.879397 0.000000 0.001373
445860.112782 3945147.247149 0.000000 0.001373
445859.797911 3945147.614674 0.000000 0.001373
445859.482811 3945147.981970 0.000000 0.001373
445859.167483 3945148.349038 0.000000 0.001374
445858.851927 3945148.715878 0.000000 0.001374
445858.536143 3945149.082491 0.000000 0.001374
445858.220131 3945149.448874 0.000000 0.001374
445857.903891 3945149.815030 0.000000 0.001375
445857.587423 3945150.180958 0.000000 0.001375
445857.270726 3945150.546658 0.000000 0.001375
445856.953802 3945150.912129 0.000000 0.001375
445856.636649 3945151.277373 0.000000 0.001375
445856.319268 3945151.642388 0.000000 0.001375
445856.001660 3945152.007175 0.000000 0.001376
445855.683823 3945152.371735 0.000000 0.001376
445855.365758 3945152.736066 0.000000 0.001376
445855.047465 3945153.100169 0.000000 0.001376
445854.728943 3945153.464043 0.000000 0.001376
445854.410194 3945153.827690 0.000000 0.001377
445854.091217 3945154.191109 0.000000 0.001377
445853.772011 3945154.554299 0.000000 0.001377
445853.452578 3945154.917262 0.000000 0.001377
445853.132916 3945155.279996 0.000000 0.001377
445852.813026 3945155.642503 0.000000 0.001377
445852.492908 3945156.004781 0.000000 0.001378
445852.172562 3945156.366831 0.000000 0.001378
445851.851988 3945156.728653 0.000000 0.001378
445851.531186 3945157.090247 0.000000 0.001378
445851.210156 3945157.451612 0.000000 0.001378
445850.888897 3945157.812750 0.000000 0.001378
445850.567411 3945158.173660 0.000000 0.001379
445850.245696 3945158.534341 0.000000 0.001379
445849.923754 3945158.894795 0.000000 0.001379
445849.601583 3945159.255020 0.000000 0.001379
445849.279184 3945159.615017 0.000000 0.001379
445848.956557 3945159.974786 0.000000 0.001379
445848.633702 3945160.334327 0.000000 0.001380
445848.310619 3945160.693640 0.000000 0.001380
445847.987307 3945161.052725 0.000000 0.001380
445847.663768 3945161.411582 0.000000 0.001380
445847.340001 3945161.770210 0.000000 0.001380
445847.016005 3945162.128611 0.000000 0.001380
445846.691781 3945162.486783 0.000000 0.001380
445846.367330 3945162.844727 0.000000 0.000518
445846.042792 3945163.202586 0.000000 -0.000345
445845.718312 3945163.560502 0.000000 -0.000345
445845.393889 3945163.918475 0.000000 -0.000345
445845.069523 3945164.276505 0.000000 -0.000345
445844.745213 3945164.634591 0.000000 -0.000345
445844.420961 3945164.992735 0.000000 -0.000345
445844.096766 3945165.350936 0.000000 -0.000345
445843.772628 3945165.709194 0.000000 -0.000345
445843.448547 3945166.067509 0.000000 -0.000345
445843.124523 3945166.425881 0.000000 -0.000345
445842.800556 3945166.784310 0.000000 -0.000345
445842.476646 3945167.142796 0.000000 -0.000345
445842.152793 3945167.501339 0.000000 -0.000345
445841.828997 3945167.859939 0.000000 -0.000345
445841.505258 3945168.218596 0.000000 -0.000345
445841.181576 3945168.577310 0.000000 -0.000345
445840.857951 3945168.936082 0.000000 -0.000345
445840.534383 3945169.294910 0.000000 -0.000345
445840.210872 3945169.653795 0.000000 -0.000345
445839.887418 3945170.012737 0.000000 -0.000345
445839.564022 3945170.371736 0.000000 -0.000345
445839.240682 3945170.730793 0.000000 -0.000345
445838.917399 3945171.089906 0.000000 -0.000345
445838.594173 3945171.449076 0.000000 -0.000345
445838.271005 3945171.808304 0.000000 -0.000345
445837.947893 3945172.167588 0.000000 -0.000345
445837.624838 3945172.526929 0.000000 -0.000345
445837.301841 3945172.886328 0.000000 -0.000345
445836.978900 3945173.245783 0.000000 -0.000345
445836.656016 3945173.605296 0.000000 -0.000345
445836.333190 3945173.964865 0.000000 -0.000345
445836.010420 3945174.324492 0.000000 -0.000345
445835.687708 3945174.684175 0.000000 -0.000345
445835.365052 3945175.043916 0.000000 -0.000345
445835.042454 3945175.403714 0.000000 -0.000345
445834.719912 3945175.763568 0.000000 -0.000345
445834.397428 3945176.123480 0.000000 -0.000345
445834.075001 3945176.483449 0.000000 -0.000345
445833.752630 3945176.843474 0.000000 -0.000345
445833.430317 3945177.203557 0.000000 -0.000345
445833.108061 3945177.563697 0.000000 -0.000345
445832.785861 3945177.923893 0.000000 -0.000345
445832.463719 3945178.284147 0.000000 -0.000345
445832.141634 3945178.644458 0.000000 -0.000345
445831.819606 3945179.004826 0.000000 -0.000345
445831.497634 3945179.365251 0.000000 -0.000345
445831.175720 3945179.725733 0.000000 -0.000345
445830.853863 3945180.086272 0.000000 -0.000345
445830.532063 3945180.446868 0.000000 -0.000345
445830.210320 3945180.807521 0.000000 -0.000172
445829.888605 3945181.168202 0.000000 0.000000
445829.566891 3945181.528884 0.000000 0.000000
445829.245176 3945181.889565 0.000000 0.000000
445828.923462 3945182.250246 0.000000 -0.000000
445828.601747 3945182.610928 0.000000 0.000000
445828.280032 3945182.971609 0.000000 -0.000000
445827.958318 3945183.332291 0.000000 0.000000
445827.636603 3945183.692972 0.000000 -0.000000
445827.314889 3945184.053654 0.000000 -0.000000
445826.993174 3945184.414335 0.000000 -0.000000
445826.671460 3945184.775017 0.000000 0.000000
445826.349745 3945185.135698 0.000000 0.000000
445826.028030 3945185.496380 0.000000 -0.000000
445825.706316 3945185.857061 0.000000 0.000000
445825.384601 3945186.217743 0.000000 -0.000000
445825.062887 3945186.578424 0.000000 0.000000
445824.741172 3945186.939106 0.000000 -0.000000
445824.419457 3945187.299787 0.000000 0.000000
445824.097743 3945187.660469 0.000000 -0.000000
445823.776028 3945188.021150 0.000000 0.000000
445823.454314 3945188.381832 0.000000 0.000000
445823.132599 3945188.742513 0.000000 -0.000000
445822.810885 3945189.103195 0.000000 0.000000
445822.489170 3945189.463876 0.000000 0.000000
445822.167455 3945189.824558 0.000000 0.000000
445821.845741 3945190.185239 0.000000 -0.000000
445821.524026 3945190.545921 0.000000 0.000000
445821.202312 3945190.906602 0.000000 0.000000
445820.880597 3945191.267284 0.000000 -0.000000
445820.558883 3945191.627965 0.000000 -0.000000
445820.237168 3945191.988647 0.000000 0.000000
445819.915453 3945192.349328 0.000000 -0.000000
445819.593739 3945192.710009 0.000000 -0.000000
445819.272024 3945193.070691 0.000000 0.000000
445818.950310 3945193.431372 0.000000 -0.000000
445818.628595 3945193.792054 0.000000 -0.000000
445818.306881 3945194.152735 0.000000 0.000000
445817.985166 3945194.513417 0.000000 -0.000000
445817.663451 3945194.874098 0.000000 -0.000000
445817.341737 3945195.234780 0.000000 -0.000000
445817.020022 3945195.595461 0.000000 0.000000
445816.698308 3945195.956143 0.000000 -0.000000
445816.376593 3945196.316824 0.000000 0.000000
445816.054878 3945196.677506 0.000000 0.000000
445815.733164 3945197.038187 0.000000 -0.000000
445815.411449 3945197.398869 0.000000 -0.000000
445815.089735 3945197.759550 0.000000 -0.000000
445814.768020 3945198.120232 0.000000 0.000000
445814.446306 3945198.480913 0.000000 -0.000000
445814.124591 3945198.841595 0.000000 0.000156
445813.802895 3945199.202200 0.000000 0.000312
445813.481238 3945199.562654 0.000000 0.000312
445813.159618 3945199.922955 0.000000 0.000313
445812.838037 3945200.283104 0.000000 0.000313
445812.516493 3945200.643101 0.000000 0.000313
445812.194988 3945201.002946 0.000000 0.000313
445811.873520 3945201.362639 0.000000 0.000314
445811.552091 3945201.722180 0.000000 0.000314
445811.230699 3945202.081569 0.000000 0.000314
445810.909346 3945202.440806 0.000000 0.000315
445810.588031 3945202.799891 0.000000 0.000315
445810.266753 3945203.158824 0.000000 0.000315
445809.945514 3945203.517604 0.000000 0.000315
445809.624313 3945203.876233 0.000000 0.000316
445809.303149 3945204.234710 0.000000 0.000316
445808.982024 3945204.593034 0.000000 0.000316
445808.660937 3945204.951206 0.000000 0.000316
445808.339887 3945205.309227 0.000000 0.000317
445808.018876 3945205.667095 0.000000 0.000317
445807.697903 3945206.024811 0.000000 0.000317
445807.376968 3945206.382375 0.000000 0.000318
445807.056070 3945206.739787 0.000000 0.000318
445806.735211 3945207.097047 0.000000 0.000318
445806.414390 3945207.454155 0.000000 0.000318
445806.093607 3945207.811111 0.000000 0.000319
445805.772862 3945208.167915 0.000000 0.000319
445805.452154 3945208.524567 0.000000 0.000319
445805.131485 3945208.881066 0.000000 0.000320
445804.810854 3945209.237414 0.000000 0.000320
445804.490261 3945209.593610 0.000000 0.000320
445804.169706 3945209.949653 0.000000 0.000320
445803.849189 3945210.305544 0.000000 0.000321
445803.528710 3945210.661284 0.000000 0.000321
445803.208269 3945211.016871 0.000000 0.000321
445802.887866 3945211.372306 0.000000 0.000321
445802.567501 3945211.727589 0.000000 0.000322
445802.247174 3945212.082720 0.000000 0.000322
445801.926885 3945212.437699 0.000000 0.000322
445801.606634 3945212.792526 0.000000 0.000323
445801.286421 3945213.147201 0.000000 0.000323
445800.966246 3945213.501724 0.000000 0.000323
445800.646109 3945213.856095 0.000000 0.000323
445800.326010 3945214.210313 0.000000 0.000324
445800.005950 3945214.564380 0.000000 0.000324
445799.685927 3945214.918295 0.000000 0.000324
445799.365942 3945215.272057 0.000000 0.000325
445799.045995 3945215.625668 0.000000 0.000325
445798.726086 3945215.979126 0.000000 0.000325
445798.406216 3945216.332432 0.000000 0.000325
445798.086383 3945216.685586 0.000000 0.000222
445797.766560 3945217.038655 0.000000 0.000118
445797.446717 3945217.391705 0.000000 0.000118
445797.126856 3945217.744735 0.000000 0.000118
445796.806976 3945218.097747 0.000000 0.000118
445796.487076 3945218.450740 0.000000 0.000118
445796.167158 3945218.803713 0.000000 0.000118
445795.847221 3945219.156668 0.000000 0.000118
445795.527264 3945219.509604 0.000000 0.000118
445795.207289 3945219.862520 0.000000 0.000118
445794.887295 3945220.215418 0.000000 0.000118
445794.567282 3945220.568296 0.000000 0.000118
445794.247249 3945220.921156 0.000000 0.000118
445793.927198 3945221.273997 0.000000 0.000118
445793.607127 3945221.626818 0.000000 0.000118
445793.287038 3945221.979621 0.000000 0.000118
445792.966930 3945222.332404 0.000000 0.000118
445792.646802 3945222.685169 0.000000 0.000118
445792.326656 3945223.037914 0.000000 0.000118
445792.006490 3945223.390641 0.000000 0.000118
445791.686306 3945223.743348 0.000000 0.000118
445791.366103 3945224.096037 0.000000 0.000118
445791.045880 3945224.448706 0.000000 0.000118
445790.725639 3945224.801357 0.000000 0.000118
445790.405378 3945225.153988 0.000000 0.000118
445790.085099 3945225.506601 0.000000 0.000118
445789.764800 3945225.859194 0.000000 0.000118
445789.444483 3945226.211769 0.000000 0.000118
445789.124146 3945226.564324 0.000000 0.000118
445788.803791 3945226.916861 0.000000 0.000118
445788.483416 3945227.269378 0.000000 0.000118
445788.163023 3945227.621877 0.000000 0.000118
445787.842610 3945227.974356 0.000000 0.000118
445787.522179 3945228.326816 0.000000 0.000118
445787.201728 3945228.679258 0.000000 0.000118
445786.881259 3945229.031680 0.000000 0.000118
445786.560770 3945229.384084 0.000000 0.000118
445786.240263 3945229.736468 0.000000 0.000118
445785.919736 3945230.088833 0.000000 0.000118
445785.599191 3945230.441180 0.000000 0.000118
445785.278626 3945230.793507 0.000000 0.000118
445784.958042 3945231.145816 0.000000 0.000118
445784.637440 3945231.498105 0.000000 0.000118
445784.316818 3945231.850375 0.000000 0.000118
445783.996178 3945232.202627 0.000000 0.000118
445783.675518 3945232.554859 0.000000 0.000118
445783.354839 3945232.907072 0.000000 0.000118
445783.034142 3945233.259266 0.000000 0.000118
445782.713425 3945233.611442 0.000000 0.000118
445782.392690 3945233.963598 0.000000 0.000118
445782.071935 3945234.315735 0.000000 0.000059
445781.751171 3945234.667863 0.000000 0.000000
445781.430407 3945235.019991 0.000000 -0.000000
445781.109642 3945235.372119 0.000000 -0.000000
445780.788878 3945235.724246 0.000000 -0.000000
445780.468114 3945236.076374 0.000000 0.000000
445780.147350 3945236.428502 0.000000 -0.000000
445779.826586 3945236.780630 0.000000 0.000000
445779.505822 3945237.132757 0.000000 -0.000000
445779.185057 3945237.484885 0.000000 0.000000
445778.864293 3945237.837013 0.000000 0.000000
445778.543529 3945238.189141 0.000000 -0.000000
445778.222765 3945238.541269 0.000000 -0.000000
445777.902001 3945238.893396 0.000000 0.000000
445777.581237 3945239.245524 0.000000 0.000000
445777.260472 3945239.597652 0.000000 0.000000
445776.939708 3945239.949780 0.000000 -0.000000
445776.618944 3945240.301907 0.000000 0.000000
445776.298180 3945240.654035 0.000000 0.000000
445775.977416 3945241.006163 0.000000 0.000000
445775.656652 3945241.358291 0.000000 -0.000000
445775.335887 3945241.710419 0.000000 0.000000
445775.015123 3945242.062546 0.000000 0.000000
445774.694359 3945242.414674 0.000000 0.000000
445774.373595 3945242.766802 0.000000 -0.000000
445774.052831 3945243.118930 0.000000 0.000000
445773.732067 3945243.471057 0.000000 -0.000000
445773.411302 3945243.823185 0.000000 0.000000
445773.090538 3945244.175313 0.000000 -0.000000
445772.769774 3945244.527441 0.000000 0.000000
445772.449010 3945244.879568 0.000000 -0.000000
445772.128246 3945245.231696 0.000000 -0.000000
445771.807482 3945245.583824 0.000000 0.000000
445771.486717 3945245.935952 0.000000 -0.000000
445771.165953 3945246.288080 0.000000 0.000000
445770.845189 3945246.640207 0.000000 0.000000
445770.524425 3945246.992335 0.000000 -0.000000
445770.203661 3945247.344463 0.000000 -0.000000
445769.882897 3945247.696591 0.000000 0.000000
445769.562132 3945248.048718 0.000000 0.000000
445769.241368 3945248.400846 0.000000 0.000000
445768.920604 3945248.752974 0.000000 -0.000000
445768.599840 3945249.105102 0.000000 0.000000
445768.279076 3945249.457230 0.000000 0.000000
445767.958312 3945249.809357 0.000000 -0.000000
445767.637547 3945250.161485 0.000000 0.000000
445767.316783 3945250.513613 0.000000 0.000000
445766.996019 3945250.865741 0.000000 -0.000000
445766.675255 3945251.217868 0.000000 -0.000000
445766.354491 3945251.569996 0.000000 0.000000
445766.033727 3945251.922124 0.000000 0.000000
445765.712962 3945252.274252 0.000000 0.000000
445765.392198 3945252.626379 0.000000 -0.000000
445765.071434 3945252.978507 0.000000 0.000000
445764.750670 3945253.330635 0.000000 -0.000000
445764.429906 3945253.682763 0.000000 0.000000
445764.109142 3945254.034891 0.000000 -0.000000
445763.788377 3945254.387018 0.000000 0.000000
445763.467613 3945254.739146 0.000000 0.000000
445763.146849 3945255.091274 0.000000 0.000000
445762.826085 3945255.443402 0.000000 -0.000000
445762.505321 3945255.795529 0.000000 -0.000000
445762.184557 3945256.147657 0.000000 0.000000
445761.863792 3945256.499785 0.000000 -0.000000
445761.543028 3945256.851913 0.000000 0.000000
445761.222264 3945257.204040 0.000000 -0.000000
445760.901500 3945257.556168 0.000000 -0.000000
445760.580736 3945257.908296 0.000000 0.000000
445760.259972 3945258.260424 0.000000 0.000000
445759.939207 3945258.612552 0.000000 -0.000000
445759.618443 3945258.964679 0.000000 0.000000
445759.297679 3945259.316807 0.000000 0.000000
445758.976915 3945259.668935 0.000000 -0.000000
445758.656151 3945260.021063 0.000000 0.000000
445758.335387 3945260.373190 0.000000 0.000000
445758.014622 3945260.725318 0.000000 -0.000000
445757.693858 3945261.077446 0.000000 -0.000000
445757.373094 3945261.429574 0.000000 0.000000
445757.052330 3945261.781702 0.000000 0.000000
445756.731566 3945262.133829 0.000000 -0.000000
445756.410802 3945262.485957 0.000000 0.000000
445756.090037 3945262.838085 0.000000 0.000000
445755.769273 3945263.190213 0.000000 -0.000000
445755.448509 3945263.542340 0.000000 0.000000
445755.127745 3945263.894468 0.000000 -0.000000
445754.806981 3945264.246596 0.000000 -0.000000
445754.486217 3945264.598724 0.000000 0.000000
445754.165453 3945264.950851 0.000000 -0.000000
445753.844688 3945265.302979 0.000000 0.000000
445753.523924 3945265.655107 0.000000 0.000000
445753.203160 3945266.007235 0.000000 -0.000000
445752.882396 3945266.359363 0.000000 0.000000
445752.561632 3945266.711490 0.000000 -0.000000
445752.240868 3945267.063618 0.000000 0.000000
445751.920103 3945267.415746 0.000000 -0.000000
445751.599339 3945267.767874 0.000000 -0.000000
445751.278575 3945268.120001 0.000000 0.000000
445750.957811 3945268.472129 0.000000 -0.000000
445750.637047 3945268.824257 0.000000 0.000000
445750.316283 3945269.176385 0.000000 0.000000
445749.995518 3945269.528513 0.000000 0.000000
445749.674754 3945269.880640 0.000000 -0.000000
445749.353990 3945270.232768 0.000000 0.000000
445749.033226 3945270.584896 0.000000 -0.000000
445748.712462 3945270.937024 0.000000 0.000000
445748.391698 3945271.289151 0.000000 0.000000
445748.070933 3945271.641279 0.000000 0.000000
445747.750169 3945271.993407 0.000000 0.000000
445747.429405 3945272.345535 0.000000 0.000000
445747.108641 3945272.697662 0.000000 -0.000000
445746.787877 3945273.049790 0.000000 -0.000000
445746.467113 3945273.401918 0.000000 0.000000
445746.146348 3945273.754046 0.000000 0.000000
445745.825584 3945274.106174 0.000000 -0.000000
445745.504820 3945274.458301 0.000000 0.000000
445745.184056 3945274.810429 0.000000 -0.000000
445744.863292 3945275.162557 0.000000 0.000000
445744.542528 3945275.514685 0.000000 0.000000
445744.221763 3945275.866812 0.000000 0.000000
445743.900999 3945276.218940 0.000000 0.000000
445743.580235 3945276.571068 0.000000 0.000000
445743.259471 3945276.923196 0.000000 -0.000000
445742.938707 3945277.275324 0.000000 0.000000
445742.617943 3945277.627451 0.000000 0.000000
445742.297178 3945277.979579 0.000000 -0.000000
445741.976414 3945278.331707 0.000000 0.000000
445741.655650 3945278.683835 0.000000 0.000000
445741.334886 3945279.035962 0.000000 -0.000000
445741.014122 3945279.388090 0.000000 0.000000
445740.693358 3945279.740218 0.000000 0.000000
445740.372593 3945280.092346 0.000000 -0.000000
445740.051829 3945280.444473 0.000000 0.000000
445739.731065 3945280.796601 0.000000 0.000000
445739.410301 3945281.148729 0.000000 -0.000000
445739.089537 3945281.500857 0.000000 0.000000
445738.768773 3945281.852985 0.000000 -0.000000
445738.448008 3945282.205112 0.000000 0.000000
445738.127244 3945282.557240 0.000000 0.000000
445737.806480 3945282.909368 0.000000 0.000000
445737.485716 3945283.261496 0.000000 -0.000000
445737.164952 3945283.613623 0.000000 0.000000
445736.844188 3945283.965751 0.000000 -0.000000
445736.523423 3945284.317879 0.000000 0.000000
445736.202659 3945284.670007 0.000000 0.000000
445735.881895 3945285.022134 0.000000 -0.000000
445735.561131 3945285.374262 0.000000 0.000000
445735.240367 3945285.726390 0.000000 0.000000
445734.919603 3945286.078518 0.000000 0.000000
445734.598838 3945286.430646 0.000000 -0.000000
445734.278074 3945286.782773 0.000000 0.000000
445733.957310 3945287.134901 0.000000 -0.000000
445733.636546 3945287.487029 0.000000 0.000000
445733.315782 3945287.839157 0.000000 0.000000
445732.995018 3945288.191284 0.000000 -0.000000
445732.674253 3945288.543412 0.000000 0.000000
445732.353489 3945288.895540 0.000000 0.000000
445732.032725 3945289.247668 0.000000 0.000000
445731.711961 3945289.599796 0.000000 -0.000000
445731.391197 3945289.951923 0.000000 0.000000
445731.070433 3945290.304051 0.000000 -0.000000
445730.749668 3945290.656179 0.000000 0.000000
445730.428904 3945291.008307 0.000000 -0.000000
445730.108140 3945291.360434 0.000000 0.000000
445729.787376 3945291.712562 0.000000 0.000000
445729.466612 3945292.064690 0.000000 -0.000000
445729.145848 3945292.416818 0.000000 0.000000
445728.825083 3945292.768945 0.000000 0.000000
445728.504319 3945293.121073 0.000000 -0.000000
445728.183555 3945293.473201 0.000000 0.000000
445727.862791 3945293.825329 0.000000 0.000000
445727.542027 3945294.177457 0.000000 0.000000
445727.221263 3945294.529584 0.000000 -0.000000
445726.900498 3945294.881712 0.000000 0.000000
445726.579734 3945295.233840 0.000000 0.000000
445726.258970 3945295.585968 0.000000 -0.000000
445725.938206 3945295.938095 0.000000 0.000000
445725.617442 3945296.290223 0.000000 -0.000000
445725.296678 3945296.642351 0.000000 0.000000
445724.975913 3945296.994479 0.000000 -0.000000
445724.655149 3945297.346607 0.000000 0.000000
445724.334385 3945297.698734 0.000000 -0.000000
445724.013621 3945298.050862 0.000000 0.000000
445723.692857 3945298.402990 0.000000 0.000000
445723.372093 3945298.755118 0.000000 0.000000
445723.051329 3945299.107245 0.000000 -0.000000
445722.730564 3945299.459373 0.000000 -0.000000
445722.409800 3945299.811501 0.000000 0.000000
445722.089036 3945300.163629 0.000000 -0.000000
445721.768272 3945300.515756 0.000000 -0.000000
445721.447508 3945300.867884 0.000000 0.000000
445721.126744 3945301.220012 0.000000 -0.000000
445720.805979 3945301.572140 0.000000 0.000000
445720.485215 3945301.924268 0.000000 -0.000000
445720.164451 3945302.276395 0.000000 0.000000
445719.843687 3945302.628523 0.000000 -0.000000
445719.522923 3945302.980651 0.000000 -0.000000
445719.202159 3945303.332779 0.000000 0.000000
445718.881394 3945303.684906 0.000000 0.000000
445718.560630 3945304.037034 0.000000 -0.000000
445718.239866 3945304.389162 0.000000 0.000000
445717.919102 3945304.741290 0.000000 0.000000
445717.598338 3945305.093417 0.000000 0.000000
445717.277574 3945305.445545 0.000000 -0.000000
445716.956809 3945305.797673 0.000000 0.000000
445716.636045 3945306.149801 0.000000 0.000000
445716.315281 3945306.501929 0.000000 -0.000000
445715.994517 3945306.854056 0.000000 0.000000
445715.673753 3945307.206184 0.000000 0.000000
445715.352989 3945307.558312 0.000000 0.000000
445715.032224 3945307.910440 0.000000 -0.000000
445714.711460 3945308.262567 0.000000 -0.000000
445714.390696 3945308.614695 0.000000 0.000000
445714.069932 3945308.966823 0.000000 0.000000
445713.749168 3945309.318951 0.000000 -0.000000
445713.428404 3945309.671079 0.000000 0.000000
445713.107639 3945310.023206 0.000000 -0.000000
445712.786875 3945310.375334 0.000000 0.000000
445712.466111 3945310.727462 0.000000 -0.000000
445712.145347 3945311.079590 0.000000 -0.000000
445711.824583 3945311.431717 0.000000 0.000000
445711.503819 3945311.783845 0.000000 0.000000
445711.183054 3945312.135973 0.000000 -0.000000
445710.862290 3945312.488101 0.000000 -0.000000
445710.541526 3945312.840228 0.000000 -0.000000
445710.220762 3945313.192356 0.000000 0.000000
445709.899998 3945313.544484 0.000000 0.000000
445709.579234 3945313.896612 0.000000 -0.000000
445709.258469 3945314.248740 0.000000 0.000000
445708.937705 3945314.600867 0.000000 -0.000000
445708.616941 3945314.952995 0.000000 0.000000
445708.296177 3945315.305123 0.000000 -0.000000
445707.975413 3945315.657251 0.000000 0.000000
445707.654649 3945316.009378 0.000000 0.000000
445707.333884 3945316.361506 0.000000 -0.000000
445707.013120 3945316.713634 0.000000 0.000000
445706.692356 3945317.065762 0.000000 -0.000000
445706.371592 3945317.417890 0.000000 0.000000
445706.050828 3945317.770017 0.000000 -0.000000
445705.730064 3945318.122145 0.000000 0.000000
445705.409299 3945318.474273 0.000000 -0.000000
445705.088535 3945318.826401 0.000000 0.000000
445704.767771 3945319.178528 0.000000 0.000000
445704.447007 3945319.530656 0.000000 -0.000000
445704.126243 3945319.882784 0.000000 0.000000
445703.805479 3945320.234912 0.000000 -0.000000
445703.484714 3945320.587039 0.000000 -0.000000
445703.163950 3945320.939167 0.000000 0.000000
445702.843186 3945321.291295 0.000000 0.000000
445702.522422 3945321.643423 0.000000 0.000000
445702.201658 3945321.995551 0.000000 0.000000
445701.880894 3945322.347678 0.000000 0.000000
445701.560129 3945322.699806 0.000000 0.000000
445701.239365 3945323.051934 0.000000 -0.000000
445700.918601 3945323.404062 0.000000 0.000000
445700.597837 3945323.756189 0.000000 0.000000
445700.277073 3945324.108317 0.000000 0.000000
445699.956309 3945324.460445 0.000000 -0.000000
445699.635544 3945324.812573 0.000000 0.000000
445699.314780 3945325.164701 0.000000 -0.000000
445698.994016 3945325.516828 0.000000 0.000000
445698.673252 3945325.868956 0.000000 0.000000
445698.352488 3945326.221084 0.000000 0.000000
445698.031724 3945326.573212 0.000000 0.000000
445697.710959 3945326.925339 0.000000 0.000000
445697.390195 3945327.277467 0.000000 -0.000000
445697.069431 3945327.629595 0.000000 0.000000
445696.748667 3945327.981723 0.000000 0.000000
445696.427903 3945328.333850 0.000000 -0.000000
445696.107139 3945328.685978 0.000000 0.000000
445695.786374 3945329.038106 0.000000 -0.000000
445695.465610 3945329.390234 0.000000 0.000000
445695.144846 3945329.742362 0.000000 -0.000000
445694.824082 3945330.094489 0.000000 0.000000
445694.503318 3945330.446617 0.000000 -0.000000
445694.182554 3945330.798745 0.000000 -0.000000
445693.861790 3945331.150873 0.000000 0.000000
445693.541025 3945331.503000 0.000000 0.000000
445693.220261 3945331.855128 0.000000 0.000000
445692.899497 3945332.207256 0.000000 0.000000
445692.578733 3945332.559384 0.000000 0.000000
445692.257969 3945332.911511 0.000000 0.000000
445691.937205 3945333.263639 0.000000 -0.000000
445691.616440 3945333.615767 0.000000 0.000000
445691.295676 3945333.967895 0.000000 -0.000000
445690.974912 3945334.320023 0.000000 0.000000
445690.654148 3945334.672150 0.000000 0.000000
445690.333384 3945335.024278 0.000000 0.000000
445690.012620 3945335.376406 0.000000 -0.000000
445689.691855 3945335.728534 0.000000 0.000000
445689.371091 3945336.080661 0.000000 -0.000000
445689.050327 3945336.432789 0.000000 0.000000
445688.729563 3945336.784917 0.000000 0.000000
445688.408799 3945337.137045 0.000000 -0.000000
445688.088035 3945337.489173 0.000000 0.000000
445687.767270 3945337.841300 0.000000 0.000000
445687.446506 3945338.193428 0.000000 0.000000
445687.125742 3945338.545556 0.000000 0.000000
445686.804978 3945338.897684 0.000000 0.000000
445686.484214 3945339.249811 0.000000 -0.000000
445686.163450 3945339.601939 0.000000 0.000000
445685.842685 3945339.954067 0.000000 -0.000288
445685.521940 3945340.306271 0.000000 -0.000575
445685.201233 3945340.658627 0.000000 -0.000575
445684.880564 3945341.011135 0.000000 -0.000574
445684.559933 3945341.363795 0.000000 -0.000574
445684.239340 3945341.716607 0.000000 -0.000574
445683.918785 3945342.069571 0.000000 -0.000573
445683.598268 3945342.422687 0.000000 -0.000573
445683.277789 3945342.775955 0.000000 -0.000573
445682.957348 3945343.129376 0.000000 -0.000572
445682.636945 3945343.482948 0.000000 -0.000572
445682.316580 3945343.836672 0.000000 -0.000572
445681.996253 3945344.190549 0.000000 -0.000571
445681.675964 3945344.544578 0.000000 -0.000571
445681.355713 3945344.898758 0.000000 -0.000571
445681.035500 3945345.253091 0.000000 -0.000571
445680.715325 3945345.607576 0.000000 -0.000570
445680.395188 3945345.962213 0.000000 -0.000570
445680.075089 3945346.317002 0.000000 -0.000570
445679.755028 3945346.671943 0.000000 -0.000569
445679.435005 3945347.027036 0.000000 -0.000569
445679.115021 3945347.382281 0.000000 -0.000569
445678.795074 3945347.737678 0.000000 -0.000568
445678.475165 3945348.093227 0.000000 -0.000568
445678.155294 3945348.448928 0.000000 -0.000568
445677.835461 3945348.804782 0.000000 -0.000567
445677.515667 3945349.160787 0.000000 -0.000567
445677.195910 3945349.516945 0.000000 -0.000567
445676.876191 3945349.873254 0.000000 -0.000566
445676.556511 3945350.229716 0.000000 -0.000566
445676.236868 3945350.586330 0.000000 -0.000566
445675.917263 3945350.943096 0.000000 -0.000566
445675.597697 3945351.300013 0.000000 -0.000565
445675.278168 3945351.657083 0.000000 -0.000565
445674.958677 3945352.014305 0.000000 -0.000565
445674.639225 3945352.371679 0.000000 -0.000564
445674.319810 3945352.729205 0.000000 -0.000564
445674.000434 3945353.086884 0.000000 -0.000564
445673.681095 3945353.444714 0.000000 -0.000563
445673.361795 3945353.802696 0.000000 -0.000563
445673.042532 3945354.160831 0.000000 -0.000563
445672.723307 3945354.519117 0.000000 -0.000562
445672.404121 3945354.877556 0.000000 -0.000562
445672.084973 3945355.236146 0.000000 -0.000562
445671.765862 3945355.594889 0.000000 -0.000561
445671.446790 3945355.953783 0.000000 -0.000561
445671.127755 3945356.312830 0.000000 -0.000561
445670.808759 3945356.672029 0.000000 -0.000561
445670.489800 3945357.031380 0.000000 -0.000560
445670.170880 3945357.390883 0.000000 -0.000560
445669.851998 3945357.750538 0.000000 -0.000280
445669.533134 3945358.110269 0.000000 -0.000000
445669.214271 3945358.470000 0.000000 0.000000
445668.895408 3945358.829731 0.000000 0.000000
445668.576544 3945359.189462 0.000000 0.000000
445668.257681 3945359.549193 0.000000 0.000000
445667.938818 3945359.908924 0.000000 0.000000
445667.619954 3945360.268656 0.000000 0.000000
445667.301091 3945360.628387 0.000000 0.000000
445666.982228 3945360.988118 0.000000 -0.000000
445666.663364 3945361.347849 0.000000 0.000000
445666.344501 3945361.707580 0.000000 -0.000000
445666.025638 3945362.067311 0.000000 -0.000000
445665.706774 3945362.427042 0.000000 0.000000
445665.387911 3945362.786773 0.000000 0.000000
445665.069048 3945363.146504 0.000000 -0.000000
445664.750184 3945363.506235 0.000000 -0.000000
445664.431321 3945363.865966 0.000000 0.000000
445664.112458 3945364.225697 0.000000 -0.000000
445663.793594 3945364.585428 0.000000 0.000000
445663.474731 3945364.945159 0.000000 0.000000
445663.155868 3945365.304890 0.000000 0.000000
445662.837004 3945365.664622 0.000000 0.000000
445662.518141 3945366.024353 0.000000 0.000000
445662.199278 3945366.384084 0.000000 0.000000
445661.880414 3945366.743815 0.000000 0.000000
445661.561551 3945367.103546 0.000000 0.000000
445661.242688 3945367.463277 0.000000 -0.000000
445660.923824 3945367.823008 0.000000 -0.000000
445660.604961 3945368.182739 0.000000 0.000000
445660.286098 3945368.542470 0.000000 -0.000000
445659.967234 3945368.902201 0.000000 -0.000000
445659.648371 3945369.261932 0.000000 0.000000
445659.329508 3945369.621663 0.000000 0.000000
445659.010644 3945369.981394 0.000000 0.000000
445658.691781 3945370.341125 0.000000 -0.000000
445658.372918 3945370.700857 0.000000 0.000000
445658.054054 3945371.060588 0.000000 -0.000000
445657.735191 3945371.420319 0.000000 -0.000000
445657.416327 3945371.780050 0.000000 0.000000
445657.097464 3945372.139781 0.000000 -0.000000
445656.778601 3945372.499512 0.000000 0.000000
445656.459737 3945372.859243 0.000000 0.000000
445656.140874 3945373.218974 0.000000 0.000000
445655.822011 3945373.578705 0.000000 -0.000000
445655.503147 3945373.938436 0.000000 0.000000
445655.184284 3945374.298167 0.000000 -0.000000
445654.865421 3945374.657898 0.000000 -0.000000
445654.546557 3945375.017629 0.000000 0.000000
445654.227694 3945375.377360 0.000000 0.000000
445653.908831 3945375.737092 0.000000 0.000178
445653.589929 3945376.096804 0.000000 0.000355
445653.270952 3945376.456478 0.000000 0.000355
445652.951899 3945376.816114 0.000000 0.000355
445652.632769 3945377.175712 0.000000 0.000355
445652.313564 3945377.535272 0.000000 0.000355
445651.994282 3945377.894794 0.000000 0.000355
445651.674925 3945378.254278 0.000000 0.000355
445651.355491 3945378.613724 0.000000 0.000355
445651.035981 3945378.973132 0.000000 0.000355
445650.716396 3945379.332501 0.000000 0.000355
445650.396734 3945379.691833 0.000000 0.000355
445650.076996 3945380.051127 0.000000 0.000355
445649.757183 3945380.410383 0.000000 0.000355
445649.437293 3945380.769601 0.000000 0.000355
445649.117327 3945381.128781 0.000000 0.000355
445648.797285 3945381.487923 0.000000 0.000355
445648.477167 3945381.847026 0.000000 0.000355
445648.156973 3945382.206092 0.000000 0.000354
445647.836703 3945382.565120 0.000000 0.000354
445647.516357 3945382.924110 0.000000 0.000354
445647.195935 3945383.283061 0.000000 0.000354
445646.875437 3945383.641975 0.000000 0.000354
445646.554863 3945384.000851 0.000000 0.000354
445646.234213 3945384.359688 0.000000 0.000354
445645.913487 3945384.718488 0.000000 0.000354
445645.592685 3945385.077250 0.000000 0.000354
445645.271807 3945385.435973 0.000000 0.000354
445644.950852 3945385.794659 0.000000 0.000354
445644.629822 3945386.153307 0.000000 0.000354
445644.308716 3945386.511916 0.000000 0.000354
445643.987533 3945386.870488 0.000000 0.000354
445643.666275 3945387.229021 0.000000 0.000354
445643.344941 3945387.587517 0.000000 0.000354
445643.023530 3945387.945974 0.000000 0.000354
445642.702044 3945388.304394 0.000000 0.000354
445642.380481 3945388.662775 0.000000 0.000354
445642.058843 3945389.021119 0.000000 0.000354
445641.737128 3945389.379424 0.000000 0.000353
445641.415337 3945389.737692 0.000000 0.000353
445641.093471 3945390.095921 0.000000 0.000353
445640.771528 3945390.454113 0.000000 0.000353
445640.449509 3945390.812266 0.000000 0.000353
445640.127415 3945391.170381 0.000000 0.000353
445639.805244 3945391.528459 0.000000 0.000353
445639.482997 3945391.886498 0.000000 0.000353
445639.160674 3945392.244499 0.000000 0.000353
445638.838275 3945392.602463 0.000000 0.000353
445638.515800 3945392.960388 0.000000 0.000353
445638.193249 3945393.318275 0.000000 0.000353
445637.870623 3945393.676124 0.000000 0.000176
445637.547958 3945394.033955 0.000000 0.000000
445637.225293 3945394.391785 0.000000 0.000000
445636.902628 3945394.749615 0.000000 -0.000000
445636.579963 3945395.107445 0.000000 0.000000
445636.257298 3945395.465276 0.000000 0.000000
445635.934633 3945395.823106 0.000000 0.000000
445635.611968 3945396.180936 0.000000 0.000000
445635.289303 3945396.538766 0.000000 0.000000
445634.966638 3945396.896597 0.000000 -0.000000
445634.643973 3945397.254427 0.000000 0.000000
445634.321308 3945397.612257 0.000000 -0.000000
445633.998643 3945397.970087 0.000000 -0.000000
445633.675978 3945398.327918 0.000000 0.000000
445633.353313 3945398.685748 0.000000 -0.000000
445633.030648 3945399.043578 0.000000 0.000000
445632.707983 3945399.401408 0.000000 0.000000
445632.385318 3945399.759239 0.000000 0.000000
445632.062653 3945400.117069 0.000000 -0.000000
445631.739988 3945400.474899 0.000000 0.000000
445631.417323 3945400.832729 0.000000 -0.000000
445631.094658 3945401.190560 0.000000 0.000000
445630.771993 3945401.548390 0.000000 0.000000
445630.449328 3945401.906220 0.000000 -0.000000
445630.126663 3945402.264050 0.000000 0.000000
445629.803998 3945402.621881 0.000000 0.000000
445629.481333 3945402.979711 0.000000 -0.000000
445629.158668 3945403.337541 0.000000 0.000000
445628.836003 3945403.695371 0.000000 0.000000
445628.513338 3945404.053202 0.000000 -0.000000
445628.190673 3945404.411032 0.000000 0.000000
445627.868008 3945404.768862 0.000000 0.000000
445627.545343 3945405.126692 0.000000 -0.000000
445627.222678 3945405.484523 0.000000 0.000000
445626.900013 3945405.842353 0.000000 0.000000
445626.577348 3945406.200183 0.000000 0.000000
445626.254683 3945406.558013 0.000000 -0.000000
445625.932018 3945406.915844 0.000000 0.000000
445625.609353 3945407.273674 0.000000 0.000000
445625.286688 3945407.631504 0.000000 -0.000000
445624.964023 3945407.989334 0.000000 0.000000
445624.641358 3945408.347165 0.000000 0.000000
445624.318693 3945408.704995 0.000000 0.000000
445623.996028 3945409.062825 0.000000 0.000000
445623.673363 3945409.420655 0.000000 0.000000
445623.350698 3945409.778486 0.000000 0.000000
445623.028033 3945410.136316 0.000000 0.000000
445622.705368 3945410.494146 0.000000 0.000000
445622.382703 3945410.851976 0.000000 -0.000000
445622.060038 3945411.209807 0.000000 0.000000
445621.737373 3945411.567637 0.000000 -0.000000
445621.414708 3945411.925467 0.000000 0.000000
445621.092043 3945412.283297 0.000000 0.000000
445620.769378 3945412.641128 0.000000 -0.000000
445620.446713 3945412.998958 0.000000 0.000000
445620.124048 3945413.356788 0.000000 0.000000
445619.801383 3945413.714618 0.000000 -0.000000
445619.478718 3945414.072448 0.000000 0.000000
445619.156053 3945414.430279 0.000000 0.000000
445618.833388 3945414.788109 0.000000 -0.000000
445618.510723 3945415.145939 0.000000 0.000000
445618.188058 3945415.503769 0.000000 -0.000000
445617.865393 3945415.861600 0.000000 0.000000
445617.542728 3945416.219430 0.000000 0.000000
445617.220063 3945416.577260 0.000000 -0.000000
445616.897398 3945416.935090 0.000000 0.000000
445616.574733 3945417.292921 0.000000 -0.000000
445616.252068 3945417.650751 0.000000 0.000000
445615.929403 3945418.008581 0.000000 -0.000000
445615.606738 3945418.366411 0.000000 0.000000
445615.284073 3945418.724242 0.000000 -0.000000
445614.961408 3945419.082072 0.000000 0.000000
445614.638743 3945419.439902 0.000000 0.000000
445614.316078 3945419.797732 0.000000 0.000000
445613.993413 3945420.155563 0.000000 0.000000
445613.670748 3945420.513393 0.000000 0.000000
445613.348083 3945420.871223 0.000000 0.000000
445613.025418 3945421.229053 0.000000 0.000000
445612.702753 3945421.586884 0.000000 0.000000
445612.380088 3945421.944714 0.000000 -0.000000
445612.057423 3945422.302544 0.000000 0.000000
445611.734758 3945422.660374 0.000000 -0.000000
445611.412093 3945423.018205 0.000000 -0.000000
445611.089428 3945423.376035 0.000000 0.000000
445610.766763 3945423.733865 0.000000 -0.000000
445610.444098 3945424.091695 0.000000 0.000000
445610.121433 3945424.449526 0.000000 0.000000
445609.798768 3945424.807356 0.000000 -0.000000
445609.476103 3945425.165186 0.000000 0.000000
445609.153438 3945425.523016 0.000000 -0.000000
445608.830773 3945425.880847 0.000000 0.000000
445608.508108 3945426.238677 0.000000 0.000000
445608.185443 3945426.596507 0.000000 -0.000000
445607.862778 3945426.954337 0.000000 -0.000000
445607.540113 3945427.312168 0.000000 0.000000
445607.217449 3945427.669998 0.000000 -0.000000
445606.894784 3945428.027828 0.000000 0.000000
445606.572119 3945428.385658 0.000000 -0.000000
445606.249454 3945428.743489 0.000000 0.000000
445605.926789 3945429.101319 0.000000 -0.000000
445605.604124 3945429.459149 0.000000 0.000000
445605.281459 3945429.816979 0.000000 0.000000
445604.958794 3945430.174810 0.000000 -0.000000
445604.636129 3945430.532640 0.000000 0.000000
445604.313464 3945430.890470 0.000000 0.000000
445603.990799 3945431.248300 0.000000 0.000000
445603.668134 3945431.606131 0.000000 -0.000000
445603.345469 3945431.963961 0.000000 -0.000000
445603.022804 3945432.321791 0.000000 0.000000
445602.700139 3945432.679621 0.000000 -0.000000
445602.377474 3945433.037452 0.000000 0.000000
445602.054809 3945433.395282 0.000000 -0.000000
445601.732144 3945433.753112 0.000000 0.000000
445601.409479 3945434.110942 0.000000 -0.000000
445601.086814 3945434.468773 0.000000 0.000000
445600.764149 3945434.826603 0.000000 -0.000000
445600.441484 3945435.184433 0.000000 0.000000
445600.118819 3945435.542263 0.000000 -0.000000
445599.796154 3945435.900094 0.000000 -0.000000
445599.473489 3945436.257924 0.000000 0.000000
445599.150824 3945436.615754 0.000000 -0.000000
445598.828159 3945436.973584 0.000000 0.000000
445598.505494 3945437.331414 0.000000 0.000000
445598.182829 3945437.689245 0.000000 -0.000000
445597.860164 3945438.047075 0.000000 0.000000
445597.537499 3945438.404905 0.000000 -0.000000
445597.214834 3945438.762735 0.000000 0.000000
445596.892169 3945439.120566 0.000000 -0.000000
445596.569504 3945439.478396 0.000000 -0.000000
445596.246839 3945439.836226 0.000000 0.000000
445595.924174 3945440.194056 0.000000 -0.000000
445595.601509 3945440.551887 0.000000 0.000000
445595.278844 3945440.909717 0.000000 -0.000000
445594.956179 3945441.267547 0.000000 0.000000
445594.633514 3945441.625377 0.000000 -0.000000
445594.310849 3945441.983208 0.000000 -0.000000
445593.988184 3945442.341038 0.000000 0.000000
445593.665519 3945442.698868 0.000000 0.000000
445593.342854 3945443.056698 0.000000 0.000000
445593.020189 3945443.414529 0.000000 -0.000000
445592.697524 3945443.772359 0.000000 0.000000
445592.374859 3945444.130189 0.000000 -0.000000
445592.052194 3945444.488019 0.000000 0.000000
445591.729529 3945444.845850 0.000000 0.000000
445591.406864 3945445.203680 0.000000 -0.000000
445591.084199 3945445.561510 0.000000 0.000000
445590.761534 3945445.919340 0.000000 -0.000000
445590.438869 3945446.277171 0.000000 0.000000
445590.116204 3945446.635001 0.000000 0.000000
445589.793539 3945446.992831 0.000000 0.000000
445589.470874 3945447.350661 0.000000 0.000000
445589.148209 3945447.708492 0.000000 0.000000
445588.825544 3945448.066322 0.000000 0.000000
445588.502879 3945448.424152 0.000000 -0.000000
445588.180214 3945448.781982 0.000000 0.000000
445587.857549 3945449.139813 0.000000 -0.000000
445587.534884 3945449.497643 0.000000 0.000000
445587.212219 3945449.855473 0.000000 -0.000000
445586.889554 3945450.213303 0.000000 0.000000
445586.566889 3945450.571134 0.000000 -0.000000
445586.244224 3945450.928964 0.000000 0.000000
445585.921559 3945451.286794 0.000000 -0.000000
445585.598894 3945451.644624 0.000000 0.000000
445585.276229 3945452.002455 0.000000 -0.000000
445584.953564 3945452.360285 0.000000 -0.000000
445584.630899 3945452.718115 0.000000 0.000000
445584.308234 3945453.075945 0.000000 -0.000000
445583.985569 3945453.433776 0.000000 -0.000000
445583.662904 3945453.791606 0.000000 0.000000
445583.340239 3945454.149436 0.000000 -0.000000
445583.017574 3945454.507266 0.000000 0.000000
445582.694909 3945454.865097 0.000000 -0.000000
445582.372244 3945455.222927 0.000000 0.000000
445582.049579 3945455.580757 0.000000 -0.000000
445581.726914 3945455.938587 0.000000 0.000000
445581.404249 3945456.296418 0.000000 0.000000
445581.081584 3945456.654248 0.000000 -0.000000
445580.758919 3945457.012078 0.000000 0.000000
445580.436254 3945457.369908 0.000000 -0.000000
445580.113589 3945457.727739 0.000000 -0.000000
445579.790924 3945458.085569 0.000000 0.000000
445579.468259 3945458.443399 0.000000 0.000000
445579.145594 3945458.801229 0.000000 0.000000
445578.822929 3945459.159060 0.000000 -0.000000
445578.500264 3945459.516890 0.000000 0.000000
445578.177599 3945459.874720 0.000000 0.000000
445577.854934 3945460.232550 0.000000 -0.000000
445577.532269 3945460.590380 0.000000 -0.000000
445577.209604 3945460.948211 0.000000 0.000000
445576.886939 3945461.306041 0.000000 -0.000000
445576.564274 3945461.663871 0.000000 -0.000000
445576.241610 3945462.021701 0.000000 0.000000
445575.918945 3945462.379532 0.000000 -0.000000
445575.596280 3945462.737362 0.000000 0.000000
445575.273615 3945463.095192 0.000000 0.000000
445574.950950 3945463.453022 0.000000 0.000000
445574.628285 3945463.810853 0.000000 0.000000
445574.305620 3945464.168683 0.000000 0.000000
445573.982955 3945464.526513 0.000000 0.000000
445573.660290 3945464.884343 0.000000 0.000000
445573.337625 3945465.242174 0.000000 0.000000
445573.014960 3945465.600004 0.000000 0.000000
445572.692295 3945465.957834 0.000000 -0.000000
445572.369630 3945466.315664 0.000000 0.000000
445572.046965 3945466.673495 0.000000 -0.000000
445571.724300 3945467.031325 0.000000 -0.000000
445571.401635 3945467.389155 0.000000 0.000000
445571.078970 3945467.746985 0.000000 0.000000
445570.756305 3945468.104816 0.000000 -0.000000
445570.433640 3945468.462646 0.000000 -0.000000
445570.110975 3945468.820476 0.000000 0.000000
445569.788310 3945469.178306 0.000000 0.000000
445569.465645 3945469.536137 0.000000 0.000000
445569.142980 3945469.893967 0.000000 0.000000
445568.820315 3945470.251797 0.000000 0.000000
445568.497650 3945470.609627 0.000000 0.000000
445568.174985 3945470.967458 0.000000 0.000000
445567.852320 3945471.325288 0.000000 0.000000
445567.529655 3945471.683118 0.000000 -0.000000
445567.206990 3945472.040948 0.000000 -0.000000
445566.884325 3945472.398779 0.000000 -0.000000
445566.561660 3945472.756609 0.000000 -0.000000
445566.238995 3945473.114439 0.000000 0.000000
445565.916330 3945473.472269 0.000000 -0.000000
445565.593665 3945473.830100 0.000000 0.000000
445565.271000 3945474.187930 0.000000 0.000000
445564.948335 3945474.545760 0.000000 0.000000
445564.625670 3945474.903590 0.000000 0.000000
445564.303005 3945475.261421 0.000000 -0.000000
445563.980340 3945475.619251 0.000000 0.000000
445563.657675 3945475.977081 0.000000 0.000000
445563.335010 3945476.334911 0.000000 0.000000
445563.012345 3945476.692742 0.000000 0.000000
445562.689680 3945477.050572 0.000000 0.000000
445562.367015 3945477.408402 0.000000 0.000000
445562.044350 3945477.766232 0.000000 -0.000000
445561.721685 3945478.124063 0.000000 0.000000
445561.399020 3945478.481893 0.000000 0.000000
445561.076355 3945478.839723 0.000000 -0.000000
445560.753690 3945479.197553 0.000000 -0.000000
445560.431025 3945479.555384 0.000000 0.000000
445560.108360 3945479.913214 0.000000 0.000000
445559.785695 3945480.271044 0.000000 0.000000
445559.463030 3945480.628874 0.000000 -0.000000
445559.140365 3945480.986705 0.000000 0.000000
445558.817700 3945481.344535 0.000000 0.000000
445558.495035 3945481.702365 0.000000 -0.000000
445558.172370 3945482.060195 0.000000 0.000000
445557.849705 3945482.418026 0.000000 0.000000
445557.527040 3945482.775856 0.000000 0.000000
445557.204375 3945483.133686 0.000000 0.000000
445556.881710 3945483.491516 0.000000 -0.000000
445556.559045 3945483.849346 0.000000 0.000000
445556.236380 3945484.207177 0.000000 -0.000000
445555.913715 3945484.565007 0.000000 -0.000000
445555.591050 3945484.922837 0.000000 0.000000
445555.268385 3945485.280667 0.000000 0.000000
445554.945720 3945485.638498 0.000000 0.000000
445554.623055 3945485.996328 0.000000 0.000000
445554.300390 3945486.354158 0.000000 -0.000000
445553.977725 3945486.711988 0.000000 0.000000
445553.655060 3945487.069819 0.000000 -0.000000
445553.332395 3945487.427649 0.000000 0.000000
445553.009730 3945487.785479 0.000000 -0.000000
445552.687065 3945488.143309 0.000000 0.000000
445552.364400 3945488.501140 0.000000 0.000000
445552.041735 3945488.858970 0.000000 0.000000
445551.719070 3945489.216800 0.000000 0.000000
445551.396405 3945489.574630 0.000000 0.000000
445551.073740 3945489.932461 0.000000 0.000000
445550.751075 3945490.290291 0.000000 -0.000000
445550.428410 3945490.648121 0.000000 -0.000000
445550.105745 3945491.005951 0.000000 0.000000
445549.783080 3945491.363782 0.000000 -0.000000
445549.460415 3945491.721612 0.000000 0.000000
445549.137750 3945492.079442 0.000000 -0.000000
445548.815085 3945492.437272 0.000000 0.000000
445548.492420 3945492.795103 0.000000 -0.000000
445548.169755 3945493.152933 0.000000 0.000000
445547.847090 3945493.510763 0.000000 0.000000
445547.524425 3945493.868593 0.000000 0.000000
445547.201760 3945494.226424 0.000000 -0.000000
445546.879095 3945494.584254 0.000000 0.000000
445546.556430 3945494.942084 0.000000 0.000000
445546.233765 3945495.299914 0.000000 -0.000000
445545.911100 3945495.657745 0.000000 -0.000000
445545.588436 3945496.015575 0.000000 0.000000
445545.265771 3945496.373405 0.000000 -0.000000
445544.943106 3945496.731235 0.000000 0.000000
445544.620441 3945497.089066 0.000000 -0.000000
445544.297776 3945497.446896 0.000000 -0.000000
445543.975111 3945497.804726 0.000000 0.000000
445543.652446 3945498.162556 0.000000 0.000000
445543.329781 3945498.520387 0.000000 -0.000000
445543.007116 3945498.878217 0.000000 0.000000
445542.684451 3945499.236047 0.000000 0.000000
445542.361786 3945499.593877 0.000000 0.000000
445542.039121 3945499.951708 0.000000 0.000000
445541.716456 3945500.309538 0.000000 0.000000
445541.393791 3945500.667368 0.000000 -0.000000
445541.071126 3945501.025198 0.000000 0.000000
445540.748461 3945501.383029 0.000000 -0.000000
445540.425796 3945501.740859 0.000000 0.000000
445540.103131 3945502.098689 0.000000 0.000000
445539.780466 3945502.456519 0.000000 0.000000
445539.457801 3945502.814350 0.000000 0.000000
445539.135136 3945503.172180 0.000000 -0.000000
445538.812471 3945503.530010 0.000000 0.000000
445538.489806 3945503.887840 0.000000 -0.000000
445538.167141 3945504.245671 0.000000 -0.000000
445537.844476 3945504.603501 0.000000 0.000000
445537.521811 3945504.961331 0.000000 -0.000000
445537.199146 3945505.319161 0.000000 0.000000
445536.876481 3945505.676992 0.000000 -0.000000
445536.553816 3945506.034822 0.000000 0.000000
445536.231151 3945506.392652 0.000000 -0.000000
445535.908486 3945506.750482 0.000000 0.000000
445535.585821 3945507.108312 0.000000 -0.000000
445535.263156 3945507.466143 0.000000 0.000000
445534.940491 3945507.823973 0.000000 -0.000000
445534.617826 3945508.181803 0.000000 0.000000
445534.295161 3945508.539633 0.000000 -0.000000
445533.972496 3945508.897464 0.000000 0.000000
445533.649831 3945509.255294 0.000000 -0.000000
445533.327166 3945509.613124 0.000000 -0.000000
445533.004501 3945509.970954 0.000000 0.000000
445532.681836 3945510.328785 0.000000 0.000000
445532.359171 3945510.686615 0.000000 0.000000
445532.036506 3945511.044445 0.000000 0.000000
445531.713841 3945511.402275 0.000000 -0.000000
445531.391176 3945511.760106 0.000000 -0.000000
445531.068511 3945512.117936 0.000000 0.000000
445530.745846 3945512.475766 0.000000 0.000000
445530.423181 3945512.833596 0.000000 -0.000000
445530.100516 3945513.191427 0.000000 0.000000
445529.777851 3945513.549257 0.000000 0.000000
445529.455186 3945513.907087 0.000000 -0.000000
445529.132521 3945514.264917 0.000000 0.000000
445528.809856 3945514.622748 0.000000 0.000000
445528.487191 3945514.980578 0.000000 -0.000000
445528.164526 3945515.338408 0.000000 0.000000
445527.841861 3945515.696238 0.000000 0.000000
445527.519196 3945516.054069 0.000000 -0.000000
445527.196531 3945516.411899 0.000000 -0.000000
445526.873866 3945516.769729 0.000000 0.000000
445526.551201 3945517.127559 0.000000 0.000000
445526.228536 3945517.485390 0.000000 -0.000000
445525.905871 3945517.843220 0.000000 0.000000
445525.583206 3945518.201050 0.000000 0.000000
445525.260541 3945518.558880 0.000000 0.000000
445524.937876 3945518.916711 0.000000 -0.000058
445524.615221 3945519.274550 0.000000 -0.000116
445524.292584 3945519.632409 0.000000 -0.000116
445523.969967 3945519.990287 0.000000 -0.000116
445523.647368 3945520.348184 0.000000 -0.000116
445523.324789 3945520.706099 0.000000 -0.000116
445523.002228 3945521.064034 0.000000 -0.000116
445522.679687 3945521.421988 0.000000 -0.000116
445522.357165 3945521.779961 0.000000 -0.000116
445522.034661 3945522.137953 0.000000 -0.000116
445521.712177 3945522.495963 0.000000 -0.000116
445521.389711 3945522.853993 0.000000 -0.000116
445521.067265 3945523.212042 0.000000 -0.000116
445520.744838 3945523.570110 0.000000 -0.000116
445520.422429 3945523.928197 0.000000 -0.000116
445520.100040 3945524.286303 0.000000 -0.000116
445519.777669 3945524.644428 0.000000 -0.000116
445519.455318 3945525.002571 0.000000 -0.000116
445519.132986 3945525.360734 0.000000 -0.000116
445518.810672 3945525.718916 0.000000 -0.000116
445518.488378 3945526.077117 0.000000 -0.000116
445518.166103 3945526.435337 0.000000 -0.000116
445517.843846 3945526.793576 0.000000 -0.000116
445517.521609 3945527.151834 0.000000 -0.000116
445517.199391 3945527.510111 0.000000 -0.000116
445516.877192 3945527.868407 0.000000 -0.000116
445516.555011 3945528.226722 0.000000 -0.000116
445516.232850 3945528.585056 0.000000 -0.000116
445515.910708 3945528.943409 0.000000 -0.000116
445515.588584 3945529.301781 0.000000 -0.000116
445515.266480 3945529.660172 0.000000 -0.000116
445514.944395 3945530.018582 0.000000 -0.000116
445514.622329 3945530.377011 0.000000 -0.000116
445514.300282 3945530.735459 0.000000 -0.000116
445513.978253 3945531.093926 0.000000 -0.000116
445513.656244 3945531.452412 0.000000 -0.000116
445513.334254 3945531.810917 0.000000 -0.000116
445513.012283 3945532.169441 0.000000 -0.000116
445512.690331 3945532.527984 0.000000 -0.000116
445512.368397 3945532.886546 0.000000 -0.000116
445512.046483 3945533.245127 0.000000 -0.000116
445511.724588 3945533.603727 0.000000 -0.000116
445511.402712 3945533.962346 0.000000 -0.000116
445511.080855 3945534.320984 0.000000 -0.000116
445510.759017 3945534.679641 0.000000 -0.000116
445510.437197 3945535.038318 0.000000 -0.000116
445510.115397 3945535.397013 0.000000 -0.000116
445509.793616 3945535.755727 0.000000 -0.000116
445509.471854 3945536.114460 0.000000 -0.000116
445509.150111 3945536.473212 0.000000 -0.000116
445508.828387 3945536.831983 0.000000 0.000281
445508.502783 3945537.194981 0.000000 0.000643
445508.169401 3945537.566414 0.000000 0.000600
445507.828240 3945537.946282 0.000000 0.000561
445507.479300 3945538.334584 0.000000 0.000525
445507.122582 3945538.731321 0.000000 0.000492
445506.758085 3945539.136493 0.000000 0.000462
445506.385810 3945539.550100 0.000000 0.000435
445506.005756 3945539.972142 0.000000 0.000409
445505.617923 3945540.402618 0.000000 0.000385
445505.222312 3945540.841529 0.000000 0.000364
445504.818922 3945541.288875 0.000000 0.000343
445504.407754 3945541.744656 0.000000 0.000325
445503.988807 3945542.208871 0.000000 0.000307
445503.562082 3945542.681521 0.000000 0.000291
445503.127577 3945543.162606 0.000000 0.000276
445502.685295 3945543.652126 0.000000 0.000262
445502.235234 3945544.150081 0.000000 0.000249
445501.777394 3945544.656470 0.000000 0.000237
445501.311775 3945545.171295 0.000000 0.000225
445500.838378 3945545.694554 0.000000 0.000215
445500.357203 3945546.226247 0.000000 0.000204
445499.868249 3945546.766376 0.000000 0.000195
445499.371516 3945547.314939 0.000000 0.000186
445498.867004 3945547.871937 0.000000 0.000178
445498.354714 3945548.437370 0.000000 0.000170
445497.834646 3945549.011238 0.000000 0.000163
445497.306799 3945549.593540 0.000000 0.000156
445496.771173 3945550.184278 0.000000 0.000149
445496.227769 3945550.783450 0.000000 0.000143
445495.676586 3945551.391057 0.000000 0.000137
445495.117625 3945552.007098 0.000000 0.000131
445494.550885 3945552.631575 0.000000 0.000126
445493.976366 3945553.264486 0.000000 0.000121
445493.394069 3945553.905832 0.000000 0.000116
445492.803993 3945554.555612 0.000000 0.000112
445492.206139 3945555.213828 0.000000 0.000108
445491.600506 3945555.880478 0.000000 0.000104
445490.987094 3945556.555563 0.000000 0.000100
445490.365904 3945557.239083 0.000000 0.000096
445489.736935 3945557.931038 0.000000 0.000093
445489.100188 3945558.631428 0.000000 0.000089
445488.455662 3945559.340252 0.000000 0.000086
445487.803358 3945560.057511 0.000000 0.000083
445487.143274 3945560.783205 0.000000 0.000080
445486.475413 3945561.517333 0.000000 0.000078
445485.799773 3945562.259897 0.000000 0.000075
445485.116354 3945563.010895 0.000000 0.000073
445484.425156 3945563.770328 0.000000 0.000070
445483.726180 3945564.538196 0.000000 0.000068
445483.019426 3945565.314498 0.000000 0.000033
445482.301676 3945566.102823 0.000000 0.000000
445481.569712 3945566.906759 0.000000 -0.000000
445480.823536 3945567.726305 0.000000 -0.000000
445480.063147 3945568.561461 0.000000 -0.000000
445479.288545 3945569.412228 0.000000 0.000000
445478.499731 3945570.278605 0.000000 -0.000000
445477.696703 3945571.160593 0.000000 0.000000
445476.879463 3945572.058190 0.000000 0.000000
445476.048009 3945572.971399 0.000000 0.000000
445475.202343 3945573.900218 0.000000 -0.000000
445474.342464 3945574.844647 0.000000 0.000000
445473.468372 3945575.804686 0.000000 0.000000
445472.580067 3945576.780336 0.000000 0.000000
445471.677550 3945577.771596 0.000000 0.000000
445470.760819 3945578.778467 0.000000 -0.000000
445469.829876 3945579.800948 0.000000 -0.000000
445468.884719 3945580.839040 0.000000 0.000000
445467.925350 3945581.892742 0.000000 -0.000000
445466.951768 3945582.962054 0.000000 0.000000
445465.963973 3945584.046977 0.000000 0.000000
445464.961965 3945585.147510 0.000000 0.000000
445463.945744 3945586.263653 0.000000 -0.000000
445462.915311 3945587.395407 0.000000 0.000000
445461.870664 3945588.542772 0.000000 -0.000000
445460.811805 3945589.705746 0.000000 0.000000
445459.738733 3945590.884331 0.000000 0.000000
445458.651447 3945592.078527 0.000000 -0.000000
445457.549949 3945593.288333 0.000000 0.000000
445456.434239 3945594.513749 0.000000 -0.000000
445455.304315 3945595.754776 0.000000 -0.000000
445454.160178 3945597.011413 0.000000 0.000000
445453.001829 3945598.283660 0.000000 0.000000
445451.829266 3945599.571518 0.000000 -0.000000
445450.642491 3945600.874987 0.000000 0.000000
445449.441503 3945602.194065 0.000000 -0.000000
445448.226302 3945603.528754 0.000000 0.000000
445446.996888 3945604.879054 0.000000 -0.000000
445445.753261 3945606.244964 0.000000 0.000000
445444.495422 3945607.626484 0.000000 -0.000000
445443.223369 3945609.023615 0.000000 0.000000
445441.937104 3945610.436356 0.000000 -0.000000
445440.636625 3945611.864707 0.000000 0.000000
445439.321934 3945613.308669 0.000000 0.000000
445437.993030 3945614.768242 0.000000 0.000000
445436.649913 3945616.243424 0.000000 -0.000000
445435.292583 3945617.734217 0.000000 -0.000000
445433.921041 3945619.240621 0.000000 0.000000
445432.535285 3945620.762635 0.000000 -0.000000
445431.135317 3945622.300259 0.000000 -0.000000
