445429.721136 3945623.853494 0.000000 -0.000205
445429.060214 3945624.573179 0.000000 -0.000205
445428.406126 3945625.285708 0.000000 -0.000211
445427.758871 3945625.991080 0.000000 -0.000218
445427.118450 3945626.689296 0.000000 -0.000225
445426.484863 3945627.380355 0.000000 -0.000232
445425.858109 3945628.064258 0.000000 -0.000239
445425.238188 3945628.741003 0.000000 -0.000247
445424.625101 3945629.410593 0.000000 -0.000255
445424.018847 3945630.073025 0.000000 -0.000264
445423.419427 3945630.728301 0.000000 -0.000273
445422.826840 3945631.376421 0.000000 -0.000282
445422.241086 3945632.017384 0.000000 -0.000292
445421.662166 3945632.651190 0.000000 -0.000302
445421.090080 3945633.277839 0.000000 -0.000313
445420.524827 3945633.897332 0.000000 -0.000324
445419.966407 3945634.509669 0.000000 -0.000336
445419.414821 3945635.114849 0.000000 -0.000349
445418.870069 3945635.712872 0.000000 -0.000362
445418.332150 3945636.303739 0.000000 -0.000375
445417.801064 3945636.887449 0.000000 -0.000390
445417.276812 3945637.464002 0.000000 -0.000405
445416.759393 3945638.033399 0.000000 -0.000421
445416.248808 3945638.595639 0.000000 -0.000438
445415.745056 3945639.150722 0.000000 -0.000455
445415.248138 3945639.698649 0.000000 -0.000474
445414.758053 3945640.239420 0.000000 -0.000494
445414.274801 3945640.773034 0.000000 -0.000514
445413.798383 3945641.299491 0.000000 -0.000536
445413.328799 3945641.818791 0.000000 -0.000560
445412.866048 3945642.330935 0.000000 -0.000584
445412.410130 3945642.835923 0.000000 -0.000610
445411.961046 3945643.333753 0.000000 -0.000638
445411.518796 3945643.824427 0.000000 -0.000667
445411.083378 3945644.307945 0.000000 -0.000698
445410.654795 3945644.784306 0.000000 -0.000731
445410.233045 3945645.253510 0.000000 -0.000767
445409.818128 3945645.715558 0.000000 -0.000804
445409.410044 3945646.170449 0.000000 -0.000844
445409.008795 3945646.618183 0.000000 -0.000887
445408.614378 3945647.058761 0.000000 -0.000932
445408.226795 3945647.492183 0.000000 -0.000981
445407.846046 3945647.918447 0.000000 -0.001034
445407.472130 3945648.337555 0.000000 -0.001090
445407.105047 3945648.749507 0.000000 -0.001150
445406.744798 3945649.154302 0.000000 -0.001215
445406.391383 3945649.551940 0.000000 -0.001284
445406.044801 3945649.942422 0.000000 -0.001359
445405.705052 3945650.325747 0.000000 -0.001440
445405.372137 3945650.701915 0.000000 -0.001528
445405.046055 3945651.070927 0.000000 -0.000367
445404.723362 3945651.436237 0.000000 0.000869
445404.400611 3945651.801300 0.000000 0.000870
445404.077804 3945652.166116 0.000000 0.000870
445403.754939 3945652.530684 0.000000 0.000871
445403.432017 3945652.895006 0.000000 0.000872
445403.109039 3945653.259080 0.000000 0.000873
445402.786003 3945653.622908 0.000000 0.000874
445402.462910 3945653.986488 0.000000 0.000874
445402.139761 3945654.349821 0.000000 0.000875
445401.816554 3945654.712907 0.000000 0.000876
445401.493290 3945655.075746 0.000000 0.000877
445401.169969 3945655.438338 0.000000 0.000878
445400.846592 3945655.800683 0.000000 0.000878
445400.523157 3945656.162780 0.000000 0.000879
445400.199665 3945656.524631 0.000000 0.000880
445399.876116 3945656.886234 0.000000 0.000881
445399.552510 3945657.247590 0.000000 0.000882
445399.228847 3945657.608700 0.000000 0.000882
445398.905127 3945657.969562 0.000000 0.000883
445398.581350 3945658.330177 0.000000 0.000884
445398.257516 3945658.690544 0.000000 0.000885
445397.933625 3945659.050665 0.000000 0.000886
445397.609677 3945659.410539 0.000000 0.000886
445397.285672 3945659.770165 0.000000 0.000887
445396.961610 3945660.129545 0.000000 0.000888
445396.637491 3945660.488677 0.000000 0.000889
445396.313315 3945660.847562 0.000000 0.000890
445395.989082 3945661.206200 0.000000 0.000890
445395.664792 3945661.564591 0.000000 0.000891
445395.340444 3945661.922735 0.000000 0.000892
445395.016040 3945662.280632 0.000000 0.000893
445394.691579 3945662.638282 0.000000 0.000894
445394.367061 3945662.995684 0.000000 0.000894
445394.042485 3945663.352840 0.000000 0.000895
445393.717853 3945663.709748 0.000000 0.000896
445393.393163 3945664.066409 0.000000 0.000897
445393.068417 3945664.422823 0.000000 0.000898
445392.743614 3945664.778990 0.000000 0.000898
445392.418753 3945665.134910 0.000000 0.000899
445392.093836 3945665.490583 0.000000 0.000900
445391.768861 3945665.846009 0.000000 0.000901
445391.443830 3945666.201187 0.000000 0.000902
445391.118741 3945666.556119 0.000000 0.000902
445390.793596 3945666.910803 0.000000 0.000903
445390.468393 3945667.265241 0.000000 0.000904
445390.143133 3945667.619431 0.000000 0.000905
445389.817817 3945667.973374 0.000000 0.000906
445389.492443 3945668.327070 0.000000 0.000906
445389.167012 3945668.680519 0.000000 0.000907
445388.841525 3945669.033720 0.000000 0.000442
445388.516056 3945669.386751 0.000000 -0.000024
445388.190682 3945669.739687 0.000000 -0.000024
445387.865404 3945670.092527 0.000000 -0.000024
445387.540220 3945670.445273 0.000000 -0.000024
445387.215132 3945670.797923 0.000000 -0.000024
445386.890138 3945671.150479 0.000000 -0.000024
445386.565240 3945671.502939 0.000000 -0.000024
445386.240436 3945671.855304 0.000000 -0.000024
445385.915728 3945672.207575 0.000000 -0.000024
445385.591115 3945672.559750 0.000000 -0.000024
445385.266596 3945672.911830 0.000000 -0.000024
445384.942173 3945673.263816 0.000000 -0.000024
445384.617845 3945673.615706 0.000000 -0.000024
445384.293612 3945673.967501 0.000000 -0.000024
445383.969473 3945674.319201 0.000000 -0.000024
445383.645430 3945674.670806 0.000000 -0.000024
445383.321482 3945675.022316 0.000000 -0.000024
445382.997629 3945675.373731 0.000000 -0.000024
445382.673871 3945675.725051 0.000000 -0.000024
445382.350208 3945676.076276 0.000000 -0.000024
445382.026641 3945676.427406 0.000000 -0.000024
445381.703168 3945676.778440 0.000000 -0.000024
445381.379790 3945677.129380 0.000000 -0.000024
445381.056507 3945677.480225 0.000000 -0.000024
445380.733319 3945677.830975 0.000000 -0.000024
445380.410227 3945678.181629 0.000000 -0.000024
445380.087229 3945678.532189 0.000000 -0.000024
445379.764327 3945678.882653 0.000000 -0.000024
445379.441519 3945679.233023 0.000000 -0.000024
445379.118807 3945679.583297 0.000000 -0.000024
445378.796189 3945679.933477 0.000000 -0.000024
445378.473667 3945680.283561 0.000000 -0.000024
445378.151239 3945680.633550 0.000000 -0.000024
445377.828907 3945680.983445 0.000000 -0.000024
445377.506670 3945681.333244 0.000000 -0.000024
445377.184527 3945681.682948 0.000000 -0.000024
445376.862480 3945682.032557 0.000000 -0.000024
445376.540528 3945682.382072 0.000000 -0.000024
445376.218671 3945682.731491 0.000000 -0.000024
445375.896909 3945683.080815 0.000000 -0.000024
445375.575242 3945683.430044 0.000000 -0.000024
445375.253670 3945683.779178 0.000000 -0.000025
445374.932193 3945684.128217 0.000000 -0.000025
445374.610811 3945684.477161 0.000000 -0.000025
445374.289524 3945684.826009 0.000000 -0.000025
445373.968332 3945685.174763 0.000000 -0.000025
445373.647235 3945685.523422 0.000000 -0.000025
445373.326233 3945685.871986 0.000000 -0.000025
445373.005327 3945686.220454 0.000000 -0.000025
445372.684515 3945686.568828 0.000000 0.000095
445372.363779 3945686.917088 0.000000 0.000215
445372.043101 3945687.265214 0.000000 0.000215
445371.722479 3945687.613208 0.000000 0.000215
445371.401914 3945687.961068 0.000000 0.000216
445371.081407 3945688.308795 0.000000 0.000216
445370.760956 3945688.656390 0.000000 0.000216
445370.440563 3945689.003851 0.000000 0.000216
445370.120226 3945689.351179 0.000000 0.000216
445369.799947 3945689.698374 0.000000 0.000217
445369.479725 3945690.045436 0.000000 0.000217
445369.159559 3945690.392365 0.000000 0.000217
445368.839451 3945690.739161 0.000000 0.000217
445368.519399 3945691.085824 0.000000 0.000217
445368.199405 3945691.432354 0.000000 0.000218
445367.879468 3945691.778751 0.000000 0.000218
445367.559587 3945692.125015 0.000000 0.000218
445367.239764 3945692.471145 0.000000 0.000218
445366.919998 3945692.817143 0.000000 0.000218
445366.600289 3945693.163007 0.000000 0.000218
445366.280637 3945693.508739 0.000000 0.000219
445365.961041 3945693.854337 0.000000 0.000219
445365.641503 3945694.199803 0.000000 0.000219
445365.322022 3945694.545135 0.000000 0.000219
445365.002598 3945694.890334 0.000000 0.000219
445364.683231 3945695.235401 0.000000 0.000220
445364.363921 3945695.580334 0.000000 0.000220
445364.044668 3945695.925134 0.000000 0.000220
445363.725472 3945696.269801 0.000000 0.000220
445363.406333 3945696.614335 0.000000 0.000220
445363.087251 3945696.958736 0.000000 0.000221
445362.768226 3945697.303004 0.000000 0.000221
445362.449258 3945697.647138 0.000000 0.000221
445362.130347 3945697.991140 0.000000 0.000221
445361.811494 3945698.335009 0.000000 0.000221
445361.492697 3945698.678744 0.000000 0.000222
445361.173957 3945699.022347 0.000000 0.000222
445360.855274 3945699.365817 0.000000 0.000222
445360.536649 3945699.709153 0.000000 0.000222
445360.218080 3945700.052356 0.000000 0.000222
445359.899568 3945700.395427 0.000000 0.000223
445359.581113 3945700.738364 0.000000 0.000223
445359.262716 3945701.081168 0.000000 0.000223
445358.944375 3945701.423839 0.000000 0.000223
445358.626092 3945701.766378 0.000000 0.000223
445358.307865 3945702.108783 0.000000 0.000223
445357.989696 3945702.451055 0.000000 0.000224
445357.671583 3945702.793193 0.000000 0.000224
445357.353528 3945703.135199 0.000000 0.000224
445357.035529 3945703.477072 0.000000 0.000224
445356.717588 3945703.818812 0.000000 -0.000870
445356.399808 3945704.160656 0.000000 -0.001964
445356.082294 3945704.502843 0.000000 -0.001963
445355.765046 3945704.845371 0.000000 -0.001962
445355.448065 3945705.188242 0.000000 -0.001961
445355.131349 3945705.531455 0.000000 -0.001960
445354.814900 3945705.875010 0.000000 -0.001959
445354.498717 3945706.218907 0.000000 -0.001958
445354.182800 3945706.563147 0.000000 -0.001957
445353.867149 3945706.907728 0.000000 -0.001956
445353.551764 3945707.252652 0.000000 -0.001956
445353.236645 3945707.597918 0.000000 -0.001955
445352.921793 3945707.943525 0.000000 -0.001954
445352.607206 3945708.289476 0.000000 -0.001953
445352.292886 3945708.635768 0.000000 -0.001952
445351.978832 3945708.982402 0.000000 -0.001951
445351.665044 3945709.329379 0.000000 -0.001950
445351.351522 3945709.676697 0.000000 -0.001949
445351.038266 3945710.024358 0.000000 -0.001948
445350.725276 3945710.372361 0.000000 -0.001947
445350.412552 3945710.720706 0.000000 -0.001946
445350.100095 3945711.069394 0.000000 -0.001945
445349.787903 3945711.418423 0.000000 -0.001944
445349.475978 3945711.767795 0.000000 -0.001943
445349.164319 3945712.117508 0.000000 -0.001942
445348.852926 3945712.467564 0.000000 -0.001941
445348.541799 3945712.817962 0.000000 -0.001940
445348.230938 3945713.168702 0.000000 -0.001939
445347.920343 3945713.519785 0.000000 -0.001938
445347.610014 3945713.871209 0.000000 -0.001937
445347.299952 3945714.222976 0.000000 -0.001936
445346.990155 3945714.575085 0.000000 -0.001935
445346.680625 3945714.927536 0.000000 -0.001934
445346.371361 3945715.280329 0.000000 -0.001933
445346.062363 3945715.633464 0.000000 -0.001932
445345.753631 3945715.986941 0.000000 -0.001931
445345.445165 3945716.340761 0.000000 -0.001930
445345.136965 3945716.694922 0.000000 -0.001929
445344.829032 3945717.049426 0.000000 -0.001928
445344.521364 3945717.404272 0.000000 -0.001927
445344.213963 3945717.759460 0.000000 -0.001926
445343.906828 3945718.114990 0.000000 -0.001925
445343.599959 3945718.470863 0.000000 -0.001924
445343.293355 3945718.827077 0.000000 -0.001923
445342.987019 3945719.183634 0.000000 -0.001922
445342.680948 3945719.540533 0.000000 -0.001921
445342.375143 3945719.897774 0.000000 -0.001920
445342.069605 3945720.255357 0.000000 -0.001919
445341.764332 3945720.613282 0.000000 -0.001918
445341.459326 3945720.971550 0.000000 -0.001917
445341.154586 3945721.330159 0.000000 -0.000368
445340.849912 3945721.688816 0.000000 0.001181
445340.545105 3945722.047226 0.000000 0.001181
445340.240165 3945722.405389 0.000000 0.001182
445339.935092 3945722.763305 0.000000 0.001183
445339.629887 3945723.120974 0.000000 0.001184
445339.324548 3945723.478395 0.000000 0.001185
445339.019076 3945723.835570 0.000000 0.001185
445338.713470 3945724.192497 0.000000 0.001186
445338.407732 3945724.549177 0.000000 0.001187
445338.101861 3945724.905611 0.000000 0.001188
445337.795857 3945725.261797 0.000000 0.001188
445337.489720 3945725.617736 0.000000 0.001189
445337.183449 3945725.973427 0.000000 0.001190
445336.877046 3945726.328872 0.000000 0.001191
445336.570509 3945726.684070 0.000000 0.001191
445336.263840 3945727.039020 0.000000 0.001192
445335.957037 3945727.393724 0.000000 0.001193
445335.650101 3945727.748180 0.000000 0.001194
445335.343033 3945728.102389 0.000000 0.001194
445335.035831 3945728.456351 0.000000 0.001195
445334.728496 3945728.810066 0.000000 0.001196
445334.421028 3945729.163534 0.000000 0.001197
445334.113427 3945729.516755 0.000000 0.001197
445333.805693 3945729.869728 0.000000 0.001198
445333.497826 3945730.222455 0.000000 0.001199
445333.189826 3945730.574934 0.000000 0.001200
445332.881693 3945730.927167 0.000000 0.001201
445332.573427 3945731.279152 0.000000 0.001201
445332.265027 3945731.630890 0.000000 0.001202
445331.956495 3945731.982381 0.000000 0.001203
445331.647830 3945732.333625 0.000000 0.001204
445331.339031 3945732.684622 0.000000 0.001204
445331.030100 3945733.035371 0.000000 0.001205
445330.721035 3945733.385874 0.000000 0.001206
445330.411837 3945733.736129 0.000000 0.001207
445330.102507 3945734.086138 0.000000 0.001207
445329.793043 3945734.435899 0.000000 0.001208
445329.483446 3945734.785413 0.000000 0.001209
445329.173716 3945735.134680 0.000000 0.001210
445328.863853 3945735.483700 0.000000 0.001210
445328.553857 3945735.832473 0.000000 0.001211
445328.243728 3945736.180998 0.000000 0.001212
445327.933466 3945736.529277 0.000000 0.001213
445327.623071 3945736.877309 0.000000 0.001213
445327.312543 3945737.225093 0.000000 0.001214
445327.001881 3945737.572630 0.000000 0.001215
445326.691087 3945737.919920 0.000000 0.001216
445326.380160 3945738.266963 0.000000 0.001216
445326.069099 3945738.613759 0.000000 0.001217
445325.757906 3945738.960308 0.000000 0.000863
445325.446589 3945739.306715 0.000000 0.000508
445325.135157 3945739.653083 0.000000 0.000508
445324.823612 3945739.999413 0.000000 0.000508
445324.511953 3945740.345705 0.000000 0.000508
445324.200180 3945740.691960 0.000000 0.000508
445323.888293 3945741.038176 0.000000 0.000507
445323.576291 3945741.384354 0.000000 0.000507
445323.264176 3945741.730494 0.000000 0.000507
445322.951946 3945742.076596 0.000000 0.000507
445322.639603 3945742.422660 0.000000 0.000507
445322.327145 3945742.768687 0.000000 0.000507
445322.014574 3945743.114675 0.000000 0.000506
445321.701888 3945743.460625 0.000000 0.000506
445321.389088 3945743.806537 0.000000 0.000506
445321.076174 3945744.152411 0.000000 0.000506
445320.763147 3945744.498247 0.000000 0.000506
445320.450005 3945744.844045 0.000000 0.000506
445320.136749 3945745.189805 0.000000 0.000505
445319.823379 3945745.535527 0.000000 0.000505
445319.509895 3945745.881211 0.000000 0.000505
445319.196297 3945746.226857 0.000000 0.000505
445318.882585 3945746.572465 0.000000 0.000505
445318.568759 3945746.918035 0.000000 0.000505
445318.254818 3945747.263567 0.000000 0.000505
445317.940764 3945747.609061 0.000000 0.000504
445317.626596 3945747.954516 0.000000 0.000504
445317.312314 3945748.299934 0.000000 0.000504
445316.997917 3945748.645314 0.000000 0.000504
445316.683407 3945748.990656 0.000000 0.000504
445316.368782 3945749.335960 0.000000 0.000504
445316.054044 3945749.681226 0.000000 0.000503
445315.739191 3945750.026453 0.000000 0.000503
445315.424224 3945750.371643 0.000000 0.000503
445315.109144 3945750.716795 0.000000 0.000503
445314.793949 3945751.061909 0.000000 0.000503
445314.478640 3945751.406984 0.000000 0.000503
445314.163217 3945751.752022 0.000000 0.000502
445313.847680 3945752.097022 0.000000 0.000502
445313.532029 3945752.441983 0.000000 0.000502
445313.216264 3945752.786907 0.000000 0.000502
445312.900385 3945753.131793 0.000000 0.000502
445312.584392 3945753.476640 0.000000 0.000502
445312.268285 3945753.821450 0.000000 0.000502
445311.952064 3945754.166221 0.000000 0.000501
445311.635729 3945754.510955 0.000000 0.000501
445311.319279 3945754.855651 0.000000 0.000501
445311.002716 3945755.200308 0.000000 0.000501
445310.686039 3945755.544928 0.000000 0.000501
445310.369247 3945755.889509 0.000000 0.000501
445310.052342 3945756.234053 0.000000 0.000061
445309.735427 3945756.578587 0.000000 -0.000378
445309.418607 3945756.923139 0.000000 -0.000378
445309.101882 3945757.267711 0.000000 -0.000378
445308.785252 3945757.612302 0.000000 -0.000378
445308.468717 3945757.956912 0.000000 -0.000378
445308.152277 3945758.301542 0.000000 -0.000379
445307.835933 3945758.646190 0.000000 -0.000379
445307.519683 3945758.990857 0.000000 -0.000379
445307.203528 3945759.335543 0.000000 -0.000379
445306.887469 3945759.680248 0.000000 -0.000379
445306.571504 3945760.024972 0.000000 -0.000379
445306.255635 3945760.369715 0.000000 -0.000379
445305.939860 3945760.714477 0.000000 -0.000379
445305.624181 3945761.059258 0.000000 -0.000380
445305.308596 3945761.404058 0.000000 -0.000380
445304.993107 3945761.748877 0.000000 -0.000380
445304.677712 3945762.093715 0.000000 -0.000380
445304.362413 3945762.438572 0.000000 -0.000380
445304.047209 3945762.783449 0.000000 -0.000380
445303.732100 3945763.128344 0.000000 -0.000380
445303.417085 3945763.473258 0.000000 -0.000380
445303.102166 3945763.818191 0.000000 -0.000381
445302.787342 3945764.163143 0.000000 -0.000381
445302.472613 3945764.508114 0.000000 -0.000381
445302.157979 3945764.853104 0.000000 -0.000381
445301.843440 3945765.198114 0.000000 -0.000381
445301.528996 3945765.543142 0.000000 -0.000381
445301.214647 3945765.888189 0.000000 -0.000381
445300.900394 3945766.233255 0.000000 -0.000381
445300.586235 3945766.578340 0.000000 -0.000382
445300.272171 3945766.923445 0.000000 -0.000382
445299.958202 3945767.268568 0.000000 -0.000382
445299.644329 3945767.613710 0.000000 -0.000382
445299.330550 3945767.958871 0.000000 -0.000382
445299.016866 3945768.304052 0.000000 -0.000382
445298.703278 3945768.649251 0.000000 -0.000382
445298.389784 3945768.994469 0.000000 -0.000382
445298.076386 3945769.339706 0.000000 -0.000383
445297.763082 3945769.684963 0.000000 -0.000383
445297.449874 3945770.030238 0.000000 -0.000383
445297.136761 3945770.375532 0.000000 -0.000383
445296.823742 3945770.720846 0.000000 -0.000383
445296.510819 3945771.066178 0.000000 -0.000383
445296.197991 3945771.411529 0.000000 -0.000383
445295.885258 3945771.756900 0.000000 -0.000383
445295.572620 3945772.102289 0.000000 -0.000383
445295.260077 3945772.447697 0.000000 -0.000384
445294.947628 3945772.793125 0.000000 -0.000384
445294.635275 3945773.138571 0.000000 -0.000384
445294.323018 3945773.484037 0.000000 -0.000078
445294.010817 3945773.829464 0.000000 0.000229
445293.698635 3945774.174796 0.000000 0.000229
445293.386472 3945774.520033 0.000000 0.000229
445293.074328 3945774.865176 0.000000 0.000229
445292.762203 3945775.210223 0.000000 0.000229
445292.450097 3945775.555175 0.000000 0.000230
445292.138010 3945775.900032 0.000000 0.000230
445291.825942 3945776.244794 0.000000 0.000230
445291.513893 3945776.589461 0.000000 0.000230
445291.201863 3945776.934033 0.000000 0.000230
445290.889853 3945777.278510 0.000000 0.000230
445290.577861 3945777.622892 0.000000 0.000230
445290.265888 3945777.967179 0.000000 0.000230
445289.953934 3945778.311371 0.000000 0.000231
445289.641999 3945778.655468 0.000000 0.000231
445289.330083 3945778.999469 0.000000 0.000231
445289.018186 3945779.343376 0.000000 0.000231
445288.706309 3945779.687188 0.000000 0.000231
445288.394450 3945780.030904 0.000000 0.000231
445288.082610 3945780.374526 0.000000 0.000231
445287.770789 3945780.718053 0.000000 0.000231
445287.458988 3945781.061484 0.000000 0.000232
445287.147205 3945781.404820 0.000000 0.000232
445286.835441 3945781.748062 0.000000 0.000232
445286.523696 3945782.091208 0.000000 0.000232
445286.211970 3945782.434260 0.000000 0.000232
445285.900264 3945782.777216 0.000000 0.000232
445285.588576 3945783.120077 0.000000 0.000232
445285.276907 3945783.462843 0.000000 0.000232
445284.965258 3945783.805515 0.000000 0.000233
445284.653627 3945784.148091 0.000000 0.000233
445284.342015 3945784.490572 0.000000 0.000233
445284.030423 3945784.832958 0.000000 0.000233
445283.718849 3945785.175249 0.000000 0.000233
445283.407294 3945785.517445 0.000000 0.000233
445283.095759 3945785.859546 0.000000 0.000233
445282.784242 3945786.201552 0.000000 0.000233
445282.472744 3945786.543462 0.000000 0.000234
445282.161266 3945786.885278 0.000000 0.000234
445281.849806 3945787.226999 0.000000 0.000234
445281.538365 3945787.568625 0.000000 0.000234
445281.226944 3945787.910155 0.000000 0.000234
445280.915541 3945788.251591 0.000000 0.000234
445280.604158 3945788.592932 0.000000 0.000234
445280.292793 3945788.934177 0.000000 0.000234
445279.981447 3945789.275328 0.000000 0.000235
445279.670121 3945789.616383 0.000000 0.000235
445279.358813 3945789.957344 0.000000 0.000235
445279.047525 3945790.298209 0.000000 0.000235
445278.736255 3945790.638979 0.000000 0.000244
445278.424976 3945790.979683 0.000000 0.000252
445278.113659 3945791.320349 0.000000 0.000252
445277.802304 3945791.660977 0.000000 0.000252
445277.490911 3945792.001566 0.000000 0.000252
445277.179480 3945792.342118 0.000000 0.000252
445276.868011 3945792.682632 0.000000 0.000252
445276.556503 3945793.023108 0.000000 0.000252
445276.244958 3945793.363545 0.000000 0.000252
445275.933375 3945793.703945 0.000000 0.000252
445275.621754 3945794.044307 0.000000 0.000252
445275.310095 3945794.384630 0.000000 0.000252
445274.998397 3945794.724916 0.000000 0.000252
445274.686662 3945795.065164 0.000000 0.000252
445274.374889 3945795.405373 0.000000 0.000252
445274.063078 3945795.745545 0.000000 0.000252
445273.751228 3945796.085678 0.000000 0.000252
445273.439341 3945796.425774 0.000000 0.000252
445273.127416 3945796.765831 0.000000 0.000252
445272.815452 3945797.105851 0.000000 0.000252
445272.503451 3945797.445832 0.000000 0.000252
445272.191412 3945797.785776 0.000000 0.000252
445271.879334 3945798.125681 0.000000 0.000252
445271.567219 3945798.465549 0.000000 0.000252
445271.255065 3945798.805378 0.000000 0.000252
445270.942874 3945799.145170 0.000000 0.000252
445270.630644 3945799.484923 0.000000 0.000252
445270.318377 3945799.824638 0.000000 0.000252
445270.006071 3945800.164316 0.000000 0.000252
445269.693728 3945800.503955 0.000000 0.000252
445269.381346 3945800.843557 0.000000 0.000252
445269.068927 3945801.183120 0.000000 0.000252
445268.756469 3945801.522645 0.000000 0.000252
445268.443974 3945801.862132 0.000000 0.000252
445268.131440 3945802.201582 0.000000 0.000252
445267.818869 3945802.540993 0.000000 0.000252
445267.506259 3945802.880366 0.000000 0.000252
445267.193611 3945803.219701 0.000000 0.000252
445266.880926 3945803.558999 0.000000 0.000252
445266.568202 3945803.898258 0.000000 0.000252
445266.255440 3945804.237479 0.000000 0.000252
445265.942641 3945804.576662 0.000000 0.000252
445265.629803 3945804.915807 0.000000 0.000252
445265.316927 3945805.254914 0.000000 0.000252
445265.004013 3945805.593984 0.000000 0.000252
445264.691062 3945805.933015 0.000000 0.000252
445264.378072 3945806.272008 0.000000 0.000252
445264.065044 3945806.610963 0.000000 0.000252
445263.751978 3945806.949880 0.000000 0.000252
445263.438874 3945807.288759 0.000000 0.000252
445263.125732 3945807.627600 0.000000 0.000788
445262.812591 3945807.966194 0.000000 0.001327
445262.499487 3945808.304331 0.000000 0.001330
445262.186421 3945808.642013 0.000000 0.001333
445261.873393 3945808.979238 0.000000 0.001336
445261.560403 3945809.316007 0.000000 0.001339
445261.247452 3945809.652320 0.000000 0.001342
445260.934538 3945809.988177 0.000000 0.001345
445260.621662 3945810.323577 0.000000 0.001349
445260.308824 3945810.658522 0.000000 0.001352
445259.996025 3945810.993010 0.000000 0.001355
445259.683263 3945811.327042 0.000000 0.001358
445259.370539 3945811.660618 0.000000 0.001361
445259.057854 3945811.993737 0.000000 0.001365
445258.745206 3945812.326400 0.000000 0.001368
445258.432596 3945812.658608 0.000000 0.001371
445258.120025 3945812.990358 0.000000 0.001374
445257.807491 3945813.321653 0.000000 0.001377
445257.494996 3945813.652492 0.000000 0.001381
445257.182538 3945813.982874 0.000000 0.001384
445256.870118 3945814.312800 0.000000 0.001387
445256.557737 3945814.642270 0.000000 0.001391
445256.245393 3945814.971284 0.000000 0.001394
445255.933088 3945815.299841 0.000000 0.001397
445255.620820 3945815.627943 0.000000 0.001400
445255.308591 3945815.955588 0.000000 0.001404
445254.996399 3945816.282777 0.000000 0.001407
445254.684246 3945816.609510 0.000000 0.001410
445254.372131 3945816.935786 0.000000 0.001414
445254.060053 3945817.261607 0.000000 0.001417
445253.748014 3945817.586971 0.000000 0.001420
445253.436013 3945817.911879 0.000000 0.001424
445253.124049 3945818.236330 0.000000 0.001427
445252.812124 3945818.560326 0.000000 0.001431
445252.500237 3945818.883865 0.000000 0.001434
445252.188387 3945819.206949 0.000000 0.001437
445251.876576 3945819.529576 0.000000 0.001441
445251.564803 3945819.851746 0.000000 0.001444
445251.253067 3945820.173461 0.000000 0.001448
445250.941370 3945820.494719 0.000000 0.001451
445250.629711 3945820.815521 0.000000 0.001454
445250.318090 3945821.135867 0.000000 0.001458
445250.006507 3945821.455757 0.000000 0.001461
445249.694961 3945821.775191 0.000000 0.001465
445249.383454 3945822.094168 0.000000 0.001468
445249.071985 3945822.412689 0.000000 0.001472
445248.760554 3945822.730754 0.000000 0.001475
445248.449161 3945823.048363 0.000000 0.001479
445248.137806 3945823.365516 0.000000 0.001482
445247.826489 3945823.682212 0.000000 0.001486
445247.515210 3945823.998452 0.000000 0.001170
445247.205245 3945824.313032 0.000000 0.000865
445246.897869 3945824.624745 0.000000 0.000888
445246.593084 3945824.933594 0.000000 0.000912
445246.290889 3945825.239576 0.000000 0.000937
445245.991283 3945825.542693 0.000000 0.000962
445245.694268 3945825.842945 0.000000 0.000989
445245.399842 3945826.140331 0.000000 0.001017
445245.108006 3945826.434851 0.000000 0.001046
445244.818760 3945826.726506 0.000000 0.001076
445244.532104 3945827.015296 0.000000 0.001107
445244.248038 3945827.301219 0.000000 0.001139
445243.966562 3945827.584278 0.000000 0.001172
445243.687675 3945827.864470 0.000000 0.001207
445243.411379 3945828.141797 0.000000 0.001243
445243.137672 3945828.416259 0.000000 0.001281
445242.866555 3945828.687855 0.000000 0.001320
445242.598029 3945828.956585 0.000000 0.001361
445242.332092 3945829.222450 0.000000 0.001404
445242.068745 3945829.485450 0.000000 0.001448
445241.807988 3945829.745583 0.000000 0.001494
445241.549820 3945830.002852 0.000000 0.001542
445241.294243 3945830.257254 0.000000 0.001593
445241.041256 3945830.508792 0.000000 0.001645
445240.790858 3945830.757463 0.000000 0.001700
445240.543051 3945831.003269 0.000000 0.001757
445240.297833 3945831.246210 0.000000 0.001817
445240.055205 3945831.486284 0.000000 0.001880
445239.815167 3945831.723494 0.000000 0.001945
445239.577719 3945831.957838 0.000000 0.002014
445239.342861 3945832.189316 0.000000 0.002086
445239.110592 3945832.417929 0.000000 0.002161
445238.880914 3945832.643676 0.000000 0.002240
445238.653826 3945832.866557 0.000000 0.002323
445238.429327 3945833.086573 0.000000 0.002411
445238.207418 3945833.303724 0.000000 0.002502
445237.988099 3945833.518009 0.000000 0.002598
445237.771370 3945833.729428 0.000000 0.002699
445237.557231 3945833.937982 0.000000 0.002806
445237.345682 3945834.143670 0.000000 0.002918
445237.136723 3945834.346493 0.000000 0.003036
445236.930354 3945834.546450 0.000000 0.003161
445236.726574 3945834.743541 0.000000 0.003292
445236.525385 3945834.937767 0.000000 0.003431
445236.326785 3945835.129128 0.000000 0.003578
445236.130775 3945835.317623 0.000000 0.003734
445235.937355 3945835.503252 0.000000 0.003898
445235.746525 3945835.686016 0.000000 0.004072
445235.558285 3945835.865914 0.000000 0.004257
445235.372635 3945836.042947 0.000000 0.004453
