445411.585289 3945614.822934 0.000000 0.000000
445411.444667 3945615.132303 0.000000 0.000000
445411.305458 3945615.438562 0.000000 -0.000000
445411.167663 3945615.741712 0.000000 0.000000
445411.031280 3945616.041753 0.000000 0.000000
445410.896312 3945616.338685 0.000000 0.000000
445410.762756 3945616.632507 0.000000 0.000000
445410.630614 3945616.923220 0.000000 -0.000000
445410.499885 3945617.210824 0.000000 0.000000
445410.370569 3945617.495318 0.000000 -0.000000
445410.242666 3945617.776704 0.000000 0.000000
445410.116177 3945618.054980 0.000000 0.000000
445409.991101 3945618.330147 0.000000 -0.000000
445409.867439 3945618.602205 0.000000 -0.000000
445409.745189 3945618.871153 0.000000 -0.000000
445409.624353 3945619.136992 0.000000 0.000000
445409.504931 3945619.399722 0.000000 -0.000000
445409.386921 3945619.659343 0.000000 0.000000
445409.270325 3945619.915855 0.000000 -0.000000
445409.155142 3945620.169257 0.000000 -0.000000
445409.041373 3945620.419550 0.000000 -0.000000
445408.929016 3945620.666734 0.000000 -0.000000
445408.818073 3945620.910809 0.000000 -0.000000
445408.708544 3945621.151774 0.000000 0.000000
445408.600427 3945621.389630 0.000000 -0.000000
445408.493724 3945621.624377 0.000000 0.000000
445408.388434 3945621.856015 0.000000 0.000000
445408.284558 3945622.084543 0.000000 -0.000000
445408.182094 3945622.309963 0.000000 -0.000000
445408.081044 3945622.532273 0.000000 0.000000
445407.981408 3945622.751473 0.000000 0.000000
445407.883184 3945622.967565 0.000000 0.000000
445407.786374 3945623.180547 0.000000 0.000000
445407.690977 3945623.390420 0.000000 -0.000000
445407.596993 3945623.597184 0.000000 -0.000000
445407.504423 3945623.800839 0.000000 -0.000000
445407.413266 3945624.001384 0.000000 0.000000
445407.323522 3945624.198821 0.000000 -0.000000
445407.235192 3945624.393147 0.000000 -0.000000
445407.148275 3945624.584365 0.000000 0.000000
445407.062771 3945624.772474 0.000000 0.000000
445406.978681 3945624.957473 0.000000 0.000000
445406.896003 3945625.139363 0.000000 -0.000000
445406.814739 3945625.318144 0.000000 0.000000
445406.734889 3945625.493815 0.000000 -0.000000
445406.656451 3945625.666378 0.000000 -0.000000
445406.579427 3945625.835831 0.000000 -0.000000
445406.503816 3945626.002175 0.000000 -0.000000
445406.429619 3945626.165409 0.000000 0.000000
445406.356834 3945626.325535 0.000000 0.000000
445406.285463 3945626.482551 0.000000 0.003527
445406.214016 3945626.639481 0.000000 0.006790
445406.141003 3945626.799350 0.000000 0.006416
445406.066424 3945626.962156 0.000000 0.006068
445405.990279 3945627.127901 0.000000 0.005745
445405.912568 3945627.296584 0.000000 0.005445
445405.833291 3945627.468204 0.000000 0.005165
445405.752449 3945627.642763 0.000000 0.004904
445405.670040 3945627.820260 0.000000 0.004661
445405.586066 3945628.000694 0.000000 0.004433
445405.500525 3945628.184067 0.000000 0.004220
445405.413419 3945628.370378 0.000000 0.004020
445405.324747 3945628.559627 0.000000 0.003832
445405.234509 3945628.751813 0.000000 0.003656
445405.142705 3945628.946938 0.000000 0.003491
445405.049336 3945629.145001 0.000000 0.003336
445404.954400 3945629.346002 0.000000 0.003189
445404.857898 3945629.549941 0.000000 0.003051
445404.759831 3945629.756818 0.000000 0.002921
445404.660198 3945629.966633 0.000000 0.002798
445404.558998 3945630.179385 0.000000 0.002682
445404.456233 3945630.395076 0.000000 0.002573
445404.351902 3945630.613705 0.000000 0.002469
445404.246005 3945630.835272 0.000000 0.002371
445404.138543 3945631.059777 0.000000 0.002277
445404.029514 3945631.287220 0.000000 0.002189
445403.918920 3945631.517601 0.000000 0.002105
445403.806759 3945631.750920 0.000000 0.002026
445403.693033 3945631.987177 0.000000 0.001950
445403.577741 3945632.226373 0.000000 0.001878
445403.460882 3945632.468506 0.000000 0.001810
445403.342458 3945632.713577 0.000000 0.001744
445403.222469 3945632.961586 0.000000 0.001682
445403.100913 3945633.212533 0.000000 0.001623
445402.977791 3945633.466418 0.000000 0.001567
445402.853104 3945633.723242 0.000000 0.001513
445402.726850 3945633.983003 0.000000 0.001462
445402.599031 3945634.245702 0.000000 0.001412
445402.469646 3945634.511339 0.000000 0.001366
445402.338694 3945634.779915 0.000000 0.001321
445402.206177 3945635.051428 0.000000 0.001278
445402.072095 3945635.325879 0.000000 0.001237
445401.936446 3945635.603268 0.000000 0.001197
445401.799231 3945635.883596 0.000000 0.001160
445401.660450 3945636.166861 0.000000 0.001124
445401.520104 3945636.453065 0.000000 0.001089
445401.378192 3945636.742206 0.000000 0.001056
445401.234713 3945637.034285 0.000000 0.001024
445401.089669 3945637.329303 0.000000 0.000993
445400.943059 3945637.627258 0.000000 0.000964
