445924.117858 3944851.224566 0.000000 -0.000294
445924.093007 3944851.586557 0.000000 -0.000294
445924.068499 3944851.944109 0.000000 -0.000306
445924.044334 3944852.297223 0.000000 -0.000317
445924.020513 3944852.645897 0.000000 -0.000330
445923.997033 3944852.990132 0.000000 -0.000343
445923.973897 3944853.329928 0.000000 -0.000357
445923.951104 3944853.665284 0.000000 -0.000371
445923.928653 3944853.996202 0.000000 -0.000386
445923.906546 3944854.322680 0.000000 -0.000402
445923.884781 3944854.644720 0.000000 -0.000419
445923.863360 3944854.962320 0.000000 -0.000437
445923.842281 3944855.275481 0.000000 -0.000456
445923.821545 3944855.584203 0.000000 -0.000476
445923.801152 3944855.888486 0.000000 -0.000498
445923.781102 3944856.188330 0.000000 -0.000520
445923.761394 3944856.483735 0.000000 -0.000544
445923.742030 3944856.774701 0.000000 -0.000570
445923.723009 3944857.061227 0.000000 -0.000597
445923.704330 3944857.343315 0.000000 -0.000626
445923.685994 3944857.620963 0.000000 -0.000657
445923.668002 3944857.894172 0.000000 -0.000690
445923.650352 3944858.162942 0.000000 -0.000725
445923.633045 3944858.427273 0.000000 -0.000762
445923.616081 3944858.687165 0.000000 -0.000802
445923.599460 3944858.942618 0.000000 -0.000845
445923.583181 3944859.193631 0.000000 -0.000891
445923.567246 3944859.440206 0.000000 -0.000941
445923.551653 3944859.682341 0.000000 -0.000994
445923.536404 3944859.920038 0.000000 -0.001051
445923.521497 3944860.153295 0.000000 -0.001113
445923.506933 3944860.382113 0.000000 -0.001180
445923.492712 3944860.606492 0.000000 -0.001252
445923.478834 3944860.826432 0.000000 -0.001330
445923.465299 3944861.041933 0.000000 -0.001415
445923.452107 3944861.252994 0.000000 -0.001508
445923.439258 3944861.459617 0.000000 -0.001608
445923.426751 3944861.661800 0.000000 -0.001718
445923.414588 3944861.859544 0.000000 -0.001837
445923.402767 3944862.052850 0.000000 -0.001969
445923.391289 3944862.241716 0.000000 -0.002113
445923.380155 3944862.426143 0.000000 -0.002271
445923.369363 3944862.606131 0.000000 -0.002446
445923.358914 3944862.781679 0.000000 -0.002639
445923.348807 3944862.952789 0.000000 -0.002852
445923.339044 3944863.119460 0.000000 -0.003090
445923.329624 3944863.281691 0.000000 -0.003355
445923.320546 3944863.439483 0.000000 -0.003651
445923.311812 3944863.592836 0.000000 -0.003982
445923.303420 3944863.741751 0.000000 -0.004355
445923.295371 3944863.886226 0.000000 -0.004390
445923.287531 3944864.028574 0.000000 -0.004136
445923.279765 3944864.171107 0.000000 -0.004120
445923.272073 3944864.313826 0.000000 -0.004105
445923.264455 3944864.456730 0.000000 -0.004089
445923.256911 3944864.599820 0.000000 -0.004074
445923.249442 3944864.743094 0.000000 -0.004058
445923.242046 3944864.886555 0.000000 -0.004043
445923.234725 3944865.030200 0.000000 -0.004028
445923.227478 3944865.174031 0.000000 -0.004012
445923.220305 3944865.318047 0.000000 -0.003997
445923.213206 3944865.462249 0.000000 -0.003982
445923.206181 3944865.606636 0.000000 -0.003967
445923.199231 3944865.751208 0.000000 -0.003952
445923.192354 3944865.895966 0.000000 -0.003937
445923.185552 3944866.040909 0.000000 -0.003923
445923.178824 3944866.186037 0.000000 -0.003908
445923.172170 3944866.331351 0.000000 -0.003893
445923.165590 3944866.476850 0.000000 -0.003879
445923.159084 3944866.622534 0.000000 -0.003864
445923.152652 3944866.768404 0.000000 -0.003850
445923.146295 3944866.914459 0.000000 -0.003836
445923.140012 3944867.060699 0.000000 -0.003821
445923.133802 3944867.207125 0.000000 -0.003807
445923.127667 3944867.353736 0.000000 -0.003793
445923.121606 3944867.500533 0.000000 -0.003779
445923.115620 3944867.647515 0.000000 -0.003765
445923.109707 3944867.794682 0.000000 -0.003751
445923.103869 3944867.942034 0.000000 -0.003737
445923.098104 3944868.089572 0.000000 -0.003723
445923.092414 3944868.237295 0.000000 -0.003709
445923.086798 3944868.385204 0.000000 -0.003696
445923.081256 3944868.533298 0.000000 -0.003682
445923.075788 3944868.681577 0.000000 -0.003669
445923.070395 3944868.830042 0.000000 -0.003655
445923.065075 3944868.978692 0.000000 -0.003642
445923.059830 3944869.127527 0.000000 -0.003628
445923.054658 3944869.276548 0.000000 -0.003615
445923.049561 3944869.425754 0.000000 -0.003602
445923.044538 3944869.575145 0.000000 -0.003589
445923.039590 3944869.724722 0.000000 -0.003575
445923.034715 3944869.874484 0.000000 -0.003562
445923.029914 3944870.024431 0.000000 -0.003549
445923.025188 3944870.174564 0.000000 -0.003536
445923.020536 3944870.324882 0.000000 -0.003524
445923.015958 3944870.475386 0.000000 -0.003511
445923.011454 3944870.626075 0.000000 -0.003498
445923.007024 3944870.776949 0.000000 -0.003485
445923.002668 3944870.928008 0.000000 -0.003473
445922.998386 3944871.079253 0.000000 -0.003460
445922.994179 3944871.230683 0.000000 -0.001963
445922.990018 3944871.382067 0.000000 -0.000476
445922.985875 3944871.533173 0.000000 -0.000479
445922.981751 3944871.684001 0.000000 -0.000481
445922.977646 3944871.834551 0.000000 -0.000484
445922.973559 3944871.984822 0.000000 -0.000487
445922.969490 3944872.134816 0.000000 -0.000490
445922.965441 3944872.284532 0.000000 -0.000492
445922.961409 3944872.433970 0.000000 -0.000495
445922.957396 3944872.583129 0.000000 -0.000498
445922.953402 3944872.732011 0.000000 -0.000501
445922.949426 3944872.880615 0.000000 -0.000503
445922.945469 3944873.028940 0.000000 -0.000506
445922.941531 3944873.176988 0.000000 -0.000509
445922.937610 3944873.324757 0.000000 -0.000512
445922.933709 3944873.472249 0.000000 -0.000515
445922.929826 3944873.619462 0.000000 -0.000518
445922.925961 3944873.766398 0.000000 -0.000521
445922.922115 3944873.913055 0.000000 -0.000524
445922.918288 3944874.059435 0.000000 -0.000527
445922.914479 3944874.205536 0.000000 -0.000530
445922.910688 3944874.351360 0.000000 -0.000533
445922.906917 3944874.496905 0.000000 -0.000536
445922.903163 3944874.642172 0.000000 -0.000539
445922.899429 3944874.787162 0.000000 -0.000542
445922.895712 3944874.931873 0.000000 -0.000545
445922.892015 3944875.076306 0.000000 -0.000548
445922.888335 3944875.220461 0.000000 -0.000551
445922.884675 3944875.364339 0.000000 -0.000555
445922.881033 3944875.507938 0.000000 -0.000558
445922.877409 3944875.651259 0.000000 -0.000561
445922.873804 3944875.794302 0.000000 -0.000564
445922.870218 3944875.937067 0.000000 -0.000568
445922.866650 3944876.079554 0.000000 -0.000571
445922.863100 3944876.221764 0.000000 -0.000575
445922.859569 3944876.363695 0.000000 -0.000578
445922.856057 3944876.505348 0.000000 -0.000581
445922.852563 3944876.646723 0.000000 -0.000585
445922.849088 3944876.787820 0.000000 -0.000588
445922.845631 3944876.928639 0.000000 -0.000592
445922.842193 3944877.069180 0.000000 -0.000595
445922.838773 3944877.209443 0.000000 -0.000599
445922.835372 3944877.349427 0.000000 -0.000602
445922.831989 3944877.489134 0.000000 -0.000606
445922.828625 3944877.628563 0.000000 -0.000610
445922.825280 3944877.767714 0.000000 -0.000613
445922.821953 3944877.906587 0.000000 -0.000617
445922.818644 3944878.045182 0.000000 -0.000621
445922.815354 3944878.183498 0.000000 -0.000624
445922.812083 3944878.321537 0.000000 -0.000628
445922.808830 3944878.459298 0.000000 -0.000907
445922.805596 3944878.597003 0.000000 -0.001181
445922.802380 3944878.734875 0.000000 -0.001177
445922.799182 3944878.872914 0.000000 -0.001172
445922.796004 3944879.011119 0.000000 -0.001168
445922.792844 3944879.149491 0.000000 -0.001164
445922.789702 3944879.288031 0.000000 -0.001160
445922.786579 3944879.426737 0.000000 -0.001156
445922.783474 3944879.565609 0.000000 -0.001151
445922.780388 3944879.704649 0.000000 -0.001147
445922.777321 3944879.843856 0.000000 -0.001143
445922.774272 3944879.983229 0.000000 -0.001139
445922.771241 3944880.122769 0.000000 -0.001135
445922.768229 3944880.262476 0.000000 -0.001131
445922.765236 3944880.402349 0.000000 -0.001127
445922.762261 3944880.542390 0.000000 -0.001123
445922.759305 3944880.682597 0.000000 -0.001119
445922.756367 3944880.822971 0.000000 -0.001115
445922.753448 3944880.963512 0.000000 -0.001111
445922.750547 3944881.104220 0.000000 -0.001107
445922.747665 3944881.245095 0.000000 -0.001103
445922.744801 3944881.386136 0.000000 -0.001099
445922.741956 3944881.527344 0.000000 -0.001095
445922.739129 3944881.668719 0.000000 -0.001092
445922.736321 3944881.810261 0.000000 -0.001088
445922.733532 3944881.951970 0.000000 -0.001084
445922.730761 3944882.093845 0.000000 -0.001080
445922.728008 3944882.235887 0.000000 -0.001076
445922.725275 3944882.378097 0.000000 -0.001073
445922.722559 3944882.520472 0.000000 -0.001069
445922.719862 3944882.663015 0.000000 -0.001065
445922.717184 3944882.805725 0.000000 -0.001061
445922.714524 3944882.948601 0.000000 -0.001058
445922.711883 3944883.091644 0.000000 -0.001054
445922.709260 3944883.234854 0.000000 -0.001050
445922.706656 3944883.378231 0.000000 -0.001047
445922.704071 3944883.521775 0.000000 -0.001043
445922.701504 3944883.665485 0.000000 -0.001039
445922.698955 3944883.809362 0.000000 -0.001036
445922.696425 3944883.953406 0.000000 -0.001032
445922.693913 3944884.097617 0.000000 -0.001029
445922.691421 3944884.241995 0.000000 -0.001025
445922.688946 3944884.386539 0.000000 -0.001022
445922.686490 3944884.531251 0.000000 -0.001018
445922.684053 3944884.676129 0.000000 -0.001015
445922.681634 3944884.821174 0.000000 -0.001011
445922.679234 3944884.966385 0.000000 -0.001008
445922.676852 3944885.111764 0.000000 -0.001004
445922.674489 3944885.257309 0.000000 -0.001001
445922.672144 3944885.403022 0.000000 -0.000997
445922.669818 3944885.548901 0.000000 -0.000827
445922.667504 3944885.695162 0.000000 -0.000655
445922.665194 3944885.842021 0.000000 -0.000647
445922.662888 3944885.989478 0.000000 -0.000639
445922.660588 3944886.137532 0.000000 -0.000631
445922.658292 3944886.286184 0.000000 -0.000624
445922.656000 3944886.435434 0.000000 -0.000616
445922.653714 3944886.585282 0.000000 -0.000609
445922.651431 3944886.735728 0.000000 -0.000602
445922.649154 3944886.886771 0.000000 -0.000594
445922.646881 3944887.038412 0.000000 -0.000587
445922.644613 3944887.190651 0.000000 -0.000581
445922.642349 3944887.343487 0.000000 -0.000574
445922.640090 3944887.496922 0.000000 -0.000567
445922.637836 3944887.650954 0.000000 -0.000561
445922.635586 3944887.805584 0.000000 -0.000554
445922.633341 3944887.960811 0.000000 -0.000548
445922.631101 3944888.116636 0.000000 -0.000542
445922.628865 3944888.273060 0.000000 -0.000535
445922.626634 3944888.430080 0.000000 -0.000529
445922.624408 3944888.587699 0.000000 -0.000523
445922.622186 3944888.745915 0.000000 -0.000517
445922.619968 3944888.904729 0.000000 -0.000512
445922.617756 3944889.064141 0.000000 -0.000506
445922.615548 3944889.224151 0.000000 -0.000500
445922.613345 3944889.384758 0.000000 -0.000495
445922.611146 3944889.545963 0.000000 -0.000489
445922.608952 3944889.707766 0.000000 -0.000484
445922.606762 3944889.870166 0.000000 -0.000479
445922.604578 3944890.033165 0.000000 -0.000473
445922.602397 3944890.196761 0.000000 -0.000468
445922.600222 3944890.360954 0.000000 -0.000463
445922.598051 3944890.525746 0.000000 -0.000458
445922.595885 3944890.691135 0.000000 -0.000453
445922.593723 3944890.857122 0.000000 -0.000448
445922.591566 3944891.023707 0.000000 -0.000443
445922.589414 3944891.190890 0.000000 -0.000439
445922.587266 3944891.358670 0.000000 -0.000434
445922.585123 3944891.527048 0.000000 -0.000429
445922.582984 3944891.696024 0.000000 -0.000425
445922.580851 3944891.865598 0.000000 -0.000420
445922.578721 3944892.035769 0.000000 -0.000416
445922.576597 3944892.206538 0.000000 -0.000412
445922.574477 3944892.377905 0.000000 -0.000407
445922.572362 3944892.549869 0.000000 -0.000403
445922.570251 3944892.722432 0.000000 -0.000399
445922.568145 3944892.895592 0.000000 -0.000395
445922.566043 3944893.069350 0.000000 -0.000391
445922.563947 3944893.243705 0.000000 -0.000387
445922.561855 3944893.418658 0.000000 -0.000383
445922.559767 3944893.594209 0.000000 -0.000190
445922.557682 3944893.770059 0.000000 0.000000
445922.555597 3944893.945909 0.000000 -0.000000
445922.553512 3944894.121759 0.000000 0.000000
445922.551426 3944894.297609 0.000000 -0.000000
445922.549341 3944894.473459 0.000000 -0.000000
445922.547256 3944894.649309 0.000000 -0.000000
445922.545171 3944894.825159 0.000000 0.000000
445922.543086 3944895.001009 0.000000 0.000000
445922.541000 3944895.176859 0.000000 -0.000000
445922.538915 3944895.352709 0.000000 -0.000000
445922.536830 3944895.528559 0.000000 -0.000000
445922.534745 3944895.704409 0.000000 0.000000
445922.532660 3944895.880259 0.000000 0.000000
445922.530575 3944896.056109 0.000000 -0.000000
445922.528489 3944896.231959 0.000000 -0.000000
445922.526404 3944896.407809 0.000000 0.000000
445922.524319 3944896.583659 0.000000 -0.000000
445922.522234 3944896.759509 0.000000 -0.000000
445922.520149 3944896.935359 0.000000 0.000000
445922.518064 3944897.111208 0.000000 -0.000000
445922.515978 3944897.287058 0.000000 0.000000
445922.513893 3944897.462908 0.000000 -0.000000
445922.511808 3944897.638758 0.000000 0.000000
445922.509723 3944897.814608 0.000000 0.000000
445922.507638 3944897.990458 0.000000 -0.000000
445922.505552 3944898.166308 0.000000 0.000000
445922.503467 3944898.342158 0.000000 0.000000
445922.501382 3944898.518008 0.000000 0.000000
445922.499297 3944898.693858 0.000000 -0.000000
445922.497212 3944898.869708 0.000000 0.000000
445922.495127 3944899.045558 0.000000 -0.000000
445922.493041 3944899.221408 0.000000 -0.000000
445922.490956 3944899.397258 0.000000 0.000000
445922.488871 3944899.573108 0.000000 0.000000
445922.486786 3944899.748958 0.000000 0.000000
445922.484701 3944899.924808 0.000000 -0.000000
445922.482615 3944900.100658 0.000000 0.000000
445922.480530 3944900.276508 0.000000 0.000000
445922.478445 3944900.452358 0.000000 0.000000
445922.476360 3944900.628207 0.000000 -0.000000
445922.474275 3944900.804057 0.000000 -0.000000
445922.472190 3944900.979907 0.000000 -0.000000
445922.470104 3944901.155757 0.000000 -0.000000
445922.468019 3944901.331607 0.000000 0.000000
445922.465934 3944901.507457 0.000000 -0.000000
445922.463849 3944901.683307 0.000000 0.000000
445922.461764 3944901.859157 0.000000 0.000000
445922.459679 3944902.035007 0.000000 -0.000000
445922.457593 3944902.210857 0.000000 0.000000
445922.455508 3944902.386707 0.000000 0.000433
445922.453409 3944902.562599 0.000000 0.000866
445922.451282 3944902.738574 0.000000 0.000864
445922.449128 3944902.914632 0.000000 0.000863
445922.446945 3944903.090774 0.000000 0.000862
445922.444735 3944903.266999 0.000000 0.000861
445922.442497 3944903.443308 0.000000 0.000860
445922.440231 3944903.619700 0.000000 0.000858
445922.437937 3944903.796176 0.000000 0.000857
445922.435616 3944903.972735 0.000000 0.000856
445922.433266 3944904.149377 0.000000 0.000855
445922.430889 3944904.326103 0.000000 0.000853
445922.428484 3944904.502912 0.000000 0.000852
445922.426052 3944904.679804 0.000000 0.000851
445922.423591 3944904.856780 0.000000 0.000850
445922.421103 3944905.033840 0.000000 0.000849
445922.418587 3944905.210982 0.000000 0.000847
445922.416043 3944905.388208 0.000000 0.000846
445922.413471 3944905.565518 0.000000 0.000845
445922.410871 3944905.742911 0.000000 0.000844
445922.408244 3944905.920387 0.000000 0.000843
445922.405589 3944906.097947 0.000000 0.000841
445922.402906 3944906.275590 0.000000 0.000840
445922.400195 3944906.453317 0.000000 0.000839
445922.397457 3944906.631127 0.000000 0.000838
445922.394691 3944906.809020 0.000000 0.000837
445922.391896 3944906.986997 0.000000 0.000835
445922.389074 3944907.165058 0.000000 0.000834
445922.386225 3944907.343201 0.000000 0.000833
445922.383347 3944907.521428 0.000000 0.000832
445922.380442 3944907.699739 0.000000 0.000831
445922.377509 3944907.878133 0.000000 0.000830
445922.374548 3944908.056610 0.000000 0.000828
445922.371559 3944908.235170 0.000000 0.000827
445922.368542 3944908.413815 0.000000 0.000826
445922.365498 3944908.592542 0.000000 0.000825
445922.362426 3944908.771353 0.000000 0.000824
445922.359326 3944908.950247 0.000000 0.000823
445922.356198 3944909.129225 0.000000 0.000821
445922.353043 3944909.308286 0.000000 0.000820
445922.349859 3944909.487431 0.000000 0.000819
445922.346648 3944909.666659 0.000000 0.000818
445922.343409 3944909.845970 0.000000 0.000817
445922.340142 3944910.025365 0.000000 0.000816
445922.336848 3944910.204843 0.000000 0.000815
445922.333525 3944910.384404 0.000000 0.000813
445922.330175 3944910.564049 0.000000 0.000812
445922.326797 3944910.743778 0.000000 0.000811
445922.323391 3944910.923590 0.000000 0.000810
445922.319958 3944911.103485 0.000000 0.000809
445922.316496 3944911.283463 0.000000 0.000404
445922.313021 3944911.463484 0.000000 0.000000
445922.309546 3944911.643504 0.000000 -0.000000
445922.306070 3944911.823524 0.000000 0.000000
445922.302595 3944912.003545 0.000000 -0.000000
445922.299120 3944912.183565 0.000000 0.000000
445922.295645 3944912.363585 0.000000 -0.000000
445922.292169 3944912.543605 0.000000 0.000000
445922.288694 3944912.723626 0.000000 -0.000000
445922.285219 3944912.903646 0.000000 0.000000
445922.281743 3944913.083666 0.000000 -0.000000
445922.278268 3944913.263687 0.000000 0.000000
445922.274793 3944913.443707 0.000000 -0.000000
445922.271318 3944913.623727 0.000000 0.000000
445922.267842 3944913.803748 0.000000 0.000000
445922.264367 3944913.983768 0.000000 -0.000000
445922.260892 3944914.163788 0.000000 0.000000
445922.257416 3944914.343809 0.000000 0.000000
445922.253941 3944914.523829 0.000000 0.000000
445922.250466 3944914.703849 0.000000 0.000000
445922.246990 3944914.883869 0.000000 0.000000
445922.243515 3944915.063890 0.000000 -0.000000
445922.240040 3944915.243910 0.000000 0.000000
445922.236565 3944915.423930 0.000000 -0.000000
445922.233089 3944915.603951 0.000000 -0.000000
445922.229614 3944915.783971 0.000000 0.000000
445922.226139 3944915.963991 0.000000 0.000000
445922.222663 3944916.144012 0.000000 -0.000000
445922.219188 3944916.324032 0.000000 0.000000
445922.215713 3944916.504052 0.000000 -0.000000
445922.212238 3944916.684072 0.000000 0.000000
445922.208762 3944916.864093 0.000000 0.000000
445922.205287 3944917.044113 0.000000 -0.000000
445922.201812 3944917.224133 0.000000 0.000000
445922.198336 3944917.404154 0.000000 0.000000
445922.194861 3944917.584174 0.000000 -0.000000
445922.191386 3944917.764194 0.000000 0.000000
445922.187910 3944917.944215 0.000000 0.000000
445922.184435 3944918.124235 0.000000 0.000000
445922.180960 3944918.304255 0.000000 0.000000
445922.177485 3944918.484276 0.000000 -0.000000
445922.174009 3944918.664296 0.000000 -0.000000
445922.170534 3944918.844316 0.000000 -0.000000
445922.167059 3944919.024336 0.000000 0.000000
445922.163583 3944919.204357 0.000000 -0.000000
445922.160108 3944919.384377 0.000000 0.000000
445922.156633 3944919.564397 0.000000 -0.000000
445922.153157 3944919.744418 0.000000 -0.000000
445922.149682 3944919.924438 0.000000 -0.000000
445922.146207 3944920.104458 0.000000 -0.000000
445922.142732 3944920.284479 0.000000 -0.000766
445922.139279 3944920.464587 0.000000 -0.001529
445922.135874 3944920.644871 0.000000 -0.001525
445922.132514 3944920.825332 0.000000 -0.001521
445922.129201 3944921.005968 0.000000 -0.001516
445922.125934 3944921.186781 0.000000 -0.001512
445922.122714 3944921.367770 0.000000 -0.001507
445922.119540 3944921.548935 0.000000 -0.001503
445922.116412 3944921.730276 0.000000 -0.001499
445922.113331 3944921.911793 0.000000 -0.001494
445922.110296 3944922.093486 0.000000 -0.001490
445922.107307 3944922.275355 0.000000 -0.001486
445922.104364 3944922.457400 0.000000 -0.001481
445922.101468 3944922.639621 0.000000 -0.001477
445922.098619 3944922.822019 0.000000 -0.001473
445922.095815 3944923.004592 0.000000 -0.001469
445922.093058 3944923.187342 0.000000 -0.001464
445922.090347 3944923.370268 0.000000 -0.001460
445922.087683 3944923.553369 0.000000 -0.001456
445922.085065 3944923.736647 0.000000 -0.001452
445922.082493 3944923.920101 0.000000 -0.001448
445922.079968 3944924.103731 0.000000 -0.001444
445922.077489 3944924.287537 0.000000 -0.001439
445922.075056 3944924.471519 0.000000 -0.001435
445922.072670 3944924.655677 0.000000 -0.001431
445922.070330 3944924.840012 0.000000 -0.001427
445922.068036 3944925.024522 0.000000 -0.001423
445922.065789 3944925.209209 0.000000 -0.001419
445922.063588 3944925.394071 0.000000 -0.001415
445922.061433 3944925.579110 0.000000 -0.001411
445922.059325 3944925.764324 0.000000 -0.001407
445922.057262 3944925.949715 0.000000 -0.001403
445922.055247 3944926.135282 0.000000 -0.001399
445922.053277 3944926.321025 0.000000 -0.001395
445922.051354 3944926.506944 0.000000 -0.001391
445922.049478 3944926.693039 0.000000 -0.001387
445922.047648 3944926.879310 0.000000 -0.001383
445922.045864 3944927.065758 0.000000 -0.001379
445922.044126 3944927.252381 0.000000 -0.001375
445922.042435 3944927.439181 0.000000 -0.001371
445922.040790 3944927.626156 0.000000 -0.001368
445922.039191 3944927.813308 0.000000 -0.001364
445922.037639 3944928.000635 0.000000 -0.001360
445922.036133 3944928.188139 0.000000 -0.001356
445922.034673 3944928.375819 0.000000 -0.001352
445922.033260 3944928.563675 0.000000 -0.001349
445922.031893 3944928.751707 0.000000 -0.001345
445922.030572 3944928.939915 0.000000 -0.001341
445922.029298 3944929.128299 0.000000 -0.001337
445922.028070 3944929.316859 0.000000 -0.001334
445922.026888 3944929.505596 0.000000 -0.000665
445922.025730 3944929.694420 0.000000 0.000000
445922.024572 3944929.883245 0.000000 0.000000
445922.023413 3944930.072069 0.000000 -0.000000
445922.022255 3944930.260893 0.000000 -0.000000
445922.021096 3944930.449718 0.000000 0.000000
445922.019938 3944930.638542 0.000000 -0.000000
445922.018779 3944930.827367 0.000000 0.000000
445922.017621 3944931.016191 0.000000 0.000000
445922.016463 3944931.205015 0.000000 -0.000000
445922.015304 3944931.393840 0.000000 0.000000
445922.014146 3944931.582664 0.000000 -0.000000
445922.012987 3944931.771488 0.000000 0.000000
445922.011829 3944931.960313 0.000000 0.000000
445922.010670 3944932.149137 0.000000 -0.000000
445922.009512 3944932.337962 0.000000 0.000000
445922.008354 3944932.526786 0.000000 -0.000000
445922.007195 3944932.715610 0.000000 0.000000
445922.006037 3944932.904435 0.000000 -0.000000
445922.004878 3944933.093259 0.000000 -0.000000
445922.003720 3944933.282084 0.000000 0.000000
445922.002561 3944933.470908 0.000000 -0.000000
445922.001403 3944933.659732 0.000000 0.000000
445922.000244 3944933.848557 0.000000 0.000000
445921.999086 3944934.037381 0.000000 -0.000000
445921.997928 3944934.226205 0.000000 0.000000
445921.996769 3944934.415030 0.000000 0.000000
445921.995611 3944934.603854 0.000000 -0.000000
445921.994452 3944934.792679 0.000000 -0.000000
445921.993294 3944934.981503 0.000000 0.000000
445921.992135 3944935.170327 0.000000 -0.000000
445921.990977 3944935.359152 0.000000 -0.000000
445921.989819 3944935.547976 0.000000 0.000000
445921.988660 3944935.736801 0.000000 -0.000000
445921.987502 3944935.925625 0.000000 0.000000
445921.986343 3944936.114449 0.000000 -0.000000
445921.985185 3944936.303274 0.000000 -0.000000
445921.984026 3944936.492098 0.000000 0.000000
445921.982868 3944936.680923 0.000000 0.000000
445921.981710 3944936.869747 0.000000 -0.000000
445921.980551 3944937.058571 0.000000 0.000000
445921.979393 3944937.247396 0.000000 0.000000
445921.978234 3944937.436220 0.000000 -0.000000
445921.977076 3944937.625044 0.000000 0.000000
445921.975917 3944937.813869 0.000000 -0.000000
445921.974759 3944938.002693 0.000000 0.000000
445921.973601 3944938.191518 0.000000 -0.000000
445921.972442 3944938.380342 0.000000 0.000000
445921.971284 3944938.569166 0.000000 0.000000
445921.970125 3944938.757991 0.000000 -0.000000
445921.968967 3944938.946815 0.000000 0.000644
445921.967785 3944939.135672 0.000000 0.001287
445921.966557 3944939.324594 0.000000 0.001286
445921.965283 3944939.513580 0.000000 0.001284
445921.963962 3944939.702632 0.000000 0.001283
445921.962595 3944939.891748 0.000000 0.001282
445921.961182 3944940.080929 0.000000 0.001280
445921.959723 3944940.270175 0.000000 0.001279
445921.958217 3944940.459486 0.000000 0.001278
445921.956664 3944940.648862 0.000000 0.001276
445921.955066 3944940.838303 0.000000 0.001275
445921.953421 3944941.027808 0.000000 0.001274
445921.951729 3944941.217379 0.000000 0.001272
445921.949992 3944941.407014 0.000000 0.001271
445921.948208 3944941.596714 0.000000 0.001270
445921.946377 3944941.786479 0.000000 0.001269
445921.944501 3944941.976309 0.000000 0.001267
445921.942578 3944942.166204 0.000000 0.001266
445921.940608 3944942.356163 0.000000 0.001265
445921.938593 3944942.546188 0.000000 0.001263
445921.936531 3944942.736277 0.000000 0.001262
445921.934422 3944942.926432 0.000000 0.001261
445921.932268 3944943.116651 0.000000 0.001259
445921.930067 3944943.306935 0.000000 0.001258
445921.927819 3944943.497284 0.000000 0.001257
445921.925526 3944943.687697 0.000000 0.001256
445921.923186 3944943.878176 0.000000 0.001254
445921.920799 3944944.068719 0.000000 0.001253
445921.918367 3944944.259328 0.000000 0.001252
445921.915887 3944944.450001 0.000000 0.001250
445921.913362 3944944.640739 0.000000 0.001249
445921.910790 3944944.831542 0.000000 0.001248
445921.908172 3944945.022410 0.000000 0.001247
445921.905508 3944945.213343 0.000000 0.001245
445921.902797 3944945.404340 0.000000 0.001244
445921.900040 3944945.595403 0.000000 0.001243
445921.897237 3944945.786530 0.000000 0.001241
445921.894387 3944945.977722 0.000000 0.001240
445921.891491 3944946.168980 0.000000 0.001239
445921.888548 3944946.360301 0.000000 0.001238
445921.885560 3944946.551688 0.000000 0.001236
445921.882525 3944946.743140 0.000000 0.001235
445921.879443 3944946.934657 0.000000 0.001234
445921.876315 3944947.126238 0.000000 0.001233
445921.873141 3944947.317884 0.000000 0.001231
445921.869921 3944947.509596 0.000000 0.001230
445921.866654 3944947.701372 0.000000 0.001229
445921.863341 3944947.893213 0.000000 0.001227
445921.859982 3944948.085118 0.000000 0.001226
445921.856576 3944948.277089 0.000000 0.001225
445921.853124 3944948.469125 0.000000 0.000612
445921.849648 3944948.661193 0.000000 -0.000000
445921.846173 3944948.853261 0.000000 -0.000000
445921.842698 3944949.045329 0.000000 0.000000
445921.839222 3944949.237397 0.000000 -0.000000
445921.835747 3944949.429465 0.000000 0.000000
445921.832272 3944949.621533 0.000000 -0.000000
445921.828797 3944949.813601 0.000000 0.000000
445921.825321 3944950.005669 0.000000 -0.000000
445921.821846 3944950.197737 0.000000 0.000000
445921.818371 3944950.389805 0.000000 -0.000000
445921.814895 3944950.581873 0.000000 0.000000
445921.811420 3944950.773941 0.000000 -0.000000
445921.807945 3944950.966009 0.000000 -0.000000
445921.804470 3944951.158077 0.000000 0.000000
445921.800994 3944951.350145 0.000000 0.000000
445921.797519 3944951.542213 0.000000 -0.000000
445921.794044 3944951.734281 0.000000 0.000000
445921.790568 3944951.926349 0.000000 -0.000000
445921.787093 3944952.118417 0.000000 0.000000
445921.783618 3944952.310485 0.000000 -0.000000
445921.780142 3944952.502553 0.000000 -0.000000
445921.776667 3944952.694621 0.000000 0.000000
445921.773192 3944952.886689 0.000000 -0.000000
445921.769717 3944953.078757 0.000000 0.000000
445921.766241 3944953.270825 0.000000 0.000000
445921.762766 3944953.462893 0.000000 0.000000
445921.759291 3944953.654961 0.000000 -0.000000
445921.755815 3944953.847029 0.000000 0.000000
445921.752340 3944954.039097 0.000000 0.000000
445921.748865 3944954.231165 0.000000 -0.000000
445921.745389 3944954.423233 0.000000 0.000000
445921.741914 3944954.615301 0.000000 0.000000
445921.738439 3944954.807369 0.000000 0.000000
445921.734964 3944954.999437 0.000000 -0.000000
445921.731488 3944955.191505 0.000000 0.000000
445921.728013 3944955.383573 0.000000 -0.000000
445921.724538 3944955.575640 0.000000 -0.000000
445921.721062 3944955.767708 0.000000 -0.000000
445921.717587 3944955.959776 0.000000 0.000000
445921.714112 3944956.151844 0.000000 -0.000000
445921.710637 3944956.343912 0.000000 0.000000
445921.707161 3944956.535980 0.000000 -0.000000
445921.703686 3944956.728048 0.000000 -0.000000
445921.700211 3944956.920116 0.000000 0.000000
445921.696735 3944957.112184 0.000000 0.000000
445921.693260 3944957.304252 0.000000 0.000000
445921.689785 3944957.496320 0.000000 -0.000000
445921.686309 3944957.688388 0.000000 0.000000
445921.682834 3944957.880456 0.000000 -0.000000
445921.679359 3944958.072524 0.000000 -0.000260
445921.675893 3944958.264611 0.000000 -0.000520
445921.672445 3944958.456735 0.000000 -0.000520
445921.669016 3944958.648895 0.000000 -0.000519
445921.665606 3944958.841093 0.000000 -0.000519
445921.662214 3944959.033328 0.000000 -0.000519
445921.658841 3944959.225600 0.000000 -0.000519
445921.655486 3944959.417909 0.000000 -0.000518
445921.652150 3944959.610255 0.000000 -0.000518
445921.648832 3944959.802638 0.000000 -0.000518
445921.645533 3944959.995058 0.000000 -0.000517
445921.642252 3944960.187515 0.000000 -0.000517
445921.638990 3944960.380009 0.000000 -0.000517
445921.635746 3944960.572541 0.000000 -0.000516
445921.632521 3944960.765109 0.000000 -0.000516
445921.629315 3944960.957715 0.000000 -0.000516
445921.626127 3944961.150357 0.000000 -0.000516
445921.622957 3944961.343037 0.000000 -0.000515
445921.619806 3944961.535754 0.000000 -0.000515
445921.616674 3944961.728507 0.000000 -0.000515
445921.613560 3944961.921298 0.000000 -0.000514
445921.610465 3944962.114126 0.000000 -0.000514
445921.607388 3944962.306991 0.000000 -0.000514
445921.604330 3944962.499893 0.000000 -0.000514
445921.601290 3944962.692832 0.000000 -0.000513
445921.598269 3944962.885809 0.000000 -0.000513
445921.595266 3944963.078822 0.000000 -0.000513
445921.592282 3944963.271872 0.000000 -0.000512
445921.589316 3944963.464960 0.000000 -0.000512
445921.586369 3944963.658084 0.000000 -0.000512
445921.583441 3944963.851246 0.000000 -0.000512
445921.580531 3944964.044444 0.000000 -0.000511
445921.577639 3944964.237680 0.000000 -0.000511
445921.574766 3944964.430953 0.000000 -0.000511
445921.571912 3944964.624263 0.000000 -0.000510
445921.569076 3944964.817610 0.000000 -0.000510
445921.566259 3944965.010994 0.000000 -0.000510
445921.563460 3944965.204415 0.000000 -0.000509
445921.560680 3944965.397873 0.000000 -0.000509
445921.557918 3944965.591368 0.000000 -0.000509
445921.555175 3944965.784900 0.000000 -0.000509
445921.552450 3944965.978469 0.000000 -0.000508
445921.549744 3944966.172076 0.000000 -0.000508
445921.547057 3944966.365719 0.000000 -0.000508
445921.544388 3944966.559400 0.000000 -0.000507
445921.541737 3944966.753117 0.000000 -0.000507
445921.539105 3944966.946872 0.000000 -0.000507
445921.536492 3944967.140664 0.000000 -0.000507
445921.533897 3944967.334493 0.000000 -0.000506
445921.531321 3944967.528359 0.000000 -0.000506
445921.528763 3944967.722261 0.000000 -0.000253
445921.526214 3944967.916183 0.000000 -0.000000
445921.523666 3944968.110104 0.000000 0.000000
445921.521117 3944968.304026 0.000000 -0.000000
445921.518569 3944968.497947 0.000000 0.000000
445921.516020 3944968.691869 0.000000 -0.000000
445921.513471 3944968.885790 0.000000 -0.000000
445921.510923 3944969.079712 0.000000 0.000000
445921.508374 3944969.273633 0.000000 -0.000000
445921.505826 3944969.467555 0.000000 0.000000
445921.503277 3944969.661476 0.000000 -0.000000
445921.500729 3944969.855398 0.000000 0.000000
445921.498180 3944970.049319 0.000000 -0.000000
445921.495632 3944970.243241 0.000000 -0.000000
445921.493083 3944970.437162 0.000000 0.000000
445921.490534 3944970.631084 0.000000 -0.000000
445921.487986 3944970.825005 0.000000 0.000000
445921.485437 3944971.018927 0.000000 -0.000000
445921.482889 3944971.212848 0.000000 -0.000000
445921.480340 3944971.406770 0.000000 0.000000
445921.477792 3944971.600691 0.000000 -0.000000
445921.475243 3944971.794613 0.000000 -0.000000
445921.472695 3944971.988534 0.000000 0.000000
445921.470146 3944972.182456 0.000000 -0.000000
445921.467598 3944972.376377 0.000000 -0.000000
445921.465049 3944972.570299 0.000000 -0.000000
445921.462500 3944972.764220 0.000000 0.000000
445921.459952 3944972.958142 0.000000 0.000000
445921.457403 3944973.152063 0.000000 0.000000
445921.454855 3944973.345985 0.000000 0.000000
445921.452306 3944973.539906 0.000000 0.000000
445921.449758 3944973.733828 0.000000 -0.000000
445921.447209 3944973.927749 0.000000 -0.000000
445921.444661 3944974.121671 0.000000 0.000000
445921.442112 3944974.315592 0.000000 -0.000000
445921.439563 3944974.509513 0.000000 -0.000000
445921.437015 3944974.703435 0.000000 0.000000
445921.434466 3944974.897356 0.000000 0.000000
445921.431918 3944975.091278 0.000000 -0.000000
445921.429369 3944975.285199 0.000000 0.000000
445921.426821 3944975.479121 0.000000 -0.000000
445921.424272 3944975.673042 0.000000 0.000000
445921.421724 3944975.866964 0.000000 -0.000000
445921.419175 3944976.060885 0.000000 0.000000
445921.416627 3944976.254807 0.000000 0.000000
445921.414078 3944976.448728 0.000000 -0.000000
445921.411529 3944976.642650 0.000000 -0.000000
445921.408981 3944976.836571 0.000000 0.000000
445921.406432 3944977.030493 0.000000 0.000000
445921.403884 3944977.224414 0.000000 -0.000000
445921.401335 3944977.418336 0.000000 0.002067
445921.398697 3944977.613135 0.000000 0.004051
445921.395879 3944977.809690 0.000000 0.003944
445921.392881 3944978.008001 0.000000 0.003840
445921.389704 3944978.208067 0.000000 0.003741
445921.386347 3944978.409890 0.000000 0.003644
445921.382810 3944978.613468 0.000000 0.003551
445921.379094 3944978.818801 0.000000 0.003461
445921.375198 3944979.025891 0.000000 0.003374
445921.371123 3944979.234736 0.000000 0.003290
445921.366868 3944979.445336 0.000000 0.003208
445921.362433 3944979.657693 0.000000 0.003129
445921.357819 3944979.871805 0.000000 0.003053
445921.353024 3944980.087673 0.000000 0.002980
445921.348051 3944980.305297 0.000000 0.002908
445921.342897 3944980.524676 0.000000 0.002839
445921.337564 3944980.745811 0.000000 0.002772
445921.332052 3944980.968702 0.000000 0.002707
445921.326360 3944981.193348 0.000000 0.002644
445921.320488 3944981.419750 0.000000 0.002583
445921.314436 3944981.647908 0.000000 0.002524
445921.308205 3944981.877822 0.000000 0.002467
445921.301794 3944982.109491 0.000000 0.002412
445921.295204 3944982.342916 0.000000 0.002358
445921.288434 3944982.578097 0.000000 0.002305
445921.281484 3944982.815033 0.000000 0.002254
445921.274355 3944983.053726 0.000000 0.002205
445921.267046 3944983.294173 0.000000 0.002157
445921.259557 3944983.536377 0.000000 0.002111
445921.251889 3944983.780336 0.000000 0.002066
445921.244041 3944984.026051 0.000000 0.002022
445921.236013 3944984.273522 0.000000 0.001979
445921.227806 3944984.522749 0.000000 0.001938
445921.219419 3944984.773731 0.000000 0.001897
445921.210853 3944985.026469 0.000000 0.001858
445921.202106 3944985.280962 0.000000 0.001820
445921.193181 3944985.537212 0.000000 0.001783
445921.184075 3944985.795217 0.000000 0.001747
445921.174790 3944986.054977 0.000000 0.001711
445921.165325 3944986.316494 0.000000 0.001677
445921.155681 3944986.579766 0.000000 0.001644
445921.145857 3944986.844794 0.000000 0.001612
445921.135854 3944987.111577 0.000000 0.001580
445921.125670 3944987.380117 0.000000 0.001549
445921.115307 3944987.650412 0.000000 0.001519
445921.104765 3944987.922462 0.000000 0.001490
445921.094043 3944988.196269 0.000000 0.001462
445921.083141 3944988.471831 0.000000 0.001434
445921.072059 3944988.749149 0.000000 0.001407
445921.060798 3944989.028223 0.000000 0.001380
