445845.317870 3945163.901764 0.000000 0.000044
445844.859099 3945164.410367 0.000000 0.000044
445844.403969 3945164.914901 0.000000 0.000045
445843.952482 3945165.415366 0.000000 0.000047
445843.504637 3945165.911764 0.000000 0.000048
445843.060434 3945166.404093 0.000000 0.000049
445842.619873 3945166.892353 0.000000 0.000050
445842.182955 3945167.376545 0.000000 0.000051
445841.749678 3945167.856669 0.000000 0.000053
445841.320043 3945168.332724 0.000000 0.000054
445840.894051 3945168.804711 0.000000 0.000056
445840.471700 3945169.272629 0.000000 0.000057
445840.052992 3945169.736479 0.000000 0.000058
445839.637926 3945170.196261 0.000000 0.000060
445839.226502 3945170.651974 0.000000 0.000062
445838.818720 3945171.103619 0.000000 0.000063
445838.414580 3945171.551195 0.000000 0.000065
445838.014083 3945171.994703 0.000000 0.000067
445837.617227 3945172.434143 0.000000 0.000069
445837.224014 3945172.869514 0.000000 0.000071
445836.834442 3945173.300816 0.000000 0.000073
445836.448513 3945173.728051 0.000000 0.000075
445836.066226 3945174.151217 0.000000 0.000077
445835.687581 3945174.570314 0.000000 0.000079
445835.312578 3945174.985343 0.000000 0.000082
445834.941217 3945175.396304 0.000000 0.000084
445834.573499 3945175.803196 0.000000 0.000087
445834.209422 3945176.206020 0.000000 0.000089
445833.848988 3945176.604775 0.000000 0.000092
445833.492195 3945176.999462 0.000000 0.000095
445833.139045 3945177.390081 0.000000 0.000098
445832.789537 3945177.776631 0.000000 0.000101
445832.443671 3945178.159113 0.000000 0.000104
445832.101447 3945178.537526 0.000000 0.000108
445831.762865 3945178.911871 0.000000 0.000111
445831.427925 3945179.282147 0.000000 0.000115
445831.096628 3945179.648356 0.000000 0.000119
445830.768972 3945180.010495 0.000000 0.000123
445830.444959 3945180.368566 0.000000 0.000127
445830.124588 3945180.722569 0.000000 0.000132
445829.807858 3945181.072504 0.000000 0.000136
445829.494771 3945181.418370 0.000000 0.000141
445829.185326 3945181.760167 0.000000 0.000146
445828.879524 3945182.097897 0.000000 0.000152
445828.577363 3945182.431557 0.000000 0.000157
445828.278844 3945182.761150 0.000000 0.000163
445827.983968 3945183.086674 0.000000 0.000169
445827.692733 3945183.408129 0.000000 0.000176
445827.405141 3945183.725517 0.000000 0.000183
445827.121191 3945184.038835 0.000000 0.000190
445826.840883 3945184.348086 0.000000 0.000026
445826.562396 3945184.655320 0.000000 -0.000145
445826.283909 3945184.962592 0.000000 -0.000145
445826.005422 3945185.269901 0.000000 -0.000145
445825.726935 3945185.577247 0.000000 -0.000145
445825.448448 3945185.884630 0.000000 -0.000145
445825.169961 3945186.192050 0.000000 -0.000145
445824.891474 3945186.499507 0.000000 -0.000145
445824.612987 3945186.807001 0.000000 -0.000145
445824.334500 3945187.114532 0.000000 -0.000145
445824.056013 3945187.422100 0.000000 -0.000145
445823.777526 3945187.729706 0.000000 -0.000144
445823.499039 3945188.037348 0.000000 -0.000144
445823.220552 3945188.345028 0.000000 -0.000144
445822.942065 3945188.652744 0.000000 -0.000144
445822.663578 3945188.960498 0.000000 -0.000144
445822.385091 3945189.268288 0.000000 -0.000144
445822.106604 3945189.576116 0.000000 -0.000144
445821.828117 3945189.883981 0.000000 -0.000144
445821.549630 3945190.191883 0.000000 -0.000144
445821.271143 3945190.499822 0.000000 -0.000144
445820.992656 3945190.807798 0.000000 -0.000144
445820.714169 3945191.115811 0.000000 -0.000144
445820.435682 3945191.423861 0.000000 -0.000144
445820.157195 3945191.731949 0.000000 -0.000144
445819.878708 3945192.040073 0.000000 -0.000144
445819.600221 3945192.348234 0.000000 -0.000144
445819.321734 3945192.656433 0.000000 -0.000144
445819.043247 3945192.964668 0.000000 -0.000144
445818.764760 3945193.272941 0.000000 -0.000144
445818.486273 3945193.581251 0.000000 -0.000144
445818.207786 3945193.889597 0.000000 -0.000144
445817.929298 3945194.197981 0.000000 -0.000144
445817.650811 3945194.506402 0.000000 -0.000144
445817.372324 3945194.814860 0.000000 -0.000144
445817.093837 3945195.123355 0.000000 -0.000144
445816.815350 3945195.431887 0.000000 -0.000144
445816.536863 3945195.740456 0.000000 -0.000144
445816.258376 3945196.049062 0.000000 -0.000144
445815.979889 3945196.357706 0.000000 -0.000144
445815.701402 3945196.666386 0.000000 -0.000144
445815.422915 3945196.975104 0.000000 -0.000144
445815.144428 3945197.283858 0.000000 -0.000144
445814.865941 3945197.592650 0.000000 -0.000144
445814.587454 3945197.901478 0.000000 -0.000144
445814.308967 3945198.210344 0.000000 -0.000144
445814.030480 3945198.519247 0.000000 -0.000143
445813.751993 3945198.828187 0.000000 -0.000143
445813.473506 3945199.137164 0.000000 -0.000143
445813.195019 3945199.446178 0.000000 -0.000143
445812.916532 3945199.755229 0.000000 -0.000024
445812.637934 3945200.064410 0.000000 0.000094
445812.359113 3945200.373813 0.000000 0.000094
445812.080070 3945200.683438 0.000000 0.000094
445811.800805 3945200.993287 0.000000 0.000094
445811.521317 3945201.303357 0.000000 0.000093
445811.241607 3945201.613650 0.000000 0.000093
445810.961674 3945201.924165 0.000000 0.000093
445810.681519 3945202.234903 0.000000 0.000093
445810.401141 3945202.545863 0.000000 0.000093
445810.120541 3945202.857046 0.000000 0.000092
445809.839719 3945203.168451 0.000000 0.000092
445809.558674 3945203.480078 0.000000 0.000092
445809.277407 3945203.791928 0.000000 0.000092
445808.995917 3945204.104000 0.000000 0.000092
445808.714205 3945204.416295 0.000000 0.000091
445808.432271 3945204.728812 0.000000 0.000091
445808.150114 3945205.041552 0.000000 0.000091
445807.867734 3945205.354514 0.000000 0.000091
445807.585133 3945205.667698 0.000000 0.000091
445807.302308 3945205.981105 0.000000 0.000090
445807.019262 3945206.294734 0.000000 0.000090
445806.735993 3945206.608586 0.000000 0.000090
445806.452501 3945206.922660 0.000000 0.000090
445806.168787 3945207.236956 0.000000 0.000090
445805.884851 3945207.551475 0.000000 0.000089
445805.600693 3945207.866216 0.000000 0.000089
445805.316311 3945208.181180 0.000000 0.000089
445805.031708 3945208.496366 0.000000 0.000089
445804.746882 3945208.811775 0.000000 0.000089
445804.461834 3945209.127406 0.000000 0.000088
445804.176563 3945209.443259 0.000000 0.000088
445803.891070 3945209.759335 0.000000 0.000088
445803.605354 3945210.075633 0.000000 0.000088
445803.319416 3945210.392154 0.000000 0.000088
445803.033255 3945210.708897 0.000000 0.000087
445802.746873 3945211.025862 0.000000 0.000087
445802.460267 3945211.343050 0.000000 0.000087
445802.173440 3945211.660460 0.000000 0.000087
445801.886389 3945211.978093 0.000000 0.000087
445801.599117 3945212.295948 0.000000 0.000086
445801.311622 3945212.614026 0.000000 0.000086
445801.023904 3945212.932326 0.000000 0.000086
445800.735965 3945213.250848 0.000000 0.000086
445800.447802 3945213.569593 0.000000 0.000086
445800.159418 3945213.888560 0.000000 0.000085
445799.870811 3945214.207750 0.000000 0.000085
445799.581981 3945214.527162 0.000000 0.000085
445799.292929 3945214.846797 0.000000 0.000085
445799.003655 3945215.166653 0.000000 0.000085
445798.714158 3945215.486733 0.000000 0.000077
445798.424458 3945215.807016 0.000000 0.000070
445798.134572 3945216.127485 0.000000 0.000070
445797.844500 3945216.448139 0.000000 0.000070
445797.554244 3945216.768978 0.000000 0.000070
445797.263802 3945217.090002 0.000000 0.000070
445796.973174 3945217.411212 0.000000 0.000070
445796.682362 3945217.732608 0.000000 0.000070
445796.391363 3945218.054188 0.000000 0.000069
445796.100180 3945218.375954 0.000000 0.000069
445795.808811 3945218.697906 0.000000 0.000069
445795.517257 3945219.020043 0.000000 0.000069
445795.225518 3945219.342365 0.000000 0.000069
445794.933593 3945219.664872 0.000000 0.000069
445794.641483 3945219.987565 0.000000 0.000069
445794.349187 3945220.310443 0.000000 0.000069
445794.056706 3945220.633506 0.000000 0.000068
445793.764040 3945220.956755 0.000000 0.000068
445793.471189 3945221.280189 0.000000 0.000068
445793.178152 3945221.603809 0.000000 0.000068
445792.884929 3945221.927614 0.000000 0.000068
445792.591522 3945222.251604 0.000000 0.000068
445792.297929 3945222.575779 0.000000 0.000068
445792.004150 3945222.900140 0.000000 0.000068
445791.710187 3945223.224687 0.000000 0.000067
445791.416038 3945223.549418 0.000000 0.000067
445791.121703 3945223.874335 0.000000 0.000067
445790.827184 3945224.199438 0.000000 0.000067
445790.532479 3945224.524725 0.000000 0.000067
445790.237588 3945224.850198 0.000000 0.000067
445789.942513 3945225.175857 0.000000 0.000067
445789.647251 3945225.501700 0.000000 0.000067
445789.351805 3945225.827729 0.000000 0.000066
445789.056173 3945226.153944 0.000000 0.000066
445788.760356 3945226.480343 0.000000 0.000066
445788.464354 3945226.806929 0.000000 0.000066
445788.168166 3945227.133699 0.000000 0.000066
445787.871792 3945227.460655 0.000000 0.000066
445787.575234 3945227.787796 0.000000 0.000066
445787.278490 3945228.115122 0.000000 0.000066
445786.981561 3945228.442634 0.000000 0.000066
445786.684446 3945228.770331 0.000000 0.000065
445786.387146 3945229.098214 0.000000 0.000065
445786.089661 3945229.426282 0.000000 0.000065
445785.791990 3945229.754535 0.000000 0.000065
445785.494134 3945230.082974 0.000000 0.000065
445785.196093 3945230.411598 0.000000 0.000065
445784.897866 3945230.740407 0.000000 0.000065
445784.599454 3945231.069402 0.000000 0.000065
445784.300857 3945231.398582 0.000000 0.000065
445784.002074 3945231.727947 0.000000 0.000010
445783.703264 3945232.057340 0.000000 -0.000045
445783.404583 3945232.386603 0.000000 -0.000045
445783.106032 3945232.715737 0.000000 -0.000045
445782.807610 3945233.044741 0.000000 -0.000045
445782.509319 3945233.373615 0.000000 -0.000045
445782.211157 3945233.702360 0.000000 -0.000045
445781.913125 3945234.030974 0.000000 -0.000045
445781.615223 3945234.359459 0.000000 -0.000046
445781.317450 3945234.687814 0.000000 -0.000046
445781.019807 3945235.016040 0.000000 -0.000046
445780.722294 3945235.344135 0.000000 -0.000046
445780.424911 3945235.672101 0.000000 -0.000046
445780.127657 3945235.999938 0.000000 -0.000046
445779.830533 3945236.327644 0.000000 -0.000046
445779.533539 3945236.655221 0.000000 -0.000046
445779.236675 3945236.982668 0.000000 -0.000046
445778.939940 3945237.309985 0.000000 -0.000046
445778.643335 3945237.637172 0.000000 -0.000046
445778.346860 3945237.964230 0.000000 -0.000046
445778.050515 3945238.291158 0.000000 -0.000046
445777.754299 3945238.617956 0.000000 -0.000046
445777.458213 3945238.944625 0.000000 -0.000046
445777.162257 3945239.271164 0.000000 -0.000046
445776.866431 3945239.597573 0.000000 -0.000046
445776.570734 3945239.923852 0.000000 -0.000047
445776.275167 3945240.250002 0.000000 -0.000047
445775.979730 3945240.576021 0.000000 -0.000047
445775.684423 3945240.901911 0.000000 -0.000047
445775.389245 3945241.227672 0.000000 -0.000047
445775.094197 3945241.553302 0.000000 -0.000047
445774.799279 3945241.878803 0.000000 -0.000047
445774.504490 3945242.204174 0.000000 -0.000047
445774.209831 3945242.529415 0.000000 -0.000047
445773.915303 3945242.854527 0.000000 -0.000047
445773.620903 3945243.179509 0.000000 -0.000047
445773.326634 3945243.504361 0.000000 -0.000047
445773.032494 3945243.829083 0.000000 -0.000047
445772.738484 3945244.153676 0.000000 -0.000047
445772.444604 3945244.478139 0.000000 -0.000047
445772.150853 3945244.802472 0.000000 -0.000047
445771.857233 3945245.126675 0.000000 -0.000047
445771.563742 3945245.450749 0.000000 -0.000048
445771.270380 3945245.774693 0.000000 -0.000048
445770.977149 3945246.098507 0.000000 -0.000048
445770.684047 3945246.422191 0.000000 -0.000048
445770.391075 3945246.745746 0.000000 -0.000048
445770.098233 3945247.069171 0.000000 -0.000048
445769.805520 3945247.392466 0.000000 -0.000048
445769.512937 3945247.715631 0.000000 -0.000048
445769.220484 3945248.038667 0.000000 -0.000073
445768.927874 3945248.361897 0.000000 -0.000097
445768.634818 3945248.685646 0.000000 -0.000097
445768.341318 3945249.009915 0.000000 -0.000096
445768.047373 3945249.334702 0.000000 -0.000096
445767.752983 3945249.660008 0.000000 -0.000095
445767.458148 3945249.985833 0.000000 -0.000095
445767.162868 3945250.312177 0.000000 -0.000094
445766.867144 3945250.639040 0.000000 -0.000094
445766.570975 3945250.966423 0.000000 -0.000094
445766.274360 3945251.294324 0.000000 -0.000093
445765.977301 3945251.622744 0.000000 -0.000093
445765.679798 3945251.951683 0.000000 -0.000092
445765.381849 3945252.281141 0.000000 -0.000092
445765.083455 3945252.611118 0.000000 -0.000091
445764.784617 3945252.941614 0.000000 -0.000091
445764.485334 3945253.272629 0.000000 -0.000091
445764.185606 3945253.604163 0.000000 -0.000090
445763.885433 3945253.936215 0.000000 -0.000090
445763.584815 3945254.268787 0.000000 -0.000089
445763.283753 3945254.601878 0.000000 -0.000089
445762.982245 3945254.935488 0.000000 -0.000089
445762.680293 3945255.269617 0.000000 -0.000088
445762.377896 3945255.604265 0.000000 -0.000088
445762.075054 3945255.939431 0.000000 -0.000087
445761.771768 3945256.275117 0.000000 -0.000087
445761.468036 3945256.611322 0.000000 -0.000087
445761.163860 3945256.948046 0.000000 -0.000086
445760.859238 3945257.285288 0.000000 -0.000086
445760.554172 3945257.623050 0.000000 -0.000085
445760.248661 3945257.961330 0.000000 -0.000085
445759.942706 3945258.300130 0.000000 -0.000085
445759.636305 3945258.639449 0.000000 -0.000084
445759.329460 3945258.979286 0.000000 -0.000084
445759.022169 3945259.319643 0.000000 -0.000084
445758.714434 3945259.660518 0.000000 -0.000083
445758.406254 3945260.001913 0.000000 -0.000083
445758.097630 3945260.343826 0.000000 -0.000082
445757.788560 3945260.686259 0.000000 -0.000082
445757.479046 3945261.029210 0.000000 -0.000082
445757.169086 3945261.372680 0.000000 -0.000081
445756.858682 3945261.716670 0.000000 -0.000081
445756.547833 3945262.061178 0.000000 -0.000081
445756.236539 3945262.406206 0.000000 -0.000080
445755.924801 3945262.751752 0.000000 -0.000080
445755.612617 3945263.097817 0.000000 -0.000080
445755.299989 3945263.444401 0.000000 -0.000079
445754.986916 3945263.791505 0.000000 -0.000079
445754.673398 3945264.139127 0.000000 -0.000079
445754.359435 3945264.487268 0.000000 -0.000078
445754.045027 3945264.835928 0.000000 0.000020
445753.730388 3945265.184839 0.000000 0.000119
445753.415730 3945265.533730 0.000000 0.000119
445753.101054 3945265.882604 0.000000 0.000119
445752.786359 3945266.231459 0.000000 0.000119
445752.471645 3945266.580295 0.000000 0.000119
445752.156913 3945266.929113 0.000000 0.000119
445751.842163 3945267.277912 0.000000 0.000119
445751.527394 3945267.626692 0.000000 0.000119
445751.212606 3945267.975455 0.000000 0.000119
445750.897800 3945268.324198 0.000000 0.000119
445750.582975 3945268.672923 0.000000 0.000119
445750.268132 3945269.021630 0.000000 0.000119
445749.953270 3945269.370318 0.000000 0.000119
445749.638390 3945269.718987 0.000000 0.000119
445749.323491 3945270.067638 0.000000 0.000119
445749.008574 3945270.416270 0.000000 0.000119
445748.693638 3945270.764884 0.000000 0.000119
445748.378683 3945271.113480 0.000000 0.000119
445748.063710 3945271.462056 0.000000 0.000119
445747.748719 3945271.810615 0.000000 0.000119
445747.433709 3945272.159154 0.000000 0.000119
445747.118680 3945272.507675 0.000000 0.000119
445746.803633 3945272.856178 0.000000 0.000119
445746.488567 3945273.204662 0.000000 0.000119
445746.173483 3945273.553128 0.000000 0.000119
445745.858380 3945273.901575 0.000000 0.000119
445745.543259 3945274.250003 0.000000 0.000119
445745.228119 3945274.598413 0.000000 0.000119
445744.912961 3945274.946805 0.000000 0.000119
445744.597784 3945275.295177 0.000000 0.000119
445744.282589 3945275.643532 0.000000 0.000119
445743.967375 3945275.991868 0.000000 0.000119
445743.652142 3945276.340185 0.000000 0.000119
445743.336891 3945276.688484 0.000000 0.000119
445743.021622 3945277.036764 0.000000 0.000119
445742.706334 3945277.385025 0.000000 0.000119
445742.391027 3945277.733269 0.000000 0.000119
445742.075702 3945278.081493 0.000000 0.000119
445741.760358 3945278.429699 0.000000 0.000119
445741.444996 3945278.777887 0.000000 0.000119
445741.129615 3945279.126056 0.000000 0.000119
445740.814216 3945279.474206 0.000000 0.000119
445740.498798 3945279.822338 0.000000 0.000119
445740.183362 3945280.170452 0.000000 0.000119
445739.867907 3945280.518546 0.000000 0.000119
445739.552434 3945280.866623 0.000000 0.000119
445739.236942 3945281.214681 0.000000 0.000119
445738.921431 3945281.562720 0.000000 0.000119
445738.605902 3945281.910741 0.000000 0.000119
445738.290355 3945282.258743 0.000000 0.000116
445737.974798 3945282.606717 0.000000 0.000113
445737.659241 3945282.954654 0.000000 0.000113
445737.343684 3945283.302555 0.000000 0.000113
445737.028127 3945283.650418 0.000000 0.000113
445736.712571 3945283.998244 0.000000 0.000113
445736.397014 3945284.346033 0.000000 0.000113
445736.081457 3945284.693785 0.000000 0.000113
445735.765900 3945285.041500 0.000000 0.000113
445735.450343 3945285.389178 0.000000 0.000113
445735.134786 3945285.736818 0.000000 0.000113
445734.819230 3945286.084422 0.000000 0.000113
445734.503673 3945286.431989 0.000000 0.000113
445734.188116 3945286.779518 0.000000 0.000113
445733.872559 3945287.127011 0.000000 0.000113
445733.557002 3945287.474466 0.000000 0.000113
445733.241445 3945287.821885 0.000000 0.000113
445732.925889 3945288.169266 0.000000 0.000113
445732.610332 3945288.516610 0.000000 0.000113
445732.294775 3945288.863917 0.000000 0.000113
445731.979218 3945289.211187 0.000000 0.000113
445731.663661 3945289.558420 0.000000 0.000113
445731.348104 3945289.905616 0.000000 0.000113
445731.032548 3945290.252775 0.000000 0.000113
445730.716991 3945290.599897 0.000000 0.000113
445730.401434 3945290.946981 0.000000 0.000113
445730.085877 3945291.294029 0.000000 0.000113
445729.770320 3945291.641040 0.000000 0.000113
445729.454764 3945291.988013 0.000000 0.000113
445729.139207 3945292.334950 0.000000 0.000113
445728.823650 3945292.681849 0.000000 0.000113
445728.508093 3945293.028711 0.000000 0.000113
445728.192536 3945293.375536 0.000000 0.000113
445727.876979 3945293.722325 0.000000 0.000113
445727.561423 3945294.069076 0.000000 0.000114
445727.245866 3945294.415790 0.000000 0.000114
445726.930309 3945294.762467 0.000000 0.000114
445726.614752 3945295.109106 0.000000 0.000114
445726.299195 3945295.455709 0.000000 0.000114
445725.983638 3945295.802275 0.000000 0.000114
445725.668082 3945296.148804 0.000000 0.000114
445725.352525 3945296.495295 0.000000 0.000114
445725.036968 3945296.841750 0.000000 0.000114
445724.721411 3945297.188167 0.000000 0.000114
445724.405854 3945297.534548 0.000000 0.000114
445724.090297 3945297.880891 0.000000 0.000114
445723.774741 3945298.227197 0.000000 0.000114
445723.459184 3945298.573466 0.000000 0.000114
445723.143627 3945298.919698 0.000000 0.000114
445722.828070 3945299.265893 0.000000 0.000114
445722.512513 3945299.612051 0.000000 0.000038
445722.197021 3945299.958126 0.000000 -0.000039
445721.881659 3945300.304071 0.000000 -0.000039
445721.566427 3945300.649886 0.000000 -0.000039
445721.251324 3945300.995571 0.000000 -0.000039
445720.936351 3945301.341127 0.000000 -0.000039
445720.621508 3945301.686553 0.000000 -0.000039
445720.306794 3945302.031849 0.000000 -0.000039
445719.992211 3945302.377015 0.000000 -0.000039
445719.677757 3945302.722052 0.000000 -0.000039
445719.363432 3945303.066958 0.000000 -0.000039
445719.049238 3945303.411736 0.000000 -0.000039
445718.735173 3945303.756383 0.000000 -0.000039
445718.421238 3945304.100901 0.000000 -0.000039
445718.107433 3945304.445288 0.000000 -0.000039
445717.793757 3945304.789547 0.000000 -0.000039
445717.480211 3945305.133675 0.000000 -0.000039
445717.166795 3945305.477674 0.000000 -0.000039
445716.853509 3945305.821542 0.000000 -0.000039
445716.540352 3945306.165282 0.000000 -0.000039
445716.227326 3945306.508891 0.000000 -0.000040
445715.914429 3945306.852371 0.000000 -0.000040
445715.601661 3945307.195721 0.000000 -0.000040
445715.289024 3945307.538941 0.000000 -0.000040
445714.976516 3945307.882031 0.000000 -0.000040
445714.664138 3945308.224992 0.000000 -0.000040
445714.351889 3945308.567823 0.000000 -0.000040
445714.039771 3945308.910524 0.000000 -0.000040
445713.727782 3945309.253096 0.000000 -0.000040
445713.415923 3945309.595537 0.000000 -0.000040
445713.104193 3945309.937849 0.000000 -0.000040
445712.792594 3945310.280031 0.000000 -0.000040
445712.481124 3945310.622084 0.000000 -0.000040
445712.169784 3945310.964007 0.000000 -0.000040
445711.858573 3945311.305800 0.000000 -0.000040
445711.547493 3945311.647463 0.000000 -0.000040
445711.236542 3945311.988996 0.000000 -0.000040
445710.925721 3945312.330400 0.000000 -0.000040
445710.615029 3945312.671674 0.000000 -0.000040
445710.304468 3945313.012818 0.000000 -0.000040
445709.994036 3945313.353833 0.000000 -0.000040
445709.683734 3945313.694718 0.000000 -0.000041
445709.373561 3945314.035473 0.000000 -0.000041
445709.063518 3945314.376098 0.000000 -0.000041
445708.753605 3945314.716594 0.000000 -0.000041
445708.443822 3945315.056959 0.000000 -0.000041
445708.134169 3945315.397195 0.000000 -0.000041
445707.824645 3945315.737302 0.000000 -0.000041
445707.515251 3945316.077278 0.000000 -0.000041
445707.205987 3945316.417125 0.000000 -0.000041
445706.896852 3945316.756842 0.000000 -0.000071
445706.587755 3945317.096541 0.000000 -0.000101
445706.278602 3945317.436332 0.000000 -0.000101
445705.969393 3945317.776216 0.000000 -0.000101
445705.660129 3945318.116193 0.000000 -0.000100
445705.350809 3945318.456262 0.000000 -0.000100
445705.041434 3945318.796424 0.000000 -0.000100
445704.732003 3945319.136678 0.000000 -0.000100
445704.422516 3945319.477026 0.000000 -0.000100
445704.112974 3945319.817465 0.000000 -0.000100
445703.803376 3945320.157998 0.000000 -0.000100
445703.493723 3945320.498623 0.000000 -0.000100
445703.184014 3945320.839341 0.000000 -0.000100
445702.874249 3945321.180152 0.000000 -0.000100
445702.564429 3945321.521055 0.000000 -0.000100
445702.254553 3945321.862051 0.000000 -0.000100
445701.944621 3945322.203140 0.000000 -0.000100
445701.634634 3945322.544321 0.000000 -0.000100
445701.324592 3945322.885595 0.000000 -0.000099
445701.014493 3945323.226962 0.000000 -0.000099
445700.704339 3945323.568421 0.000000 -0.000099
445700.394130 3945323.909973 0.000000 -0.000099
445700.083865 3945324.251618 0.000000 -0.000099
445699.773544 3945324.593356 0.000000 -0.000099
445699.463168 3945324.935186 0.000000 -0.000099
445699.152736 3945325.277108 0.000000 -0.000099
445698.842248 3945325.619124 0.000000 -0.000099
445698.531705 3945325.961232 0.000000 -0.000099
445698.221106 3945326.303433 0.000000 -0.000099
445697.910452 3945326.645726 0.000000 -0.000099
445697.599742 3945326.988112 0.000000 -0.000099
445697.288976 3945327.330591 0.000000 -0.000099
445696.978155 3945327.673162 0.000000 -0.000099
445696.667279 3945328.015826 0.000000 -0.000098
445696.356346 3945328.358583 0.000000 -0.000098
445696.045358 3945328.701433 0.000000 -0.000098
445695.734315 3945329.044375 0.000000 -0.000098
445695.423215 3945329.387410 0.000000 -0.000098
445695.112061 3945329.730537 0.000000 -0.000098
445694.800850 3945330.073757 0.000000 -0.000098
445694.489584 3945330.417070 0.000000 -0.000098
445694.178263 3945330.760476 0.000000 -0.000098
445693.866885 3945331.103974 0.000000 -0.000098
445693.555453 3945331.447565 0.000000 -0.000098
445693.243964 3945331.791248 0.000000 -0.000098
445692.932420 3945332.135025 0.000000 -0.000098
445692.620821 3945332.478894 0.000000 -0.000098
445692.309165 3945332.822855 0.000000 -0.000098
445691.997455 3945333.166909 0.000000 -0.000097
445691.685688 3945333.511056 0.000000 -0.000097
445691.373866 3945333.855296 0.000000 -0.000106
445691.062016 3945334.199600 0.000000 -0.000115
445690.750166 3945334.543942 0.000000 -0.000115
445690.438317 3945334.888321 0.000000 -0.000115
445690.126467 3945335.232736 0.000000 -0.000115
445689.814617 3945335.577189 0.000000 -0.000115
445689.502767 3945335.921679 0.000000 -0.000115
445689.190917 3945336.266206 0.000000 -0.000115
445688.879067 3945336.610770 0.000000 -0.000115
445688.567217 3945336.955371 0.000000 -0.000115
445688.255368 3945337.300009 0.000000 -0.000115
445687.943518 3945337.644684 0.000000 -0.000115
445687.631668 3945337.989396 0.000000 -0.000115
445687.319818 3945338.334145 0.000000 -0.000115
445687.007968 3945338.678932 0.000000 -0.000115
445686.696118 3945339.023755 0.000000 -0.000115
445686.384269 3945339.368616 0.000000 -0.000115
445686.072419 3945339.713513 0.000000 -0.000115
445685.760569 3945340.058448 0.000000 -0.000115
445685.448719 3945340.403420 0.000000 -0.000115
445685.136869 3945340.748429 0.000000 -0.000115
445684.825019 3945341.093474 0.000000 -0.000115
445684.513169 3945341.438557 0.000000 -0.000115
445684.201320 3945341.783677 0.000000 -0.000115
445683.889470 3945342.128834 0.000000 -0.000115
445683.577620 3945342.474029 0.000000 -0.000115
445683.265770 3945342.819260 0.000000 -0.000115
445682.953920 3945343.164528 0.000000 -0.000115
445682.642070 3945343.509833 0.000000 -0.000115
445682.330221 3945343.855176 0.000000 -0.000115
445682.018371 3945344.200555 0.000000 -0.000115
445681.706521 3945344.545972 0.000000 -0.000115
445681.394671 3945344.891426 0.000000 -0.000115
445681.082821 3945345.236916 0.000000 -0.000115
445680.770971 3945345.582444 0.000000 -0.000115
445680.459121 3945345.928009 0.000000 -0.000115
445680.147272 3945346.273611 0.000000 -0.000115
445679.835422 3945346.619250 0.000000 -0.000115
445679.523572 3945346.964926 0.000000 -0.000115
445679.211722 3945347.310639 0.000000 -0.000115
445678.899872 3945347.656389 0.000000 -0.000115
445678.588022 3945348.002176 0.000000 -0.000114
445678.276173 3945348.348001 0.000000 -0.000114
445677.964323 3945348.693862 0.000000 -0.000114
445677.652473 3945349.039761 0.000000 -0.000114
445677.340623 3945349.385696 0.000000 -0.000114
445677.028773 3945349.731669 0.000000 -0.000114
445676.716923 3945350.077679 0.000000 -0.000114
445676.405074 3945350.423725 0.000000 -0.000114
445676.093224 3945350.769809 0.000000 -0.000114
445675.781374 3945351.115930 0.000000 -0.000073
445675.469570 3945351.462023 0.000000 -0.000031
445675.157859 3945351.808023 0.000000 -0.000031
445674.846241 3945352.153931 0.000000 -0.000032
445674.534716 3945352.499746 0.000000 -0.000032
445674.223283 3945352.845469 0.000000 -0.000032
445673.911943 3945353.191098 0.000000 -0.000032
445673.600695 3945353.536635 0.000000 -0.000032
445673.289541 3945353.882080 0.000000 -0.000032
445672.978479 3945354.227432 0.000000 -0.000032
445672.667509 3945354.572691 0.000000 -0.000032
445672.356632 3945354.917857 0.000000 -0.000032
445672.045848 3945355.262931 0.000000 -0.000032
445671.735157 3945355.607912 0.000000 -0.000032
445671.424558 3945355.952800 0.000000 -0.000032
445671.114052 3945356.297595 0.000000 -0.000032
445670.803639 3945356.642298 0.000000 -0.000032
445670.493318 3945356.986909 0.000000 -0.000032
445670.183090 3945357.331426 0.000000 -0.000032
445669.872955 3945357.675851 0.000000 -0.000032
445669.562912 3945358.020184 0.000000 -0.000032
445669.252962 3945358.364423 0.000000 -0.000032
445668.943104 3945358.708570 0.000000 -0.000032
445668.633340 3945359.052624 0.000000 -0.000032
445668.323668 3945359.396586 0.000000 -0.000032
445668.014088 3945359.740455 0.000000 -0.000032
445667.704602 3945360.084231 0.000000 -0.000032
445667.395208 3945360.427915 0.000000 -0.000032
445667.085907 3945360.771506 0.000000 -0.000032
445666.776698 3945361.115004 0.000000 -0.000032
445666.467582 3945361.458409 0.000000 -0.000032
445666.158559 3945361.801722 0.000000 -0.000032
445665.849628 3945362.144942 0.000000 -0.000032
445665.540790 3945362.488070 0.000000 -0.000032
445665.232045 3945362.831105 0.000000 -0.000032
445664.923392 3945363.174047 0.000000 -0.000032
445664.614832 3945363.516896 0.000000 -0.000032
445664.306365 3945363.859653 0.000000 -0.000032
445663.997991 3945364.202317 0.000000 -0.000032
445663.689709 3945364.544889 0.000000 -0.000032
445663.381520 3945364.887367 0.000000 -0.000033
445663.073423 3945365.229754 0.000000 -0.000033
445662.765419 3945365.572047 0.000000 -0.000033
445662.457508 3945365.914248 0.000000 -0.000033
445662.149690 3945366.256356 0.000000 -0.000033
445661.841964 3945366.598371 0.000000 -0.000033
445661.534331 3945366.940294 0.000000 -0.000033
445661.226790 3945367.282124 0.000000 -0.000033
445660.919342 3945367.623861 0.000000 -0.000033
445660.611987 3945367.965506 0.000000 -0.000033
445660.304725 3945368.307058 0.000000 0.000104
445659.997499 3945368.648536 0.000000 0.000242
445659.690255 3945368.989958 0.000000 0.000242
445659.382993 3945369.331325 0.000000 0.000242
445659.075712 3945369.672636 0.000000 0.000242
445658.768412 3945370.013892 0.000000 0.000242
445658.461094 3945370.355091 0.000000 0.000242
445658.153758 3945370.696236 0.000000 0.000242
445657.846403 3945371.037324 0.000000 0.000242
445657.539029 3945371.378357 0.000000 0.000242
445657.231637 3945371.719335 0.000000 0.000242
445656.924226 3945372.060257 0.000000 0.000242
445656.616797 3945372.401123 0.000000 0.000242
445656.309349 3945372.741934 0.000000 0.000242
445656.001883 3945373.082689 0.000000 0.000242
445655.694398 3945373.423388 0.000000 0.000242
445655.386894 3945373.764032 0.000000 0.000242
445655.079372 3945374.104620 0.000000 0.000242
445654.771832 3945374.445153 0.000000 0.000242
445654.464273 3945374.785630 0.000000 0.000242
445654.156695 3945375.126051 0.000000 0.000242
445653.849099 3945375.466417 0.000000 0.000243
445653.541485 3945375.806727 0.000000 0.000243
445653.233852 3945376.146982 0.000000 0.000243
445652.926200 3945376.487181 0.000000 0.000243
445652.618530 3945376.827324 0.000000 0.000243
445652.310841 3945377.167412 0.000000 0.000243
445652.003134 3945377.507444 0.000000 0.000243
445651.695408 3945377.847421 0.000000 0.000243
445651.387663 3945378.187342 0.000000 0.000243
445651.079900 3945378.527207 0.000000 0.000243
445650.772119 3945378.867017 0.000000 0.000243
445650.464319 3945379.206771 0.000000 0.000243
445650.156501 3945379.546469 0.000000 0.000243
445649.848664 3945379.886112 0.000000 0.000243
445649.540808 3945380.225700 0.000000 0.000243
445649.232934 3945380.565231 0.000000 0.000243
445648.925041 3945380.904708 0.000000 0.000243
445648.617130 3945381.244128 0.000000 0.000243
445648.309200 3945381.583493 0.000000 0.000243
445648.001252 3945381.922802 0.000000 0.000243
445647.693285 3945382.262056 0.000000 0.000243
445647.385300 3945382.601254 0.000000 0.000243
445647.077296 3945382.940397 0.000000 0.000244
445646.769274 3945383.279484 0.000000 0.000244
445646.461233 3945383.618515 0.000000 0.000244
445646.153173 3945383.957491 0.000000 0.000244
445645.845095 3945384.296411 0.000000 0.000244
445645.536999 3945384.635275 0.000000 0.000244
445645.228884 3945384.974084 0.000000 0.000244
445644.920750 3945385.312837 0.000000 0.000125
445644.612598 3945385.651572 0.000000 0.000006
445644.304427 3945385.990325 0.000000 0.000006
445643.996238 3945386.329097 0.000000 0.000006
445643.688030 3945386.667887 0.000000 0.000006
445643.379804 3945387.006696 0.000000 0.000006
445643.071559 3945387.345524 0.000000 0.000006
445642.763296 3945387.684370 0.000000 0.000006
445642.455014 3945388.023234 0.000000 0.000006
445642.146714 3945388.362117 0.000000 0.000006
445641.838395 3945388.701019 0.000000 0.000006
445641.530057 3945389.039939 0.000000 0.000006
445641.221701 3945389.378877 0.000000 0.000006
445640.913327 3945389.717834 0.000000 0.000006
445640.604934 3945390.056810 0.000000 0.000006
445640.296522 3945390.395804 0.000000 0.000006
445639.988092 3945390.734817 0.000000 0.000006
445639.679643 3945391.073848 0.000000 0.000006
445639.371176 3945391.412898 0.000000 0.000006
445639.062690 3945391.751967 0.000000 0.000006
445638.754186 3945392.091053 0.000000 0.000006
445638.445663 3945392.430159 0.000000 0.000006
445638.137122 3945392.769283 0.000000 0.000006
445637.828562 3945393.108425 0.000000 0.000006
445637.519983 3945393.447586 0.000000 0.000006
445637.211386 3945393.786766 0.000000 0.000006
445636.902771 3945394.125964 0.000000 0.000006
445636.594137 3945394.465181 0.000000 0.000006
445636.285484 3945394.804416 0.000000 0.000006
445635.976813 3945395.143670 0.000000 0.000006
445635.668124 3945395.482942 0.000000 0.000006
445635.359415 3945395.822233 0.000000 0.000006
445635.050689 3945396.161542 0.000000 0.000006
445634.741943 3945396.500870 0.000000 0.000006
445634.433180 3945396.840216 0.000000 0.000006
445634.124397 3945397.179581 0.000000 0.000006
445633.815597 3945397.518965 0.000000 0.000006
445633.506777 3945397.858367 0.000000 0.000006
445633.197939 3945398.197787 0.000000 0.000006
445632.889083 3945398.537226 0.000000 0.000006
445632.580208 3945398.876684 0.000000 0.000006
445632.271314 3945399.216160 0.000000 0.000006
445631.962402 3945399.555654 0.000000 0.000006
445631.653472 3945399.895168 0.000000 0.000006
445631.344522 3945400.234699 0.000000 0.000006
445631.035555 3945400.574250 0.000000 0.000006
445630.726569 3945400.913818 0.000000 0.000006
445630.417564 3945401.253406 0.000000 0.000006
445630.108541 3945401.593012 0.000000 0.000006
445629.799499 3945401.932636 0.000000 0.000006
445629.490438 3945402.272279 0.000000 0.000003
445629.181369 3945402.611931 0.000000 -0.000000
445628.872299 3945402.951583 0.000000 0.000000
445628.563230 3945403.291236 0.000000 -0.000000
445628.254160 3945403.630888 0.000000 0.000000
445627.945090 3945403.970540 0.000000 -0.000000
445627.636021 3945404.310192 0.000000 0.000000
445627.326951 3945404.649844 0.000000 -0.000000
445627.017882 3945404.989497 0.000000 0.000000
445626.708812 3945405.329149 0.000000 -0.000000
445626.399742 3945405.668801 0.000000 0.000000
445626.090673 3945406.008453 0.000000 0.000000
445625.781603 3945406.348106 0.000000 -0.000000
445625.472533 3945406.687758 0.000000 0.000000
445625.163464 3945407.027410 0.000000 0.000000
445624.854394 3945407.367062 0.000000 -0.000000
445624.545325 3945407.706714 0.000000 0.000000
445624.236255 3945408.046367 0.000000 -0.000000
445623.927185 3945408.386019 0.000000 -0.000000
445623.618116 3945408.725671 0.000000 -0.000000
445623.309046 3945409.065323 0.000000 0.000000
445622.999977 3945409.404975 0.000000 -0.000000
445622.690907 3945409.744628 0.000000 0.000000
445622.381837 3945410.084280 0.000000 0.000000
445622.072768 3945410.423932 0.000000 0.000000
445621.763698 3945410.763584 0.000000 -0.000000
445621.454629 3945411.103236 0.000000 0.000000
445621.145559 3945411.442889 0.000000 0.000000
445620.836489 3945411.782541 0.000000 0.000000
445620.527420 3945412.122193 0.000000 0.000000
445620.218350 3945412.461845 0.000000 -0.000000
445619.909281 3945412.801497 0.000000 0.000000
445619.600211 3945413.141150 0.000000 0.000000
445619.291141 3945413.480802 0.000000 0.000000
445618.982072 3945413.820454 0.000000 0.000000
445618.673002 3945414.160106 0.000000 0.000000
445618.363932 3945414.499759 0.000000 0.000000
445618.054863 3945414.839411 0.000000 0.000000
445617.745793 3945415.179063 0.000000 -0.000000
445617.436724 3945415.518715 0.000000 0.000000
445617.127654 3945415.858367 0.000000 0.000000
445616.818584 3945416.198020 0.000000 0.000000
445616.509515 3945416.537672 0.000000 0.000000
445616.200445 3945416.877324 0.000000 0.000000
445615.891376 3945417.216976 0.000000 0.000000
445615.582306 3945417.556628 0.000000 -0.000000
445615.273236 3945417.896281 0.000000 -0.000000
445614.964167 3945418.235933 0.000000 -0.000000
445614.655097 3945418.575585 0.000000 0.000000
445614.346028 3945418.915237 0.000000 -0.000000
445614.036958 3945419.254889 0.000000 -0.000133
445613.727935 3945419.594532 0.000000 -0.000266
445613.419004 3945419.934157 0.000000 -0.000266
445613.110166 3945420.273763 0.000000 -0.000266
445612.801421 3945420.613350 0.000000 -0.000266
445612.492768 3945420.952919 0.000000 -0.000267
445612.184208 3945421.292469 0.000000 -0.000267
445611.875741 3945421.632001 0.000000 -0.000267
445611.567367 3945421.971514 0.000000 -0.000267
445611.259085 3945422.311009 0.000000 -0.000267
445610.950896 3945422.650485 0.000000 -0.000267
445610.642799 3945422.989942 0.000000 -0.000267
445610.334795 3945423.329381 0.000000 -0.000267
445610.026884 3945423.668802 0.000000 -0.000268
445609.719066 3945424.008204 0.000000 -0.000268
445609.411340 3945424.347587 0.000000 -0.000268
445609.103707 3945424.686952 0.000000 -0.000268
445608.796166 3945425.026299 0.000000 -0.000268
445608.488718 3945425.365627 0.000000 -0.000268
445608.181363 3945425.704936 0.000000 -0.000268
445607.874101 3945426.044227 0.000000 -0.000269
445607.566931 3945426.383499 0.000000 -0.000269
445607.259854 3945426.722753 0.000000 -0.000269
445606.952869 3945427.061988 0.000000 -0.000269
445606.645978 3945427.401204 0.000000 -0.000269
445606.339179 3945427.740403 0.000000 -0.000269
445606.032472 3945428.079582 0.000000 -0.000269
445605.725858 3945428.418743 0.000000 -0.000269
445605.419337 3945428.757886 0.000000 -0.000270
445605.112909 3945429.097010 0.000000 -0.000270
445604.806573 3945429.436115 0.000000 -0.000270
445604.500330 3945429.775202 0.000000 -0.000270
445604.194180 3945430.114270 0.000000 -0.000270
445603.888122 3945430.453320 0.000000 -0.000270
445603.582157 3945430.792351 0.000000 -0.000270
445603.276285 3945431.131364 0.000000 -0.000271
445602.970505 3945431.470358 0.000000 -0.000271
445602.664818 3945431.809334 0.000000 -0.000271
445602.359224 3945432.148291 0.000000 -0.000271
445602.053722 3945432.487230 0.000000 -0.000271
445601.748313 3945432.826150 0.000000 -0.000271
445601.442997 3945433.165051 0.000000 -0.000271
445601.137773 3945433.503934 0.000000 -0.000271
445600.832642 3945433.842799 0.000000 -0.000272
445600.527604 3945434.181645 0.000000 -0.000272
445600.222659 3945434.520472 0.000000 -0.000272
445599.917806 3945434.859281 0.000000 -0.000272
445599.613045 3945435.198071 0.000000 -0.000272
445599.308378 3945435.536843 0.000000 -0.000272
445599.003803 3945435.875597 0.000000 -0.000272
445598.699321 3945436.214331 0.000000 -0.000163
445598.394959 3945436.552983 0.000000 -0.000054
445598.090746 3945436.891486 0.000000 -0.000054
445597.786680 3945437.229840 0.000000 -0.000054
445597.482763 3945437.568047 0.000000 -0.000054
445597.178995 3945437.906105 0.000000 -0.000054
445596.875374 3945438.244015 0.000000 -0.000054
445596.571902 3945438.581777 0.000000 -0.000054
445596.268579 3945438.919390 0.000000 -0.000054
445595.965403 3945439.256855 0.000000 -0.000054
445595.662376 3945439.594172 0.000000 -0.000055
445595.359497 3945439.931340 0.000000 -0.000055
445595.056766 3945440.268361 0.000000 -0.000055
445594.754184 3945440.605233 0.000000 -0.000055
445594.451750 3945440.941956 0.000000 -0.000055
445594.149464 3945441.278532 0.000000 -0.000055
445593.847326 3945441.614959 0.000000 -0.000055
445593.545337 3945441.951238 0.000000 -0.000055
445593.243496 3945442.287368 0.000000 -0.000055
445592.941803 3945442.623351 0.000000 -0.000055
445592.640259 3945442.959185 0.000000 -0.000055
445592.338863 3945443.294870 0.000000 -0.000055
445592.037615 3945443.630408 0.000000 -0.000055
445591.736515 3945443.965797 0.000000 -0.000056
445591.435564 3945444.301038 0.000000 -0.000056
445591.134761 3945444.636131 0.000000 -0.000056
445590.834106 3945444.971075 0.000000 -0.000056
445590.533600 3945445.305871 0.000000 -0.000056
445590.233241 3945445.640519 0.000000 -0.000056
445589.933032 3945445.975018 0.000000 -0.000056
445589.632970 3945446.309369 0.000000 -0.000056
445589.333057 3945446.643572 0.000000 -0.000056
445589.033291 3945446.977627 0.000000 -0.000056
445588.733675 3945447.311533 0.000000 -0.000056
445588.434206 3945447.645292 0.000000 -0.000056
445588.134886 3945447.978901 0.000000 -0.000057
445587.835714 3945448.312363 0.000000 -0.000057
445587.536690 3945448.645676 0.000000 -0.000057
445587.237815 3945448.978841 0.000000 -0.000057
445586.939088 3945449.311858 0.000000 -0.000057
445586.640509 3945449.644726 0.000000 -0.000057
445586.342078 3945449.977447 0.000000 -0.000057
445586.043796 3945450.310018 0.000000 -0.000057
445585.745662 3945450.642442 0.000000 -0.000057
445585.447676 3945450.974717 0.000000 -0.000057
445585.149839 3945451.306844 0.000000 -0.000057
445584.852150 3945451.638823 0.000000 -0.000057
445584.554609 3945451.970654 0.000000 -0.000057
445584.257216 3945452.302336 0.000000 -0.000058
445583.959972 3945452.633870 0.000000 -0.000058
445583.662876 3945452.965255 0.000000 0.000096
445583.365854 3945453.296530 0.000000 0.000250
445583.068832 3945453.627730 0.000000 0.000250
445582.771810 3945453.958856 0.000000 0.000250
445582.474788 3945454.289908 0.000000 0.000250
445582.177766 3945454.620886 0.000000 0.000250
445581.880744 3945454.951790 0.000000 0.000251
445581.583722 3945455.282619 0.000000 0.000251
445581.286700 3945455.613375 0.000000 0.000251
445580.989678 3945455.944056 0.000000 0.000251
445580.692657 3945456.274663 0.000000 0.000251
445580.395635 3945456.605196 0.000000 0.000251
445580.098613 3945456.935655 0.000000 0.000251
445579.801591 3945457.266040 0.000000 0.000251
445579.504569 3945457.596351 0.000000 0.000251
445579.207547 3945457.926587 0.000000 0.000251
445578.910525 3945458.256749 0.000000 0.000251
445578.613503 3945458.586838 0.000000 0.000252
445578.316481 3945458.916852 0.000000 0.000252
445578.019459 3945459.246792 0.000000 0.000252
445577.722437 3945459.576657 0.000000 0.000252
445577.425415 3945459.906449 0.000000 0.000252
445577.128394 3945460.236167 0.000000 0.000252
445576.831372 3945460.565810 0.000000 0.000252
445576.534350 3945460.895379 0.000000 0.000252
445576.237328 3945461.224874 0.000000 0.000252
445575.940306 3945461.554295 0.000000 0.000252
445575.643284 3945461.883642 0.000000 0.000252
445575.346262 3945462.212915 0.000000 0.000253
445575.049240 3945462.542113 0.000000 0.000253
445574.752218 3945462.871237 0.000000 0.000253
445574.455196 3945463.200288 0.000000 0.000253
445574.158174 3945463.529264 0.000000 0.000253
445573.861152 3945463.858166 0.000000 0.000253
445573.564131 3945464.186994 0.000000 0.000253
445573.267109 3945464.515747 0.000000 0.000253
445572.970087 3945464.844427 0.000000 0.000253
445572.673065 3945465.173032 0.000000 0.000253
445572.376043 3945465.501564 0.000000 0.000254
445572.079021 3945465.830021 0.000000 0.000254
445571.781999 3945466.158404 0.000000 0.000254
445571.484977 3945466.486712 0.000000 0.000254
445571.187955 3945466.814947 0.000000 0.000254
445570.890933 3945467.143108 0.000000 0.000254
445570.593911 3945467.471194 0.000000 0.000254
445570.296889 3945467.799206 0.000000 0.000254
445569.999867 3945468.127145 0.000000 0.000254
445569.702846 3945468.455009 0.000000 0.000254
445569.405824 3945468.782798 0.000000 0.000254
445569.108802 3945469.110514 0.000000 0.000255
445568.811780 3945469.438156 0.000000 0.000157
445568.514674 3945469.765844 0.000000 0.000059
445568.217402 3945470.093698 0.000000 0.000059
445567.919963 3945470.421720 0.000000 0.000059
445567.622358 3945470.749908 0.000000 0.000059
445567.324585 3945471.078264 0.000000 0.000059
445567.026646 3945471.406786 0.000000 0.000058
445566.728539 3945471.735474 0.000000 0.000058
445566.430266 3945472.064330 0.000000 0.000058
445566.131827 3945472.393352 0.000000 0.000058
445565.833220 3945472.722542 0.000000 0.000058
445565.534446 3945473.051898 0.000000 0.000058
445565.235506 3945473.381421 0.000000 0.000058
445564.936399 3945473.711110 0.000000 0.000058
445564.637125 3945474.040967 0.000000 0.000058
445564.337684 3945474.370990 0.000000 0.000058
445564.038077 3945474.701180 0.000000 0.000058
445563.738303 3945475.031537 0.000000 0.000057
445563.438361 3945475.362061 0.000000 0.000057
445563.138253 3945475.692752 0.000000 0.000057
445562.837979 3945476.023609 0.000000 0.000057
445562.537537 3945476.354633 0.000000 0.000057
445562.236929 3945476.685824 0.000000 0.000057
445561.936153 3945477.017182 0.000000 0.000057
445561.635211 3945477.348707 0.000000 0.000057
445561.334102 3945477.680398 0.000000 0.000057
445561.032827 3945478.012256 0.000000 0.000057
445560.731384 3945478.344282 0.000000 0.000057
445560.429775 3945478.676473 0.000000 0.000056
445560.127999 3945479.008832 0.000000 0.000056
445559.826056 3945479.341358 0.000000 0.000056
445559.523946 3945479.674050 0.000000 0.000056
445559.221670 3945480.006909 0.000000 0.000056
445558.919226 3945480.339935 0.000000 0.000056
445558.616616 3945480.673128 0.000000 0.000056
445558.313839 3945481.006488 0.000000 0.000056
445558.010895 3945481.340014 0.000000 0.000056
445557.707785 3945481.673707 0.000000 0.000056
445557.404507 3945482.007567 0.000000 0.000056
445557.101063 3945482.341594 0.000000 0.000055
445556.797452 3945482.675788 0.000000 0.000055
445556.493674 3945483.010148 0.000000 0.000055
445556.189729 3945483.344676 0.000000 0.000055
445555.885618 3945483.679370 0.000000 0.000055
445555.581339 3945484.014231 0.000000 0.000055
445555.276894 3945484.349258 0.000000 0.000055
445554.972282 3945484.684453 0.000000 0.000055
445554.667503 3945485.019814 0.000000 0.000055
445554.362558 3945485.355343 0.000000 0.000055
445554.057445 3945485.691038 0.000000 0.000055
445553.752166 3945486.026899 0.000000 -0.000121
445553.446702 3945486.363002 0.000000 -0.000296
445553.141033 3945486.699420 0.000000 -0.000295
445552.835161 3945487.036153 0.000000 -0.000294
445552.529085 3945487.373201 0.000000 -0.000293
445552.222805 3945487.710564 0.000000 -0.000293
445551.916321 3945488.048242 0.000000 -0.000292
445551.609633 3945488.386236 0.000000 -0.000291
445551.302741 3945488.724544 0.000000 -0.000291
445550.995645 3945489.063168 0.000000 -0.000290
445550.688346 3945489.402106 0.000000 -0.000289
445550.380842 3945489.741360 0.000000 -0.000288
445550.073135 3945490.080929 0.000000 -0.000288
445549.765224 3945490.420813 0.000000 -0.000287
445549.457109 3945490.761012 0.000000 -0.000286
445549.148790 3945491.101526 0.000000 -0.000286
445548.840267 3945491.442355 0.000000 -0.000285
445548.531540 3945491.783499 0.000000 -0.000284
445548.222610 3945492.124959 0.000000 -0.000284
445547.913475 3945492.466733 0.000000 -0.000283
445547.604137 3945492.808823 0.000000 -0.000282
445547.294595 3945493.151227 0.000000 -0.000282
445546.984848 3945493.493947 0.000000 -0.000281
445546.674898 3945493.836982 0.000000 -0.000280
445546.364745 3945494.180332 0.000000 -0.000280
445546.054387 3945494.523997 0.000000 -0.000279
445545.743825 3945494.867977 0.000000 -0.000278
445545.433060 3945495.212272 0.000000 -0.000278
445545.122090 3945495.556882 0.000000 -0.000277
445544.810917 3945495.901808 0.000000 -0.000276
445544.499540 3945496.247048 0.000000 -0.000276
445544.187959 3945496.592604 0.000000 -0.000275
445543.876174 3945496.938475 0.000000 -0.000274
445543.564185 3945497.284660 0.000000 -0.000274
445543.251992 3945497.631161 0.000000 -0.000273
445542.939595 3945497.977977 0.000000 -0.000272
445542.626995 3945498.325108 0.000000 -0.000272
445542.314190 3945498.672554 0.000000 -0.000271
445542.001182 3945499.020316 0.000000 -0.000270
445541.687970 3945499.368392 0.000000 -0.000270
445541.374554 3945499.716783 0.000000 -0.000269
445541.060934 3945500.065490 0.000000 -0.000268
445540.747110 3945500.414511 0.000000 -0.000268
445540.433082 3945500.763848 0.000000 -0.000267
445540.118851 3945501.113500 0.000000 -0.000267
445539.804415 3945501.463467 0.000000 -0.000266
445539.489776 3945501.813749 0.000000 -0.000265
445539.174933 3945502.164346 0.000000 -0.000265
445538.859886 3945502.515258 0.000000 -0.000264
445538.544635 3945502.866485 0.000000 -0.000263
445538.229180 3945503.218028 0.000000 -0.000141
445537.913651 3945503.569700 0.000000 -0.000019
445537.598177 3945503.921316 0.000000 -0.000019
445537.282760 3945504.272877 0.000000 -0.000019
445536.967397 3945504.624382 0.000000 -0.000019
445536.652091 3945504.975832 0.000000 -0.000019
445536.336840 3945505.327226 0.000000 -0.000019
445536.021644 3945505.678565 0.000000 -0.000019
445535.706505 3945506.029847 0.000000 -0.000019
445535.391420 3945506.381075 0.000000 -0.000019
445535.076392 3945506.732246 0.000000 -0.000019
445534.761419 3945507.083362 0.000000 -0.000019
445534.446501 3945507.434423 0.000000 -0.000019
445534.131640 3945507.785428 0.000000 -0.000019
445533.816834 3945508.136377 0.000000 -0.000019
445533.502083 3945508.487271 0.000000 -0.000019
445533.187388 3945508.838109 0.000000 -0.000019
445532.872749 3945509.188891 0.000000 -0.000019
445532.558165 3945509.539618 0.000000 -0.000019
445532.243637 3945509.890289 0.000000 -0.000019
445531.929164 3945510.240905 0.000000 -0.000019
445531.614747 3945510.591465 0.000000 -0.000019
445531.300386 3945510.941969 0.000000 -0.000019
445530.986080 3945511.292418 0.000000 -0.000019
445530.671830 3945511.642811 0.000000 -0.000019
445530.357636 3945511.993149 0.000000 -0.000019
445530.043497 3945512.343431 0.000000 -0.000019
445529.729413 3945512.693657 0.000000 -0.000019
445529.415386 3945513.043828 0.000000 -0.000019
445529.101414 3945513.393943 0.000000 -0.000019
445528.787497 3945513.744002 0.000000 -0.000019
445528.473636 3945514.094006 0.000000 -0.000019
445528.159831 3945514.443955 0.000000 -0.000019
445527.846081 3945514.793847 0.000000 -0.000019
445527.532387 3945515.143685 0.000000 -0.000019
445527.218749 3945515.493466 0.000000 -0.000019
445526.905166 3945515.843192 0.000000 -0.000019
445526.591639 3945516.192862 0.000000 -0.000019
445526.278167 3945516.542477 0.000000 -0.000019
445525.964751 3945516.892036 0.000000 -0.000019
445525.651391 3945517.241540 0.000000 -0.000019
445525.338086 3945517.590988 0.000000 -0.000019
445525.024836 3945517.940380 0.000000 -0.000019
445524.711643 3945518.289717 0.000000 -0.000019
445524.398505 3945518.638998 0.000000 -0.000019
445524.085422 3945518.988223 0.000000 -0.000019
445523.772396 3945519.337393 0.000000 -0.000019
445523.459424 3945519.686507 0.000000 -0.000020
445523.146509 3945520.035566 0.000000 -0.000020
445522.833649 3945520.384569 0.000000 -0.000020
445522.520844 3945520.733517 0.000000 0.000150
445522.208096 3945521.082353 0.000000 0.000319
445521.895402 3945521.431022 0.000000 0.000319
445521.582765 3945521.779525 0.000000 0.000320
445521.270183 3945522.127861 0.000000 0.000320
445520.957657 3945522.476030 0.000000 0.000320
445520.645186 3945522.824032 0.000000 0.000321
445520.332771 3945523.171867 0.000000 0.000321
445520.020411 3945523.519536 0.000000 0.000321
445519.708107 3945523.867038 0.000000 0.000322
445519.395859 3945524.214373 0.000000 0.000322
445519.083666 3945524.561541 0.000000 0.000322
445518.771529 3945524.908542 0.000000 0.000323
445518.459447 3945525.255376 0.000000 0.000323
445518.147421 3945525.602044 0.000000 0.000323
445517.835451 3945525.948545 0.000000 0.000324
445517.523536 3945526.294879 0.000000 0.000324
445517.211677 3945526.641046 0.000000 0.000324
445516.899874 3945526.987047 0.000000 0.000325
445516.588126 3945527.332880 0.000000 0.000325
445516.276434 3945527.678547 0.000000 0.000325
445515.964797 3945528.024047 0.000000 0.000326
445515.653216 3945528.369380 0.000000 0.000326
445515.341690 3945528.714547 0.000000 0.000326
445515.030220 3945529.059546 0.000000 0.000327
445514.718806 3945529.404379 0.000000 0.000327
445514.407447 3945529.749045 0.000000 0.000327
445514.096144 3945530.093544 0.000000 0.000328
445513.784897 3945530.437876 0.000000 0.000328
445513.473705 3945530.782042 0.000000 0.000328
445513.162569 3945531.126040 0.000000 0.000329
445512.851488 3945531.469872 0.000000 0.000329
445512.540463 3945531.813537 0.000000 0.000329
445512.229494 3945532.157035 0.000000 0.000330
445511.918580 3945532.500367 0.000000 0.000330
445511.607722 3945532.843531 0.000000 0.000330
445511.296919 3945533.186529 0.000000 0.000331
445510.986172 3945533.529360 0.000000 0.000331
445510.675481 3945533.872024 0.000000 0.000331
445510.364845 3945534.214521 0.000000 0.000332
445510.054265 3945534.556852 0.000000 0.000332
445509.743740 3945534.899016 0.000000 0.000332
445509.433271 3945535.241012 0.000000 0.000333
445509.122858 3945535.582842 0.000000 0.000333
445508.812500 3945535.924506 0.000000 0.000333
445508.502198 3945536.266002 0.000000 0.000334
445508.191951 3945536.607332 0.000000 0.000334
445507.881760 3945536.948495 0.000000 0.000334
445507.571625 3945537.289491 0.000000 0.000335
445507.261545 3945537.630320 0.000000 0.000335
445506.951521 3945537.970982 0.000000 0.000159
445506.641552 3945538.311533 0.000000 -0.000017
445506.331639 3945538.652029 0.000000 -0.000017
445506.021782 3945538.992469 0.000000 -0.000017
445505.711980 3945539.332853 0.000000 -0.000017
445505.402234 3945539.673182 0.000000 -0.000017
445505.092544 3945540.013455 0.000000 -0.000017
445504.782909 3945540.353672 0.000000 -0.000017
445504.473329 3945540.693834 0.000000 -0.000017
445504.163806 3945541.033941 0.000000 -0.000017
445503.854337 3945541.373991 0.000000 -0.000017
445503.544925 3945541.713986 0.000000 -0.000018
445503.235568 3945542.053926 0.000000 -0.000018
445502.926267 3945542.393810 0.000000 -0.000018
445502.617021 3945542.733638 0.000000 -0.000018
445502.307831 3945543.073411 0.000000 -0.000018
445501.998697 3945543.413128 0.000000 -0.000018
445501.689618 3945543.752789 0.000000 -0.000018
445501.380594 3945544.092395 0.000000 -0.000018
445501.071627 3945544.431946 0.000000 -0.000018
445500.762715 3945544.771440 0.000000 -0.000018
445500.453858 3945545.110879 0.000000 -0.000018
445500.145057 3945545.450263 0.000000 -0.000018
445499.836312 3945545.789591 0.000000 -0.000018
445499.527622 3945546.128863 0.000000 -0.000018
445499.218988 3945546.468079 0.000000 -0.000018
445498.910410 3945546.807240 0.000000 -0.000018
445498.601887 3945547.146346 0.000000 -0.000018
445498.293420 3945547.485396 0.000000 -0.000018
445497.985008 3945547.824390 0.000000 -0.000018
445497.676652 3945548.163329 0.000000 -0.000018
445497.368352 3945548.502212 0.000000 -0.000018
445497.060107 3945548.841039 0.000000 -0.000018
445496.751918 3945549.179811 0.000000 -0.000018
445496.443784 3945549.518527 0.000000 -0.000018
445496.135706 3945549.857188 0.000000 -0.000018
445495.827684 3945550.195793 0.000000 -0.000018
445495.519717 3945550.534342 0.000000 -0.000018
445495.211806 3945550.872836 0.000000 -0.000018
445494.903950 3945551.211274 0.000000 -0.000018
445494.596150 3945551.549656 0.000000 -0.000018
445494.288406 3945551.887983 0.000000 -0.000018
445493.980717 3945552.226255 0.000000 -0.000018
445493.673084 3945552.564471 0.000000 -0.000018
445493.365507 3945552.902631 0.000000 -0.000018
445493.057985 3945553.240735 0.000000 -0.000018
445492.750518 3945553.578784 0.000000 -0.000018
445492.443108 3945553.916778 0.000000 -0.000018
445492.135752 3945554.254715 0.000000 -0.000018
445491.828453 3945554.592597 0.000000 -0.000018
445491.521209 3945554.930424 0.000000 -0.000015
445491.214011 3945555.268204 0.000000 -0.000012
445490.906851 3945555.605947 0.000000 -0.000012
445490.599727 3945555.943653 0.000000 -0.000012
445490.292641 3945556.281322 0.000000 -0.000012
445489.985592 3945556.618954 0.000000 -0.000012
445489.678580 3945556.956549 0.000000 -0.000012
445489.371604 3945557.294107 0.000000 -0.000012
445489.064666 3945557.631627 0.000000 -0.000012
445488.757765 3945557.969111 0.000000 -0.000012
445488.450901 3945558.306558 0.000000 -0.000012
445488.144074 3945558.643967 0.000000 -0.000012
445487.837285 3945558.981339 0.000000 -0.000012
445487.530532 3945559.318675 0.000000 -0.000012
445487.223816 3945559.655973 0.000000 -0.000012
445486.917138 3945559.993234 0.000000 -0.000012
445486.610496 3945560.330458 0.000000 -0.000012
445486.303892 3945560.667646 0.000000 -0.000012
445485.997324 3945561.004795 0.000000 -0.000012
445485.690794 3945561.341908 0.000000 -0.000012
445485.384301 3945561.678984 0.000000 -0.000012
445485.077844 3945562.016023 0.000000 -0.000012
445484.771425 3945562.353025 0.000000 -0.000012
445484.465043 3945562.689989 0.000000 -0.000012
445484.158698 3945563.026917 0.000000 -0.000012
445483.852390 3945563.363808 0.000000 -0.000012
445483.546120 3945563.700661 0.000000 -0.000012
445483.239886 3945564.037477 0.000000 -0.000012
445482.933689 3945564.374257 0.000000 -0.000012
445482.627529 3945564.710999 0.000000 -0.000012
445482.321407 3945565.047704 0.000000 -0.000012
445482.015321 3945565.384372 0.000000 -0.000012
445481.709273 3945565.721003 0.000000 -0.000012
445481.403262 3945566.057597 0.000000 -0.000012
445481.097287 3945566.394154 0.000000 -0.000012
445480.791350 3945566.730674 0.000000 -0.000012
445480.485450 3945567.067156 0.000000 -0.000012
445480.179587 3945567.403602 0.000000 -0.000012
445479.873761 3945567.740011 0.000000 -0.000012
445479.567972 3945568.076382 0.000000 -0.000012
445479.262220 3945568.412717 0.000000 -0.000012
445478.956505 3945568.749014 0.000000 -0.000012
445478.650828 3945569.085274 0.000000 -0.000012
445478.345187 3945569.421498 0.000000 -0.000012
445478.039583 3945569.757684 0.000000 -0.000012
445477.734017 3945570.093833 0.000000 -0.000012
445477.428487 3945570.429945 0.000000 -0.000012
445477.122995 3945570.766020 0.000000 -0.000012
445476.817540 3945571.102058 0.000000 -0.000012
445476.512122 3945571.438059 0.000000 -0.000012
445476.206740 3945571.774023 0.000000 -0.000018
445475.901415 3945572.109931 0.000000 -0.000024
445475.596163 3945572.445765 0.000000 -0.000024
445475.290986 3945572.781525 0.000000 -0.000024
445474.985883 3945573.117210 0.000000 -0.000024
445474.680854 3945573.452822 0.000000 -0.000024
445474.375899 3945573.788359 0.000000 -0.000024
445474.071018 3945574.123823 0.000000 -0.000024
445473.766212 3945574.459212 0.000000 -0.000024
445473.461479 3945574.794527 0.000000 -0.000024
445473.156821 3945575.129768 0.000000 -0.000024
445472.852237 3945575.464935 0.000000 -0.000024
445472.547727 3945575.800027 0.000000 -0.000024
445472.243291 3945576.135046 0.000000 -0.000024
445471.938929 3945576.469990 0.000000 -0.000024
445471.634642 3945576.804860 0.000000 -0.000024
445471.330428 3945577.139656 0.000000 -0.000025
445471.026289 3945577.474378 0.000000 -0.000025
445470.722224 3945577.809026 0.000000 -0.000025
445470.418233 3945578.143600 0.000000 -0.000025
445470.114316 3945578.478099 0.000000 -0.000025
445469.810473 3945578.812524 0.000000 -0.000025
445469.506704 3945579.146876 0.000000 -0.000025
445469.203010 3945579.481153 0.000000 -0.000025
445468.899390 3945579.815356 0.000000 -0.000025
445468.595843 3945580.149485 0.000000 -0.000025
445468.292371 3945580.483539 0.000000 -0.000025
445467.988973 3945580.817520 0.000000 -0.000025
445467.685650 3945581.151426 0.000000 -0.000025
445467.382400 3945581.485258 0.000000 -0.000025
445467.079224 3945581.819016 0.000000 -0.000025
445466.776123 3945582.152700 0.000000 -0.000025
445466.473096 3945582.486310 0.000000 -0.000025
445466.170143 3945582.819846 0.000000 -0.000025
445465.867264 3945583.153308 0.000000 -0.000025
445465.564459 3945583.486695 0.000000 -0.000025
445465.261728 3945583.820008 0.000000 -0.000025
445464.959072 3945584.153247 0.000000 -0.000025
445464.656489 3945584.486412 0.000000 -0.000025
445464.353981 3945584.819503 0.000000 -0.000025
445464.051547 3945585.152520 0.000000 -0.000025
445463.749187 3945585.485462 0.000000 -0.000025
445463.446901 3945585.818331 0.000000 -0.000025
445463.144689 3945586.151125 0.000000 -0.000025
445462.842552 3945586.483845 0.000000 -0.000025
445462.540489 3945586.816491 0.000000 -0.000025
445462.238499 3945587.149063 0.000000 -0.000025
445461.936584 3945587.481561 0.000000 -0.000025
445461.634743 3945587.813985 0.000000 -0.000025
445461.332976 3945588.146334 0.000000 -0.000025
445461.031284 3945588.478609 0.000000 0.000005
445460.729943 3945588.810495 0.000000 0.000034
445460.429233 3945589.141677 0.000000 0.000035
445460.129152 3945589.472155 0.000000 0.000035
445459.829702 3945589.801928 0.000000 0.000035
445459.530883 3945590.130996 0.000000 0.000035
445459.232693 3945590.459361 0.000000 0.000036
445458.935134 3945590.787021 0.000000 0.000036
445458.638204 3945591.113977 0.000000 0.000036
445458.341905 3945591.440228 0.000000 0.000036
445458.046236 3945591.765775 0.000000 0.000036
445457.751198 3945592.090618 0.000000 0.000037
445457.456789 3945592.414757 0.000000 0.000037
445457.163011 3945592.738191 0.000000 0.000037
445456.869863 3945593.060921 0.000000 0.000037
445456.577345 3945593.382946 0.000000 0.000038
445456.285457 3945593.704267 0.000000 0.000038
445455.994200 3945594.024884 0.000000 0.000038
445455.703572 3945594.344797 0.000000 0.000038
445455.413575 3945594.664005 0.000000 0.000039
445455.124208 3945594.982509 0.000000 0.000039
445454.835471 3945595.300308 0.000000 0.000039
445454.547365 3945595.617404 0.000000 0.000039
445454.259888 3945595.933795 0.000000 0.000040
445453.973042 3945596.249481 0.000000 0.000040
445453.686826 3945596.564463 0.000000 0.000040
445453.401240 3945596.878741 0.000000 0.000041
445453.116284 3945597.192315 0.000000 0.000041
445452.831959 3945597.505184 0.000000 0.000041
445452.548263 3945597.817349 0.000000 0.000041
445452.265198 3945598.128810 0.000000 0.000042
445451.982763 3945598.439566 0.000000 0.000042
445451.700959 3945598.749618 0.000000 0.000042
445451.419784 3945599.058966 0.000000 0.000042
445451.139240 3945599.367609 0.000000 0.000043
445450.859325 3945599.675548 0.000000 0.000043
445450.580041 3945599.982783 0.000000 0.000043
445450.301388 3945600.289313 0.000000 0.000044
445450.023364 3945600.595139 0.000000 0.000044
445449.745971 3945600.900261 0.000000 0.000044
445449.469207 3945601.204678 0.000000 0.000045
445449.193074 3945601.508391 0.000000 0.000045
445448.917571 3945601.811400 0.000000 0.000045
445448.642699 3945602.113704 0.000000 0.000045
445448.368456 3945602.415304 0.000000 0.000046
445448.094844 3945602.716200 0.000000 0.000046
445447.821862 3945603.016391 0.000000 0.000046
445447.549510 3945603.315878 0.000000 0.000047
445447.277788 3945603.614661 0.000000 0.000047
445447.006696 3945603.912739 0.000000 0.000047
445446.736235 3945604.210113 0.000000 -0.000069
445446.466126 3945604.507117 0.000000 -0.000186
445446.196091 3945604.804083 0.000000 -0.000186
445445.926130 3945605.101012 0.000000 -0.000186
445445.656243 3945605.397905 0.000000 -0.000186
445445.386430 3945605.694760 0.000000 -0.000186
445445.116692 3945605.991578 0.000000 -0.000186
445444.847027 3945606.288359 0.000000 -0.000186
445444.577437 3945606.585102 0.000000 -0.000186
445444.307921 3945606.881809 0.000000 -0.000186
445444.038479 3945607.178479 0.000000 -0.000187
445443.769111 3945607.475112 0.000000 -0.000187
445443.499817 3945607.771707 0.000000 -0.000187
445443.230598 3945608.068266 0.000000 -0.000187
445442.961452 3945608.364787 0.000000 -0.000187
445442.692381 3945608.661272 0.000000 -0.000187
445442.423384 3945608.957719 0.000000 -0.000187
445442.154461 3945609.254129 0.000000 -0.000187
445441.885612 3945609.550503 0.000000 -0.000187
445441.616837 3945609.846839 0.000000 -0.000188
445441.348137 3945610.143138 0.000000 -0.000188
445441.079510 3945610.439400 0.000000 -0.000188
445440.810958 3945610.735625 0.000000 -0.000188
445440.542480 3945611.031813 0.000000 -0.000188
445440.274076 3945611.327963 0.000000 -0.000188
445440.005746 3945611.624077 0.000000 -0.000188
445439.737490 3945611.920154 0.000000 -0.000188
445439.469309 3945612.216193 0.000000 -0.000188
445439.201201 3945612.512196 0.000000 -0.000189
445438.933168 3945612.808161 0.000000 -0.000189
445438.665209 3945613.104090 0.000000 -0.000189
445438.397324 3945613.399981 0.000000 -0.000189
445438.129513 3945613.695835 0.000000 -0.000189
445437.861776 3945613.991652 0.000000 -0.000189
445437.594113 3945614.287432 0.000000 -0.000189
445437.326525 3945614.583175 0.000000 -0.000189
445437.059011 3945614.878881 0.000000 -0.000189
445436.791570 3945615.174550 0.000000 -0.000190
445436.524204 3945615.470182 0.000000 -0.000190
445436.256912 3945615.765777 0.000000 -0.000190
445435.989695 3945616.061334 0.000000 -0.000190
445435.722551 3945616.356855 0.000000 -0.000190
445435.455482 3945616.652338 0.000000 -0.000190
445435.188486 3945616.947785 0.000000 -0.000190
445434.921565 3945617.243194 0.000000 -0.000190
445434.654718 3945617.538567 0.000000 -0.000190
445434.387945 3945617.833902 0.000000 -0.000191
445434.121246 3945618.129200 0.000000 -0.000191
445433.854621 3945618.424461 0.000000 -0.000191
445433.588071 3945618.719685 0.000000 -0.000191
445433.321594 3945619.014872 0.000000 -0.000095
445433.055155 3945619.310040 0.000000 0.000000
445432.788716 3945619.605209 0.000000 -0.000000
445432.522277 3945619.900377 0.000000 0.000000
445432.255837 3945620.195546 0.000000 0.000000
445431.989398 3945620.490714 0.000000 -0.000000
445431.722959 3945620.785883 0.000000 0.000000
445431.456519 3945621.081051 0.000000 0.000000
445431.190080 3945621.376219 0.000000 0.000000
445430.923641 3945621.671388 0.000000 0.000000
445430.657201 3945621.966556 0.000000 -0.000000
445430.390762 3945622.261725 0.000000 -0.000000
445430.124323 3945622.556893 0.000000 -0.000000
445429.857883 3945622.852062 0.000000 0.000000
445429.591444 3945623.147230 0.000000 -0.000000
445429.325005 3945623.442398 0.000000 -0.000000
445429.058565 3945623.737567 0.000000 0.000000
445428.792126 3945624.032735 0.000000 0.000000
445428.525687 3945624.327904 0.000000 -0.000000
445428.259247 3945624.623072 0.000000 -0.000000
445427.992808 3945624.918241 0.000000 -0.000000
445427.726369 3945625.213409 0.000000 -0.000000
445427.459929 3945625.508577 0.000000 -0.000000
445427.193490 3945625.803746 0.000000 -0.000000
445426.927051 3945626.098914 0.000000 -0.000000
445426.660612 3945626.394083 0.000000 -0.000000
445426.394172 3945626.689251 0.000000 0.000000
445426.127733 3945626.984420 0.000000 -0.000000
445425.861294 3945627.279588 0.000000 -0.000000
445425.594854 3945627.574756 0.000000 0.000000
445425.328415 3945627.869925 0.000000 0.000000
445425.061976 3945628.165093 0.000000 0.000000
445424.795536 3945628.460262 0.000000 -0.000000
445424.529097 3945628.755430 0.000000 0.000000
445424.262658 3945629.050599 0.000000 -0.000000
445423.996218 3945629.345767 0.000000 -0.000000
445423.729779 3945629.640935 0.000000 0.000000
445423.463340 3945629.936104 0.000000 -0.000000
445423.196900 3945630.231272 0.000000 0.000000
445422.930461 3945630.526441 0.000000 0.000000
445422.664022 3945630.821609 0.000000 0.000000
445422.397582 3945631.116778 0.000000 0.000000
445422.131143 3945631.411946 0.000000 -0.000000
445421.864704 3945631.707114 0.000000 0.000000
445421.598265 3945632.002283 0.000000 0.000000
445421.331825 3945632.297451 0.000000 -0.000000
445421.065386 3945632.592620 0.000000 -0.000000
445420.798947 3945632.887788 0.000000 0.000000
445420.532507 3945633.182957 0.000000 0.000000
445420.266068 3945633.478125 0.000000 0.000000
445419.999629 3945633.773293 0.000000 0.000121
445419.733097 3945634.068536 0.000000 0.000241
445419.466379 3945634.363927 0.000000 0.000241
445419.199477 3945634.659466 0.000000 0.000241
445418.932389 3945634.955153 0.000000 0.000240
445418.665115 3945635.250989 0.000000 0.000240
445418.397656 3945635.546973 0.000000 0.000239
445418.130012 3945635.843105 0.000000 0.000239
445417.862183 3945636.139386 0.000000 0.000238
445417.594168 3945636.435815 0.000000 0.000238
445417.325968 3945636.732392 0.000000 0.000238
445417.057582 3945637.029117 0.000000 0.000237
445416.789012 3945637.325991 0.000000 0.000237
445416.520255 3945637.623013 0.000000 0.000236
445416.251314 3945637.920183 0.000000 0.000236
445415.982187 3945638.217501 0.000000 0.000235
445415.712875 3945638.514968 0.000000 0.000235
445415.443377 3945638.812583 0.000000 0.000235
445415.173694 3945639.110346 0.000000 0.000234
445414.903826 3945639.408258 0.000000 0.000234
445414.633772 3945639.706318 0.000000 0.000233
445414.363533 3945640.004526 0.000000 0.000233
445414.093109 3945640.302882 0.000000 0.000233
445413.822499 3945640.601387 0.000000 0.000232
445413.551704 3945640.900040 0.000000 0.000232
445413.280724 3945641.198841 0.000000 0.000231
445413.009558 3945641.497791 0.000000 0.000231
445412.738207 3945641.796889 0.000000 0.000231
445412.466671 3945642.096135 0.000000 0.000230
445412.194949 3945642.395529 0.000000 0.000230
445411.923042 3945642.695072 0.000000 0.000229
445411.650950 3945642.994763 0.000000 0.000229
445411.378672 3945643.294602 0.000000 0.000229
445411.106209 3945643.594590 0.000000 0.000228
445410.833560 3945643.894725 0.000000 0.000228
445410.560726 3945644.195009 0.000000 0.000227
445410.287707 3945644.495442 0.000000 0.000227
445410.014502 3945644.796022 0.000000 0.000227
445409.741112 3945645.096751 0.000000 0.000226
445409.467537 3945645.397628 0.000000 0.000226
445409.193777 3945645.698654 0.000000 0.000225
445408.919831 3945645.999828 0.000000 0.000225
445408.645699 3945646.301150 0.000000 0.000225
445408.371383 3945646.602620 0.000000 0.000224
445408.096881 3945646.904238 0.000000 0.000224
445407.822193 3945647.206005 0.000000 0.000224
445407.547321 3945647.507920 0.000000 0.000223
445407.272263 3945647.809984 0.000000 0.000223
445406.997019 3945648.112196 0.000000 0.000222
445406.721590 3945648.414556 0.000000 0.000222
445406.445976 3945648.717064 0.000000 0.000065
445406.170195 3945649.019739 0.000000 -0.000091
445405.894266 3945649.322599 0.000000 -0.000091
445405.618189 3945649.625645 0.000000 -0.000090
445405.341963 3945649.928876 0.000000 -0.000090
445405.065589 3945650.232293 0.000000 -0.000090
445404.789067 3945650.535894 0.000000 -0.000090
445404.512396 3945650.839682 0.000000 -0.000090
445404.235577 3945651.143654 0.000000 -0.000090
445403.958610 3945651.447812 0.000000 -0.000089
445403.681495 3945651.752155 0.000000 -0.000089
445403.404231 3945652.056684 0.000000 -0.000089
445403.126819 3945652.361398 0.000000 -0.000089
445402.849259 3945652.666297 0.000000 -0.000089
445402.571550 3945652.971381 0.000000 -0.000089
445402.293693 3945653.276651 0.000000 -0.000089
445402.015688 3945653.582107 0.000000 -0.000088
445401.737535 3945653.887747 0.000000 -0.000088
445401.459233 3945654.193573 0.000000 -0.000088
445401.180783 3945654.499585 0.000000 -0.000088
445400.902185 3945654.805781 0.000000 -0.000088
445400.623439 3945655.112163 0.000000 -0.000088
445400.344544 3945655.418731 0.000000 -0.000088
445400.065501 3945655.725484 0.000000 -0.000087
445399.786309 3945656.032422 0.000000 -0.000087
445399.506970 3945656.339545 0.000000 -0.000087
445399.227482 3945656.646854 0.000000 -0.000087
445398.947846 3945656.954348 0.000000 -0.000087
445398.668061 3945657.262028 0.000000 -0.000087
445398.388128 3945657.569892 0.000000 -0.000086
445398.108047 3945657.877943 0.000000 -0.000086
445397.827818 3945658.186178 0.000000 -0.000086
445397.547441 3945658.494599 0.000000 -0.000086
445397.266915 3945658.803205 0.000000 -0.000086
445396.986241 3945659.111997 0.000000 -0.000086
445396.705418 3945659.420974 0.000000 -0.000086
445396.424448 3945659.730136 0.000000 -0.000085
445396.143329 3945660.039484 0.000000 -0.000085
445395.862061 3945660.349017 0.000000 -0.000085
445395.580646 3945660.658735 0.000000 -0.000085
445395.299082 3945660.968639 0.000000 -0.000085
445395.017370 3945661.278728 0.000000 -0.000085
445394.735510 3945661.589002 0.000000 -0.000085
445394.453501 3945661.899462 0.000000 -0.000084
445394.171344 3945662.210107 0.000000 -0.000084
445393.889039 3945662.520937 0.000000 -0.000084
445393.606585 3945662.831953 0.000000 -0.000084
445393.323984 3945663.143154 0.000000 -0.000084
445393.041234 3945663.454541 0.000000 -0.000084
445392.758335 3945663.766113 0.000000 -0.000084
445392.475289 3945664.077870 0.000000 -0.000217
445392.192075 3945664.389868 0.000000 -0.000349
445391.908676 3945664.702163 0.000000 -0.000348
445391.625092 3945665.014754 0.000000 -0.000348
445391.341323 3945665.327642 0.000000 -0.000347
445391.057368 3945665.640826 0.000000 -0.000346
445390.773228 3945665.954307 0.000000 -0.000345
445390.488902 3945666.268084 0.000000 -0.000344
445390.204392 3945666.582158 0.000000 -0.000343
445389.919695 3945666.896529 0.000000 -0.000342
445389.634814 3945667.211196 0.000000 -0.000342
445389.349747 3945667.526160 0.000000 -0.000341
445389.064495 3945667.841420 0.000000 -0.000340
445388.779057 3945668.156977 0.000000 -0.000339
445388.493434 3945668.472830 0.000000 -0.000338
445388.207626 3945668.788980 0.000000 -0.000338
445387.921632 3945669.105427 0.000000 -0.000337
445387.635453 3945669.422170 0.000000 -0.000336
445387.349089 3945669.739209 0.000000 -0.000335
445387.062539 3945670.056546 0.000000 -0.000334
445386.775804 3945670.374178 0.000000 -0.000333
445386.488884 3945670.692108 0.000000 -0.000333
445386.201778 3945671.010333 0.000000 -0.000332
445385.914487 3945671.328856 0.000000 -0.000331
445385.627010 3945671.647675 0.000000 -0.000330
445385.339349 3945671.966790 0.000000 -0.000329
445385.051501 3945672.286202 0.000000 -0.000329
445384.763469 3945672.605911 0.000000 -0.000328
445384.475251 3945672.925916 0.000000 -0.000327
445384.186848 3945673.246218 0.000000 -0.000326
445383.898259 3945673.566816 0.000000 -0.000326
445383.609486 3945673.887711 0.000000 -0.000325
445383.320526 3945674.208903 0.000000 -0.000324
445383.031382 3945674.530391 0.000000 -0.000323
445382.742052 3945674.852175 0.000000 -0.000322
445382.452537 3945675.174256 0.000000 -0.000322
445382.162836 3945675.496634 0.000000 -0.000321
445381.872950 3945675.819308 0.000000 -0.000320
445381.582879 3945676.142279 0.000000 -0.000319
445381.292622 3945676.465546 0.000000 -0.000319
445381.002180 3945676.789110 0.000000 -0.000318
445380.711553 3945677.112971 0.000000 -0.000317
445380.420740 3945677.437128 0.000000 -0.000316
445380.129742 3945677.761581 0.000000 -0.000316
445379.838558 3945678.086332 0.000000 -0.000315
445379.547190 3945678.411378 0.000000 -0.000314
445379.255635 3945678.736722 0.000000 -0.000313
445378.963896 3945679.062361 0.000000 -0.000313
445378.671971 3945679.388298 0.000000 -0.000312
445378.379861 3945679.714531 0.000000 -0.000311
445378.087565 3945680.041060 0.000000 -0.000087
445377.795168 3945680.367729 0.000000 0.000136
445377.502752 3945680.694379 0.000000 0.000136
445377.210317 3945681.021010 0.000000 0.000136
445376.917864 3945681.347623 0.000000 0.000136
445376.625393 3945681.674217 0.000000 0.000136
445376.332903 3945682.000793 0.000000 0.000136
445376.040394 3945682.327350 0.000000 0.000136
445375.747867 3945682.653889 0.000000 0.000136
445375.455321 3945682.980409 0.000000 0.000136
445375.162757 3945683.306911 0.000000 0.000136
445374.870174 3945683.633394 0.000000 0.000136
445374.577573 3945683.959859 0.000000 0.000136
445374.284953 3945684.286305 0.000000 0.000136
445373.992314 3945684.612733 0.000000 0.000136
445373.699657 3945684.939142 0.000000 0.000136
445373.406982 3945685.265532 0.000000 0.000136
445373.114288 3945685.591904 0.000000 0.000136
445372.821575 3945685.918257 0.000000 0.000136
445372.528844 3945686.244592 0.000000 0.000136
445372.236095 3945686.570909 0.000000 0.000136
445371.943326 3945686.897206 0.000000 0.000136
445371.650540 3945687.223486 0.000000 0.000136
445371.357735 3945687.549746 0.000000 0.000136
445371.064911 3945687.875989 0.000000 0.000136
445370.772069 3945688.202212 0.000000 0.000136
445370.479208 3945688.528417 0.000000 0.000136
445370.186328 3945688.854604 0.000000 0.000136
445369.893430 3945689.180772 0.000000 0.000136
445369.600514 3945689.506922 0.000000 0.000136
445369.307579 3945689.833053 0.000000 0.000136
445369.014626 3945690.159165 0.000000 0.000136
445368.721653 3945690.485259 0.000000 0.000136
445368.428663 3945690.811334 0.000000 0.000136
445368.135654 3945691.137391 0.000000 0.000136
445367.842626 3945691.463430 0.000000 0.000136
445367.549580 3945691.789449 0.000000 0.000136
445367.256515 3945692.115451 0.000000 0.000136
445366.963432 3945692.441433 0.000000 0.000136
445366.670330 3945692.767397 0.000000 0.000136
445366.377210 3945693.093343 0.000000 0.000136
445366.084071 3945693.419270 0.000000 0.000136
445365.790914 3945693.745179 0.000000 0.000136
445365.497738 3945694.071069 0.000000 0.000136
445365.204543 3945694.396940 0.000000 0.000136
445364.911330 3945694.722793 0.000000 0.000136
445364.618099 3945695.048628 0.000000 0.000136
445364.324849 3945695.374444 0.000000 0.000136
445364.031580 3945695.700241 0.000000 0.000136
445363.738293 3945696.026020 0.000000 0.000136
445363.444987 3945696.351780 0.000000 0.000072
445363.151663 3945696.677540 0.000000 0.000007
445362.858320 3945697.003319 0.000000 0.000007
445362.564959 3945697.329117 0.000000 0.000007
445362.271579 3945697.654933 0.000000 0.000007
445361.978181 3945697.980767 0.000000 0.000007
445361.684764 3945698.306620 0.000000 0.000007
445361.391329 3945698.632491 0.000000 0.000007
445361.097875 3945698.958381 0.000000 0.000007
445360.804402 3945699.284290 0.000000 0.000007
445360.510911 3945699.610217 0.000000 0.000007
445360.217402 3945699.936163 0.000000 0.000007
445359.923874 3945700.262127 0.000000 0.000007
445359.630327 3945700.588110 0.000000 0.000007
445359.336762 3945700.914111 0.000000 0.000007
445359.043178 3945701.240131 0.000000 0.000007
445358.749576 3945701.566169 0.000000 0.000007
445358.455955 3945701.892226 0.000000 0.000007
445358.162316 3945702.218301 0.000000 0.000007
445357.868658 3945702.544395 0.000000 0.000007
445357.574982 3945702.870508 0.000000 0.000007
445357.281287 3945703.196639 0.000000 0.000007
445356.987573 3945703.522788 0.000000 0.000007
445356.693841 3945703.848956 0.000000 0.000007
445356.400091 3945704.175143 0.000000 0.000007
445356.106322 3945704.501348 0.000000 0.000007
445355.812534 3945704.827572 0.000000 0.000007
445355.518728 3945705.153814 0.000000 0.000007
445355.224903 3945705.480075 0.000000 0.000007
445354.931060 3945705.806354 0.000000 0.000007
445354.637198 3945706.132652 0.000000 0.000007
445354.343318 3945706.458968 0.000000 0.000007
445354.049419 3945706.785303 0.000000 0.000007
445353.755502 3945707.111656 0.000000 0.000007
445353.461566 3945707.438028 0.000000 0.000007
445353.167612 3945707.764419 0.000000 0.000007
445352.873639 3945708.090828 0.000000 0.000007
445352.579648 3945708.417255 0.000000 0.000007
445352.285638 3945708.743701 0.000000 0.000007
445351.991609 3945709.070166 0.000000 0.000007
445351.697562 3945709.396649 0.000000 0.000007
445351.403496 3945709.723151 0.000000 0.000007
445351.109412 3945710.049671 0.000000 0.000007
445350.815310 3945710.376210 0.000000 0.000007
445350.521188 3945710.702767 0.000000 0.000007
445350.227049 3945711.029343 0.000000 0.000007
445349.932890 3945711.355937 0.000000 0.000007
445349.638713 3945711.682550 0.000000 0.000007
445349.344518 3945712.009182 0.000000 0.000007
445349.050304 3945712.335832 0.000000 0.000007
445348.756072 3945712.662500 0.000000 -0.000018
445348.461886 3945712.989122 0.000000 -0.000042
445348.167811 3945713.315633 0.000000 -0.000043
445347.873847 3945713.642033 0.000000 -0.000043
445347.579995 3945713.968322 0.000000 -0.000043
445347.286254 3945714.294499 0.000000 -0.000043
445346.992624 3945714.620565 0.000000 -0.000043
445346.699105 3945714.946520 0.000000 -0.000043
445346.405697 3945715.272364 0.000000 -0.000043
445346.112401 3945715.598096 0.000000 -0.000043
445345.819215 3945715.923717 0.000000 -0.000043
445345.526142 3945716.249227 0.000000 -0.000043
445345.233179 3945716.574626 0.000000 -0.000043
445344.940327 3945716.899914 0.000000 -0.000043
445344.647587 3945717.225090 0.000000 -0.000043
445344.354958 3945717.550156 0.000000 -0.000043
445344.062440 3945717.875110 0.000000 -0.000043
445343.770033 3945718.199952 0.000000 -0.000043
445343.477738 3945718.524684 0.000000 -0.000043
445343.185553 3945718.849304 0.000000 -0.000043
445342.893480 3945719.173814 0.000000 -0.000043
445342.601518 3945719.498212 0.000000 -0.000043
445342.309668 3945719.822498 0.000000 -0.000043
445342.017928 3945720.146674 0.000000 -0.000044
445341.726300 3945720.470738 0.000000 -0.000044
445341.434783 3945720.794691 0.000000 -0.000044
445341.143377 3945721.118533 0.000000 -0.000044
445340.852082 3945721.442264 0.000000 -0.000044
445340.560899 3945721.765884 0.000000 -0.000044
445340.269827 3945722.089392 0.000000 -0.000044
445339.978866 3945722.412789 0.000000 -0.000044
445339.688016 3945722.736075 0.000000 -0.000044
445339.397277 3945723.059250 0.000000 -0.000044
445339.106650 3945723.382313 0.000000 -0.000044
445338.816134 3945723.705265 0.000000 -0.000044
445338.525729 3945724.028106 0.000000 -0.000044
445338.235435 3945724.350836 0.000000 -0.000044
445337.945252 3945724.673455 0.000000 -0.000044
445337.655181 3945724.995962 0.000000 -0.000044
445337.365221 3945725.318358 0.000000 -0.000044
445337.075372 3945725.640643 0.000000 -0.000044
445336.785634 3945725.962817 0.000000 -0.000044
445336.496008 3945726.284880 0.000000 -0.000044
445336.206493 3945726.606831 0.000000 -0.000044
445335.917089 3945726.928671 0.000000 -0.000045
445335.627796 3945727.250400 0.000000 -0.000045
445335.338614 3945727.572018 0.000000 -0.000045
445335.049544 3945727.893525 0.000000 -0.000045
445334.760584 3945728.214920 0.000000 -0.000045
445334.471736 3945728.536204 0.000000 -0.000045
445334.183000 3945728.857377 0.000000 0.000159
445333.894198 3945729.178578 0.000000 0.000362
445333.605155 3945729.499945 0.000000 0.000361
445333.315872 3945729.821479 0.000000 0.000361
445333.026347 3945730.143181 0.000000 0.000360
445332.736582 3945730.465049 0.000000 0.000359
445332.446575 3945730.787083 0.000000 0.000359
445332.156328 3945731.109285 0.000000 0.000358
445331.865839 3945731.431653 0.000000 0.000357
445331.575110 3945731.754189 0.000000 0.000357
445331.284140 3945732.076891 0.000000 0.000356
445330.992929 3945732.399759 0.000000 0.000355
445330.701476 3945732.722795 0.000000 0.000354
445330.409783 3945733.045998 0.000000 0.000354
445330.117849 3945733.369367 0.000000 0.000353
445329.825674 3945733.692903 0.000000 0.000352
445329.533258 3945734.016606 0.000000 0.000352
445329.240601 3945734.340476 0.000000 0.000351
445328.947703 3945734.664512 0.000000 0.000350
445328.654564 3945734.988716 0.000000 0.000350
445328.361185 3945735.313086 0.000000 0.000349
445328.067564 3945735.637623 0.000000 0.000348
445327.773702 3945735.962327 0.000000 0.000348
445327.479599 3945736.287197 0.000000 0.000347
445327.185256 3945736.612235 0.000000 0.000346
445326.890671 3945736.937439 0.000000 0.000346
445326.595846 3945737.262810 0.000000 0.000345
445326.300779 3945737.588348 0.000000 0.000344
445326.005472 3945737.914052 0.000000 0.000343
445325.709923 3945738.239924 0.000000 0.000343
445325.414134 3945738.565962 0.000000 0.000342
445325.118104 3945738.892167 0.000000 0.000341
445324.821833 3945739.218539 0.000000 0.000341
445324.525320 3945739.545078 0.000000 0.000340
445324.228567 3945739.871784 0.000000 0.000340
445323.931573 3945740.198656 0.000000 0.000339
445323.634338 3945740.525695 0.000000 0.000338
445323.336862 3945740.852901 0.000000 0.000338
445323.039145 3945741.180274 0.000000 0.000337
445322.741187 3945741.507814 0.000000 0.000336
445322.442988 3945741.835520 0.000000 0.000336
445322.144548 3945742.163394 0.000000 0.000335
445321.845868 3945742.491434 0.000000 0.000334
445321.546946 3945742.819641 0.000000 0.000334
445321.247783 3945743.148014 0.000000 0.000333
445320.948379 3945743.476555 0.000000 0.000332
445320.648735 3945743.805262 0.000000 0.000332
445320.348849 3945744.134136 0.000000 0.000331
445320.048723 3945744.463177 0.000000 0.000330
445319.748355 3945744.792385 0.000000 0.000330
445319.447747 3945745.121760 0.000000 0.000027
445319.147055 3945745.451218 0.000000 -0.000275
445318.846437 3945745.780676 0.000000 -0.000275
445318.545894 3945746.110134 0.000000 -0.000275
445318.245424 3945746.439592 0.000000 -0.000276
445317.945029 3945746.769050 0.000000 -0.000276
445317.644708 3945747.098508 0.000000 -0.000276
445317.344461 3945747.427966 0.000000 -0.000276
445317.044288 3945747.757424 0.000000 -0.000276
445316.744189 3945748.086882 0.000000 -0.000276
445316.444165 3945748.416340 0.000000 -0.000276
445316.144214 3945748.745798 0.000000 -0.000276
445315.844338 3945749.075256 0.000000 -0.000276
445315.544536 3945749.404714 0.000000 -0.000276
445315.244808 3945749.734172 0.000000 -0.000276
445314.945154 3945750.063630 0.000000 -0.000277
445314.645574 3945750.393088 0.000000 -0.000277
445314.346069 3945750.722546 0.000000 -0.000277
445314.046637 3945751.052004 0.000000 -0.000277
445313.747280 3945751.381462 0.000000 -0.000277
445313.447997 3945751.710920 0.000000 -0.000277
445313.148788 3945752.040378 0.000000 -0.000277
445312.849653 3945752.369836 0.000000 -0.000277
445312.550592 3945752.699294 0.000000 -0.000277
445312.251605 3945753.028752 0.000000 -0.000277
445311.952693 3945753.358210 0.000000 -0.000278
445311.653855 3945753.687668 0.000000 -0.000278
445311.355090 3945754.017126 0.000000 -0.000278
445311.056400 3945754.346584 0.000000 -0.000278
445310.757784 3945754.676042 0.000000 -0.000278
445310.459243 3945755.005500 0.000000 -0.000278
445310.160775 3945755.334958 0.000000 -0.000278
445309.862382 3945755.664416 0.000000 -0.000278
445309.564062 3945755.993874 0.000000 -0.000278
445309.265817 3945756.323332 0.000000 -0.000278
445308.967646 3945756.652790 0.000000 -0.000278
445308.669549 3945756.982248 0.000000 -0.000279
445308.371526 3945757.311706 0.000000 -0.000279
445308.073577 3945757.641164 0.000000 -0.000279
445307.775703 3945757.970622 0.000000 -0.000279
445307.477903 3945758.300080 0.000000 -0.000279
445307.180176 3945758.629538 0.000000 -0.000279
445306.882524 3945758.958996 0.000000 -0.000279
445306.584946 3945759.288454 0.000000 -0.000279
445306.287442 3945759.617912 0.000000 -0.000279
445305.990013 3945759.947370 0.000000 -0.000279
445305.692657 3945760.276828 0.000000 -0.000279
445305.395376 3945760.606286 0.000000 -0.000280
445305.098169 3945760.935744 0.000000 -0.000280
445304.801035 3945761.265202 0.000000 -0.000280
445304.503976 3945761.594660 0.000000 -0.000087
445304.206982 3945761.924072 0.000000 0.000106
445303.910044 3945762.253391 0.000000 0.000106
445303.613161 3945762.582617 0.000000 0.000106
445303.316334 3945762.911751 0.000000 0.000106
445303.019562 3945763.240792 0.000000 0.000106
445302.722846 3945763.569740 0.000000 0.000106
445302.426185 3945763.898596 0.000000 0.000106
445302.129580 3945764.227359 0.000000 0.000106
445301.833031 3945764.556029 0.000000 0.000106
445301.536537 3945764.884606 0.000000 0.000106
445301.240099 3945765.213091 0.000000 0.000106
445300.943717 3945765.541484 0.000000 0.000106
445300.647390 3945765.869783 0.000000 0.000106
445300.351119 3945766.197990 0.000000 0.000107
445300.054903 3945766.526104 0.000000 0.000107
445299.758743 3945766.854126 0.000000 0.000107
445299.462639 3945767.182055 0.000000 0.000107
445299.166590 3945767.509891 0.000000 0.000107
445298.870597 3945767.837634 0.000000 0.000107
445298.574659 3945768.165285 0.000000 0.000107
445298.278777 3945768.492844 0.000000 0.000107
445297.982951 3945768.820309 0.000000 0.000107
445297.687180 3945769.147682 0.000000 0.000107
445297.391465 3945769.474962 0.000000 0.000107
445297.095805 3945769.802149 0.000000 0.000107
445296.800201 3945770.129244 0.000000 0.000107
445296.504653 3945770.456246 0.000000 0.000108
445296.209160 3945770.783156 0.000000 0.000108
445295.913723 3945771.109973 0.000000 0.000108
445295.618341 3945771.436697 0.000000 0.000108
445295.323015 3945771.763328 0.000000 0.000108
445295.027745 3945772.089867 0.000000 0.000108
445294.732530 3945772.416313 0.000000 0.000108
445294.437371 3945772.742666 0.000000 0.000108
445294.142267 3945773.068927 0.000000 0.000108
445293.847219 3945773.395095 0.000000 0.000108
445293.552227 3945773.721171 0.000000 0.000108
445293.257290 3945774.047153 0.000000 0.000108
445292.962409 3945774.373043 0.000000 0.000108
445292.667583 3945774.698841 0.000000 0.000109
445292.372814 3945775.024545 0.000000 0.000109
445292.078099 3945775.350157 0.000000 0.000109
445291.783441 3945775.675677 0.000000 0.000109
445291.488837 3945776.001103 0.000000 0.000109
445291.194290 3945776.326437 0.000000 0.000109
445290.899798 3945776.651679 0.000000 0.000109
445290.605362 3945776.976827 0.000000 0.000109
445290.310981 3945777.301883 0.000000 0.000109
445290.016656 3945777.626847 0.000000 0.000109
445289.722386 3945777.951717 0.000000 0.000038
445289.428191 3945778.276495 0.000000 -0.000034
445289.134088 3945778.601181 0.000000 -0.000034
445288.840078 3945778.925773 0.000000 -0.000034
445288.546161 3945779.250273 0.000000 -0.000034
445288.252336 3945779.574680 0.000000 -0.000034
445287.958604 3945779.898995 0.000000 -0.000034
445287.664965 3945780.223217 0.000000 -0.000034
445287.371419 3945780.547346 0.000000 -0.000034
445287.077965 3945780.871383 0.000000 -0.000034
445286.784603 3945781.195326 0.000000 -0.000034
445286.491335 3945781.519178 0.000000 -0.000034
445286.198159 3945781.842936 0.000000 -0.000034
445285.905076 3945782.166602 0.000000 -0.000034
445285.612085 3945782.490175 0.000000 -0.000034
445285.319187 3945782.813656 0.000000 -0.000034
445285.026382 3945783.137043 0.000000 -0.000034
445284.733669 3945783.460339 0.000000 -0.000034
445284.441049 3945783.783541 0.000000 -0.000034
445284.148522 3945784.106651 0.000000 -0.000034
445283.856088 3945784.429668 0.000000 -0.000034
445283.563746 3945784.752592 0.000000 -0.000034
445283.271497 3945785.075424 0.000000 -0.000034
445282.979340 3945785.398163 0.000000 -0.000034
445282.687276 3945785.720810 0.000000 -0.000034
445282.395305 3945786.043364 0.000000 -0.000034
445282.103427 3945786.365825 0.000000 -0.000034
445281.811641 3945786.688193 0.000000 -0.000034
445281.519948 3945787.010469 0.000000 -0.000035
445281.228347 3945787.332652 0.000000 -0.000035
445280.936840 3945787.654742 0.000000 -0.000035
445280.645424 3945787.976740 0.000000 -0.000035
445280.354102 3945788.298645 0.000000 -0.000035
445280.062872 3945788.620457 0.000000 -0.000035
445279.771735 3945788.942177 0.000000 -0.000035
445279.480691 3945789.263804 0.000000 -0.000035
445279.189739 3945789.585338 0.000000 -0.000035
445278.898880 3945789.906780 0.000000 -0.000035
445278.608114 3945790.228129 0.000000 -0.000035
445278.317440 3945790.549385 0.000000 -0.000035
445278.026859 3945790.870549 0.000000 -0.000035
445277.736370 3945791.191620 0.000000 -0.000035
445277.445975 3945791.512598 0.000000 -0.000035
445277.155672 3945791.833484 0.000000 -0.000035
445276.865461 3945792.154277 0.000000 -0.000035
445276.575344 3945792.474977 0.000000 -0.000035
445276.285319 3945792.795585 0.000000 -0.000035
445275.995386 3945793.116100 0.000000 -0.000035
445275.705547 3945793.436522 0.000000 -0.000035
445275.415800 3945793.756851 0.000000 -0.000035
445275.126146 3945794.077088 0.000000 0.000242
445274.836556 3945794.397186 0.000000 0.000520
445274.547004 3945794.717099 0.000000 0.000521
445274.257488 3945795.036826 0.000000 0.000521
445273.968010 3945795.356368 0.000000 0.000522
445273.678569 3945795.675724 0.000000 0.000522
445273.389165 3945795.994895 0.000000 0.000523
445273.099798 3945796.313881 0.000000 0.000524
445272.810468 3945796.632681 0.000000 0.000524
445272.521175 3945796.951297 0.000000 0.000525
445272.231919 3945797.269726 0.000000 0.000525
445271.942701 3945797.587971 0.000000 0.000526
445271.653519 3945797.906030 0.000000 0.000527
445271.364375 3945798.223903 0.000000 0.000527
445271.075267 3945798.541592 0.000000 0.000528
445270.786197 3945798.859095 0.000000 0.000528
445270.497163 3945799.176412 0.000000 0.000529
445270.208167 3945799.493545 0.000000 0.000530
445269.919208 3945799.810492 0.000000 0.000530
445269.630286 3945800.127253 0.000000 0.000531
445269.341400 3945800.443829 0.000000 0.000531
445269.052552 3945800.760220 0.000000 0.000532
445268.763741 3945801.076426 0.000000 0.000533
445268.474968 3945801.392446 0.000000 0.000533
445268.186231 3945801.708281 0.000000 0.000534
445267.897531 3945802.023930 0.000000 0.000534
445267.608868 3945802.339395 0.000000 0.000535
445267.320243 3945802.654673 0.000000 0.000536
445267.031654 3945802.969767 0.000000 0.000536
445266.743103 3945803.284675 0.000000 0.000537
445266.454588 3945803.599398 0.000000 0.000537
445266.166111 3945803.913935 0.000000 0.000538
445265.877671 3945804.228287 0.000000 0.000539
445265.589268 3945804.542454 0.000000 0.000539
445265.300901 3945804.856435 0.000000 0.000540
445265.012572 3945805.170231 0.000000 0.000541
445264.724280 3945805.483842 0.000000 0.000541
445264.436026 3945805.797267 0.000000 0.000542
445264.147808 3945806.110507 0.000000 0.000542
445263.859627 3945806.423562 0.000000 0.000543
445263.571483 3945806.736431 0.000000 0.000544
445263.283377 3945807.049115 0.000000 0.000544
445262.995307 3945807.361614 0.000000 0.000545
445262.707275 3945807.673927 0.000000 0.000546
445262.419279 3945807.986055 0.000000 0.000546
445262.131321 3945808.297997 0.000000 0.000547
445261.843400 3945808.609754 0.000000 0.000547
445261.555515 3945808.921326 0.000000 0.000548
445261.267668 3945809.232713 0.000000 0.000549
445260.979858 3945809.543914 0.000000 0.000549
445260.692085 3945809.854930 0.000000 0.001478
445260.404535 3945810.165315 0.000000 0.002419
445260.117392 3945810.474626 0.000000 0.002438
445259.830657 3945810.782861 0.000000 0.002456
445259.544329 3945811.090022 0.000000 0.002475
445259.258410 3945811.396107 0.000000 0.002494
445258.972898 3945811.701118 0.000000 0.002513
445258.687794 3945812.005053 0.000000 0.002532
445258.403098 3945812.307914 0.000000 0.002552
445258.118810 3945812.609699 0.000000 0.002571
445257.834929 3945812.910409 0.000000 0.002591
445257.551456 3945813.210045 0.000000 0.002611
445257.268391 3945813.508605 0.000000 0.002632
445256.985733 3945813.806090 0.000000 0.002652
445256.703484 3945814.102501 0.000000 0.002673
445256.421642 3945814.397836 0.000000 0.002694
445256.140208 3945814.692096 0.000000 0.002715
445255.859182 3945814.985281 0.000000 0.002736
445255.578563 3945815.277391 0.000000 0.002758
445255.298352 3945815.568426 0.000000 0.002779
445255.018549 3945815.858387 0.000000 0.002801
445254.739154 3945816.147272 0.000000 0.002824
445254.460167 3945816.435082 0.000000 0.002846
445254.181587 3945816.721817 0.000000 0.002869
445253.903415 3945817.007477 0.000000 0.002891
445253.625651 3945817.292062 0.000000 0.002914
445253.348295 3945817.575572 0.000000 0.002938
445253.071346 3945817.858007 0.000000 0.002961
445252.794805 3945818.139367 0.000000 0.002985
445252.518672 3945818.419652 0.000000 0.003009
445252.242947 3945818.698861 0.000000 0.003033
445251.967629 3945818.976996 0.000000 0.003058
445251.692719 3945819.254056 0.000000 0.003083
445251.418217 3945819.530041 0.000000 0.003108
445251.144123 3945819.804951 0.000000 0.003133
445250.870437 3945820.078785 0.000000 0.003159
445250.597158 3945820.351545 0.000000 0.003185
445250.324287 3945820.623230 0.000000 0.003211
445250.051824 3945820.893840 0.000000 0.003237
445249.779769 3945821.163374 0.000000 0.003264
445249.508121 3945821.431834 0.000000 0.003291
445249.236881 3945821.699218 0.000000 0.003318
445248.966049 3945821.965528 0.000000 0.003345
445248.695625 3945822.230762 0.000000 0.003373
445248.425608 3945822.494922 0.000000 0.003401
445248.155999 3945822.758007 0.000000 0.003429
445247.886798 3945823.020016 0.000000 0.003458
445247.618005 3945823.280950 0.000000 0.003487
445247.349620 3945823.540810 0.000000 0.003516
445247.081642 3945823.799594 0.000000 0.003546
445246.814072 3945824.057304 0.000000 0.002647
445246.547413 3945824.313631 0.000000 0.001745
445246.282170 3945824.568270 0.000000 0.001776
445246.018342 3945824.821221 0.000000 0.001808
445245.755929 3945825.072483 0.000000 0.001841
445245.494931 3945825.322057 0.000000 0.001875
445245.235348 3945825.569943 0.000000 0.001910
445244.977180 3945825.816139 0.000000 0.001945
445244.720427 3945826.060648 0.000000 0.001982
445244.465090 3945826.303468 0.000000 0.002019
445244.211167 3945826.544599 0.000000 0.002057
445243.958660 3945826.784042 0.000000 0.002096
445243.707567 3945827.021797 0.000000 0.002137
445243.457890 3945827.257863 0.000000 0.002178
445243.209628 3945827.492241 0.000000 0.002220
445242.962781 3945827.724930 0.000000 0.002263
445242.717350 3945827.955931 0.000000 0.002308
445242.473333 3945828.185243 0.000000 0.002354
445242.230731 3945828.412867 0.000000 0.002401
445241.989545 3945828.638802 0.000000 0.002449
445241.749774 3945828.863049 0.000000 0.002498
445241.511417 3945829.085608 0.000000 0.002549
445241.274476 3945829.306478 0.000000 0.002601
445241.038950 3945829.525659 0.000000 0.002655
445240.804840 3945829.743152 0.000000 0.002710
445240.572144 3945829.958957 0.000000 0.002766
445240.340863 3945830.173073 0.000000 0.002824
445240.110998 3945830.385501 0.000000 0.002884
445239.882547 3945830.596240 0.000000 0.002946
445239.655512 3945830.805291 0.000000 0.003009
445239.429892 3945831.012653 0.000000 0.003074
445239.205687 3945831.218327 0.000000 0.003141
445238.982897 3945831.422313 0.000000 0.003210
445238.761522 3945831.624610 0.000000 0.003281
445238.541562 3945831.825218 0.000000 0.003354
445238.323018 3945832.024138 0.000000 0.003429
445238.105888 3945832.221370 0.000000 0.003506
445237.890174 3945832.416913 0.000000 0.003586
445237.675875 3945832.610768 0.000000 0.003668
445237.462990 3945832.802934 0.000000 0.003753
445237.251521 3945832.993412 0.000000 0.003840
445237.041467 3945833.182201 0.000000 0.003930
445236.832829 3945833.369302 0.000000 0.004023
445236.625605 3945833.554714 0.000000 0.004119
445236.419796 3945833.738438 0.000000 0.004217
445236.215403 3945833.920474 0.000000 0.004319
445236.012425 3945834.100821 0.000000 0.004425
445235.810861 3945834.279479 0.000000 0.004533
445235.610713 3945834.456449 0.000000 0.004646
445235.411980 3945834.631731 0.000000 0.004762
