445411.934379 3945614.173129 0.000000 0.000000
445411.832999 3945614.396505 0.000000 0.000000
445411.731619 3945614.619880 0.000000 -0.000000
445411.630239 3945614.843256 0.000000 0.000000
445411.528860 3945615.066632 0.000000 0.000000
445411.427480 3945615.290008 0.000000 -0.000000
445411.326100 3945615.513384 0.000000 -0.000000
445411.224721 3945615.736759 0.000000 0.000000
445411.123341 3945615.960135 0.000000 0.000000
445411.021961 3945616.183511 0.000000 0.000000
445410.920581 3945616.406887 0.000000 -0.000000
445410.819202 3945616.630263 0.000000 0.000000
445410.717822 3945616.853638 0.000000 -0.000000
445410.616442 3945617.077014 0.000000 0.000000
445410.515062 3945617.300390 0.000000 -0.000000
445410.413683 3945617.523766 0.000000 0.000000
445410.312303 3945617.747142 0.000000 0.000000
445410.210923 3945617.970517 0.000000 -0.000000
445410.109544 3945618.193893 0.000000 0.000000
445410.008164 3945618.417269 0.000000 0.000000
445409.906784 3945618.640645 0.000000 0.000000
445409.805404 3945618.864021 0.000000 0.000000
445409.704025 3945619.087396 0.000000 -0.000000
445409.602645 3945619.310772 0.000000 0.000000
445409.501265 3945619.534148 0.000000 -0.000000
445409.399886 3945619.757524 0.000000 0.000000
445409.298506 3945619.980900 0.000000 0.000000
445409.197126 3945620.204275 0.000000 -0.000000
445409.095746 3945620.427651 0.000000 0.000000
445408.994367 3945620.651027 0.000000 -0.000000
445408.892987 3945620.874403 0.000000 0.000000
445408.791607 3945621.097778 0.000000 -0.000000
445408.690228 3945621.321154 0.000000 0.000000
445408.588848 3945621.544530 0.000000 0.000000
445408.487468 3945621.767906 0.000000 0.000000
445408.386088 3945621.991282 0.000000 0.000000
445408.284709 3945622.214657 0.000000 0.000000
445408.183329 3945622.438033 0.000000 -0.000000
445408.081949 3945622.661409 0.000000 0.000000
445407.980569 3945622.884785 0.000000 0.000000
445407.879190 3945623.108161 0.000000 0.000000
445407.777810 3945623.331536 0.000000 0.000000
445407.676430 3945623.554912 0.000000 -0.000000
445407.575051 3945623.778288 0.000000 -0.000000
445407.473671 3945624.001664 0.000000 0.000000
445407.372291 3945624.225040 0.000000 0.000000
445407.270911 3945624.448415 0.000000 0.000000
445407.169532 3945624.671791 0.000000 -0.000000
445407.068152 3945624.895167 0.000000 -0.000000
445406.966772 3945625.118543 0.000000 0.000000
