445406.865393 3945625.341919 0.000000 0.000000
445406.754831 3945625.605430 0.000000 0.000000
445406.645381 3945625.866293 0.000000 0.000000
445406.537042 3945626.124508 0.000000 -0.000000
445406.429815 3945626.380074 0.000000 0.000000
445406.323698 3945626.632992 0.000000 0.000000
445406.218693 3945626.883262 0.000000 0.000000
445406.114799 3945627.130883 0.000000 -0.000000
445406.012016 3945627.375856 0.000000 0.000000
445405.910344 3945627.618181 0.000000 0.000000
445405.809783 3945627.857857 0.000000 -0.000000
445405.710334 3945628.094885 0.000000 0.000000
445405.611995 3945628.329265 0.000000 -0.000000
445405.514768 3945628.560996 0.000000 -0.000000
445405.418652 3945628.790079 0.000000 0.000000
445405.323647 3945629.016513 0.000000 -0.000000
445405.229754 3945629.240299 0.000000 -0.000000
445405.136971 3945629.461437 0.000000 0.000000
445405.045300 3945629.679926 0.000000 -0.000000
445404.954739 3945629.895767 0.000000 -0.000000
445404.865290 3945630.108960 0.000000 0.000000
445404.776953 3945630.319505 0.000000 -0.000000
445404.689726 3945630.527401 0.000000 -0.000000
445404.603610 3945630.732648 0.000000 0.000000
445404.518606 3945630.935247 0.000000 -0.000000
445404.434713 3945631.135198 0.000000 -0.000000
445404.351931 3945631.332501 0.000000 0.000000
445404.270260 3945631.527155 0.000000 -0.000000
445404.189700 3945631.719161 0.000000 0.000000
445404.110252 3945631.908518 0.000000 -0.000000
445404.031915 3945632.095228 0.000000 0.000000
445403.954688 3945632.279288 0.000000 -0.000000
445403.878573 3945632.460701 0.000000 0.000000
445403.803570 3945632.639465 0.000000 -0.000000
445403.729677 3945632.815580 0.000000 0.000000
445403.656896 3945632.989048 0.000000 -0.000000
445403.585225 3945633.159867 0.000000 -0.000000
445403.514666 3945633.328037 0.000000 0.000000
445403.445218 3945633.493560 0.000000 0.000000
445403.376881 3945633.656434 0.000000 0.000000
445403.309656 3945633.816659 0.000000 0.000000
445403.243541 3945633.974236 0.000000 -0.000000
445403.178538 3945634.129165 0.000000 0.000000
445403.114646 3945634.281446 0.000000 -0.000000
445403.051865 3945634.431078 0.000000 -0.000000
445402.990195 3945634.578062 0.000000 0.000000
445402.929636 3945634.722397 0.000000 -0.000000
445402.870189 3945634.864084 0.000000 -0.000000
445402.811852 3945635.003123 0.000000 0.000000
445402.754627 3945635.139513 0.000000 0.000000
445402.698513 3945635.273255 0.000000 0.007502
445402.642753 3945635.405752 0.000000 0.015007
445402.586588 3945635.538407 0.000000 0.014913
445402.530020 3945635.671220 0.000000 0.014819
445402.473047 3945635.804191 0.000000 0.014725
445402.415671 3945635.937321 0.000000 0.014633
445402.357890 3945636.070608 0.000000 0.014541
445402.299705 3945636.204054 0.000000 0.014449
445402.241116 3945636.337657 0.000000 0.014358
445402.182123 3945636.471419 0.000000 0.014268
445402.122726 3945636.605339 0.000000 0.014178
445402.062925 3945636.739417 0.000000 0.014089
445402.002720 3945636.873653 0.000000 0.014000
445401.942111 3945637.008047 0.000000 0.013912
445401.881098 3945637.142600 0.000000 0.013824
445401.819681 3945637.277310 0.000000 0.013737
445401.757859 3945637.412179 0.000000 0.013651
445401.695634 3945637.547205 0.000000 0.013565
445401.633004 3945637.682390 0.000000 0.013480
445401.569971 3945637.817733 0.000000 0.013395
445401.506533 3945637.953234 0.000000 0.013311
445401.442692 3945638.088893 0.000000 0.013227
445401.378446 3945638.224710 0.000000 0.013144
445401.313796 3945638.360686 0.000000 0.013062
445401.248742 3945638.496819 0.000000 0.012980
445401.183284 3945638.633110 0.000000 0.012898
445401.117423 3945638.769560 0.000000 0.012817
445401.051157 3945638.906168 0.000000 0.012737
445400.984486 3945639.042934 0.000000 0.012657
445400.917412 3945639.179858 0.000000 0.012577
445400.849934 3945639.316940 0.000000 0.012498
445400.782052 3945639.454180 0.000000 0.012420
445400.713766 3945639.591578 0.000000 0.012342
445400.645075 3945639.729135 0.000000 0.012265
445400.575981 3945639.866849 0.000000 0.012188
445400.506482 3945640.004722 0.000000 0.012112
445400.436580 3945640.142753 0.000000 0.012036
445400.366273 3945640.280942 0.000000 0.011961
445400.295562 3945640.419289 0.000000 0.011886
445400.224448 3945640.557794 0.000000 0.011812
445400.152929 3945640.696457 0.000000 0.011738
445400.081006 3945640.835278 0.000000 0.011665
445400.008679 3945640.974258 0.000000 0.011592
445399.935948 3945641.113395 0.000000 0.011520
445399.862813 3945641.252691 0.000000 0.011448
445399.789274 3945641.392145 0.000000 0.011377
445399.715331 3945641.531756 0.000000 0.011306
445399.640984 3945641.671526 0.000000 0.011236
445399.566232 3945641.811454 0.000000 0.011166
445399.491077 3945641.951541 0.000000 0.011096
445399.415518 3945642.091785 0.000000 0.005522
445399.339756 3945642.232108 0.000000 -0.000000
445399.263995 3945642.372432 0.000000 -0.000000
445399.188233 3945642.512755 0.000000 0.000000
445399.112472 3945642.653078 0.000000 0.000000
445399.036710 3945642.793402 0.000000 -0.000000
445398.960949 3945642.933725 0.000000 0.000000
445398.885187 3945643.074049 0.000000 -0.000000
445398.809426 3945643.214372 0.000000 -0.000000
445398.733665 3945643.354695 0.000000 0.000000
445398.657903 3945643.495019 0.000000 0.000000
445398.582142 3945643.635342 0.000000 -0.000000
445398.506380 3945643.775665 0.000000 0.000000
445398.430619 3945643.915989 0.000000 0.000000
445398.354857 3945644.056312 0.000000 -0.000000
445398.279096 3945644.196635 0.000000 0.000000
445398.203334 3945644.336959 0.000000 0.000000
445398.127573 3945644.477282 0.000000 -0.000000
445398.051812 3945644.617606 0.000000 0.000000
445397.976050 3945644.757929 0.000000 0.000000
445397.900289 3945644.898252 0.000000 0.000000
445397.824527 3945645.038576 0.000000 -0.000000
445397.748766 3945645.178899 0.000000 0.000000
445397.673004 3945645.319222 0.000000 0.000000
445397.597243 3945645.459546 0.000000 0.000000
445397.521481 3945645.599869 0.000000 0.000000
445397.445720 3945645.740192 0.000000 0.000000
445397.369959 3945645.880516 0.000000 -0.000000
445397.294197 3945646.020839 0.000000 -0.000000
445397.218436 3945646.161163 0.000000 0.000000
445397.142674 3945646.301486 0.000000 -0.000000
445397.066913 3945646.441809 0.000000 0.000000
445396.991151 3945646.582133 0.000000 0.000000
445396.915390 3945646.722456 0.000000 -0.000000
445396.839629 3945646.862779 0.000000 -0.000000
445396.763867 3945647.003103 0.000000 -0.000000
445396.688106 3945647.143426 0.000000 -0.000000
445396.612344 3945647.283749 0.000000 0.000000
445396.536583 3945647.424073 0.000000 -0.000000
445396.460821 3945647.564396 0.000000 0.000000
445396.385060 3945647.704720 0.000000 0.000000
445396.309298 3945647.845043 0.000000 -0.000000
445396.233537 3945647.985366 0.000000 -0.000000
445396.157776 3945648.125690 0.000000 0.000000
445396.082014 3945648.266013 0.000000 -0.000000
445396.006253 3945648.406336 0.000000 0.000000
445395.930491 3945648.546660 0.000000 0.000000
445395.854730 3945648.686983 0.000000 -0.000000
445395.778968 3945648.827306 0.000000 0.000000
445395.703207 3945648.967630 0.000000 0.000000
445395.627445 3945649.107953 0.000000 0.007866
445395.551530 3945649.248140 0.000000 0.015753
445395.475308 3945649.388055 0.000000 0.015780
445395.398778 3945649.527698 0.000000 0.015807
445395.321940 3945649.667068 0.000000 0.015834
445395.244795 3945649.806166 0.000000 0.015860
445395.167343 3945649.944992 0.000000 0.015887
445395.089583 3945650.083545 0.000000 0.015913
445395.011516 3945650.221826 0.000000 0.015939
445394.933141 3945650.359835 0.000000 0.015964
445394.854459 3945650.497572 0.000000 0.015990
445394.775470 3945650.635036 0.000000 0.016015
445394.696173 3945650.772228 0.000000 0.016040
445394.616568 3945650.909147 0.000000 0.016064
445394.536656 3945651.045795 0.000000 0.016089
445394.456437 3945651.182170 0.000000 0.016113
445394.375910 3945651.318272 0.000000 0.016136
445394.295076 3945651.454103 0.000000 0.016160
445394.213935 3945651.589661 0.000000 0.016183
445394.132486 3945651.724947 0.000000 0.016206
445394.050729 3945651.859960 0.000000 0.016229
445393.968665 3945651.994701 0.000000 0.016251
445393.886294 3945652.129170 0.000000 0.016274
445393.803615 3945652.263367 0.000000 0.016295
445393.720629 3945652.397291 0.000000 0.016317
445393.637335 3945652.530943 0.000000 0.016338
445393.553734 3945652.664323 0.000000 0.016359
445393.469826 3945652.797430 0.000000 0.016380
445393.385610 3945652.930265 0.000000 0.016401
445393.301086 3945653.062828 0.000000 0.016421
445393.216255 3945653.195118 0.000000 0.016440
445393.131117 3945653.327136 0.000000 0.016460
445393.045671 3945653.458882 0.000000 0.016479
445392.959918 3945653.590356 0.000000 0.016498
445392.873857 3945653.721557 0.000000 0.016517
445392.787489 3945653.852486 0.000000 0.016535
445392.700814 3945653.983143 0.000000 0.016553
445392.613831 3945654.113527 0.000000 0.016571
445392.526541 3945654.243639 0.000000 0.016588
445392.438943 3945654.373479 0.000000 0.016605
445392.351038 3945654.503046 0.000000 0.016622
445392.262825 3945654.632341 0.000000 0.016639
445392.174305 3945654.761364 0.000000 0.016655
445392.085477 3945654.890115 0.000000 0.016671
445391.996342 3945655.018593 0.000000 0.016686
445391.906900 3945655.146799 0.000000 0.016701
445391.817150 3945655.274732 0.000000 0.016716
445391.727093 3945655.402394 0.000000 0.016731
445391.636728 3945655.529783 0.000000 0.016745
445391.546056 3945655.656899 0.000000 0.016759
445391.455076 3945655.783744 0.000000 0.008385
445391.363943 3945655.910452 0.000000 -0.000000
445391.272810 3945656.037160 0.000000 -0.000000
445391.181676 3945656.163869 0.000000 0.000000
445391.090543 3945656.290577 0.000000 0.000000
445390.999410 3945656.417285 0.000000 -0.000000
445390.908276 3945656.543993 0.000000 0.000000
445390.817143 3945656.670702 0.000000 -0.000000
445390.726010 3945656.797410 0.000000 -0.000000
445390.634876 3945656.924118 0.000000 0.000000
445390.543743 3945657.050827 0.000000 -0.000000
445390.452610 3945657.177535 0.000000 0.000000
445390.361476 3945657.304243 0.000000 -0.000000
445390.270343 3945657.430951 0.000000 -0.000000
445390.179210 3945657.557660 0.000000 0.000000
445390.088076 3945657.684368 0.000000 -0.000000
445389.996943 3945657.811076 0.000000 -0.000000
445389.905810 3945657.937784 0.000000 0.000000
445389.814676 3945658.064493 0.000000 -0.000000
445389.723543 3945658.191201 0.000000 0.000000
445389.632410 3945658.317909 0.000000 -0.000000
445389.541276 3945658.444617 0.000000 -0.000000
445389.450143 3945658.571326 0.000000 0.000000
445389.359010 3945658.698034 0.000000 -0.000000
445389.267876 3945658.824742 0.000000 0.000000
445389.176743 3945658.951451 0.000000 0.000000
445389.085610 3945659.078159 0.000000 -0.000000
445388.994476 3945659.204867 0.000000 0.000000
445388.903343 3945659.331575 0.000000 0.000000
445388.812210 3945659.458284 0.000000 0.000000
445388.721076 3945659.584992 0.000000 -0.000000
445388.629943 3945659.711700 0.000000 0.000000
445388.538810 3945659.838408 0.000000 -0.000000
445388.447676 3945659.965117 0.000000 0.000000
445388.356543 3945660.091825 0.000000 -0.000000
445388.265410 3945660.218533 0.000000 -0.000000
445388.174276 3945660.345241 0.000000 0.000000
445388.083143 3945660.471950 0.000000 0.000000
445387.992010 3945660.598658 0.000000 -0.000000
445387.900876 3945660.725366 0.000000 -0.000000
445387.809743 3945660.852074 0.000000 0.000000
445387.718610 3945660.978783 0.000000 0.000000
445387.627477 3945661.105491 0.000000 0.000000
445387.536343 3945661.232199 0.000000 -0.000000
445387.445210 3945661.358908 0.000000 0.000000
445387.354077 3945661.485616 0.000000 -0.000000
445387.262943 3945661.612324 0.000000 -0.000000
445387.171810 3945661.739032 0.000000 0.000000
445387.080677 3945661.865741 0.000000 0.000000
445386.989543 3945661.992449 0.000000 -0.000000
445386.898410 3945662.119157 0.000000 0.003966
445386.807145 3945662.245883 0.000000 0.007912
445386.715616 3945662.372644 0.000000 0.007884
445386.623824 3945662.499440 0.000000 0.007857
445386.531768 3945662.626271 0.000000 0.007829
445386.439449 3945662.753138 0.000000 0.007802
445386.346867 3945662.880039 0.000000 0.007774
445386.254020 3945663.006976 0.000000 0.007747
445386.160911 3945663.133948 0.000000 0.007720
445386.067537 3945663.260955 0.000000 0.007693
445385.973901 3945663.387997 0.000000 0.007666
445385.880000 3945663.515074 0.000000 0.007639
445385.785837 3945663.642186 0.000000 0.007612
445385.691409 3945663.769334 0.000000 0.007586
445385.596719 3945663.896516 0.000000 0.007559
445385.501764 3945664.023734 0.000000 0.007533
445385.406546 3945664.150987 0.000000 0.007506
445385.311065 3945664.278275 0.000000 0.007480
445385.215320 3945664.405598 0.000000 0.007454
445385.119312 3945664.532956 0.000000 0.007428
445385.023040 3945664.660350 0.000000 0.007402
445384.926504 3945664.787778 0.000000 0.007376
445384.829705 3945664.915242 0.000000 0.007350
445384.732643 3945665.042741 0.000000 0.007324
445384.635317 3945665.170275 0.000000 0.007298
445384.537727 3945665.297844 0.000000 0.007273
445384.439874 3945665.425448 0.000000 0.007247
445384.341758 3945665.553087 0.000000 0.007222
445384.243378 3945665.680762 0.000000 0.007197
445384.144734 3945665.808471 0.000000 0.007171
445384.045827 3945665.936216 0.000000 0.007146
445383.946656 3945666.063996 0.000000 0.007121
445383.847222 3945666.191811 0.000000 0.007096
445383.747525 3945666.319661 0.000000 0.007071
445383.647563 3945666.447547 0.000000 0.007047
445383.547339 3945666.575467 0.000000 0.007022
445383.446850 3945666.703423 0.000000 0.006997
445383.346099 3945666.831413 0.000000 0.006973
445383.245083 3945666.959439 0.000000 0.006948
445383.143805 3945667.087500 0.000000 0.006924
445383.042262 3945667.215596 0.000000 0.006900
445382.940457 3945667.343728 0.000000 0.006876
445382.838387 3945667.471894 0.000000 0.006851
445382.736054 3945667.600096 0.000000 0.006827
445382.633458 3945667.728332 0.000000 0.006804
445382.530598 3945667.856604 0.000000 0.006780
445382.427475 3945667.984911 0.000000 0.006756
445382.324088 3945668.113253 0.000000 0.006732
445382.220437 3945668.241630 0.000000 0.006709
445382.116523 3945668.370043 0.000000 0.006685
445382.012346 3945668.498490 0.000000 0.003334
445381.908037 3945668.626955 0.000000 -0.000000
445381.803727 3945668.755420 0.000000 0.000000
445381.699418 3945668.883885 0.000000 -0.000000
445381.595109 3945669.012350 0.000000 0.000000
445381.490800 3945669.140815 0.000000 -0.000000
445381.386491 3945669.269280 0.000000 -0.000000
445381.282181 3945669.397745 0.000000 -0.000000
445381.177872 3945669.526210 0.000000 0.000000
445381.073563 3945669.654676 0.000000 -0.000000
445380.969254 3945669.783141 0.000000 0.000000
445380.864944 3945669.911606 0.000000 0.000000
445380.760635 3945670.040071 0.000000 0.000000
445380.656326 3945670.168536 0.000000 0.000000
445380.552017 3945670.297001 0.000000 -0.000000
445380.447708 3945670.425466 0.000000 0.000000
445380.343398 3945670.553931 0.000000 0.000000
445380.239089 3945670.682396 0.000000 -0.000000
445380.134780 3945670.810861 0.000000 0.000000
445380.030471 3945670.939326 0.000000 -0.000000
445379.926161 3945671.067791 0.000000 0.000000
445379.821852 3945671.196256 0.000000 0.000000
445379.717543 3945671.324721 0.000000 -0.000000
445379.613234 3945671.453186 0.000000 0.000000
445379.508924 3945671.581651 0.000000 0.000000
445379.404615 3945671.710116 0.000000 0.000000
445379.300306 3945671.838581 0.000000 0.000000
445379.195997 3945671.967046 0.000000 0.000000
445379.091688 3945672.095512 0.000000 0.000000
445378.987378 3945672.223977 0.000000 0.000000
445378.883069 3945672.352442 0.000000 -0.000000
445378.778760 3945672.480907 0.000000 -0.000000
445378.674451 3945672.609372 0.000000 0.000000
445378.570141 3945672.737837 0.000000 -0.000000
445378.465832 3945672.866302 0.000000 0.000000
445378.361523 3945672.994767 0.000000 -0.000000
445378.257214 3945673.123232 0.000000 0.000000
445378.152904 3945673.251697 0.000000 0.000000
445378.048595 3945673.380162 0.000000 0.000000
445377.944286 3945673.508627 0.000000 -0.000000
445377.839977 3945673.637092 0.000000 -0.000000
445377.735668 3945673.765557 0.000000 0.000000
445377.631358 3945673.894022 0.000000 0.000000
445377.527049 3945674.022487 0.000000 -0.000000
445377.422740 3945674.150952 0.000000 -0.000000
445377.318431 3945674.279417 0.000000 0.000000
445377.214121 3945674.407882 0.000000 0.000000
445377.109812 3945674.536347 0.000000 0.000000
445377.005503 3945674.664813 0.000000 0.000000
445376.901194 3945674.793278 0.000000 -0.000000
445376.796884 3945674.921743 0.000000 0.004842
445376.692777 3945675.049749 0.000000 0.009812
445376.589075 3945675.176839 0.000000 0.009987
445376.485776 3945675.303012 0.000000 0.010166
445376.382882 3945675.428268 0.000000 0.010350
445376.280393 3945675.552607 0.000000 0.010537
445376.178308 3945675.676029 0.000000 0.010729
445376.076627 3945675.798535 0.000000 0.010926
445375.975350 3945675.920124 0.000000 0.011127
445375.874478 3945676.040795 0.000000 0.011333
445375.774011 3945676.160550 0.000000 0.011545
445375.673947 3945676.279388 0.000000 0.011761
445375.574288 3945676.397309 0.000000 0.011983
445375.475034 3945676.514314 0.000000 0.012210
445375.376184 3945676.630401 0.000000 0.012443
445375.277738 3945676.745572 0.000000 0.012682
445375.179696 3945676.859825 0.000000 0.012926
445375.082059 3945676.973162 0.000000 0.013177
445374.984826 3945677.085582 0.000000 0.013434
445374.887998 3945677.197085 0.000000 0.013698
445374.791574 3945677.307671 0.000000 0.013969
445374.695554 3945677.417341 0.000000 0.014247
445374.599939 3945677.526093 0.000000 0.014531
445374.504728 3945677.633929 0.000000 0.014824
445374.409922 3945677.740848 0.000000 0.015124
445374.315520 3945677.846850 0.000000 0.015432
445374.221522 3945677.951935 0.000000 0.015748
445374.127928 3945678.056103 0.000000 0.016072
445374.034739 3945678.159355 0.000000 0.016406
445373.941955 3945678.261689 0.000000 0.016748
445373.849574 3945678.363107 0.000000 0.017100
445373.757599 3945678.463608 0.000000 0.017461
445373.666027 3945678.563191 0.000000 0.017832
445373.574860 3945678.661859 0.000000 0.018213
445373.484097 3945678.759609 0.000000 0.018606
445373.393739 3945678.856442 0.000000 0.019009
445373.303784 3945678.952359 0.000000 0.019423
445373.214235 3945679.047358 0.000000 0.019849
445373.125089 3945679.141441 0.000000 0.020288
445373.036349 3945679.234607 0.000000 0.020738
445372.948012 3945679.326856 0.000000 0.021202
445372.860080 3945679.418188 0.000000 0.021680
445372.772552 3945679.508603 0.000000 0.022171
445372.685428 3945679.598102 0.000000 0.022677
445372.598709 3945679.686683 0.000000 0.023198
445372.512395 3945679.774348 0.000000 0.023734
445372.426484 3945679.861096 0.000000 0.024286
445372.340978 3945679.946927 0.000000 0.024855
445372.255877 3945680.031841 0.000000 0.025441
445372.171179 3945680.115839 0.000000 0.026045
445372.086887 3945680.198919 0.000000 0.013189
445372.001955 3945680.282367 0.000000 0.000000
445371.915342 3945680.367468 0.000000 -0.000000
445371.827046 3945680.454221 0.000000 0.000000
445371.737069 3945680.542626 0.000000 -0.000000
445371.645410 3945680.632684 0.000000 0.000000
445371.552070 3945680.724395 0.000000 0.000000
445371.457047 3945680.817758 0.000000 -0.000000
445371.360343 3945680.912773 0.000000 0.000000
445371.261957 3945681.009441 0.000000 0.000000
445371.161889 3945681.107761 0.000000 0.000000
445371.060139 3945681.207734 0.000000 0.000000
445370.956708 3945681.309359 0.000000 0.000000
445370.851594 3945681.412636 0.000000 0.000000
445370.744799 3945681.517566 0.000000 0.000000
445370.636322 3945681.624148 0.000000 -0.000000
445370.526163 3945681.732383 0.000000 -0.000000
445370.414323 3945681.842271 0.000000 0.000000
445370.300800 3945681.953810 0.000000 -0.000000
445370.185596 3945682.067002 0.000000 -0.000000
445370.068710 3945682.181847 0.000000 -0.000000
445369.950142 3945682.298344 0.000000 -0.000000
445369.829893 3945682.416493 0.000000 -0.000000
445369.707961 3945682.536295 0.000000 -0.000000
445369.584348 3945682.657750 0.000000 0.000000
445369.459053 3945682.780856 0.000000 -0.000000
445369.332076 3945682.905616 0.000000 0.000000
445369.203417 3945683.032027 0.000000 -0.000000
445369.073076 3945683.160091 0.000000 0.000000
445368.941054 3945683.289808 0.000000 0.000000
445368.807350 3945683.421177 0.000000 -0.000000
445368.671964 3945683.554198 0.000000 0.000000
445368.534896 3945683.688872 0.000000 -0.000000
445368.396146 3945683.825199 0.000000 -0.000000
445368.255715 3945683.963177 0.000000 -0.000000
445368.113602 3945684.102809 0.000000 -0.000000
445367.969807 3945684.244092 0.000000 0.000000
445367.824330 3945684.387028 0.000000 -0.000000
445367.677171 3945684.531617 0.000000 -0.000000
445367.528330 3945684.677858 0.000000 -0.000000
445367.377808 3945684.825751 0.000000 -0.000000
445367.225604 3945684.975297 0.000000 -0.000000
445367.071718 3945685.126495 0.000000 -0.000000
445366.916150 3945685.279346 0.000000 -0.000000
445366.758901 3945685.433849 0.000000 0.000000
445366.599969 3945685.590005 0.000000 0.000000
445366.439356 3945685.747813 0.000000 -0.000000
445366.277061 3945685.907273 0.000000 -0.000000
445366.113084 3945686.068386 0.000000 -0.000000
445365.947426 3945686.231151 0.000000 0.000000
