445924.748290 3944842.713928 0.000000 0.000000
445924.727959 3944842.938984 0.000000 -0.000000
445924.707833 3944843.161777 0.000000 0.000000
445924.687910 3944843.382309 0.000000 0.000000
445924.668192 3944843.600579 0.000000 -0.000000
445924.648679 3944843.816586 0.000000 0.000000
445924.629369 3944844.030333 0.000000 0.000000
445924.610264 3944844.241817 0.000000 -0.000000
445924.591364 3944844.451039 0.000000 0.000000
445924.572667 3944844.658000 0.000000 -0.000000
445924.554175 3944844.862698 0.000000 0.000000
445924.535887 3944845.065135 0.000000 0.000000
445924.517804 3944845.265310 0.000000 0.000000
445924.499925 3944845.463223 0.000000 0.000000
445924.482250 3944845.658874 0.000000 0.000000
445924.464780 3944845.852263 0.000000 -0.000000
445924.447514 3944846.043391 0.000000 -0.000000
445924.430452 3944846.232256 0.000000 0.000000
445924.413595 3944846.418860 0.000000 -0.000000
445924.396942 3944846.603202 0.000000 0.000000
445924.380493 3944846.785282 0.000000 0.000000
445924.364249 3944846.965100 0.000000 -0.000000
445924.348209 3944847.142656 0.000000 -0.000000
445924.332373 3944847.317951 0.000000 0.000000
445924.316741 3944847.490983 0.000000 -0.000000
445924.301314 3944847.661754 0.000000 0.000000
445924.286092 3944847.830263 0.000000 0.000000
445924.271073 3944847.996510 0.000000 -0.000000
445924.256259 3944848.160495 0.000000 0.000000
445924.241649 3944848.322218 0.000000 -0.000000
445924.227244 3944848.481680 0.000000 -0.000000
445924.213043 3944848.638879 0.000000 -0.000000
445924.199046 3944848.793817 0.000000 0.000000
445924.185254 3944848.946492 0.000000 0.000000
445924.171666 3944849.096906 0.000000 0.000000
445924.158282 3944849.245058 0.000000 -0.000000
445924.145103 3944849.390949 0.000000 -0.000000
445924.132128 3944849.534577 0.000000 -0.000000
445924.119357 3944849.675943 0.000000 0.000000
445924.106790 3944849.815048 0.000000 -0.000000
445924.094428 3944849.951891 0.000000 -0.000000
445924.082271 3944850.086472 0.000000 -0.000000
445924.070317 3944850.218791 0.000000 -0.000000
445924.058568 3944850.348848 0.000000 0.000000
445924.047023 3944850.476643 0.000000 0.000000
445924.035683 3944850.602176 0.000000 -0.000000
445924.024547 3944850.725448 0.000000 0.000000
445924.013615 3944850.846458 0.000000 -0.000000
445924.002888 3944850.965205 0.000000 -0.000000
445923.992365 3944851.081691 0.000000 0.000000
445923.982046 3944851.195916 0.000000 -0.004370
445923.971833 3944851.309606 0.000000 -0.008580
445923.961626 3944851.424491 0.000000 -0.008319
445923.951426 3944851.540571 0.000000 -0.008068
445923.941233 3944851.657845 0.000000 -0.007827
445923.931046 3944851.776314 0.000000 -0.007596
445923.920867 3944851.895978 0.000000 -0.007373
445923.910694 3944852.016836 0.000000 -0.007159
445923.900527 3944852.138889 0.000000 -0.006954
445923.890368 3944852.262136 0.000000 -0.006756
445923.880215 3944852.386578 0.000000 -0.006565
445923.870068 3944852.512215 0.000000 -0.006382
445923.859929 3944852.639046 0.000000 -0.006205
445923.849796 3944852.767072 0.000000 -0.006035
445923.839669 3944852.896292 0.000000 -0.005871
445923.829550 3944853.026707 0.000000 -0.005713
445923.819437 3944853.158317 0.000000 -0.005561
445923.809331 3944853.291121 0.000000 -0.005413
445923.799231 3944853.425120 0.000000 -0.005271
445923.789139 3944853.560314 0.000000 -0.005134
445923.779053 3944853.696702 0.000000 -0.005002
445923.768973 3944853.834285 0.000000 -0.004874
445923.758901 3944853.973062 0.000000 -0.004750
445923.748835 3944854.113034 0.000000 -0.004631
445923.738775 3944854.254201 0.000000 -0.004516
445923.728723 3944854.396562 0.000000 -0.004404
445923.718677 3944854.540118 0.000000 -0.004296
445923.708637 3944854.684868 0.000000 -0.004191
445923.698605 3944854.830813 0.000000 -0.004090
445923.688579 3944854.977953 0.000000 -0.003992
445923.678560 3944855.126287 0.000000 -0.003897
445923.668548 3944855.275816 0.000000 -0.003806
445923.658542 3944855.426540 0.000000 -0.003716
445923.648543 3944855.578458 0.000000 -0.003630
445923.638550 3944855.731571 0.000000 -0.003547
445923.628565 3944855.885878 0.000000 -0.003466
445923.618586 3944856.041380 0.000000 -0.003387
445923.608613 3944856.198077 0.000000 -0.003311
445923.598648 3944856.355968 0.000000 -0.003237
445923.588689 3944856.515054 0.000000 -0.003165
445923.578737 3944856.675334 0.000000 -0.003095
445923.568791 3944856.836809 0.000000 -0.003028
445923.558852 3944856.999479 0.000000 -0.002962
445923.548920 3944857.163343 0.000000 -0.002898
445923.538995 3944857.328402 0.000000 -0.002836
445923.529076 3944857.494656 0.000000 -0.002776
445923.519164 3944857.662104 0.000000 -0.002717
445923.509259 3944857.830747 0.000000 -0.002660
445923.499360 3944858.000584 0.000000 -0.002605
445923.489468 3944858.171616 0.000000 -0.002551
445923.479583 3944858.343843 0.000000 -0.001256
445923.469701 3944858.516667 0.000000 0.000000
445923.459819 3944858.689491 0.000000 -0.000000
445923.449937 3944858.862315 0.000000 0.000000
445923.440055 3944859.035138 0.000000 0.000000
445923.430173 3944859.207962 0.000000 -0.000000
445923.420291 3944859.380786 0.000000 0.000000
445923.410409 3944859.553610 0.000000 0.000000
445923.400527 3944859.726434 0.000000 -0.000000
445923.390645 3944859.899258 0.000000 -0.000000
445923.380763 3944860.072082 0.000000 -0.000000
445923.370882 3944860.244906 0.000000 0.000000
445923.361000 3944860.417730 0.000000 -0.000000
445923.351118 3944860.590554 0.000000 -0.000000
445923.341236 3944860.763378 0.000000 0.000000
445923.331354 3944860.936202 0.000000 0.000000
445923.321472 3944861.109026 0.000000 0.000000
445923.311590 3944861.281849 0.000000 0.000000
445923.301708 3944861.454673 0.000000 0.000000
445923.291826 3944861.627497 0.000000 -0.000000
445923.281944 3944861.800321 0.000000 -0.000000
445923.272062 3944861.973145 0.000000 0.000000
445923.262180 3944862.145969 0.000000 0.000000
445923.252298 3944862.318793 0.000000 -0.000000
445923.242417 3944862.491617 0.000000 -0.000000
445923.232535 3944862.664441 0.000000 0.000000
445923.222653 3944862.837265 0.000000 -0.000000
445923.212771 3944863.010089 0.000000 -0.000000
445923.202889 3944863.182913 0.000000 0.000000
445923.193007 3944863.355737 0.000000 0.000000
445923.183125 3944863.528560 0.000000 -0.000000
445923.173243 3944863.701384 0.000000 -0.000000
445923.163361 3944863.874208 0.000000 0.000000
445923.153479 3944864.047032 0.000000 -0.000000
445923.143597 3944864.219856 0.000000 0.000000
445923.133715 3944864.392680 0.000000 -0.000000
445923.123833 3944864.565504 0.000000 -0.000000
445923.113951 3944864.738328 0.000000 -0.000000
445923.104070 3944864.911152 0.000000 0.000000
445923.094188 3944865.083976 0.000000 -0.000000
445923.084306 3944865.256800 0.000000 0.000000
445923.074424 3944865.429624 0.000000 -0.000000
445923.064542 3944865.602448 0.000000 0.000000
445923.054660 3944865.775272 0.000000 0.000000
445923.044778 3944865.948095 0.000000 -0.000000
445923.034896 3944866.120919 0.000000 0.000000
445923.025014 3944866.293743 0.000000 0.000000
445923.015132 3944866.466567 0.000000 -0.000000
445923.005250 3944866.639391 0.000000 -0.000000
445922.995368 3944866.812215 0.000000 -0.000000
445922.985486 3944866.985039 0.000000 -0.002689
445922.975688 3944867.157815 0.000000 -0.005386
445922.966056 3944867.330494 0.000000 -0.005396
445922.956592 3944867.503076 0.000000 -0.005406
445922.947294 3944867.675562 0.000000 -0.005416
445922.938163 3944867.847951 0.000000 -0.005426
445922.929199 3944868.020243 0.000000 -0.005436
445922.920402 3944868.192439 0.000000 -0.005446
445922.911772 3944868.364538 0.000000 -0.005456
445922.903308 3944868.536541 0.000000 -0.005466
445922.895012 3944868.708447 0.000000 -0.005476
445922.886882 3944868.880256 0.000000 -0.005486
445922.878920 3944869.051969 0.000000 -0.005496
445922.871124 3944869.223585 0.000000 -0.005506
445922.863495 3944869.395105 0.000000 -0.005516
445922.856033 3944869.566528 0.000000 -0.005526
445922.848738 3944869.737854 0.000000 -0.005536
445922.841610 3944869.909084 0.000000 -0.005546
445922.834649 3944870.080217 0.000000 -0.005556
445922.827854 3944870.251253 0.000000 -0.005566
445922.821227 3944870.422193 0.000000 -0.005576
445922.814766 3944870.593036 0.000000 -0.005586
445922.808473 3944870.763782 0.000000 -0.005596
445922.802346 3944870.934432 0.000000 -0.005606
445922.796386 3944871.104986 0.000000 -0.005616
445922.790593 3944871.275442 0.000000 -0.005626
445922.784967 3944871.445802 0.000000 -0.005636
445922.779508 3944871.616066 0.000000 -0.005647
445922.774215 3944871.786233 0.000000 -0.005657
445922.769090 3944871.956303 0.000000 -0.005667
445922.764131 3944872.126276 0.000000 -0.005677
445922.759340 3944872.296153 0.000000 -0.005687
445922.754715 3944872.465933 0.000000 -0.005697
445922.750257 3944872.635617 0.000000 -0.005707
445922.745966 3944872.805204 0.000000 -0.005718
445922.741842 3944872.974695 0.000000 -0.005728
445922.737885 3944873.144088 0.000000 -0.005738
445922.734095 3944873.313386 0.000000 -0.005748
445922.730471 3944873.482586 0.000000 -0.005759
445922.727015 3944873.651690 0.000000 -0.005769
445922.723725 3944873.820697 0.000000 -0.005779
445922.720602 3944873.989608 0.000000 -0.005789
445922.717647 3944874.158422 0.000000 -0.005799
445922.714858 3944874.327140 0.000000 -0.005810
445922.712236 3944874.495760 0.000000 -0.005820
445922.709781 3944874.664285 0.000000 -0.005830
445922.707492 3944874.832712 0.000000 -0.005840
445922.705371 3944875.001043 0.000000 -0.005851
445922.703417 3944875.169277 0.000000 -0.005861
445922.701629 3944875.337415 0.000000 -0.005871
445922.700009 3944875.505456 0.000000 -0.002940
445922.698471 3944875.673449 0.000000 -0.000000
445922.696934 3944875.841442 0.000000 -0.000000
445922.695397 3944876.009434 0.000000 -0.000000
445922.693860 3944876.177427 0.000000 0.000000
445922.692323 3944876.345420 0.000000 0.000000
445922.690785 3944876.513413 0.000000 0.000000
445922.689248 3944876.681405 0.000000 -0.000000
445922.687711 3944876.849398 0.000000 -0.000000
445922.686174 3944877.017391 0.000000 0.000000
445922.684637 3944877.185384 0.000000 -0.000000
445922.683099 3944877.353376 0.000000 -0.000000
445922.681562 3944877.521369 0.000000 0.000000
445922.680025 3944877.689362 0.000000 0.000000
445922.678488 3944877.857355 0.000000 -0.000000
445922.676951 3944878.025348 0.000000 -0.000000
445922.675413 3944878.193340 0.000000 0.000000
445922.673876 3944878.361333 0.000000 -0.000000
445922.672339 3944878.529326 0.000000 -0.000000
445922.670802 3944878.697319 0.000000 0.000000
445922.669265 3944878.865311 0.000000 -0.000000
445922.667728 3944879.033304 0.000000 -0.000000
445922.666190 3944879.201297 0.000000 -0.000000
445922.664653 3944879.369290 0.000000 -0.000000
445922.663116 3944879.537282 0.000000 -0.000000
445922.661579 3944879.705275 0.000000 0.000000
445922.660042 3944879.873268 0.000000 0.000000
445922.658504 3944880.041261 0.000000 0.000000
445922.656967 3944880.209253 0.000000 -0.000000
445922.655430 3944880.377246 0.000000 -0.000000
445922.653893 3944880.545239 0.000000 -0.000000
445922.652356 3944880.713232 0.000000 0.000000
445922.650818 3944880.881224 0.000000 -0.000000
445922.649281 3944881.049217 0.000000 -0.000000
445922.647744 3944881.217210 0.000000 -0.000000
445922.646207 3944881.385203 0.000000 -0.000000
445922.644670 3944881.553195 0.000000 0.000000
445922.643133 3944881.721188 0.000000 0.000000
445922.641595 3944881.889181 0.000000 -0.000000
445922.640058 3944882.057174 0.000000 0.000000
445922.638521 3944882.225167 0.000000 -0.000000
445922.636984 3944882.393159 0.000000 0.000000
445922.635447 3944882.561152 0.000000 -0.000000
445922.633909 3944882.729145 0.000000 0.000000
445922.632372 3944882.897138 0.000000 -0.000000
445922.630835 3944883.065130 0.000000 -0.000000
445922.629298 3944883.233123 0.000000 -0.000000
445922.627761 3944883.401116 0.000000 0.000000
445922.626223 3944883.569109 0.000000 -0.000000
445922.624686 3944883.737101 0.000000 -0.000000
445922.623149 3944883.905094 0.000000 0.000608
445922.621594 3944884.073131 0.000000 0.001214
445922.620004 3944884.241255 0.000000 0.001213
445922.618379 3944884.409468 0.000000 0.001211
445922.616719 3944884.577768 0.000000 0.001209
445922.615024 3944884.746156 0.000000 0.001207
445922.613294 3944884.914632 0.000000 0.001205
445922.611528 3944885.083195 0.000000 0.001203
445922.609727 3944885.251847 0.000000 0.001201
445922.607891 3944885.420586 0.000000 0.001199
445922.606020 3944885.589414 0.000000 0.001197
445922.604114 3944885.758329 0.000000 0.001196
445922.602173 3944885.927332 0.000000 0.001194
445922.600197 3944886.096422 0.000000 0.001192
445922.598185 3944886.265601 0.000000 0.001190
445922.596138 3944886.434867 0.000000 0.001188
445922.594057 3944886.604222 0.000000 0.001186
445922.591940 3944886.773664 0.000000 0.001184
445922.589788 3944886.943194 0.000000 0.001183
445922.587600 3944887.112812 0.000000 0.001181
445922.585378 3944887.282517 0.000000 0.001179
445922.583121 3944887.452311 0.000000 0.001177
445922.580828 3944887.622192 0.000000 0.001175
445922.578500 3944887.792161 0.000000 0.001173
445922.576137 3944887.962218 0.000000 0.001172
445922.573739 3944888.132363 0.000000 0.001170
445922.571306 3944888.302596 0.000000 0.001168
445922.568838 3944888.472916 0.000000 0.001166
445922.566335 3944888.643324 0.000000 0.001164
445922.563796 3944888.813821 0.000000 0.001162
445922.561222 3944888.984405 0.000000 0.001161
445922.558614 3944889.155076 0.000000 0.001159
445922.555970 3944889.325836 0.000000 0.001157
445922.553290 3944889.496684 0.000000 0.001155
445922.550576 3944889.667619 0.000000 0.001153
445922.547827 3944889.838642 0.000000 0.001152
445922.545042 3944890.009753 0.000000 0.001150
445922.542223 3944890.180952 0.000000 0.001148
445922.539368 3944890.352239 0.000000 0.001146
445922.536478 3944890.523614 0.000000 0.001145
445922.533553 3944890.695076 0.000000 0.001143
445922.530593 3944890.866626 0.000000 0.001141
445922.527597 3944891.038264 0.000000 0.001139
445922.524567 3944891.209990 0.000000 0.001138
445922.521501 3944891.381804 0.000000 0.001136
445922.518401 3944891.553706 0.000000 0.001134
445922.515265 3944891.725695 0.000000 0.001132
445922.512094 3944891.897772 0.000000 0.001130
445922.508888 3944892.069938 0.000000 0.001129
445922.505646 3944892.242190 0.000000 0.001127
445922.502370 3944892.414531 0.000000 0.000563
445922.499076 3944892.586916 0.000000 -0.000000
445922.495782 3944892.759301 0.000000 -0.000000
445922.492488 3944892.931685 0.000000 0.000000
445922.489194 3944893.104070 0.000000 -0.000000
445922.485900 3944893.276455 0.000000 0.000000
445922.482606 3944893.448840 0.000000 0.000000
445922.479312 3944893.621224 0.000000 -0.000000
445922.476018 3944893.793609 0.000000 0.000000
445922.472724 3944893.965994 0.000000 -0.000000
445922.469430 3944894.138379 0.000000 0.000000
445922.466136 3944894.310763 0.000000 -0.000000
445922.462842 3944894.483148 0.000000 -0.000000
445922.459548 3944894.655533 0.000000 0.000000
445922.456254 3944894.827917 0.000000 -0.000000
445922.452960 3944895.000302 0.000000 -0.000000
445922.449666 3944895.172687 0.000000 0.000000
445922.446372 3944895.345072 0.000000 0.000000
445922.443078 3944895.517456 0.000000 0.000000
445922.439784 3944895.689841 0.000000 -0.000000
445922.436490 3944895.862226 0.000000 -0.000000
445922.433196 3944896.034611 0.000000 -0.000000
445922.429903 3944896.206995 0.000000 0.000000
445922.426609 3944896.379380 0.000000 0.000000
445922.423315 3944896.551765 0.000000 -0.000000
445922.420021 3944896.724149 0.000000 0.000000
445922.416727 3944896.896534 0.000000 0.000000
445922.413433 3944897.068919 0.000000 0.000000
445922.410139 3944897.241304 0.000000 0.000000
445922.406845 3944897.413688 0.000000 0.000000
445922.403551 3944897.586073 0.000000 0.000000
445922.400257 3944897.758458 0.000000 0.000000
445922.396963 3944897.930843 0.000000 -0.000000
445922.393669 3944898.103227 0.000000 0.000000
445922.390375 3944898.275612 0.000000 0.000000
445922.387081 3944898.447997 0.000000 -0.000000
445922.383787 3944898.620382 0.000000 0.000000
445922.380493 3944898.792766 0.000000 0.000000
445922.377199 3944898.965151 0.000000 -0.000000
445922.373905 3944899.137536 0.000000 0.000000
445922.370611 3944899.309920 0.000000 -0.000000
445922.367317 3944899.482305 0.000000 0.000000
445922.364023 3944899.654690 0.000000 -0.000000
445922.360729 3944899.827075 0.000000 -0.000000
445922.357435 3944899.999459 0.000000 0.000000
445922.354141 3944900.171844 0.000000 0.000000
445922.350847 3944900.344229 0.000000 0.000000
445922.347553 3944900.516614 0.000000 -0.000000
445922.344259 3944900.688998 0.000000 0.000000
445922.340965 3944900.861383 0.000000 0.000000
445922.337671 3944901.033768 0.000000 0.000156
445922.334373 3944901.206139 0.000000 0.000312
445922.331066 3944901.378484 0.000000 0.000313
445922.327750 3944901.550803 0.000000 0.000313
445922.324425 3944901.723096 0.000000 0.000313
445922.321092 3944901.895362 0.000000 0.000313
445922.317749 3944902.067602 0.000000 0.000313
445922.314398 3944902.239815 0.000000 0.000313
445922.311038 3944902.412002 0.000000 0.000313
445922.307670 3944902.584163 0.000000 0.000314
445922.304292 3944902.756297 0.000000 0.000314
445922.300906 3944902.928405 0.000000 0.000314
445922.297511 3944903.100487 0.000000 0.000314
445922.294107 3944903.272542 0.000000 0.000314
445922.290695 3944903.444571 0.000000 0.000314
445922.287273 3944903.616574 0.000000 0.000314
445922.283843 3944903.788550 0.000000 0.000315
445922.280404 3944903.960500 0.000000 0.000315
445922.276957 3944904.132424 0.000000 0.000315
445922.273500 3944904.304321 0.000000 0.000315
445922.270035 3944904.476192 0.000000 0.000315
445922.266561 3944904.648036 0.000000 0.000315
445922.263078 3944904.819855 0.000000 0.000316
445922.259586 3944904.991646 0.000000 0.000316
445922.256086 3944905.163412 0.000000 0.000316
445922.252577 3944905.335151 0.000000 0.000316
445922.249059 3944905.506864 0.000000 0.000316
445922.245532 3944905.678550 0.000000 0.000316
445922.241997 3944905.850210 0.000000 0.000316
445922.238452 3944906.021844 0.000000 0.000316
445922.234899 3944906.193451 0.000000 0.000317
445922.231337 3944906.365032 0.000000 0.000317
445922.227767 3944906.536587 0.000000 0.000317
445922.224187 3944906.708115 0.000000 0.000317
445922.220599 3944906.879617 0.000000 0.000317
445922.217002 3944907.051093 0.000000 0.000317
445922.213396 3944907.222542 0.000000 0.000318
445922.209781 3944907.393965 0.000000 0.000318
445922.206158 3944907.565361 0.000000 0.000318
445922.202526 3944907.736732 0.000000 0.000318
445922.198885 3944907.908075 0.000000 0.000318
445922.195235 3944908.079393 0.000000 0.000318
445922.191577 3944908.250684 0.000000 0.000318
445922.187909 3944908.421949 0.000000 0.000319
445922.184233 3944908.593187 0.000000 0.000319
445922.180549 3944908.764399 0.000000 0.000319
445922.176855 3944908.935585 0.000000 0.000319
445922.173152 3944909.106744 0.000000 0.000319
445922.169441 3944909.277877 0.000000 0.000319
445922.165721 3944909.448984 0.000000 0.000319
445922.161992 3944909.620064 0.000000 0.000160
445922.158259 3944909.791131 0.000000 -0.000000
445922.154526 3944909.962199 0.000000 0.000000
445922.150793 3944910.133266 0.000000 0.000000
445922.147060 3944910.304333 0.000000 0.000000
445922.143327 3944910.475400 0.000000 -0.000000
445922.139593 3944910.646467 0.000000 -0.000000
445922.135860 3944910.817534 0.000000 0.000000
445922.132127 3944910.988601 0.000000 0.000000
445922.128394 3944911.159669 0.000000 -0.000000
445922.124661 3944911.330736 0.000000 0.000000
445922.120928 3944911.501803 0.000000 0.000000
445922.117194 3944911.672870 0.000000 0.000000
445922.113461 3944911.843937 0.000000 -0.000000
445922.109728 3944912.015004 0.000000 0.000000
445922.105995 3944912.186071 0.000000 -0.000000
445922.102262 3944912.357139 0.000000 0.000000
445922.098529 3944912.528206 0.000000 0.000000
445922.094795 3944912.699273 0.000000 0.000000
445922.091062 3944912.870340 0.000000 0.000000
445922.087329 3944913.041407 0.000000 -0.000000
445922.083596 3944913.212474 0.000000 -0.000000
445922.079863 3944913.383541 0.000000 0.000000
445922.076130 3944913.554608 0.000000 -0.000000
445922.072396 3944913.725676 0.000000 -0.000000
445922.068663 3944913.896743 0.000000 0.000000
445922.064930 3944914.067810 0.000000 -0.000000
445922.061197 3944914.238877 0.000000 -0.000000
445922.057464 3944914.409944 0.000000 -0.000000
445922.053730 3944914.581011 0.000000 -0.000000
445922.049997 3944914.752078 0.000000 0.000000
445922.046264 3944914.923146 0.000000 0.000000
445922.042531 3944915.094213 0.000000 -0.000000
445922.038798 3944915.265280 0.000000 0.000000
445922.035065 3944915.436347 0.000000 -0.000000
445922.031331 3944915.607414 0.000000 0.000000
445922.027598 3944915.778481 0.000000 -0.000000
445922.023865 3944915.949548 0.000000 0.000000
445922.020132 3944916.120616 0.000000 -0.000000
445922.016399 3944916.291683 0.000000 0.000000
445922.012666 3944916.462750 0.000000 0.000000
445922.008932 3944916.633817 0.000000 -0.000000
445922.005199 3944916.804884 0.000000 -0.000000
445922.001466 3944916.975951 0.000000 -0.000000
445921.997733 3944917.147018 0.000000 0.000000
445921.994000 3944917.318086 0.000000 -0.000000
445921.990267 3944917.489153 0.000000 -0.000000
445921.986533 3944917.660220 0.000000 0.000000
445921.982800 3944917.831287 0.000000 0.000000
445921.979067 3944918.002354 0.000000 -0.000000
445921.975334 3944918.173421 0.000000 -0.000740
445921.971623 3944918.344475 0.000000 -0.001481
445921.967955 3944918.515503 0.000000 -0.001482
445921.964332 3944918.686504 0.000000 -0.001482
445921.960753 3944918.857479 0.000000 -0.001483
445921.957217 3944919.028427 0.000000 -0.001484
445921.953725 3944919.199350 0.000000 -0.001484
445921.950278 3944919.370246 0.000000 -0.001485
445921.946874 3944919.541115 0.000000 -0.001486
445921.943514 3944919.711958 0.000000 -0.001486
445921.940198 3944919.882775 0.000000 -0.001487
445921.936926 3944920.053565 0.000000 -0.001488
445921.933698 3944920.224330 0.000000 -0.001489
445921.930514 3944920.395067 0.000000 -0.001489
445921.927374 3944920.565779 0.000000 -0.001490
445921.924277 3944920.736464 0.000000 -0.001491
445921.921225 3944920.907122 0.000000 -0.001491
445921.918216 3944921.077755 0.000000 -0.001492
445921.915252 3944921.248361 0.000000 -0.001493
445921.912331 3944921.418940 0.000000 -0.001494
445921.909454 3944921.589494 0.000000 -0.001494
445921.906622 3944921.760021 0.000000 -0.001495
445921.903833 3944921.930521 0.000000 -0.001496
445921.901088 3944922.100995 0.000000 -0.001496
445921.898387 3944922.271443 0.000000 -0.001497
445921.895729 3944922.441865 0.000000 -0.001498
445921.893116 3944922.612260 0.000000 -0.001499
445921.890547 3944922.782629 0.000000 -0.001499
445921.888022 3944922.952971 0.000000 -0.001500
445921.885540 3944923.123287 0.000000 -0.001501
445921.883103 3944923.293577 0.000000 -0.001501
445921.880709 3944923.463840 0.000000 -0.001502
445921.878359 3944923.634077 0.000000 -0.001503
445921.876053 3944923.804288 0.000000 -0.001504
445921.873792 3944923.974473 0.000000 -0.001504
445921.871574 3944924.144631 0.000000 -0.001505
445921.869400 3944924.314762 0.000000 -0.001506
445921.867269 3944924.484867 0.000000 -0.001506
445921.865183 3944924.654946 0.000000 -0.001507
445921.863141 3944924.824999 0.000000 -0.001508
445921.861143 3944924.995025 0.000000 -0.001509
445921.859188 3944925.165025 0.000000 -0.001509
445921.857278 3944925.334999 0.000000 -0.001510
445921.855411 3944925.504946 0.000000 -0.001511
445921.853589 3944925.674867 0.000000 -0.001511
445921.851810 3944925.844761 0.000000 -0.001512
445921.850075 3944926.014629 0.000000 -0.001513
445921.848384 3944926.184471 0.000000 -0.001514
445921.846737 3944926.354287 0.000000 -0.001514
445921.845134 3944926.524076 0.000000 -0.001515
445921.843575 3944926.693838 0.000000 -0.000758
445921.842038 3944926.863588 0.000000 -0.000000
445921.840500 3944927.033337 0.000000 -0.000000
445921.838963 3944927.203087 0.000000 -0.000000
445921.837426 3944927.372836 0.000000 0.000000
445921.835889 3944927.542586 0.000000 0.000000
445921.834352 3944927.712336 0.000000 0.000000
445921.832815 3944927.882085 0.000000 -0.000000
445921.831277 3944928.051835 0.000000 0.000000
445921.829740 3944928.221584 0.000000 -0.000000
445921.828203 3944928.391334 0.000000 -0.000000
445921.826666 3944928.561083 0.000000 0.000000
445921.825129 3944928.730833 0.000000 -0.000000
445921.823591 3944928.900582 0.000000 0.000000
445921.822054 3944929.070332 0.000000 0.000000
445921.820517 3944929.240082 0.000000 -0.000000
445921.818980 3944929.409831 0.000000 -0.000000
445921.817443 3944929.579581 0.000000 0.000000
445921.815905 3944929.749330 0.000000 -0.000000
445921.814368 3944929.919080 0.000000 0.000000
445921.812831 3944930.088829 0.000000 -0.000000
445921.811294 3944930.258579 0.000000 0.000000
445921.809757 3944930.428328 0.000000 -0.000000
445921.808219 3944930.598078 0.000000 0.000000
445921.806682 3944930.767827 0.000000 0.000000
445921.805145 3944930.937577 0.000000 0.000000
445921.803608 3944931.107327 0.000000 -0.000000
445921.802071 3944931.277076 0.000000 -0.000000
445921.800534 3944931.446826 0.000000 0.000000
445921.798996 3944931.616575 0.000000 0.000000
445921.797459 3944931.786325 0.000000 0.000000
445921.795922 3944931.956074 0.000000 -0.000000
445921.794385 3944932.125824 0.000000 -0.000000
445921.792848 3944932.295573 0.000000 -0.000000
445921.791310 3944932.465323 0.000000 -0.000000
445921.789773 3944932.635072 0.000000 0.000000
445921.788236 3944932.804822 0.000000 0.000000
445921.786699 3944932.974572 0.000000 0.000000
445921.785162 3944933.144321 0.000000 -0.000000
445921.783624 3944933.314071 0.000000 0.000000
445921.782087 3944933.483820 0.000000 0.000000
445921.780550 3944933.653570 0.000000 -0.000000
445921.779013 3944933.823319 0.000000 0.000000
445921.777476 3944933.993069 0.000000 -0.000000
445921.775939 3944934.162818 0.000000 0.000000
445921.774401 3944934.332568 0.000000 -0.000000
445921.772864 3944934.502317 0.000000 0.000000
445921.771327 3944934.672067 0.000000 -0.000000
445921.769790 3944934.841817 0.000000 0.000000
445921.768253 3944935.011566 0.000000 0.000000
445921.766715 3944935.181316 0.000000 0.000596
445921.765161 3944935.351109 0.000000 0.001190
445921.763571 3944935.520990 0.000000 0.001188
445921.761946 3944935.690960 0.000000 0.001186
445921.760286 3944935.861017 0.000000 0.001184
445921.758590 3944936.031161 0.000000 0.001182
445921.756860 3944936.201394 0.000000 0.001181
445921.755094 3944936.371715 0.000000 0.001179
445921.753294 3944936.542123 0.000000 0.001177
445921.751458 3944936.712619 0.000000 0.001175
445921.749587 3944936.883203 0.000000 0.001173
445921.747681 3944937.053875 0.000000 0.001171
445921.745739 3944937.224635 0.000000 0.001170
445921.743763 3944937.395482 0.000000 0.001168
445921.741751 3944937.566418 0.000000 0.001166
445921.739705 3944937.737441 0.000000 0.001164
445921.737623 3944937.908552 0.000000 0.001162
445921.735506 3944938.079751 0.000000 0.001161
445921.733354 3944938.251037 0.000000 0.001159
445921.731167 3944938.422412 0.000000 0.001157
445921.728944 3944938.593874 0.000000 0.001155
445921.726687 3944938.765425 0.000000 0.001153
445921.724394 3944938.937063 0.000000 0.001152
445921.722067 3944939.108789 0.000000 0.001150
445921.719704 3944939.280603 0.000000 0.001148
445921.717306 3944939.452504 0.000000 0.001146
445921.714873 3944939.624494 0.000000 0.001145
445921.712404 3944939.796571 0.000000 0.001143
445921.709901 3944939.968736 0.000000 0.001141
445921.707362 3944940.140989 0.000000 0.001139
445921.704789 3944940.313330 0.000000 0.001138
445921.702180 3944940.485758 0.000000 0.001136
445921.699536 3944940.658275 0.000000 0.001134
445921.696857 3944940.830879 0.000000 0.001132
445921.694143 3944941.003571 0.000000 0.001131
445921.691393 3944941.176351 0.000000 0.001129
445921.688609 3944941.349219 0.000000 0.001127
445921.685789 3944941.522175 0.000000 0.001125
445921.682934 3944941.695218 0.000000 0.001124
445921.680044 3944941.868350 0.000000 0.001122
445921.677119 3944942.041569 0.000000 0.001120
445921.674159 3944942.214876 0.000000 0.001119
445921.671164 3944942.388271 0.000000 0.001117
445921.668133 3944942.561754 0.000000 0.001115
445921.665068 3944942.735324 0.000000 0.001113
445921.661967 3944942.908983 0.000000 0.001112
445921.658831 3944943.082729 0.000000 0.001110
445921.655660 3944943.256563 0.000000 0.001108
445921.652454 3944943.430485 0.000000 0.001107
445921.649213 3944943.604495 0.000000 0.001105
445921.645936 3944943.778592 0.000000 0.000552
445921.642642 3944943.952734 0.000000 -0.000000
445921.639348 3944944.126875 0.000000 0.000000
445921.636054 3944944.301017 0.000000 -0.000000
445921.632760 3944944.475158 0.000000 -0.000000
445921.629466 3944944.649300 0.000000 0.000000
445921.626172 3944944.823441 0.000000 -0.000000
445921.622878 3944944.997583 0.000000 -0.000000
445921.619584 3944945.171724 0.000000 -0.000000
445921.616291 3944945.345866 0.000000 -0.000000
445921.612997 3944945.520007 0.000000 -0.000000
445921.609703 3944945.694149 0.000000 -0.000000
445921.606409 3944945.868290 0.000000 -0.000000
445921.603115 3944946.042432 0.000000 -0.000000
445921.599821 3944946.216573 0.000000 -0.000000
445921.596527 3944946.390715 0.000000 -0.000000
445921.593233 3944946.564856 0.000000 -0.000000
445921.589939 3944946.738998 0.000000 -0.000000
445921.586645 3944946.913139 0.000000 -0.000000
445921.583351 3944947.087281 0.000000 -0.000000
445921.580057 3944947.261423 0.000000 0.000000
445921.576763 3944947.435564 0.000000 -0.000000
445921.573469 3944947.609706 0.000000 0.000000
445921.570175 3944947.783847 0.000000 -0.000000
445921.566881 3944947.957989 0.000000 0.000000
445921.563587 3944948.132130 0.000000 -0.000000
445921.560293 3944948.306272 0.000000 -0.000000
445921.556999 3944948.480413 0.000000 0.000000
445921.553705 3944948.654555 0.000000 0.000000
445921.550411 3944948.828696 0.000000 -0.000000
445921.547117 3944949.002838 0.000000 0.000000
445921.543823 3944949.176979 0.000000 -0.000000
445921.540529 3944949.351121 0.000000 -0.000000
445921.537235 3944949.525262 0.000000 0.000000
445921.533941 3944949.699404 0.000000 -0.000000
445921.530647 3944949.873545 0.000000 -0.000000
445921.527353 3944950.047687 0.000000 -0.000000
445921.524059 3944950.221828 0.000000 0.000000
445921.520765 3944950.395970 0.000000 0.000000
445921.517471 3944950.570111 0.000000 0.000000
445921.514177 3944950.744253 0.000000 -0.000000
445921.510883 3944950.918394 0.000000 -0.000000
445921.507589 3944951.092536 0.000000 0.000000
445921.504295 3944951.266677 0.000000 -0.000000
445921.501001 3944951.440819 0.000000 -0.000000
445921.497707 3944951.614960 0.000000 0.000000
445921.494413 3944951.789102 0.000000 -0.000000
445921.491119 3944951.963243 0.000000 -0.000000
445921.487825 3944952.137385 0.000000 -0.000000
445921.484531 3944952.311526 0.000000 -0.000000
445921.481238 3944952.485668 0.000000 -0.000841
445921.477970 3944952.659766 0.000000 -0.001685
445921.474755 3944952.833775 0.000000 -0.001687
445921.471593 3944953.007697 0.000000 -0.001690
445921.468483 3944953.181531 0.000000 -0.001693
445921.465426 3944953.355278 0.000000 -0.001695
445921.462422 3944953.528936 0.000000 -0.001698
445921.459471 3944953.702506 0.000000 -0.001700
445921.456572 3944953.875989 0.000000 -0.001703
445921.453726 3944954.049384 0.000000 -0.001706
445921.450933 3944954.222691 0.000000 -0.001708
445921.448192 3944954.395910 0.000000 -0.001711
445921.445504 3944954.569042 0.000000 -0.001713
445921.442869 3944954.742085 0.000000 -0.001716
445921.440287 3944954.915041 0.000000 -0.001719
445921.437757 3944955.087909 0.000000 -0.001721
445921.435280 3944955.260689 0.000000 -0.001724
445921.432856 3944955.433381 0.000000 -0.001727
445921.430484 3944955.605985 0.000000 -0.001729
445921.428165 3944955.778502 0.000000 -0.001732
445921.425899 3944955.950930 0.000000 -0.001735
445921.423685 3944956.123271 0.000000 -0.001737
445921.421524 3944956.295524 0.000000 -0.001740
445921.419416 3944956.467689 0.000000 -0.001743
445921.417361 3944956.639767 0.000000 -0.001745
445921.415358 3944956.811756 0.000000 -0.001748
445921.413408 3944956.983658 0.000000 -0.001751
445921.411511 3944957.155471 0.000000 -0.001754
445921.409666 3944957.327197 0.000000 -0.001756
445921.407874 3944957.498835 0.000000 -0.001759
445921.406135 3944957.670386 0.000000 -0.001762
445921.404448 3944957.841848 0.000000 -0.001764
445921.402815 3944958.013223 0.000000 -0.001767
445921.401233 3944958.184509 0.000000 -0.001770
445921.399705 3944958.355708 0.000000 -0.001773
445921.398229 3944958.526819 0.000000 -0.001775
445921.396806 3944958.697843 0.000000 -0.001778
445921.395436 3944958.868778 0.000000 -0.001781
445921.394118 3944959.039625 0.000000 -0.001784
445921.392854 3944959.210385 0.000000 -0.001786
445921.391641 3944959.381057 0.000000 -0.001789
445921.390482 3944959.551641 0.000000 -0.001792
445921.389375 3944959.722137 0.000000 -0.001795
445921.388321 3944959.892546 0.000000 -0.001797
445921.387320 3944960.062866 0.000000 -0.001800
445921.386371 3944960.233099 0.000000 -0.001803
445921.385475 3944960.403244 0.000000 -0.001806
445921.384632 3944960.573301 0.000000 -0.001809
445921.383841 3944960.743270 0.000000 -0.001812
445921.383103 3944960.913151 0.000000 -0.001814
445921.382418 3944961.082944 0.000000 -0.000908
445921.381759 3944961.252694 0.000000 0.000000
445921.381101 3944961.422444 0.000000 -0.000000
445921.380442 3944961.592193 0.000000 0.000000
445921.379783 3944961.761943 0.000000 0.000000
445921.379124 3944961.931692 0.000000 -0.000000
445921.378465 3944962.101442 0.000000 0.000000
445921.377807 3944962.271191 0.000000 -0.000000
445921.377148 3944962.440941 0.000000 0.000000
445921.376489 3944962.610690 0.000000 -0.000000
445921.375830 3944962.780440 0.000000 0.000000
445921.375171 3944962.950190 0.000000 -0.000000
445921.374513 3944963.119939 0.000000 0.000000
445921.373854 3944963.289689 0.000000 -0.000000
445921.373195 3944963.459438 0.000000 0.000000
445921.372536 3944963.629188 0.000000 -0.000000
445921.371878 3944963.798937 0.000000 0.000000
445921.371219 3944963.968687 0.000000 -0.000000
445921.370560 3944964.138436 0.000000 0.000000
445921.369901 3944964.308186 0.000000 0.000000
445921.369242 3944964.477935 0.000000 -0.000000
445921.368584 3944964.647685 0.000000 -0.000000
445921.367925 3944964.817435 0.000000 0.000000
445921.367266 3944964.987184 0.000000 -0.000000
445921.366607 3944965.156934 0.000000 0.000000
445921.365948 3944965.326683 0.000000 -0.000000
445921.365290 3944965.496433 0.000000 0.000000
445921.364631 3944965.666182 0.000000 -0.000000
445921.363972 3944965.835932 0.000000 0.000000
445921.363313 3944966.005681 0.000000 -0.000000
445921.362654 3944966.175431 0.000000 0.000000
445921.361996 3944966.345180 0.000000 -0.000000
445921.361337 3944966.514930 0.000000 -0.000000
445921.360678 3944966.684680 0.000000 -0.000000
445921.360019 3944966.854429 0.000000 -0.000000
445921.359360 3944967.024179 0.000000 0.000000
445921.358702 3944967.193928 0.000000 -0.000000
445921.358043 3944967.363678 0.000000 -0.000000
445921.357384 3944967.533427 0.000000 -0.000000
445921.356725 3944967.703177 0.000000 0.000000
445921.356066 3944967.872926 0.000000 -0.000000
445921.355408 3944968.042676 0.000000 0.000000
445921.354749 3944968.212425 0.000000 -0.000000
445921.354090 3944968.382175 0.000000 -0.000000
445921.353431 3944968.551925 0.000000 0.000000
445921.352772 3944968.721674 0.000000 -0.000000
445921.352114 3944968.891424 0.000000 0.000000
445921.351455 3944969.061173 0.000000 0.000000
445921.350796 3944969.230923 0.000000 -0.000000
445921.350137 3944969.400672 0.000000 0.000000
445921.349478 3944969.570422 0.000000 0.000076
445921.348818 3944969.740112 0.000000 0.000153
445921.348153 3944969.909684 0.000000 0.000153
445921.347484 3944970.079137 0.000000 0.000154
445921.346812 3944970.248472 0.000000 0.000154
445921.346135 3944970.417689 0.000000 0.000154
445921.345455 3944970.586787 0.000000 0.000155
445921.344770 3944970.755766 0.000000 0.000155
445921.344082 3944970.924627 0.000000 0.000155
445921.343390 3944971.093370 0.000000 0.000156
445921.342693 3944971.261994 0.000000 0.000156
445921.341993 3944971.430499 0.000000 0.000156
445921.341289 3944971.598886 0.000000 0.000157
445921.340581 3944971.767155 0.000000 0.000157
445921.339869 3944971.935305 0.000000 0.000157
445921.339153 3944972.103337 0.000000 0.000158
445921.338433 3944972.271250 0.000000 0.000158
445921.337709 3944972.439045 0.000000 0.000158
445921.336981 3944972.606721 0.000000 0.000159
445921.336250 3944972.774279 0.000000 0.000159
445921.335514 3944972.941718 0.000000 0.000159
445921.334774 3944973.109039 0.000000 0.000160
445921.334031 3944973.276242 0.000000 0.000160
445921.333283 3944973.443325 0.000000 0.000160
445921.332532 3944973.610291 0.000000 0.000161
445921.331776 3944973.777138 0.000000 0.000161
445921.331017 3944973.943866 0.000000 0.000161
445921.330254 3944974.110476 0.000000 0.000162
445921.329486 3944974.276968 0.000000 0.000162
445921.328715 3944974.443341 0.000000 0.000162
445921.327940 3944974.609596 0.000000 0.000163
445921.327161 3944974.775732 0.000000 0.000163
445921.326378 3944974.941749 0.000000 0.000164
445921.325591 3944975.107649 0.000000 0.000164
445921.324800 3944975.273429 0.000000 0.000164
445921.324005 3944975.439092 0.000000 0.000165
445921.323207 3944975.604635 0.000000 0.000165
445921.322404 3944975.770061 0.000000 0.000165
445921.321597 3944975.935367 0.000000 0.000166
445921.320787 3944976.100556 0.000000 0.000166
445921.319972 3944976.265626 0.000000 0.000166
445921.319154 3944976.430577 0.000000 0.000167
445921.318331 3944976.595410 0.000000 0.000167
445921.317505 3944976.760124 0.000000 0.000167
445921.316674 3944976.924720 0.000000 0.000168
445921.315840 3944977.089198 0.000000 0.000168
445921.315002 3944977.253557 0.000000 0.000168
445921.314160 3944977.417798 0.000000 0.000169
445921.313314 3944977.581920 0.000000 0.000169
445921.312464 3944977.745923 0.000000 0.000170
445921.311610 3944977.909808 0.000000 0.000085
445921.310745 3944978.075273 0.000000 -0.000000
445921.309863 3944978.244013 0.000000 0.000000
445921.308965 3944978.416031 0.000000 -0.000000
445921.308049 3944978.591324 0.000000 0.000000
445921.307116 3944978.769895 0.000000 -0.000000
445921.306166 3944978.951741 0.000000 -0.000000
445921.305199 3944979.136865 0.000000 -0.000000
445921.304214 3944979.325264 0.000000 -0.000000
445921.303213 3944979.516941 0.000000 0.000000
445921.302194 3944979.711894 0.000000 -0.000000
445921.301158 3944979.910123 0.000000 -0.000000
445921.300106 3944980.111629 0.000000 0.000000
445921.299036 3944980.316411 0.000000 -0.000000
445921.297949 3944980.524470 0.000000 -0.000000
445921.296844 3944980.735806 0.000000 -0.000000
445921.295723 3944980.950418 0.000000 -0.000000
445921.294585 3944981.168306 0.000000 -0.000000
445921.293429 3944981.389471 0.000000 0.000000
445921.292256 3944981.613913 0.000000 -0.000000
445921.291067 3944981.841631 0.000000 0.000000
445921.289860 3944982.072625 0.000000 0.000000
445921.288636 3944982.306896 0.000000 0.000000
445921.287395 3944982.544444 0.000000 0.000000
445921.286136 3944982.785268 0.000000 -0.000000
445921.284861 3944983.029368 0.000000 -0.000000
445921.283568 3944983.276746 0.000000 0.000000
445921.282259 3944983.527399 0.000000 0.000000
445921.280932 3944983.781329 0.000000 0.000000
445921.279588 3944984.038536 0.000000 -0.000000
445921.278227 3944984.299019 0.000000 -0.000000
445921.276849 3944984.562779 0.000000 -0.000000
445921.275454 3944984.829815 0.000000 -0.000000
445921.274042 3944985.100128 0.000000 0.000000
445921.272612 3944985.373717 0.000000 -0.000000
445921.271166 3944985.650583 0.000000 -0.000000
445921.269702 3944985.930725 0.000000 -0.000000
445921.268221 3944986.214144 0.000000 0.000000
445921.266723 3944986.500840 0.000000 0.000000
445921.265208 3944986.790812 0.000000 0.000000
445921.263676 3944987.084060 0.000000 0.000000
445921.262127 3944987.380585 0.000000 0.000000
445921.260560 3944987.680386 0.000000 -0.000000
445921.258977 3944987.983464 0.000000 0.000000
445921.257376 3944988.289819 0.000000 -0.000000
445921.255758 3944988.599450 0.000000 0.000000
445921.254123 3944988.912357 0.000000 -0.000000
445921.252471 3944989.228541 0.000000 0.000000
445921.250802 3944989.548002 0.000000 -0.000000
445921.249116 3944989.870739 0.000000 -0.000000
