445854.099279 3945154.073446 0.000000 -0.000061
445853.526949 3945154.706974 0.000000 -0.000061
445852.960653 3945155.333888 0.000000 -0.000063
445852.400392 3945155.954188 0.000000 -0.000065
445851.846165 3945156.567873 0.000000 -0.000067
445851.297973 3945157.174944 0.000000 -0.000070
445850.755815 3945157.775401 0.000000 -0.000072
445850.219692 3945158.369243 0.000000 -0.000074
445849.689603 3945158.956471 0.000000 -0.000077
445849.165550 3945159.537085 0.000000 -0.000080
445848.647530 3945160.111084 0.000000 -0.000083
445848.135545 3945160.678469 0.000000 -0.000086
445847.629595 3945161.239240 0.000000 -0.000089
445847.129679 3945161.793397 0.000000 -0.000092
445846.635798 3945162.340939 0.000000 -0.000095
445846.147952 3945162.881867 0.000000 -0.000099
445845.666140 3945163.416180 0.000000 -0.000103
445845.190362 3945163.943880 0.000000 -0.000107
445844.720619 3945164.464965 0.000000 -0.000111
445844.256911 3945164.979435 0.000000 -0.000115
445843.799237 3945165.487292 0.000000 -0.000120
445843.347598 3945165.988534 0.000000 -0.000125
445842.901993 3945166.483161 0.000000 -0.000130
445842.462423 3945166.971175 0.000000 -0.000135
445842.028888 3945167.452574 0.000000 -0.000141
445841.601387 3945167.927359 0.000000 -0.000147
445841.179920 3945168.395530 0.000000 -0.000153
445840.764489 3945168.857086 0.000000 -0.000160
445840.355091 3945169.312028 0.000000 -0.000167
445839.951729 3945169.760355 0.000000 -0.000175
445839.554400 3945170.202069 0.000000 -0.000183
445839.163107 3945170.637168 0.000000 -0.000192
445838.777848 3945171.065653 0.000000 -0.000201
445838.398623 3945171.487523 0.000000 -0.000210
445838.025434 3945171.902779 0.000000 -0.000221
445837.658278 3945172.311421 0.000000 -0.000232
445837.297157 3945172.713449 0.000000 -0.000244
445836.942071 3945173.108862 0.000000 -0.000256
445836.593020 3945173.497661 0.000000 -0.000270
445836.250003 3945173.879845 0.000000 -0.000284
445835.913020 3945174.255416 0.000000 -0.000300
445835.582072 3945174.624372 0.000000 -0.000317
445835.257159 3945174.986713 0.000000 -0.000334
445834.938280 3945175.342441 0.000000 -0.000354
445834.625436 3945175.691554 0.000000 -0.000375
445834.318626 3945176.034053 0.000000 -0.000397
445834.017851 3945176.369937 0.000000 -0.000422
445833.723110 3945176.699207 0.000000 -0.000448
445833.434404 3945177.021863 0.000000 -0.000477
445833.151733 3945177.337905 0.000000 -0.000508
445832.875096 3945177.647332 0.000000 -0.000169
445832.601415 3945177.953496 0.000000 0.000196
445832.327611 3945178.259748 0.000000 0.000196
445832.053684 3945178.566088 0.000000 0.000196
445831.779634 3945178.872516 0.000000 0.000196
445831.505461 3945179.179031 0.000000 0.000196
445831.231165 3945179.485634 0.000000 0.000195
445830.956746 3945179.792325 0.000000 0.000195
445830.682204 3945180.099104 0.000000 0.000195
445830.407539 3945180.405971 0.000000 0.000195
445830.132752 3945180.712926 0.000000 0.000195
445829.857841 3945181.019968 0.000000 0.000194
445829.582807 3945181.327098 0.000000 0.000194
445829.307650 3945181.634317 0.000000 0.000194
445829.032370 3945181.941622 0.000000 0.000194
445828.756968 3945182.249016 0.000000 0.000193
445828.481442 3945182.556498 0.000000 0.000193
445828.205793 3945182.864067 0.000000 0.000193
445827.930022 3945183.171725 0.000000 0.000193
445827.654127 3945183.479470 0.000000 0.000193
445827.378110 3945183.787303 0.000000 0.000192
445827.101969 3945184.095224 0.000000 0.000192
445826.825705 3945184.403232 0.000000 0.000192
445826.549319 3945184.711329 0.000000 0.000192
445826.272809 3945185.019513 0.000000 0.000192
445825.996177 3945185.327786 0.000000 0.000191
445825.719421 3945185.636146 0.000000 0.000191
445825.442543 3945185.944594 0.000000 0.000191
445825.165542 3945186.253129 0.000000 0.000191
445824.888417 3945186.561753 0.000000 0.000191
445824.611170 3945186.870464 0.000000 0.000190
445824.333800 3945187.179263 0.000000 0.000190
445824.056306 3945187.488151 0.000000 0.000190
445823.778690 3945187.797125 0.000000 0.000190
445823.500951 3945188.106188 0.000000 0.000190
445823.223089 3945188.415339 0.000000 0.000189
445822.945103 3945188.724577 0.000000 0.000189
445822.666995 3945189.033904 0.000000 0.000189
445822.388764 3945189.343318 0.000000 0.000189
445822.110410 3945189.652820 0.000000 0.000189
445821.831933 3945189.962409 0.000000 0.000188
445821.553333 3945190.272087 0.000000 0.000188
445821.274610 3945190.581852 0.000000 0.000188
445820.995764 3945190.891706 0.000000 0.000188
445820.716795 3945191.201647 0.000000 0.000188
445820.437703 3945191.511676 0.000000 0.000187
445820.158488 3945191.821793 0.000000 0.000187
445819.879150 3945192.131997 0.000000 0.000187
445819.599689 3945192.442290 0.000000 0.000187
445819.320105 3945192.752670 0.000000 0.000187
445819.040398 3945193.063138 0.000000 0.000427
445818.760730 3945193.373452 0.000000 0.000670
445818.481262 3945193.683370 0.000000 0.000672
445818.201994 3945193.992891 0.000000 0.000674
445817.922926 3945194.302016 0.000000 0.000676
445817.644058 3945194.610745 0.000000 0.000678
445817.365390 3945194.919077 0.000000 0.000680
445817.086923 3945195.227013 0.000000 0.000682
445816.808655 3945195.534553 0.000000 0.000684
445816.530588 3945195.841697 0.000000 0.000686
445816.252721 3945196.148444 0.000000 0.000688
445815.975054 3945196.454794 0.000000 0.000691
445815.697587 3945196.760749 0.000000 0.000693
445815.420320 3945197.066307 0.000000 0.000695
445815.143253 3945197.371469 0.000000 0.000697
445814.866387 3945197.676234 0.000000 0.000699
445814.589720 3945197.980604 0.000000 0.000701
445814.313254 3945198.284576 0.000000 0.000704
445814.036988 3945198.588153 0.000000 0.000706
445813.760921 3945198.891333 0.000000 0.000708
445813.485055 3945199.194117 0.000000 0.000710
445813.209390 3945199.496505 0.000000 0.000713
445812.933924 3945199.798496 0.000000 0.000715
445812.658658 3945200.100091 0.000000 0.000717
445812.383593 3945200.401290 0.000000 0.000719
445812.108727 3945200.702092 0.000000 0.000722
445811.834062 3945201.002498 0.000000 0.000724
445811.559597 3945201.302508 0.000000 0.000726
445811.285332 3945201.602121 0.000000 0.000728
445811.011267 3945201.901338 0.000000 0.000731
445810.737402 3945202.200159 0.000000 0.000733
445810.463737 3945202.498583 0.000000 0.000735
445810.190273 3945202.796611 0.000000 0.000738
445809.917008 3945203.094243 0.000000 0.000740
445809.643944 3945203.391479 0.000000 0.000742
445809.371080 3945203.688318 0.000000 0.000745
445809.098416 3945203.984760 0.000000 0.000747
445808.825952 3945204.280807 0.000000 0.000749
445808.553688 3945204.576457 0.000000 0.000752
445808.281624 3945204.871711 0.000000 0.000754
445808.009760 3945205.166569 0.000000 0.000757
445807.738097 3945205.461030 0.000000 0.000759
445807.466634 3945205.755095 0.000000 0.000762
445807.195370 3945206.048763 0.000000 0.000764
445806.924307 3945206.342036 0.000000 0.000766
445806.653444 3945206.634912 0.000000 0.000769
445806.382781 3945206.927391 0.000000 0.000771
445806.112319 3945207.219475 0.000000 0.000774
445805.842056 3945207.511162 0.000000 0.000776
445805.571993 3945207.802452 0.000000 0.000779
445805.302131 3945208.093347 0.000000 -0.000002
445805.033402 3945208.383020 0.000000 -0.000800
445804.766738 3945208.670648 0.000000 -0.000818
445804.502141 3945208.956230 0.000000 -0.000836
445804.239611 3945209.239767 0.000000 -0.000855
445803.979146 3945209.521258 0.000000 -0.000875
445803.720747 3945209.800703 0.000000 -0.000895
445803.464415 3945210.078103 0.000000 -0.000916
445803.210148 3945210.353457 0.000000 -0.000938
445802.957948 3945210.626765 0.000000 -0.000960
445802.707814 3945210.898028 0.000000 -0.000983
445802.459746 3945211.167245 0.000000 -0.001006
445802.213744 3945211.434417 0.000000 -0.001031
445801.969809 3945211.699543 0.000000 -0.001056
445801.727939 3945211.962623 0.000000 -0.001082
445801.488136 3945212.223658 0.000000 -0.001109
445801.250399 3945212.482647 0.000000 -0.001137
445801.014727 3945212.739591 0.000000 -0.001166
445800.781122 3945212.994489 0.000000 -0.001195
445800.549584 3945213.247341 0.000000 -0.001226
445800.320111 3945213.498148 0.000000 -0.001258
445800.092704 3945213.746909 0.000000 -0.001291
445799.867364 3945213.993624 0.000000 -0.001325
445799.644090 3945214.238294 0.000000 -0.001360
445799.422881 3945214.480919 0.000000 -0.001397
445799.203739 3945214.721497 0.000000 -0.001435
445798.986663 3945214.960030 0.000000 -0.001474
445798.771654 3945215.196518 0.000000 -0.001515
445798.558710 3945215.430959 0.000000 -0.001557
445798.347833 3945215.663355 0.000000 -0.001601
445798.139021 3945215.893706 0.000000 -0.001646
445797.932276 3945216.122011 0.000000 -0.001694
445797.727597 3945216.348270 0.000000 -0.001743
445797.524984 3945216.572484 0.000000 -0.001794
445797.324437 3945216.794652 0.000000 -0.001847
445797.125957 3945217.014775 0.000000 -0.001902
445796.929542 3945217.232851 0.000000 -0.001959
445796.735194 3945217.448883 0.000000 -0.002018
445796.542911 3945217.662868 0.000000 -0.002080
445796.352695 3945217.874808 0.000000 -0.002145
445796.164545 3945218.084703 0.000000 -0.002212
445795.978461 3945218.292551 0.000000 -0.002282
445795.794444 3945218.498354 0.000000 -0.002356
445795.612492 3945218.702112 0.000000 -0.002432
445795.432607 3945218.903824 0.000000 -0.002512
445795.254787 3945219.103490 0.000000 -0.002595
445795.079034 3945219.301111 0.000000 -0.002681
445794.905347 3945219.496686 0.000000 -0.002772
445794.733726 3945219.690215 0.000000 -0.002867
445794.564171 3945219.881699 0.000000 -0.002966
445794.396683 3945220.071137 0.000000 -0.001241
445794.229226 3945220.260660 0.000000 0.000540
445794.059766 3945220.452395 0.000000 0.000521
445793.888304 3945220.646345 0.000000 0.000504
445793.714838 3945220.842508 0.000000 0.000487
445793.539371 3945221.040884 0.000000 0.000470
445793.361900 3945221.241474 0.000000 0.000455
445793.182427 3945221.444277 0.000000 0.000440
445793.000951 3945221.649294 0.000000 0.000426
445792.817472 3945221.856525 0.000000 0.000412
445792.631990 3945222.065969 0.000000 0.000400
445792.444506 3945222.277627 0.000000 0.000387
445792.255019 3945222.491498 0.000000 0.000375
445792.063529 3945222.707583 0.000000 0.000364
445791.870036 3945222.925881 0.000000 0.000353
445791.674541 3945223.146393 0.000000 0.000342
445791.477043 3945223.369119 0.000000 0.000332
445791.277542 3945223.594058 0.000000 0.000322
445791.076039 3945223.821210 0.000000 0.000313
445790.872533 3945224.050576 0.000000 0.000304
445790.667024 3945224.282156 0.000000 0.000295
445790.459512 3945224.515949 0.000000 0.000287
445790.249998 3945224.751956 0.000000 0.000279
445790.038481 3945224.990176 0.000000 0.000271
445789.824961 3945225.230610 0.000000 0.000264
445789.609438 3945225.473258 0.000000 0.000256
445789.391913 3945225.718119 0.000000 0.000250
445789.172385 3945225.965193 0.000000 0.000243
445788.950854 3945226.214481 0.000000 0.000236
445788.727320 3945226.465983 0.000000 0.000230
445788.501784 3945226.719698 0.000000 0.000224
445788.274245 3945226.975627 0.000000 0.000218
445788.044703 3945227.233769 0.000000 0.000213
445787.813158 3945227.494125 0.000000 0.000207
445787.579611 3945227.756694 0.000000 0.000202
445787.344061 3945228.021477 0.000000 0.000197
445787.106508 3945228.288474 0.000000 0.000192
445786.866953 3945228.557684 0.000000 0.000188
445786.625395 3945228.829107 0.000000 0.000183
445786.381834 3945229.102744 0.000000 0.000179
445786.136270 3945229.378595 0.000000 0.000174
445785.888704 3945229.656659 0.000000 0.000170
445785.639134 3945229.936937 0.000000 0.000166
445785.387563 3945230.219429 0.000000 0.000162
445785.133988 3945230.504133 0.000000 0.000159
445784.878411 3945230.791052 0.000000 0.000155
445784.620830 3945231.080184 0.000000 0.000151
445784.361248 3945231.371530 0.000000 0.000148
445784.099662 3945231.665089 0.000000 0.000145
445783.836074 3945231.960861 0.000000 0.000141
445783.570483 3945232.258848 0.000000 0.000295
445783.303732 3945232.558063 0.000000 0.000450
445783.036665 3945232.857525 0.000000 0.000448
445782.769282 3945233.157233 0.000000 0.000447
445782.501583 3945233.457187 0.000000 0.000446
445782.233568 3945233.757387 0.000000 0.000444
445781.965236 3945234.057833 0.000000 0.000443
445781.696588 3945234.358524 0.000000 0.000442
445781.427624 3945234.659462 0.000000 0.000441
445781.158344 3945234.960645 0.000000 0.000439
445780.888747 3945235.262075 0.000000 0.000438
445780.618834 3945235.563750 0.000000 0.000437
445780.348605 3945235.865672 0.000000 0.000435
445780.078060 3945236.167839 0.000000 0.000434
445779.807199 3945236.470253 0.000000 0.000433
445779.536021 3945236.772912 0.000000 0.000432
445779.264527 3945237.075817 0.000000 0.000430
445778.992717 3945237.378968 0.000000 0.000429
445778.720591 3945237.682365 0.000000 0.000428
445778.448148 3945237.986008 0.000000 0.000427
445778.175390 3945238.289897 0.000000 0.000425
445777.902315 3945238.594032 0.000000 0.000424
445777.628923 3945238.898413 0.000000 0.000423
445777.355216 3945239.203040 0.000000 0.000422
445777.081192 3945239.507913 0.000000 0.000421
445776.806852 3945239.813032 0.000000 0.000419
445776.532196 3945240.118396 0.000000 0.000418
445776.257224 3945240.424007 0.000000 0.000417
445775.981936 3945240.729864 0.000000 0.000416
445775.706331 3945241.035966 0.000000 0.000415
445775.430410 3945241.342315 0.000000 0.000413
445775.154173 3945241.648909 0.000000 0.000412
445774.877619 3945241.955750 0.000000 0.000411
445774.600750 3945242.262836 0.000000 0.000410
445774.323564 3945242.570168 0.000000 0.000409
445774.046062 3945242.877747 0.000000 0.000407
445773.768243 3945243.185571 0.000000 0.000406
445773.490109 3945243.493641 0.000000 0.000405
445773.211658 3945243.801957 0.000000 0.000404
445772.932891 3945244.110519 0.000000 0.000403
445772.653808 3945244.419327 0.000000 0.000402
445772.374409 3945244.728381 0.000000 0.000401
445772.094693 3945245.037681 0.000000 0.000399
445771.814661 3945245.347227 0.000000 0.000398
445771.534313 3945245.657019 0.000000 0.000397
445771.253649 3945245.967057 0.000000 0.000396
445770.972668 3945246.277340 0.000000 0.000395
445770.691371 3945246.587870 0.000000 0.000394
445770.409758 3945246.898646 0.000000 0.000393
445770.127829 3945247.209667 0.000000 0.000392
445769.845584 3945247.520935 0.000000 0.000225
445769.563277 3945247.832211 0.000000 0.000058
445769.281163 3945248.143259 0.000000 0.000058
445768.999243 3945248.454079 0.000000 0.000059
445768.717516 3945248.764670 0.000000 0.000059
445768.435982 3945249.075033 0.000000 0.000059
445768.154641 3945249.385167 0.000000 0.000059
445767.873494 3945249.695073 0.000000 0.000059
445767.592540 3945250.004751 0.000000 0.000059
445767.311779 3945250.314200 0.000000 0.000059
445767.031211 3945250.623421 0.000000 0.000059
445766.750837 3945250.932413 0.000000 0.000060
445766.470655 3945251.241177 0.000000 0.000060
445766.190668 3945251.549713 0.000000 0.000060
445765.910873 3945251.858020 0.000000 0.000060
445765.631271 3945252.166099 0.000000 0.000060
445765.351863 3945252.473950 0.000000 0.000060
445765.072648 3945252.781572 0.000000 0.000060
445764.793627 3945253.088966 0.000000 0.000060
445764.514798 3945253.396131 0.000000 0.000061
445764.236163 3945253.703068 0.000000 0.000061
445763.957721 3945254.009777 0.000000 0.000061
445763.679472 3945254.316257 0.000000 0.000061
445763.401417 3945254.622509 0.000000 0.000061
445763.123555 3945254.928533 0.000000 0.000061
445762.845886 3945255.234328 0.000000 0.000061
445762.568410 3945255.539895 0.000000 0.000062
445762.291127 3945255.845233 0.000000 0.000062
445762.014038 3945256.150343 0.000000 0.000062
445761.737142 3945256.455225 0.000000 0.000062
445761.460439 3945256.759878 0.000000 0.000062
445761.183930 3945257.064303 0.000000 0.000062
445760.907614 3945257.368499 0.000000 0.000062
445760.631491 3945257.672467 0.000000 0.000062
445760.355561 3945257.976207 0.000000 0.000063
445760.079824 3945258.279718 0.000000 0.000063
445759.804281 3945258.583001 0.000000 0.000063
445759.528931 3945258.886056 0.000000 0.000063
445759.253774 3945259.188882 0.000000 0.000063
445758.978811 3945259.491480 0.000000 0.000063
445758.704041 3945259.793849 0.000000 0.000063
445758.429463 3945260.095990 0.000000 0.000064
445758.155080 3945260.397903 0.000000 0.000064
445757.880889 3945260.699587 0.000000 0.000064
445757.606892 3945261.001043 0.000000 0.000064
445757.333088 3945261.302270 0.000000 0.000064
445757.059477 3945261.603269 0.000000 0.000064
445756.786059 3945261.904040 0.000000 0.000064
445756.512835 3945262.204583 0.000000 0.000065
445756.239804 3945262.504896 0.000000 0.000065
445755.966966 3945262.804982 0.000000 0.000018
445755.693733 3945263.105498 0.000000 -0.000029
445755.419516 3945263.407103 0.000000 -0.000029
445755.144316 3945263.709798 0.000000 -0.000028
445754.868131 3945264.013581 0.000000 -0.000028
445754.590963 3945264.318454 0.000000 -0.000028
445754.312811 3945264.624416 0.000000 -0.000028
445754.033675 3945264.931467 0.000000 -0.000027
445753.753555 3945265.239608 0.000000 -0.000027
445753.472452 3945265.548837 0.000000 -0.000027
445753.190364 3945265.859156 0.000000 -0.000026
445752.907293 3945266.170564 0.000000 -0.000026
445752.623238 3945266.483062 0.000000 -0.000026
445752.338200 3945266.796648 0.000000 -0.000026
445752.052177 3945267.111324 0.000000 -0.000025
445751.765171 3945267.427089 0.000000 -0.000025
445751.477181 3945267.743943 0.000000 -0.000025
445751.188207 3945268.061886 0.000000 -0.000025
445750.898249 3945268.380919 0.000000 -0.000024
445750.607308 3945268.701040 0.000000 -0.000024
445750.315382 3945269.022251 0.000000 -0.000024
445750.022473 3945269.344552 0.000000 -0.000024
445749.728580 3945269.667941 0.000000 -0.000023
445749.433704 3945269.992419 0.000000 -0.000023
445749.137843 3945270.317987 0.000000 -0.000023
445748.840999 3945270.644644 0.000000 -0.000023
445748.543171 3945270.972390 0.000000 -0.000022
445748.244359 3945271.301226 0.000000 -0.000022
445747.944563 3945271.631150 0.000000 -0.000022
445747.643784 3945271.962164 0.000000 -0.000022
445747.342020 3945272.294267 0.000000 -0.000022
445747.039273 3945272.627459 0.000000 -0.000021
445746.735542 3945272.961741 0.000000 -0.000021
445746.430828 3945273.297112 0.000000 -0.000021
445746.125129 3945273.633571 0.000000 -0.000021
445745.818447 3945273.971120 0.000000 -0.000021
445745.510781 3945274.309759 0.000000 -0.000020
445745.202131 3945274.649486 0.000000 -0.000020
445744.892497 3945274.990303 0.000000 -0.000020
445744.581880 3945275.332209 0.000000 -0.000020
445744.270278 3945275.675204 0.000000 -0.000020
445743.957693 3945276.019288 0.000000 -0.000019
445743.644124 3945276.364462 0.000000 -0.000019
445743.329571 3945276.710724 0.000000 -0.000019
445743.014035 3945277.058076 0.000000 -0.000019
445742.697515 3945277.406518 0.000000 -0.000019
445742.380011 3945277.756048 0.000000 -0.000019
445742.061523 3945278.106667 0.000000 -0.000018
445741.742051 3945278.458376 0.000000 -0.000018
445741.421595 3945278.811174 0.000000 -0.000018
445741.100156 3945279.165061 0.000000 -0.000202
445740.778181 3945279.519607 0.000000 -0.000386
445740.456118 3945279.874382 0.000000 -0.000385
445740.133967 3945280.229384 0.000000 -0.000385
445739.811728 3945280.584616 0.000000 -0.000384
445739.489402 3945280.940075 0.000000 -0.000383
445739.166988 3945281.295763 0.000000 -0.000383
445738.844485 3945281.651679 0.000000 -0.000382
445738.521895 3945282.007824 0.000000 -0.000382
445738.199218 3945282.364197 0.000000 -0.000381
445737.876452 3945282.720798 0.000000 -0.000381
445737.553598 3945283.077628 0.000000 -0.000380
445737.230657 3945283.434686 0.000000 -0.000380
445736.907628 3945283.791973 0.000000 -0.000379
445736.584511 3945284.149488 0.000000 -0.000379
445736.261306 3945284.507231 0.000000 -0.000378
445735.938013 3945284.865203 0.000000 -0.000377
445735.614632 3945285.223403 0.000000 -0.000377
445735.291164 3945285.581831 0.000000 -0.000376
445734.967608 3945285.940488 0.000000 -0.000376
445734.643964 3945286.299373 0.000000 -0.000375
445734.320232 3945286.658487 0.000000 -0.000375
445733.996412 3945287.017829 0.000000 -0.000374
445733.672504 3945287.377399 0.000000 -0.000374
445733.348509 3945287.737198 0.000000 -0.000373
445733.024426 3945288.097225 0.000000 -0.000373
445732.700255 3945288.457481 0.000000 -0.000372
445732.375996 3945288.817965 0.000000 -0.000372
445732.051649 3945289.178677 0.000000 -0.000371
445731.727214 3945289.539618 0.000000 -0.000371
445731.402692 3945289.900787 0.000000 -0.000370
445731.078081 3945290.262184 0.000000 -0.000370
445730.753383 3945290.623810 0.000000 -0.000369
445730.428597 3945290.985664 0.000000 -0.000368
445730.103723 3945291.347747 0.000000 -0.000368
445729.778762 3945291.710058 0.000000 -0.000367
445729.453712 3945292.072597 0.000000 -0.000367
445729.128575 3945292.435365 0.000000 -0.000366
445728.803350 3945292.798361 0.000000 -0.000366
445728.478036 3945293.161586 0.000000 -0.000365
445728.152636 3945293.525039 0.000000 -0.000365
445727.827147 3945293.888720 0.000000 -0.000364
445727.501570 3945294.252629 0.000000 -0.000364
445727.175906 3945294.616767 0.000000 -0.000363
445726.850154 3945294.981134 0.000000 -0.000363
445726.524314 3945295.345729 0.000000 -0.000362
445726.198386 3945295.710552 0.000000 -0.000362
445725.872370 3945296.075603 0.000000 -0.000361
445725.546266 3945296.440883 0.000000 -0.000361
445725.220075 3945296.806392 0.000000 -0.000360
445724.893796 3945297.172128 0.000000 0.000025
445724.567877 3945297.537452 0.000000 0.000413
445724.242766 3945297.901722 0.000000 0.000417
445723.918463 3945298.264938 0.000000 0.000420
445723.594968 3945298.627099 0.000000 0.000424
445723.272281 3945298.988207 0.000000 0.000427
445722.950403 3945299.348261 0.000000 0.000431
445722.629332 3945299.707260 0.000000 0.000434
445722.309070 3945300.065205 0.000000 0.000438
445721.989616 3945300.422097 0.000000 0.000442
445721.670970 3945300.777934 0.000000 0.000445
445721.353132 3945301.132717 0.000000 0.000449
445721.036102 3945301.486446 0.000000 0.000453
445720.719880 3945301.839121 0.000000 0.000457
445720.404467 3945302.190742 0.000000 0.000460
445720.089861 3945302.541309 0.000000 0.000464
445719.776064 3945302.890822 0.000000 0.000468
445719.463075 3945303.239280 0.000000 0.000472
445719.150894 3945303.586685 0.000000 0.000476
445718.839521 3945303.933035 0.000000 0.000480
445718.528956 3945304.278332 0.000000 0.000484
445718.219200 3945304.622574 0.000000 0.000489
445717.910251 3945304.965763 0.000000 0.000493
445717.602111 3945305.307897 0.000000 0.000497
445717.294778 3945305.648977 0.000000 0.000501
445716.988254 3945305.989003 0.000000 0.000506
445716.682538 3945306.327975 0.000000 0.000510
445716.377630 3945306.665893 0.000000 0.000515
445716.073530 3945307.002757 0.000000 0.000519
445715.770238 3945307.338567 0.000000 0.000524
445715.467755 3945307.673323 0.000000 0.000528
445715.166079 3945308.007025 0.000000 0.000533
445714.865212 3945308.339672 0.000000 0.000538
445714.565153 3945308.671266 0.000000 0.000543
445714.265902 3945309.001805 0.000000 0.000547
445713.967459 3945309.331291 0.000000 0.000552
445713.669824 3945309.659722 0.000000 0.000557
445713.372997 3945309.987099 0.000000 0.000562
445713.076978 3945310.313422 0.000000 0.000568
445712.781768 3945310.638692 0.000000 0.000573
445712.487366 3945310.962907 0.000000 0.000578
445712.193771 3945311.286068 0.000000 0.000583
445711.900985 3945311.608175 0.000000 0.000588
445711.609007 3945311.929227 0.000000 0.000594
445711.317837 3945312.249226 0.000000 0.000599
445711.027476 3945312.568171 0.000000 0.000605
445710.737922 3945312.886061 0.000000 0.000611
445710.449176 3945313.202898 0.000000 0.000616
445710.161239 3945313.518680 0.000000 0.000622
445709.874110 3945313.833409 0.000000 0.000628
445709.587789 3945314.147083 0.000000 0.000282
445709.301968 3945314.460134 0.000000 -0.000069
445709.016341 3945314.772991 0.000000 -0.000069
445708.730907 3945315.085655 0.000000 -0.000069
445708.445666 3945315.398126 0.000000 -0.000070
445708.160619 3945315.710404 0.000000 -0.000070
445707.875765 3945316.022488 0.000000 -0.000070
445707.591104 3945316.334380 0.000000 -0.000070
445707.306636 3945316.646078 0.000000 -0.000070
445707.022361 3945316.957582 0.000000 -0.000070
445706.738280 3945317.268894 0.000000 -0.000070
445706.454392 3945317.580012 0.000000 -0.000071
445706.170697 3945317.890937 0.000000 -0.000071
445705.887196 3945318.201669 0.000000 -0.000071
445705.603888 3945318.512207 0.000000 -0.000071
445705.320773 3945318.822552 0.000000 -0.000071
445705.037851 3945319.132704 0.000000 -0.000071
445704.755122 3945319.442663 0.000000 -0.000071
445704.472587 3945319.752428 0.000000 -0.000071
445704.190245 3945320.062001 0.000000 -0.000072
445703.908096 3945320.371380 0.000000 -0.000072
445703.626141 3945320.680565 0.000000 -0.000072
445703.344378 3945320.989558 0.000000 -0.000072
445703.062809 3945321.298357 0.000000 -0.000072
445702.781433 3945321.606963 0.000000 -0.000072
445702.500251 3945321.915376 0.000000 -0.000072
445702.219262 3945322.223595 0.000000 -0.000073
445701.938466 3945322.531622 0.000000 -0.000073
445701.657863 3945322.839455 0.000000 -0.000073
445701.377453 3945323.147094 0.000000 -0.000073
445701.097237 3945323.454541 0.000000 -0.000073
445700.817214 3945323.761794 0.000000 -0.000073
445700.537384 3945324.068854 0.000000 -0.000073
445700.257747 3945324.375721 0.000000 -0.000074
445699.978304 3945324.682394 0.000000 -0.000074
445699.699054 3945324.988875 0.000000 -0.000074
445699.419997 3945325.295162 0.000000 -0.000074
445699.141134 3945325.601256 0.000000 -0.000074
445698.862463 3945325.907156 0.000000 -0.000074
445698.583986 3945326.212863 0.000000 -0.000074
445698.305702 3945326.518377 0.000000 -0.000075
445698.027612 3945326.823698 0.000000 -0.000075
445697.749714 3945327.128826 0.000000 -0.000075
445697.472010 3945327.433760 0.000000 -0.000075
445697.194499 3945327.738501 0.000000 -0.000075
445696.917182 3945328.043049 0.000000 -0.000075
445696.640057 3945328.347404 0.000000 -0.000076
445696.363126 3945328.651565 0.000000 -0.000076
445696.086388 3945328.955533 0.000000 -0.000076
445695.809844 3945329.259308 0.000000 -0.000076
445695.533492 3945329.562889 0.000000 0.000056
445695.257176 3945329.866418 0.000000 0.000189
445694.980737 3945330.170035 0.000000 0.000188
445694.704175 3945330.473740 0.000000 0.000188
445694.427489 3945330.777532 0.000000 0.000188
445694.150681 3945331.081412 0.000000 0.000188
445693.873750 3945331.385380 0.000000 0.000188
445693.596696 3945331.689436 0.000000 0.000187
445693.319519 3945331.993580 0.000000 0.000187
445693.042219 3945332.297812 0.000000 0.000187
445692.764796 3945332.602131 0.000000 0.000187
445692.487250 3945332.906538 0.000000 0.000187
445692.209581 3945333.211033 0.000000 0.000186
445691.931789 3945333.515616 0.000000 0.000186
445691.653874 3945333.820287 0.000000 0.000186
445691.375836 3945334.125046 0.000000 0.000186
445691.097675 3945334.429892 0.000000 0.000186
445690.819391 3945334.734826 0.000000 0.000185
445690.540985 3945335.039849 0.000000 0.000185
445690.262455 3945335.344959 0.000000 0.000185
445689.983802 3945335.650156 0.000000 0.000185
445689.705026 3945335.955442 0.000000 0.000185
445689.426128 3945336.260816 0.000000 0.000184
445689.147106 3945336.566277 0.000000 0.000184
445688.867961 3945336.871826 0.000000 0.000184
445688.588694 3945337.177463 0.000000 0.000184
445688.309303 3945337.483188 0.000000 0.000184
445688.029789 3945337.789001 0.000000 0.000183
445687.750153 3945338.094901 0.000000 0.000183
445687.470393 3945338.400890 0.000000 0.000183
445687.190511 3945338.706966 0.000000 0.000183
445686.910505 3945339.013130 0.000000 0.000183
445686.630377 3945339.319382 0.000000 0.000182
445686.350125 3945339.625722 0.000000 0.000182
445686.069751 3945339.932149 0.000000 0.000182
445685.789253 3945340.238665 0.000000 0.000182
445685.508633 3945340.545268 0.000000 0.000182
445685.227890 3945340.851959 0.000000 0.000182
445684.947023 3945341.158738 0.000000 0.000181
445684.666034 3945341.465605 0.000000 0.000181
445684.384922 3945341.772559 0.000000 0.000181
445684.103687 3945342.079602 0.000000 0.000181
445683.822328 3945342.386732 0.000000 0.000181
445683.540847 3945342.693950 0.000000 0.000180
445683.259243 3945343.001256 0.000000 0.000180
445682.977516 3945343.308650 0.000000 0.000180
445682.695666 3945343.616132 0.000000 0.000180
445682.413693 3945343.923701 0.000000 0.000180
445682.131596 3945344.231358 0.000000 0.000179
445681.849377 3945344.539104 0.000000 0.000179
445681.567035 3945344.846937 0.000000 -0.000087
445681.284746 3945345.154734 0.000000 -0.000353
445681.002685 3945345.462374 0.000000 -0.000353
445680.720853 3945345.769856 0.000000 -0.000354
445680.439248 3945346.077179 0.000000 -0.000355
445680.157873 3945346.384345 0.000000 -0.000355
445679.876725 3945346.691352 0.000000 -0.000356
445679.595806 3945346.998201 0.000000 -0.000357
445679.315116 3945347.304892 0.000000 -0.000357
445679.034653 3945347.611425 0.000000 -0.000358
445678.754419 3945347.917800 0.000000 -0.000359
445678.474414 3945348.224017 0.000000 -0.000360
445678.194637 3945348.530076 0.000000 -0.000360
445677.915088 3945348.835976 0.000000 -0.000361
445677.635768 3945349.141719 0.000000 -0.000362
445677.356676 3945349.447303 0.000000 -0.000362
445677.077812 3945349.752729 0.000000 -0.000363
445676.799177 3945350.057997 0.000000 -0.000364
445676.520770 3945350.363107 0.000000 -0.000365
445676.242592 3945350.668059 0.000000 -0.000365
445675.964642 3945350.972853 0.000000 -0.000366
445675.686920 3945351.277489 0.000000 -0.000367
445675.409427 3945351.581966 0.000000 -0.000367
445675.132162 3945351.886286 0.000000 -0.000368
445674.855125 3945352.190447 0.000000 -0.000369
445674.578317 3945352.494450 0.000000 -0.000370
445674.301737 3945352.798295 0.000000 -0.000370
445674.025386 3945353.101982 0.000000 -0.000371
445673.749263 3945353.405511 0.000000 -0.000372
445673.473368 3945353.708882 0.000000 -0.000373
445673.197702 3945354.012095 0.000000 -0.000373
445672.922264 3945354.315149 0.000000 -0.000374
445672.647055 3945354.618046 0.000000 -0.000375
445672.372074 3945354.920784 0.000000 -0.000376
445672.097321 3945355.223364 0.000000 -0.000376
445671.822797 3945355.525786 0.000000 -0.000377
445671.548501 3945355.828050 0.000000 -0.000378
445671.274433 3945356.130156 0.000000 -0.000379
445671.000594 3945356.432104 0.000000 -0.000379
445670.726983 3945356.733893 0.000000 -0.000380
445670.453601 3945357.035525 0.000000 -0.000381
445670.180447 3945357.336998 0.000000 -0.000382
445669.907521 3945357.638314 0.000000 -0.000382
445669.634824 3945357.939471 0.000000 -0.000383
445669.362355 3945358.240470 0.000000 -0.000384
445669.090114 3945358.541311 0.000000 -0.000385
445668.818102 3945358.841994 0.000000 -0.000385
445668.546318 3945359.142519 0.000000 -0.000386
445668.274763 3945359.442885 0.000000 -0.000387
445668.003436 3945359.743094 0.000000 -0.000388
445667.732338 3945360.043144 0.000000 -0.000208
445667.461221 3945360.343265 0.000000 -0.000028
445667.189842 3945360.643684 0.000000 -0.000028
445666.918198 3945360.944403 0.000000 -0.000028
445666.646292 3945361.245419 0.000000 -0.000028
445666.374122 3945361.546735 0.000000 -0.000028
445666.101688 3945361.848348 0.000000 -0.000028
445665.828991 3945362.150261 0.000000 -0.000028
445665.556030 3945362.452472 0.000000 -0.000028
445665.282805 3945362.754982 0.000000 -0.000028
445665.009318 3945363.057791 0.000000 -0.000028
445664.735566 3945363.360898 0.000000 -0.000028
445664.461551 3945363.664304 0.000000 -0.000028
445664.187273 3945363.968009 0.000000 -0.000027
445663.912731 3945364.272012 0.000000 -0.000027
445663.637926 3945364.576314 0.000000 -0.000027
445663.362857 3945364.880914 0.000000 -0.000027
445663.087524 3945365.185813 0.000000 -0.000027
445662.811928 3945365.491011 0.000000 -0.000027
445662.536069 3945365.796508 0.000000 -0.000027
445662.259946 3945366.102303 0.000000 -0.000027
445661.983559 3945366.408397 0.000000 -0.000027
445661.706909 3945366.714789 0.000000 -0.000027
445661.429996 3945367.021480 0.000000 -0.000027
445661.152819 3945367.328470 0.000000 -0.000027
445660.875378 3945367.635758 0.000000 -0.000026
445660.597674 3945367.943345 0.000000 -0.000026
445660.319706 3945368.251231 0.000000 -0.000026
445660.041475 3945368.559416 0.000000 -0.000026
445659.762981 3945368.867899 0.000000 -0.000026
445659.484222 3945369.176680 0.000000 -0.000026
445659.205201 3945369.485761 0.000000 -0.000026
445658.925915 3945369.795140 0.000000 -0.000026
445658.646367 3945370.104817 0.000000 -0.000026
445658.366554 3945370.414793 0.000000 -0.000026
445658.086479 3945370.725068 0.000000 -0.000026
445657.806139 3945371.035642 0.000000 -0.000026
445657.525537 3945371.346514 0.000000 -0.000026
445657.244670 3945371.657685 0.000000 -0.000026
445656.963540 3945371.969155 0.000000 -0.000025
445656.682147 3945372.280923 0.000000 -0.000025
445656.400490 3945372.592990 0.000000 -0.000025
445656.118570 3945372.905355 0.000000 -0.000025
445655.836386 3945373.218019 0.000000 -0.000025
445655.553938 3945373.530982 0.000000 -0.000025
445655.271227 3945373.844244 0.000000 -0.000025
445654.988253 3945374.157804 0.000000 -0.000025
445654.705015 3945374.471663 0.000000 -0.000025
445654.421514 3945374.785820 0.000000 -0.000025
445654.137748 3945375.100276 0.000000 -0.000025
445653.853720 3945375.415031 0.000000 0.000152
445653.569639 3945375.729803 0.000000 0.000330
445653.285716 3945376.044312 0.000000 0.000330
445653.001951 3945376.358557 0.000000 0.000331
445652.718344 3945376.672539 0.000000 0.000332
445652.434895 3945376.986257 0.000000 0.000332
445652.151604 3945377.299712 0.000000 0.000333
445651.868472 3945377.612903 0.000000 0.000334
445651.585497 3945377.925831 0.000000 0.000334
445651.302681 3945378.238495 0.000000 0.000335
445651.020022 3945378.550896 0.000000 0.000336
445650.737522 3945378.863033 0.000000 0.000337
445650.455180 3945379.174907 0.000000 0.000337
445650.172996 3945379.486517 0.000000 0.000338
445649.890971 3945379.797863 0.000000 0.000339
445649.609103 3945380.108946 0.000000 0.000340
445649.327393 3945380.419766 0.000000 0.000340
445649.045842 3945380.730322 0.000000 0.000341
445648.764448 3945381.040614 0.000000 0.000342
445648.483213 3945381.350643 0.000000 0.000342
445648.202136 3945381.660409 0.000000 0.000343
445647.921217 3945381.969911 0.000000 0.000344
445647.640456 3945382.279149 0.000000 0.000345
445647.359853 3945382.588124 0.000000 0.000345
445647.079409 3945382.896836 0.000000 0.000346
445646.799122 3945383.205283 0.000000 0.000347
445646.518994 3945383.513468 0.000000 0.000348
445646.239023 3945383.821389 0.000000 0.000348
445645.959211 3945384.129046 0.000000 0.000349
445645.679557 3945384.436440 0.000000 0.000350
445645.400061 3945384.743570 0.000000 0.000351
445645.120723 3945385.050437 0.000000 0.000352
445644.841543 3945385.357040 0.000000 0.000352
445644.562521 3945385.663380 0.000000 0.000353
445644.283658 3945385.969456 0.000000 0.000354
445644.004952 3945386.275269 0.000000 0.000355
445643.726405 3945386.580818 0.000000 0.000355
445643.448016 3945386.886104 0.000000 0.000356
445643.169784 3945387.191126 0.000000 0.000357
445642.891711 3945387.495884 0.000000 0.000358
445642.613797 3945387.800380 0.000000 0.000359
445642.336040 3945388.104611 0.000000 0.000359
445642.058441 3945388.408579 0.000000 0.000360
445641.781000 3945388.712284 0.000000 0.000361
445641.503718 3945389.015725 0.000000 0.000362
445641.226594 3945389.318902 0.000000 0.000362
445640.949627 3945389.621816 0.000000 0.000363
445640.672819 3945389.924467 0.000000 0.000364
445640.396169 3945390.226854 0.000000 0.000365
445640.119677 3945390.528977 0.000000 0.000366
445639.843343 3945390.830837 0.000000 -0.000074
445639.567018 3945391.132706 0.000000 -0.000514
445639.290553 3945391.434856 0.000000 -0.000513
445639.013947 3945391.737287 0.000000 -0.000511
445638.737200 3945392.039999 0.000000 -0.000510
445638.460313 3945392.342992 0.000000 -0.000509
445638.183285 3945392.646266 0.000000 -0.000508
445637.906117 3945392.949821 0.000000 -0.000507
445637.628808 3945393.253657 0.000000 -0.000506
445637.351359 3945393.557775 0.000000 -0.000505
445637.073769 3945393.862173 0.000000 -0.000504
445636.796038 3945394.166853 0.000000 -0.000502
445636.518167 3945394.471813 0.000000 -0.000501
445636.240156 3945394.777055 0.000000 -0.000500
445635.962003 3945395.082578 0.000000 -0.000499
445635.683711 3945395.388382 0.000000 -0.000498
445635.405278 3945395.694467 0.000000 -0.000497
445635.126704 3945396.000833 0.000000 -0.000496
445634.847990 3945396.307480 0.000000 -0.000495
445634.569135 3945396.614408 0.000000 -0.000494
445634.290140 3945396.921618 0.000000 -0.000493
445634.011004 3945397.229108 0.000000 -0.000492
445633.731727 3945397.536880 0.000000 -0.000490
445633.452310 3945397.844932 0.000000 -0.000489
445633.172753 3945398.153266 0.000000 -0.000488
445632.893055 3945398.461881 0.000000 -0.000487
445632.613216 3945398.770777 0.000000 -0.000486
445632.333237 3945399.079954 0.000000 -0.000485
445632.053117 3945399.389412 0.000000 -0.000484
445631.772857 3945399.699151 0.000000 -0.000483
445631.492456 3945400.009171 0.000000 -0.000482
445631.211915 3945400.319472 0.000000 -0.000481
445630.931233 3945400.630055 0.000000 -0.000480
445630.650411 3945400.940918 0.000000 -0.000479
445630.369448 3945401.252063 0.000000 -0.000478
445630.088344 3945401.563488 0.000000 -0.000477
445629.807100 3945401.875195 0.000000 -0.000476
445629.525716 3945402.187183 0.000000 -0.000475
445629.244190 3945402.499452 0.000000 -0.000474
445628.962525 3945402.812002 0.000000 -0.000473
445628.680719 3945403.124833 0.000000 -0.000472
445628.398772 3945403.437945 0.000000 -0.000471
445628.116684 3945403.751338 0.000000 -0.000470
445627.834457 3945404.065013 0.000000 -0.000469
445627.552088 3945404.378968 0.000000 -0.000468
445627.269579 3945404.693204 0.000000 -0.000467
445626.986930 3945405.007722 0.000000 -0.000466
445626.704140 3945405.322521 0.000000 -0.000465
445626.421209 3945405.637600 0.000000 -0.000464
445626.138138 3945405.952961 0.000000 -0.000463
445625.854927 3945406.268603 0.000000 -0.000123
445625.571697 3945406.584298 0.000000 0.000216
445625.288574 3945406.899817 0.000000 0.000216
445625.005555 3945407.215160 0.000000 0.000217
445624.722642 3945407.530328 0.000000 0.000217
445624.439835 3945407.845320 0.000000 0.000217
445624.157132 3945408.160136 0.000000 0.000218
445623.874536 3945408.474776 0.000000 0.000218
445623.592044 3945408.789241 0.000000 0.000218
445623.309658 3945409.103530 0.000000 0.000219
445623.027378 3945409.417644 0.000000 0.000219
445622.745203 3945409.731582 0.000000 0.000219
445622.463133 3945410.045344 0.000000 0.000220
445622.181169 3945410.358930 0.000000 0.000220
445621.899310 3945410.672341 0.000000 0.000220
445621.617556 3945410.985576 0.000000 0.000221
445621.335908 3945411.298636 0.000000 0.000221
445621.054365 3945411.611520 0.000000 0.000221
445620.772928 3945411.924228 0.000000 0.000221
445620.491596 3945412.236760 0.000000 0.000222
445620.210370 3945412.549117 0.000000 0.000222
445619.929249 3945412.861298 0.000000 0.000222
445619.648233 3945413.173303 0.000000 0.000223
445619.367323 3945413.485133 0.000000 0.000223
445619.086518 3945413.796787 0.000000 0.000223
445618.805819 3945414.108265 0.000000 0.000224
445618.525225 3945414.419568 0.000000 0.000224
445618.244736 3945414.730695 0.000000 0.000224
445617.964353 3945415.041646 0.000000 0.000225
445617.684075 3945415.352422 0.000000 0.000225
445617.403903 3945415.663022 0.000000 0.000225
445617.123836 3945415.973446 0.000000 0.000226
445616.843874 3945416.283695 0.000000 0.000226
445616.564018 3945416.593768 0.000000 0.000226
445616.284267 3945416.903665 0.000000 0.000227
445616.004622 3945417.213386 0.000000 0.000227
445615.725082 3945417.522932 0.000000 0.000227
445615.445647 3945417.832303 0.000000 0.000228
445615.166318 3945418.141497 0.000000 0.000228
445614.887094 3945418.450516 0.000000 0.000228
445614.607976 3945418.759359 0.000000 0.000229
445614.328963 3945419.068027 0.000000 0.000229
445614.050056 3945419.376518 0.000000 0.000229
445613.771253 3945419.684834 0.000000 0.000230
445613.492557 3945419.992975 0.000000 0.000230
445613.213965 3945420.300940 0.000000 0.000230
445612.935480 3945420.608729 0.000000 0.000231
445612.657099 3945420.916342 0.000000 0.000231
445612.378824 3945421.223780 0.000000 0.000231
445612.100654 3945421.531042 0.000000 0.000232
445611.822590 3945421.838128 0.000000 -0.000105
445611.544614 3945422.145144 0.000000 -0.000441
445611.266708 3945422.452196 0.000000 -0.000441
445610.988872 3945422.759282 0.000000 -0.000441
445610.711106 3945423.066404 0.000000 -0.000441
445610.433411 3945423.373560 0.000000 -0.000441
445610.155786 3945423.680752 0.000000 -0.000442
445609.878231 3945423.987979 0.000000 -0.000442
445609.600746 3945424.295241 0.000000 -0.000442
445609.323332 3945424.602538 0.000000 -0.000442
445609.045988 3945424.909870 0.000000 -0.000442
445608.768715 3945425.217238 0.000000 -0.000442
445608.491511 3945425.524641 0.000000 -0.000442
445608.214378 3945425.832078 0.000000 -0.000442
445607.937315 3945426.139551 0.000000 -0.000442
445607.660322 3945426.447059 0.000000 -0.000442
445607.383400 3945426.754602 0.000000 -0.000442
445607.106548 3945427.062181 0.000000 -0.000442
445606.829766 3945427.369794 0.000000 -0.000442
445606.553055 3945427.677442 0.000000 -0.000442
445606.276413 3945427.985126 0.000000 -0.000442
445605.999843 3945428.292845 0.000000 -0.000443
445605.723342 3945428.600599 0.000000 -0.000443
445605.446911 3945428.908388 0.000000 -0.000443
445605.170551 3945429.216212 0.000000 -0.000443
445604.894261 3945429.524072 0.000000 -0.000443
445604.618042 3945429.831966 0.000000 -0.000443
445604.341892 3945430.139896 0.000000 -0.000443
445604.065813 3945430.447860 0.000000 -0.000443
445603.789804 3945430.755860 0.000000 -0.000443
445603.513866 3945431.063895 0.000000 -0.000443
445603.237998 3945431.371966 0.000000 -0.000443
445602.962200 3945431.680071 0.000000 -0.000443
445602.686472 3945431.988211 0.000000 -0.000443
445602.410814 3945432.296387 0.000000 -0.000443
445602.135227 3945432.604598 0.000000 -0.000443
445601.859710 3945432.912844 0.000000 -0.000444
445601.584264 3945433.221125 0.000000 -0.000444
445601.308887 3945433.529441 0.000000 -0.000444
445601.033581 3945433.837792 0.000000 -0.000444
445600.758345 3945434.146178 0.000000 -0.000444
445600.483180 3945434.454600 0.000000 -0.000444
445600.208085 3945434.763056 0.000000 -0.000444
445599.933060 3945435.071548 0.000000 -0.000444
445599.658105 3945435.380075 0.000000 -0.000444
445599.383220 3945435.688637 0.000000 -0.000444
445599.108406 3945435.997235 0.000000 -0.000444
445598.833662 3945436.305867 0.000000 -0.000444
445598.558989 3945436.614534 0.000000 -0.000444
445598.284385 3945436.923237 0.000000 -0.000444
445598.009852 3945437.231975 0.000000 0.000068
445597.735319 3945437.540695 0.000000 0.000581
445597.460716 3945437.849345 0.000000 0.000581
445597.186042 3945438.157924 0.000000 0.000581
445596.911298 3945438.466434 0.000000 0.000581
445596.636484 3945438.774873 0.000000 0.000581
445596.361599 3945439.083242 0.000000 0.000581
445596.086645 3945439.391540 0.000000 0.000581
445595.811620 3945439.699769 0.000000 0.000581
445595.536524 3945440.007927 0.000000 0.000581
445595.261359 3945440.316014 0.000000 0.000581
445594.986123 3945440.624032 0.000000 0.000582
445594.710817 3945440.931979 0.000000 0.000582
445594.435441 3945441.239856 0.000000 0.000582
445594.159994 3945441.547663 0.000000 0.000582
445593.884477 3945441.855399 0.000000 0.000582
445593.608890 3945442.163065 0.000000 0.000582
445593.333232 3945442.470661 0.000000 0.000582
445593.057505 3945442.778187 0.000000 0.000582
445592.781707 3945443.085642 0.000000 0.000582
445592.505838 3945443.393027 0.000000 0.000582
445592.229900 3945443.700342 0.000000 0.000582
445591.953891 3945444.007586 0.000000 0.000582
445591.677812 3945444.314760 0.000000 0.000582
445591.401663 3945444.621864 0.000000 0.000582
445591.125443 3945444.928898 0.000000 0.000582
445590.849153 3945445.235861 0.000000 0.000582
445590.572793 3945445.542754 0.000000 0.000582
445590.296362 3945445.849577 0.000000 0.000582
445590.019862 3945446.156330 0.000000 0.000582
445589.743291 3945446.463012 0.000000 0.000582
445589.466649 3945446.769624 0.000000 0.000582
445589.189938 3945447.076166 0.000000 0.000582
445588.913156 3945447.382637 0.000000 0.000582
445588.636304 3945447.689039 0.000000 0.000582
445588.359382 3945447.995370 0.000000 0.000582
445588.082389 3945448.301630 0.000000 0.000582
445587.805326 3945448.607821 0.000000 0.000582
445587.528193 3945448.913941 0.000000 0.000582
445587.250990 3945449.219991 0.000000 0.000582
445586.973716 3945449.525970 0.000000 0.000582
445586.696372 3945449.831880 0.000000 0.000582
445586.418958 3945450.137719 0.000000 0.000582
445586.141473 3945450.443488 0.000000 0.000582
445585.863918 3945450.749186 0.000000 0.000582
445585.586293 3945451.054814 0.000000 0.000582
445585.308598 3945451.360372 0.000000 0.000582
445585.030832 3945451.665860 0.000000 0.000582
445584.752997 3945451.971277 0.000000 0.000582
445584.475090 3945452.276625 0.000000 0.000582
445584.197114 3945452.581901 0.000000 0.000269
445583.918980 3945452.887284 0.000000 -0.000044
445583.640599 3945453.192947 0.000000 -0.000043
445583.361973 3945453.498892 0.000000 -0.000043
445583.083100 3945453.805117 0.000000 -0.000043
445582.803982 3945454.111624 0.000000 -0.000043
445582.524618 3945454.418411 0.000000 -0.000043
445582.245007 3945454.725480 0.000000 -0.000043
445581.965151 3945455.032830 0.000000 -0.000043
445581.685049 3945455.340461 0.000000 -0.000043
445581.404701 3945455.648373 0.000000 -0.000042
445581.124107 3945455.956566 0.000000 -0.000042
445580.843267 3945456.265041 0.000000 -0.000042
445580.562181 3945456.573796 0.000000 -0.000042
445580.280849 3945456.882832 0.000000 -0.000042
445579.999271 3945457.192150 0.000000 -0.000042
445579.717448 3945457.501748 0.000000 -0.000042
445579.435378 3945457.811628 0.000000 -0.000042
445579.153062 3945458.121789 0.000000 -0.000042
445578.870501 3945458.432231 0.000000 -0.000041
445578.587693 3945458.742954 0.000000 -0.000041
445578.304640 3945459.053958 0.000000 -0.000041
445578.021340 3945459.365243 0.000000 -0.000041
445577.737795 3945459.676809 0.000000 -0.000041
445577.454003 3945459.988656 0.000000 -0.000041
445577.169966 3945460.300784 0.000000 -0.000041
445576.885683 3945460.613194 0.000000 -0.000041
445576.601153 3945460.925884 0.000000 -0.000041
445576.316378 3945461.238856 0.000000 -0.000040
445576.031357 3945461.552109 0.000000 -0.000040
445575.746090 3945461.865643 0.000000 -0.000040
445575.460577 3945462.179457 0.000000 -0.000040
445575.174818 3945462.493553 0.000000 -0.000040
445574.888813 3945462.807930 0.000000 -0.000040
445574.602562 3945463.122588 0.000000 -0.000040
445574.316065 3945463.437528 0.000000 -0.000040
445574.029323 3945463.752748 0.000000 -0.000040
445573.742334 3945464.068249 0.000000 -0.000040
445573.455099 3945464.384032 0.000000 -0.000039
445573.167619 3945464.700095 0.000000 -0.000039
445572.879892 3945465.016440 0.000000 -0.000039
445572.591919 3945465.333066 0.000000 -0.000039
445572.303701 3945465.649973 0.000000 -0.000039
445572.015237 3945465.967160 0.000000 -0.000039
445571.726526 3945466.284629 0.000000 -0.000039
445571.437570 3945466.602380 0.000000 -0.000039
445571.148368 3945466.920411 0.000000 -0.000039
445570.858919 3945467.238723 0.000000 -0.000039
445570.569225 3945467.557316 0.000000 -0.000038
445570.279285 3945467.876191 0.000000 -0.000038
445569.989099 3945468.195346 0.000000 0.000054
445569.698939 3945468.514458 0.000000 0.000147
445569.409078 3945468.833200 0.000000 0.000147
445569.119516 3945469.151574 0.000000 0.000148
445568.830252 3945469.469579 0.000000 0.000148
445568.541287 3945469.787215 0.000000 0.000149
445568.252620 3945470.104482 0.000000 0.000149
445567.964253 3945470.421380 0.000000 0.000150
445567.676183 3945470.737909 0.000000 0.000150
445567.388413 3945471.054069 0.000000 0.000151
445567.100941 3945471.369860 0.000000 0.000151
445566.813768 3945471.685283 0.000000 0.000152
445566.526893 3945472.000336 0.000000 0.000152
445566.240317 3945472.315021 0.000000 0.000153
445565.954040 3945472.629336 0.000000 0.000153
445565.668062 3945472.943283 0.000000 0.000154
445565.382382 3945473.256860 0.000000 0.000154
445565.097000 3945473.570069 0.000000 0.000155
445564.811918 3945473.882909 0.000000 0.000155
445564.527134 3945474.195380 0.000000 0.000156
445564.242649 3945474.507482 0.000000 0.000156
445563.958462 3945474.819215 0.000000 0.000157
445563.674574 3945475.130579 0.000000 0.000157
445563.390985 3945475.441574 0.000000 0.000158
445563.107694 3945475.752201 0.000000 0.000158
445562.824702 3945476.062458 0.000000 0.000159
445562.542008 3945476.372347 0.000000 0.000159
445562.259614 3945476.681866 0.000000 0.000160
445561.977518 3945476.991017 0.000000 0.000160
445561.695720 3945477.299798 0.000000 0.000161
445561.414221 3945477.608211 0.000000 0.000162
445561.133021 3945477.916255 0.000000 0.000162
445560.852120 3945478.223930 0.000000 0.000163
445560.571517 3945478.531236 0.000000 0.000163
445560.291213 3945478.838173 0.000000 0.000164
445560.011207 3945479.144741 0.000000 0.000164
445559.731501 3945479.450940 0.000000 0.000165
445559.452092 3945479.756770 0.000000 0.000165
445559.172983 3945480.062232 0.000000 0.000166
445558.894172 3945480.367324 0.000000 0.000167
445558.615660 3945480.672048 0.000000 0.000167
445558.337446 3945480.976402 0.000000 0.000168
445558.059531 3945481.280388 0.000000 0.000168
445557.781915 3945481.584005 0.000000 0.000169
445557.504597 3945481.887252 0.000000 0.000170
445557.227578 3945482.190131 0.000000 0.000170
445556.950858 3945482.492641 0.000000 0.000171
445556.674436 3945482.794782 0.000000 0.000171
445556.398313 3945483.096554 0.000000 0.000172
445556.122489 3945483.397958 0.000000 0.000172
445555.846963 3945483.698992 0.000000 0.000061
445555.571464 3945483.999982 0.000000 -0.000050
445555.295719 3945484.301253 0.000000 -0.000050
445555.019727 3945484.602806 0.000000 -0.000050
445554.743490 3945484.904640 0.000000 -0.000050
445554.467007 3945485.206754 0.000000 -0.000050
445554.190278 3945485.509150 0.000000 -0.000049
445553.913303 3945485.811827 0.000000 -0.000049
445553.636082 3945486.114785 0.000000 -0.000049
445553.358615 3945486.418024 0.000000 -0.000049
445553.080902 3945486.721544 0.000000 -0.000049
445552.802943 3945487.025345 0.000000 -0.000049
445552.524738 3945487.329427 0.000000 -0.000049
445552.246288 3945487.633791 0.000000 -0.000049
445551.967591 3945487.938435 0.000000 -0.000048
445551.688648 3945488.243361 0.000000 -0.000048
445551.409460 3945488.548567 0.000000 -0.000048
445551.130025 3945488.854055 0.000000 -0.000048
445550.850345 3945489.159824 0.000000 -0.000048
445550.570418 3945489.465874 0.000000 -0.000048
445550.290246 3945489.772205 0.000000 -0.000048
445550.009828 3945490.078817 0.000000 -0.000047
445549.729163 3945490.385710 0.000000 -0.000047
445549.448253 3945490.692884 0.000000 -0.000047
445549.167097 3945491.000339 0.000000 -0.000047
445548.885695 3945491.308076 0.000000 -0.000047
445548.604047 3945491.616093 0.000000 -0.000047
445548.322153 3945491.924392 0.000000 -0.000047
445548.040013 3945492.232971 0.000000 -0.000047
445547.757627 3945492.541832 0.000000 -0.000046
445547.474995 3945492.850974 0.000000 -0.000046
445547.192117 3945493.160397 0.000000 -0.000046
445546.908993 3945493.470101 0.000000 -0.000046
445546.625623 3945493.780086 0.000000 -0.000046
445546.342008 3945494.090352 0.000000 -0.000046
445546.058146 3945494.400899 0.000000 -0.000046
445545.774038 3945494.711728 0.000000 -0.000046
445545.489685 3945495.022837 0.000000 -0.000045
445545.205085 3945495.334227 0.000000 -0.000045
445544.920240 3945495.645899 0.000000 -0.000045
445544.635148 3945495.957852 0.000000 -0.000045
445544.349811 3945496.270085 0.000000 -0.000045
445544.064228 3945496.582600 0.000000 -0.000045
445543.778399 3945496.895396 0.000000 -0.000045
445543.492323 3945497.208473 0.000000 -0.000045
445543.206002 3945497.521831 0.000000 -0.000045
445542.919435 3945497.835471 0.000000 -0.000044
445542.632622 3945498.149391 0.000000 -0.000044
445542.345563 3945498.463592 0.000000 -0.000044
445542.058258 3945498.778075 0.000000 -0.000044
445541.770707 3945499.092838 0.000000 -0.000068
445541.483165 3945499.407610 0.000000 -0.000093
445541.195886 3945499.722119 0.000000 -0.000093
445540.908871 3945500.036365 0.000000 -0.000093
445540.622120 3945500.350346 0.000000 -0.000093
445540.335632 3945500.664065 0.000000 -0.000094
445540.049407 3945500.977519 0.000000 -0.000094
445539.763446 3945501.290710 0.000000 -0.000094
445539.477749 3945501.603638 0.000000 -0.000094
445539.192315 3945501.916302 0.000000 -0.000095
445538.907144 3945502.228703 0.000000 -0.000095
445538.622237 3945502.540840 0.000000 -0.000095
445538.337594 3945502.852714 0.000000 -0.000095
445538.053214 3945503.164324 0.000000 -0.000096
445537.769098 3945503.475670 0.000000 -0.000096
445537.485245 3945503.786754 0.000000 -0.000096
445537.201655 3945504.097573 0.000000 -0.000096
445536.918330 3945504.408129 0.000000 -0.000097
445536.635267 3945504.718422 0.000000 -0.000097
445536.352469 3945505.028451 0.000000 -0.000097
445536.069933 3945505.338216 0.000000 -0.000097
445535.787662 3945505.647718 0.000000 -0.000098
445535.505653 3945505.956956 0.000000 -0.000098
445535.223909 3945506.265931 0.000000 -0.000098
445534.942427 3945506.574643 0.000000 -0.000099
445534.661210 3945506.883091 0.000000 -0.000099
445534.380255 3945507.191275 0.000000 -0.000099
445534.099565 3945507.499196 0.000000 -0.000099
445533.819138 3945507.806853 0.000000 -0.000100
445533.538974 3945508.114247 0.000000 -0.000100
445533.259074 3945508.421377 0.000000 -0.000100
445532.979437 3945508.728244 0.000000 -0.000100
445532.700064 3945509.034847 0.000000 -0.000101
445532.420955 3945509.341187 0.000000 -0.000101
445532.142109 3945509.647263 0.000000 -0.000101
445531.863526 3945509.953076 0.000000 -0.000101
445531.585207 3945510.258625 0.000000 -0.000102
445531.307152 3945510.563911 0.000000 -0.000102
445531.029360 3945510.868933 0.000000 -0.000102
445530.751831 3945511.173692 0.000000 -0.000103
445530.474567 3945511.478187 0.000000 -0.000103
445530.197565 3945511.782418 0.000000 -0.000103
445529.920827 3945512.086386 0.000000 -0.000103
445529.644353 3945512.390091 0.000000 -0.000104
445529.368142 3945512.693532 0.000000 -0.000104
445529.092195 3945512.996710 0.000000 -0.000104
445528.816511 3945513.299624 0.000000 -0.000105
445528.541091 3945513.602274 0.000000 -0.000105
445528.265934 3945513.904661 0.000000 -0.000105
445527.991041 3945514.206784 0.000000 -0.000105
445527.716411 3945514.508644 0.000000 -0.000075
445527.441790 3945514.810513 0.000000 -0.000043
445527.166923 3945515.112663 0.000000 -0.000043
445526.891810 3945515.415094 0.000000 -0.000043
445526.616451 3945515.717806 0.000000 -0.000043
445526.340847 3945516.020799 0.000000 -0.000043
445526.064996 3945516.324073 0.000000 -0.000043
445525.788899 3945516.627628 0.000000 -0.000043
445525.512557 3945516.931465 0.000000 -0.000042
445525.235968 3945517.235582 0.000000 -0.000042
445524.959134 3945517.539980 0.000000 -0.000042
445524.682053 3945517.844660 0.000000 -0.000042
445524.404727 3945518.149621 0.000000 -0.000042
445524.127154 3945518.454862 0.000000 -0.000042
445523.849336 3945518.760385 0.000000 -0.000042
445523.571272 3945519.066189 0.000000 -0.000042
445523.292962 3945519.372274 0.000000 -0.000042
445523.014406 3945519.678640 0.000000 -0.000041
445522.735603 3945519.985287 0.000000 -0.000041
445522.456555 3945520.292216 0.000000 -0.000041
445522.177261 3945520.599425 0.000000 -0.000041
445521.897721 3945520.906915 0.000000 -0.000041
445521.617936 3945521.214687 0.000000 -0.000041
445521.337904 3945521.522740 0.000000 -0.000041
445521.057626 3945521.831073 0.000000 -0.000041
445520.777102 3945522.139688 0.000000 -0.000041
445520.496332 3945522.448584 0.000000 -0.000040
445520.215317 3945522.757761 0.000000 -0.000040
445519.934055 3945523.067219 0.000000 -0.000040
445519.652548 3945523.376958 0.000000 -0.000040
445519.370794 3945523.686978 0.000000 -0.000040
445519.088795 3945523.997280 0.000000 -0.000040
445518.806549 3945524.307862 0.000000 -0.000040
445518.524058 3945524.618725 0.000000 -0.000040
445518.241321 3945524.929870 0.000000 -0.000040
445517.958337 3945525.241296 0.000000 -0.000040
445517.675108 3945525.553002 0.000000 -0.000039
445517.391633 3945525.864990 0.000000 -0.000039
445517.107912 3945526.177259 0.000000 -0.000039
445516.823945 3945526.489809 0.000000 -0.000039
445516.539732 3945526.802640 0.000000 -0.000039
445516.255273 3945527.115752 0.000000 -0.000039
445515.970568 3945527.429145 0.000000 -0.000039
445515.685617 3945527.742820 0.000000 -0.000039
445515.400420 3945528.056775 0.000000 -0.000039
445515.114978 3945528.371012 0.000000 -0.000038
445514.829289 3945528.685529 0.000000 -0.000038
445514.543354 3945529.000328 0.000000 -0.000038
445514.257174 3945529.315408 0.000000 -0.000038
445513.970747 3945529.630769 0.000000 -0.000038
445513.684074 3945529.946410 0.000000 -0.000230
445513.397323 3945530.262202 0.000000 -0.000422
445513.110659 3945530.578011 0.000000 -0.000423
445512.824083 3945530.893837 0.000000 -0.000423
445512.537595 3945531.209681 0.000000 -0.000423
445512.251195 3945531.525542 0.000000 -0.000423
445511.964883 3945531.841421 0.000000 -0.000423
445511.678658 3945532.157318 0.000000 -0.000423
445511.392521 3945532.473232 0.000000 -0.000423
445511.106473 3945532.789164 0.000000 -0.000423
445510.820512 3945533.105114 0.000000 -0.000424
445510.534638 3945533.421080 0.000000 -0.000424
445510.248853 3945533.737065 0.000000 -0.000424
445509.963156 3945534.053067 0.000000 -0.000424
445509.677546 3945534.369087 0.000000 -0.000424
445509.392024 3945534.685124 0.000000 -0.000424
445509.106590 3945535.001179 0.000000 -0.000424
445508.821244 3945535.317251 0.000000 -0.000425
445508.535986 3945535.633341 0.000000 -0.000425
445508.250815 3945535.949448 0.000000 -0.000425
445507.965733 3945536.265573 0.000000 -0.000425
445507.680738 3945536.581716 0.000000 -0.000425
445507.395831 3945536.897876 0.000000 -0.000425
445507.111012 3945537.214054 0.000000 -0.000425
445506.826281 3945537.530249 0.000000 -0.000426
445506.541637 3945537.846462 0.000000 -0.000426
445506.257082 3945538.162693 0.000000 -0.000426
445505.972614 3945538.478941 0.000000 -0.000426
445505.688234 3945538.795206 0.000000 -0.000426
445505.403942 3945539.111489 0.000000 -0.000426
445505.119738 3945539.427790 0.000000 -0.000426
445504.835621 3945539.744108 0.000000 -0.000426
445504.551593 3945540.060444 0.000000 -0.000427
445504.267652 3945540.376798 0.000000 -0.000427
445503.983799 3945540.693169 0.000000 -0.000427
445503.700034 3945541.009557 0.000000 -0.000427
445503.416357 3945541.325963 0.000000 -0.000427
445503.132768 3945541.642387 0.000000 -0.000427
445502.849266 3945541.958828 0.000000 -0.000427
445502.565852 3945542.275287 0.000000 -0.000428
445502.282527 3945542.591764 0.000000 -0.000428
445501.999289 3945542.908257 0.000000 -0.000428
445501.716138 3945543.224769 0.000000 -0.000428
445501.433076 3945543.541298 0.000000 -0.000428
445501.150102 3945543.857845 0.000000 -0.000428
445500.867215 3945544.174409 0.000000 -0.000428
445500.584416 3945544.490991 0.000000 -0.000429
445500.301705 3945544.807590 0.000000 -0.000429
445500.019082 3945545.124207 0.000000 -0.000429
445499.736547 3945545.440842 0.000000 -0.000429
445499.454100 3945545.757494 0.000000 -0.000073
445499.171670 3945546.074146 0.000000 0.000283
445498.889187 3945546.390780 0.000000 0.000283
445498.606652 3945546.707397 0.000000 0.000283
445498.324064 3945547.023997 0.000000 0.000283
445498.041423 3945547.340578 0.000000 0.000283
445497.758730 3945547.657143 0.000000 0.000283
445497.475984 3945547.973689 0.000000 0.000283
445497.193185 3945548.290218 0.000000 0.000283
445496.910333 3945548.606730 0.000000 0.000283
445496.627429 3945548.923224 0.000000 0.000283
445496.344472 3945549.239700 0.000000 0.000283
445496.061463 3945549.556159 0.000000 0.000283
445495.778400 3945549.872600 0.000000 0.000283
445495.495285 3945550.189024 0.000000 0.000283
445495.212118 3945550.505430 0.000000 0.000283
445494.928897 3945550.821819 0.000000 0.000283
445494.645624 3945551.138190 0.000000 0.000283
445494.362298 3945551.454543 0.000000 0.000283
445494.078920 3945551.770879 0.000000 0.000283
445493.795488 3945552.087197 0.000000 0.000283
445493.512005 3945552.403498 0.000000 0.000283
445493.228468 3945552.719781 0.000000 0.000282
445492.944879 3945553.036047 0.000000 0.000282
445492.661236 3945553.352295 0.000000 0.000282
445492.377542 3945553.668525 0.000000 0.000282
445492.093794 3945553.984738 0.000000 0.000282
445491.809994 3945554.300934 0.000000 0.000282
445491.526141 3945554.617111 0.000000 0.000282
445491.242236 3945554.933271 0.000000 0.000282
445490.958277 3945555.249414 0.000000 0.000282
445490.674266 3945555.565539 0.000000 0.000282
445490.390203 3945555.881647 0.000000 0.000282
445490.106086 3945556.197737 0.000000 0.000282
445489.821917 3945556.513809 0.000000 0.000282
445489.537695 3945556.829864 0.000000 0.000282
445489.253421 3945557.145901 0.000000 0.000282
445488.969094 3945557.461920 0.000000 0.000282
445488.684714 3945557.777923 0.000000 0.000282
445488.400281 3945558.093907 0.000000 0.000282
445488.115796 3945558.409874 0.000000 0.000282
445487.831258 3945558.725823 0.000000 0.000282
445487.546667 3945559.041755 0.000000 0.000282
445487.262024 3945559.357669 0.000000 0.000282
445486.977328 3945559.673566 0.000000 0.000282
445486.692579 3945559.989445 0.000000 0.000281
445486.407777 3945560.305307 0.000000 0.000281
445486.122923 3945560.621151 0.000000 0.000281
445485.838016 3945560.936977 0.000000 0.000281
445485.553057 3945561.252786 0.000000 0.000281
445485.268044 3945561.568577 0.000000 0.000237
445484.982601 3945561.884781 0.000000 0.000191
445484.696351 3945562.201828 0.000000 0.000189
445484.409292 3945562.519719 0.000000 0.000188
445484.121424 3945562.838453 0.000000 0.000186
445483.832749 3945563.158030 0.000000 0.000185
445483.543266 3945563.478451 0.000000 0.000183
445483.252974 3945563.799714 0.000000 0.000182
445482.961875 3945564.121821 0.000000 0.000180
445482.669967 3945564.444771 0.000000 0.000179
445482.377251 3945564.768565 0.000000 0.000178
445482.083727 3945565.093201 0.000000 0.000176
445481.789395 3945565.418681 0.000000 0.000175
445481.494255 3945565.745004 0.000000 0.000173
445481.198306 3945566.072171 0.000000 0.000172
445480.901550 3945566.400181 0.000000 0.000171
445480.603985 3945566.729034 0.000000 0.000169
445480.305613 3945567.058730 0.000000 0.000168
445480.006432 3945567.389269 0.000000 0.000167
445479.706443 3945567.720652 0.000000 0.000165
445479.405646 3945568.052878 0.000000 0.000164
445479.104041 3945568.385947 0.000000 0.000163
445478.801627 3945568.719860 0.000000 0.000162
445478.498406 3945569.054616 0.000000 0.000160
445478.194376 3945569.390215 0.000000 0.000159
445477.889539 3945569.726657 0.000000 0.000158
445477.583893 3945570.063942 0.000000 0.000157
445477.277439 3945570.402071 0.000000 0.000155
445476.970177 3945570.741043 0.000000 0.000154
445476.662107 3945571.080859 0.000000 0.000153
445476.353228 3945571.421517 0.000000 0.000152
445476.043542 3945571.763019 0.000000 0.000151
445475.733047 3945572.105364 0.000000 0.000150
445475.421745 3945572.448552 0.000000 0.000149
445475.109634 3945572.792584 0.000000 0.000147
445474.796715 3945573.137459 0.000000 0.000146
445474.482988 3945573.483177 0.000000 0.000145
445474.168453 3945573.829738 0.000000 0.000144
445473.853110 3945574.177143 0.000000 0.000143
445473.536958 3945574.525391 0.000000 0.000142
445473.219999 3945574.874482 0.000000 0.000141
445472.902231 3945575.224416 0.000000 0.000140
445472.583655 3945575.575194 0.000000 0.000139
445472.264271 3945575.926815 0.000000 0.000138
445471.944079 3945576.279279 0.000000 0.000137
445471.623079 3945576.632587 0.000000 0.000136
445471.301271 3945576.986737 0.000000 0.000135
445470.978655 3945577.341731 0.000000 0.000134
445470.655230 3945577.697569 0.000000 0.000133
445470.330998 3945578.054249 0.000000 0.000132
445470.005957 3945578.411773 0.000000 0.000023
445469.681013 3945578.769182 0.000000 -0.000086
445469.357070 3945579.125520 0.000000 -0.000087
445469.034129 3945579.480786 0.000000 -0.000088
445468.712189 3945579.834981 0.000000 -0.000089
445468.391250 3945580.188104 0.000000 -0.000089
445468.071313 3945580.540155 0.000000 -0.000090
445467.752377 3945580.891135 0.000000 -0.000091
445467.434442 3945581.241043 0.000000 -0.000092
445467.117509 3945581.589880 0.000000 -0.000093
445466.801577 3945581.937644 0.000000 -0.000094
445466.486647 3945582.284337 0.000000 -0.000095
445466.172718 3945582.629959 0.000000 -0.000096
445465.859790 3945582.974509 0.000000 -0.000096
445465.547864 3945583.317987 0.000000 -0.000097
445465.236939 3945583.660394 0.000000 -0.000098
445464.927015 3945584.001729 0.000000 -0.000099
445464.618093 3945584.341992 0.000000 -0.000100
445464.310172 3945584.681183 0.000000 -0.000101
445464.003253 3945585.019304 0.000000 -0.000102
445463.697335 3945585.356352 0.000000 -0.000103
445463.392418 3945585.692329 0.000000 -0.000104
445463.088502 3945586.027234 0.000000 -0.000105
445462.785588 3945586.361067 0.000000 -0.000106
445462.483676 3945586.693829 0.000000 -0.000107
445462.182765 3945587.025519 0.000000 -0.000108
445461.882855 3945587.356138 0.000000 -0.000109
445461.583946 3945587.685685 0.000000 -0.000110
445461.286039 3945588.014160 0.000000 -0.000112
445460.989133 3945588.341563 0.000000 -0.000113
445460.693229 3945588.667895 0.000000 -0.000114
445460.398326 3945588.993156 0.000000 -0.000115
445460.104424 3945589.317344 0.000000 -0.000116
445459.811524 3945589.640462 0.000000 -0.000117
445459.519625 3945589.962507 0.000000 -0.000118
445459.228727 3945590.283481 0.000000 -0.000120
445458.938831 3945590.603383 0.000000 -0.000121
445458.649936 3945590.922213 0.000000 -0.000122
445458.362043 3945591.239972 0.000000 -0.000123
445458.075151 3945591.556659 0.000000 -0.000125
445457.789260 3945591.872275 0.000000 -0.000126
445457.504370 3945592.186819 0.000000 -0.000127
445457.220482 3945592.500291 0.000000 -0.000129
445456.937596 3945592.812692 0.000000 -0.000130
445456.655711 3945593.124021 0.000000 -0.000131
445456.374827 3945593.434278 0.000000 -0.000133
445456.094944 3945593.743464 0.000000 -0.000134
445455.816063 3945594.051578 0.000000 -0.000136
445455.538183 3945594.358621 0.000000 -0.000137
445455.261305 3945594.664591 0.000000 -0.000138
445454.985428 3945594.969491 0.000000 -0.000169
445454.709955 3945595.273986 0.000000 -0.000198
445454.434288 3945595.578744 0.000000 -0.000198
445454.158429 3945595.883766 0.000000 -0.000197
445453.882376 3945596.189052 0.000000 -0.000197
445453.606130 3945596.494601 0.000000 -0.000196
445453.329691 3945596.800414 0.000000 -0.000196
445453.053059 3945597.106490 0.000000 -0.000196
445452.776233 3945597.412830 0.000000 -0.000195
445452.499214 3945597.719433 0.000000 -0.000195
445452.222002 3945598.026300 0.000000 -0.000194
445451.944596 3945598.333430 0.000000 -0.000194
445451.666998 3945598.640824 0.000000 -0.000193
445451.389206 3945598.948481 0.000000 -0.000193
445451.111220 3945599.256402 0.000000 -0.000192
445450.833042 3945599.564587 0.000000 -0.000192
445450.554670 3945599.873034 0.000000 -0.000191
445450.276105 3945600.181746 0.000000 -0.000191
445449.997347 3945600.490721 0.000000 -0.000191
445449.718396 3945600.799959 0.000000 -0.000190
445449.439251 3945601.109461 0.000000 -0.000190
445449.159913 3945601.419227 0.000000 -0.000189
445448.880382 3945601.729256 0.000000 -0.000189
445448.600658 3945602.039548 0.000000 -0.000188
445448.320740 3945602.350104 0.000000 -0.000188
445448.040629 3945602.660924 0.000000 -0.000187
445447.760325 3945602.972007 0.000000 -0.000187
445447.479827 3945603.283353 0.000000 -0.000187
445447.199137 3945603.594964 0.000000 -0.000186
445446.918253 3945603.906837 0.000000 -0.000186
445446.637176 3945604.218974 0.000000 -0.000185
445446.355905 3945604.531375 0.000000 -0.000185
445446.074442 3945604.844039 0.000000 -0.000184
445445.792785 3945605.156967 0.000000 -0.000184
445445.510935 3945605.470158 0.000000 -0.000184
445445.228891 3945605.783613 0.000000 -0.000183
445444.946655 3945606.097331 0.000000 -0.000183
445444.664225 3945606.411313 0.000000 -0.000182
445444.381602 3945606.725558 0.000000 -0.000182
445444.098785 3945607.040067 0.000000 -0.000181
445443.815776 3945607.354839 0.000000 -0.000181
445443.532573 3945607.669875 0.000000 -0.000181
445443.249177 3945607.985174 0.000000 -0.000180
445442.965587 3945608.300737 0.000000 -0.000180
445442.681805 3945608.616564 0.000000 -0.000179
445442.397829 3945608.932653 0.000000 -0.000179
445442.113660 3945609.249007 0.000000 -0.000179
445441.829298 3945609.565624 0.000000 -0.000178
445441.544742 3945609.882504 0.000000 -0.000178
445441.259993 3945610.199648 0.000000 -0.000177
445440.975051 3945610.517056 0.000000 -0.000079
445440.690144 3945610.834446 0.000000 0.000019
445440.405501 3945611.151537 0.000000 0.000019
445440.121121 3945611.468330 0.000000 0.000019
445439.837004 3945611.784824 0.000000 0.000019
445439.553152 3945612.101019 0.000000 0.000019
445439.269562 3945612.416916 0.000000 0.000019
445438.986236 3945612.732514 0.000000 0.000019
445438.703174 3945613.047813 0.000000 0.000019
445438.420375 3945613.362814 0.000000 0.000019
445438.137840 3945613.677516 0.000000 0.000019
445437.855568 3945613.991919 0.000000 0.000019
445437.573560 3945614.306024 0.000000 0.000019
445437.291815 3945614.619830 0.000000 0.000019
445437.010334 3945614.933337 0.000000 0.000019
445436.729116 3945615.246546 0.000000 0.000019
445436.448162 3945615.559456 0.000000 0.000020
445436.167472 3945615.872068 0.000000 0.000020
445435.887044 3945616.184380 0.000000 0.000020
445435.606881 3945616.496395 0.000000 0.000020
445435.326981 3945616.808110 0.000000 0.000020
445435.047344 3945617.119527 0.000000 0.000020
445434.767971 3945617.430645 0.000000 0.000020
445434.488862 3945617.741465 0.000000 0.000020
445434.210016 3945618.051986 0.000000 0.000020
445433.931433 3945618.362208 0.000000 0.000020
445433.653114 3945618.672131 0.000000 0.000020
445433.375059 3945618.981756 0.000000 0.000020
445433.097267 3945619.291083 0.000000 0.000020
445432.819738 3945619.600110 0.000000 0.000020
445432.542473 3945619.908839 0.000000 0.000020
445432.265472 3945620.217270 0.000000 0.000020
445431.988734 3945620.525401 0.000000 0.000020
445431.712260 3945620.833234 0.000000 0.000021
445431.436049 3945621.140769 0.000000 0.000021
445431.160102 3945621.448004 0.000000 0.000021
445430.884418 3945621.754941 0.000000 0.000021
445430.608997 3945622.061580 0.000000 0.000021
445430.333841 3945622.367919 0.000000 0.000021
445430.058947 3945622.673961 0.000000 0.000021
445429.784318 3945622.979703 0.000000 0.000021
445429.509951 3945623.285147 0.000000 0.000021
445429.235849 3945623.590292 0.000000 0.000021
445428.962010 3945623.895138 0.000000 0.000021
445428.688434 3945624.199686 0.000000 0.000021
445428.415122 3945624.503935 0.000000 0.000021
445428.142073 3945624.807886 0.000000 0.000021
445427.869288 3945625.111538 0.000000 0.000021
445427.596766 3945625.414891 0.000000 0.000021
445427.324508 3945625.717945 0.000000 0.000021
445427.052514 3945626.020701 0.000000 0.000256
445426.780581 3945626.323325 0.000000 0.000489
445426.508507 3945626.625985 0.000000 0.000489
445426.236293 3945626.928679 0.000000 0.000489
445425.963938 3945627.231409 0.000000 0.000488
445425.691443 3945627.534173 0.000000 0.000488
445425.418807 3945627.836973 0.000000 0.000487
445425.146031 3945628.139808 0.000000 0.000487
445424.873114 3945628.442678 0.000000 0.000486
445424.600057 3945628.745583 0.000000 0.000486
445424.326859 3945629.048524 0.000000 0.000486
445424.053520 3945629.351499 0.000000 0.000485
445423.780041 3945629.654510 0.000000 0.000485
445423.506422 3945629.957556 0.000000 0.000484
445423.232662 3945630.260637 0.000000 0.000484
445422.958761 3945630.563753 0.000000 0.000483
445422.684720 3945630.866904 0.000000 0.000483
445422.410538 3945631.170090 0.000000 0.000483
445422.136216 3945631.473312 0.000000 0.000482
445421.861753 3945631.776568 0.000000 0.000482
445421.587149 3945632.079860 0.000000 0.000481
445421.312405 3945632.383187 0.000000 0.000481
445421.037521 3945632.686549 0.000000 0.000480
445420.762496 3945632.989946 0.000000 0.000480
445420.487330 3945633.293378 0.000000 0.000480
445420.212024 3945633.596845 0.000000 0.000479
445419.936578 3945633.900348 0.000000 0.000479
445419.660991 3945634.203886 0.000000 0.000478
445419.385263 3945634.507458 0.000000 0.000478
445419.109395 3945634.811066 0.000000 0.000477
445418.833386 3945635.114709 0.000000 0.000477
445418.557236 3945635.418388 0.000000 0.000477
445418.280946 3945635.722101 0.000000 0.000476
445418.004516 3945636.025849 0.000000 0.000476
445417.727945 3945636.329633 0.000000 0.000475
445417.451234 3945636.633452 0.000000 0.000475
445417.174381 3945636.937306 0.000000 0.000475
445416.897389 3945637.241195 0.000000 0.000474
445416.620256 3945637.545119 0.000000 0.000474
445416.342982 3945637.849078 0.000000 0.000473
445416.065568 3945638.153073 0.000000 0.000473
445415.788013 3945638.457102 0.000000 0.000472
445415.510318 3945638.761167 0.000000 0.000472
445415.232482 3945639.065267 0.000000 0.000472
445414.954505 3945639.369402 0.000000 0.000471
445414.676388 3945639.673572 0.000000 0.000471
445414.398131 3945639.977777 0.000000 0.000470
445414.119733 3945640.282017 0.000000 0.000470
445413.841194 3945640.586293 0.000000 0.000470
445413.562515 3945640.890604 0.000000 0.000469
445413.283695 3945641.194949 0.000000 -0.000291
445413.004911 3945641.499330 0.000000 -0.001052
445412.726337 3945641.803746 0.000000 -0.001053
445412.447974 3945642.108198 0.000000 -0.001054
445412.169822 3945642.412684 0.000000 -0.001055
445411.891881 3945642.717205 0.000000 -0.001056
445411.614150 3945643.021762 0.000000 -0.001057
445411.336631 3945643.326354 0.000000 -0.001058
445411.059322 3945643.630981 0.000000 -0.001058
445410.782224 3945643.935643 0.000000 -0.001059
445410.505337 3945644.240340 0.000000 -0.001060
445410.228660 3945644.545072 0.000000 -0.001061
445409.952195 3945644.849839 0.000000 -0.001062
445409.675940 3945645.154642 0.000000 -0.001063
445409.399896 3945645.459480 0.000000 -0.001064
445409.124063 3945645.764352 0.000000 -0.001065
445408.848441 3945646.069260 0.000000 -0.001066
445408.573029 3945646.374203 0.000000 -0.001067
445408.297828 3945646.679182 0.000000 -0.001067
445408.022839 3945646.984195 0.000000 -0.001068
445407.748060 3945647.289244 0.000000 -0.001069
445407.473491 3945647.594327 0.000000 -0.001070
445407.199134 3945647.899446 0.000000 -0.001071
445406.924987 3945648.204600 0.000000 -0.001072
445406.651051 3945648.509789 0.000000 -0.001073
445406.377326 3945648.815013 0.000000 -0.001074
445406.103812 3945649.120272 0.000000 -0.001075
445405.830509 3945649.425567 0.000000 -0.001076
445405.557416 3945649.730896 0.000000 -0.001076
445405.284535 3945650.036261 0.000000 -0.001077
445405.011864 3945650.341661 0.000000 -0.001078
445404.739404 3945650.647096 0.000000 -0.001079
445404.467154 3945650.952566 0.000000 -0.001080
445404.195116 3945651.258071 0.000000 -0.001081
445403.923288 3945651.563612 0.000000 -0.001082
445403.651671 3945651.869187 0.000000 -0.001083
445403.380265 3945652.174798 0.000000 -0.001084
445403.109070 3945652.480444 0.000000 -0.001085
445402.838086 3945652.786125 0.000000 -0.001085
445402.567312 3945653.091841 0.000000 -0.001086
445402.296749 3945653.397592 0.000000 -0.001087
445402.026397 3945653.703378 0.000000 -0.001088
445401.756256 3945654.009200 0.000000 -0.001089
445401.486326 3945654.315057 0.000000 -0.001090
445401.216606 3945654.620948 0.000000 -0.001091
445400.947098 3945654.926875 0.000000 -0.001092
445400.677800 3945655.232837 0.000000 -0.001093
445400.408713 3945655.538834 0.000000 -0.001094
445400.139837 3945655.844867 0.000000 -0.001095
445399.871171 3945656.150934 0.000000 -0.001095
445399.602716 3945656.457037 0.000000 -0.000158
445399.333501 3945656.764047 0.000000 0.000768
445399.062551 3945657.072838 0.000000 0.000755
445398.789868 3945657.383410 0.000000 0.000741
445398.515452 3945657.695763 0.000000 0.000728
445398.239302 3945658.009896 0.000000 0.000715
445397.961419 3945658.325810 0.000000 0.000703
445397.681803 3945658.643505 0.000000 0.000690
445397.400453 3945658.962980 0.000000 0.000678
445397.117369 3945659.284236 0.000000 0.000667
445396.832552 3945659.607273 0.000000 0.000655
445396.546002 3945659.932090 0.000000 0.000644
445396.257718 3945660.258688 0.000000 0.000633
445395.967701 3945660.587067 0.000000 0.000622
445395.675951 3945660.917226 0.000000 0.000612
445395.382467 3945661.249166 0.000000 0.000602
445395.087249 3945661.582887 0.000000 0.000592
445394.790298 3945661.918389 0.000000 0.000582
445394.491614 3945662.255671 0.000000 0.000573
445394.191196 3945662.594734 0.000000 0.000563
445393.889045 3945662.935577 0.000000 0.000554
445393.585160 3945663.278202 0.000000 0.000545
445393.279542 3945663.622607 0.000000 0.000536
445392.972191 3945663.968792 0.000000 0.000528
445392.663106 3945664.316758 0.000000 0.000519
445392.352287 3945664.666506 0.000000 0.000511
445392.039736 3945665.018033 0.000000 0.000503
445391.725450 3945665.371342 0.000000 0.000495
445391.409432 3945665.726431 0.000000 0.000488
445391.091679 3945666.083300 0.000000 0.000480
445390.772194 3945666.441951 0.000000 0.000473
445390.450975 3945666.802382 0.000000 0.000466
445390.128022 3945667.164594 0.000000 0.000458
445389.803337 3945667.528586 0.000000 0.000451
445389.476917 3945667.894360 0.000000 0.000445
445389.148764 3945668.261914 0.000000 0.000438
445388.818878 3945668.631248 0.000000 0.000431
445388.487259 3945669.002363 0.000000 0.000425
445388.153906 3945669.375259 0.000000 0.000419
445387.818819 3945669.749936 0.000000 0.000413
445387.481999 3945670.126393 0.000000 0.000407
445387.143446 3945670.504632 0.000000 0.000401
445386.803159 3945670.884650 0.000000 0.000395
445386.461139 3945671.266450 0.000000 0.000389
445386.117385 3945671.650030 0.000000 0.000384
445385.771898 3945672.035391 0.000000 0.000378
445385.424677 3945672.422532 0.000000 0.000373
445385.075723 3945672.811454 0.000000 0.000367
445384.725036 3945673.202157 0.000000 0.000362
445384.372615 3945673.594641 0.000000 0.000357
445384.018461 3945673.988905 0.000000 0.000177
445383.663440 3945674.384059 0.000000 -0.000000
445383.308419 3945674.779214 0.000000 -0.000000
445382.953398 3945675.174369 0.000000 -0.000000
445382.598377 3945675.569523 0.000000 -0.000000
445382.243356 3945675.964678 0.000000 0.000000
445381.888335 3945676.359832 0.000000 -0.000000
445381.533314 3945676.754987 0.000000 0.000000
445381.178293 3945677.150142 0.000000 -0.000000
445380.823272 3945677.545296 0.000000 0.000000
445380.468251 3945677.940451 0.000000 -0.000000
445380.113230 3945678.335605 0.000000 0.000000
445379.758209 3945678.730760 0.000000 -0.000000
445379.403188 3945679.125914 0.000000 0.000000
445379.048167 3945679.521069 0.000000 -0.000000
445378.693146 3945679.916224 0.000000 0.000000
445378.338125 3945680.311378 0.000000 0.000000
445377.983104 3945680.706533 0.000000 0.000000
445377.628083 3945681.101687 0.000000 0.000000
445377.273062 3945681.496842 0.000000 -0.000000
445376.918041 3945681.891997 0.000000 0.000000
445376.563020 3945682.287151 0.000000 0.000000
445376.207999 3945682.682306 0.000000 -0.000000
445375.852978 3945683.077460 0.000000 0.000000
445375.497957 3945683.472615 0.000000 -0.000000
445375.142936 3945683.867770 0.000000 0.000000
445374.787915 3945684.262924 0.000000 -0.000000
445374.432894 3945684.658079 0.000000 0.000000
445374.077873 3945685.053233 0.000000 -0.000000
445373.722852 3945685.448388 0.000000 -0.000000
445373.367831 3945685.843542 0.000000 0.000000
445373.012810 3945686.238697 0.000000 -0.000000
445372.657789 3945686.633852 0.000000 0.000000
445372.302768 3945687.029006 0.000000 -0.000000
445371.947747 3945687.424161 0.000000 0.000000
445371.592726 3945687.819315 0.000000 0.000000
445371.237705 3945688.214470 0.000000 0.000000
445370.882684 3945688.609625 0.000000 0.000000
445370.527663 3945689.004779 0.000000 0.000000
445370.172642 3945689.399934 0.000000 0.000000
445369.817621 3945689.795088 0.000000 0.000000
445369.462600 3945690.190243 0.000000 0.000000
445369.107579 3945690.585397 0.000000 -0.000000
445368.752558 3945690.980552 0.000000 0.000000
445368.397537 3945691.375707 0.000000 -0.000000
445368.042516 3945691.770861 0.000000 0.000000
445367.687495 3945692.166016 0.000000 -0.000000
445367.332474 3945692.561170 0.000000 -0.000000
445366.977453 3945692.956325 0.000000 0.000000
445366.622432 3945693.351480 0.000000 0.000000
445366.267411 3945693.746634 0.000000 -0.000000
445365.912390 3945694.141789 0.000000 0.000000
445365.557369 3945694.536943 0.000000 0.000000
445365.202348 3945694.932098 0.000000 -0.000000
445364.847327 3945695.327252 0.000000 0.000000
445364.492306 3945695.722407 0.000000 0.000000
445364.137285 3945696.117562 0.000000 -0.000000
445363.782264 3945696.512716 0.000000 0.000000
445363.427243 3945696.907871 0.000000 -0.000000
445363.072222 3945697.303025 0.000000 0.000000
445362.717201 3945697.698180 0.000000 -0.000000
445362.362180 3945698.093335 0.000000 0.000000
445362.007159 3945698.488489 0.000000 -0.000000
445361.652138 3945698.883644 0.000000 -0.000000
445361.297117 3945699.278798 0.000000 0.000000
445360.942096 3945699.673953 0.000000 0.000000
445360.587075 3945700.069108 0.000000 0.000000
445360.232054 3945700.464262 0.000000 0.000000
445359.877033 3945700.859417 0.000000 -0.000000
445359.522012 3945701.254571 0.000000 0.000000
445359.166991 3945701.649726 0.000000 0.000000
445358.811970 3945702.044880 0.000000 -0.000000
445358.456949 3945702.440035 0.000000 0.000000
445358.101928 3945702.835190 0.000000 -0.000000
445357.746907 3945703.230344 0.000000 0.000000
445357.391886 3945703.625499 0.000000 0.000000
445357.036865 3945704.020653 0.000000 0.000000
445356.681844 3945704.415808 0.000000 0.000000
445356.326823 3945704.810963 0.000000 0.000000
445355.971802 3945705.206117 0.000000 0.000000
445355.616781 3945705.601272 0.000000 0.000000
445355.261760 3945705.996426 0.000000 -0.000000
445354.906739 3945706.391581 0.000000 -0.000000
445354.551718 3945706.786735 0.000000 -0.000000
445354.196697 3945707.181890 0.000000 -0.000000
445353.841676 3945707.577045 0.000000 0.000000
445353.486655 3945707.972199 0.000000 0.000000
445353.131634 3945708.367354 0.000000 -0.000000
445352.776613 3945708.762508 0.000000 0.000000
445352.421592 3945709.157663 0.000000 -0.000000
445352.066571 3945709.552818 0.000000 -0.000000
445351.711550 3945709.947972 0.000000 -0.000000
445351.356529 3945710.343127 0.000000 -0.000000
445351.001508 3945710.738281 0.000000 0.000000
445350.646487 3945711.133436 0.000000 0.000000
445350.291466 3945711.528590 0.000000 0.000000
445349.936445 3945711.923745 0.000000 -0.000000
445349.581424 3945712.318900 0.000000 -0.000000
445349.226403 3945712.714054 0.000000 0.000000
445348.871382 3945713.109209 0.000000 0.000000
445348.516361 3945713.504363 0.000000 0.000000
445348.161340 3945713.899518 0.000000 -0.000000
445347.806319 3945714.294673 0.000000 -0.000000
445347.451298 3945714.689827 0.000000 0.000000
445347.096277 3945715.084982 0.000000 -0.000000
445346.741256 3945715.480136 0.000000 -0.000000
445346.386235 3945715.875291 0.000000 -0.000000
445346.031214 3945716.270446 0.000000 0.000000
445345.676193 3945716.665600 0.000000 -0.000000
445345.321172 3945717.060755 0.000000 -0.000000
445344.966151 3945717.455909 0.000000 0.000000
445344.611130 3945717.851064 0.000000 -0.000000
445344.256109 3945718.246218 0.000000 0.000000
445343.901088 3945718.641373 0.000000 -0.000000
445343.546067 3945719.036528 0.000000 0.000000
445343.191046 3945719.431682 0.000000 0.000000
445342.836025 3945719.826837 0.000000 0.000000
445342.481004 3945720.221991 0.000000 -0.000000
445342.125983 3945720.617146 0.000000 -0.000000
445341.770962 3945721.012301 0.000000 0.000000
445341.415941 3945721.407455 0.000000 -0.000000
445341.060920 3945721.802610 0.000000 0.000000
445340.705899 3945722.197764 0.000000 0.000000
445340.350878 3945722.592919 0.000000 0.000000
445339.995857 3945722.988073 0.000000 -0.000000
445339.640836 3945723.383228 0.000000 0.000000
445339.285815 3945723.778383 0.000000 -0.000000
445338.930794 3945724.173537 0.000000 0.000000
445338.575773 3945724.568692 0.000000 -0.000000
445338.220752 3945724.963846 0.000000 -0.000000
445337.865731 3945725.359001 0.000000 0.000000
445337.510710 3945725.754156 0.000000 -0.000000
445337.155689 3945726.149310 0.000000 0.000000
445336.800668 3945726.544465 0.000000 -0.000000
445336.445647 3945726.939619 0.000000 0.000000
445336.090626 3945727.334774 0.000000 0.000000
445335.735605 3945727.729929 0.000000 0.000000
445335.380584 3945728.125083 0.000000 -0.000000
445335.025563 3945728.520238 0.000000 -0.000000
445334.670542 3945728.915392 0.000000 0.000000
445334.315521 3945729.310547 0.000000 -0.000000
445333.960500 3945729.705701 0.000000 0.000000
445333.605479 3945730.100856 0.000000 0.000000
445333.250458 3945730.496011 0.000000 -0.000000
445332.895437 3945730.891165 0.000000 -0.000000
445332.540416 3945731.286320 0.000000 0.000000
445332.185395 3945731.681474 0.000000 0.000000
445331.830374 3945732.076629 0.000000 0.000000
445331.475353 3945732.471784 0.000000 0.000000
445331.120332 3945732.866938 0.000000 -0.000000
445330.765311 3945733.262093 0.000000 -0.000000
445330.410290 3945733.657247 0.000000 -0.000000
445330.055269 3945734.052402 0.000000 0.000000
445329.700248 3945734.447556 0.000000 -0.000000
445329.345227 3945734.842711 0.000000 0.000000
445328.990206 3945735.237866 0.000000 -0.000000
445328.635185 3945735.633020 0.000000 0.000000
445328.280164 3945736.028175 0.000000 -0.000000
445327.925143 3945736.423329 0.000000 0.000000
445327.570122 3945736.818484 0.000000 -0.000000
445327.215101 3945737.213639 0.000000 0.000000
445326.860080 3945737.608793 0.000000 -0.000000
445326.505059 3945738.003948 0.000000 -0.000000
445326.150038 3945738.399102 0.000000 0.000000
445325.795017 3945738.794257 0.000000 -0.000000
445325.439996 3945739.189411 0.000000 0.000000
445325.084975 3945739.584566 0.000000 -0.000000
445324.729954 3945739.979721 0.000000 0.000000
445324.374933 3945740.374875 0.000000 0.000000
445324.019912 3945740.770030 0.000000 0.000000
445323.664891 3945741.165184 0.000000 0.000000
445323.309870 3945741.560339 0.000000 -0.000000
445322.954849 3945741.955494 0.000000 0.000000
445322.599828 3945742.350648 0.000000 -0.000000
445322.244807 3945742.745803 0.000000 -0.000000
445321.889786 3945743.140957 0.000000 0.000000
445321.534765 3945743.536112 0.000000 0.000000
445321.179744 3945743.931267 0.000000 0.000000
445320.824723 3945744.326421 0.000000 -0.000000
445320.469702 3945744.721576 0.000000 -0.000000
445320.114681 3945745.116730 0.000000 -0.000000
445319.759660 3945745.511885 0.000000 0.000000
445319.404639 3945745.907039 0.000000 -0.000000
445319.049618 3945746.302194 0.000000 0.000000
445318.694597 3945746.697349 0.000000 0.000000
445318.339576 3945747.092503 0.000000 -0.000000
445317.984555 3945747.487658 0.000000 0.000000
445317.629534 3945747.882812 0.000000 0.000000
445317.274513 3945748.277967 0.000000 0.000000
445316.919492 3945748.673122 0.000000 0.000000
445316.564471 3945749.068276 0.000000 -0.000000
445316.209450 3945749.463431 0.000000 0.000000
445315.854429 3945749.858585 0.000000 -0.000000
445315.499408 3945750.253740 0.000000 0.000000
445315.144387 3945750.648894 0.000000 0.000000
445314.789366 3945751.044049 0.000000 -0.000000
445314.434345 3945751.439204 0.000000 -0.000000
445314.079324 3945751.834358 0.000000 -0.000000
445313.724303 3945752.229513 0.000000 0.000000
445313.369282 3945752.624667 0.000000 0.000000
445313.014261 3945753.019822 0.000000 -0.000000
445312.659240 3945753.414977 0.000000 0.000000
445312.304219 3945753.810131 0.000000 0.000000
445311.949198 3945754.205286 0.000000 0.000000
445311.594177 3945754.600440 0.000000 -0.000000
445311.239156 3945754.995595 0.000000 0.000000
445310.884135 3945755.390749 0.000000 0.000000
445310.529114 3945755.785904 0.000000 0.000000
445310.174093 3945756.181059 0.000000 -0.000000
445309.819072 3945756.576213 0.000000 -0.000000
445309.464051 3945756.971368 0.000000 0.000000
445309.109030 3945757.366522 0.000000 0.000000
445308.754009 3945757.761677 0.000000 0.000000
445308.398988 3945758.156832 0.000000 0.000000
445308.043967 3945758.551986 0.000000 0.000000
445307.688946 3945758.947141 0.000000 -0.000000
445307.333925 3945759.342295 0.000000 0.000000
445306.978904 3945759.737450 0.000000 -0.000000
445306.623883 3945760.132605 0.000000 0.000000
445306.268862 3945760.527759 0.000000 -0.000000
445305.913841 3945760.922914 0.000000 0.000000
445305.558820 3945761.318068 0.000000 -0.000000
445305.203799 3945761.713223 0.000000 0.000000
445304.848778 3945762.108377 0.000000 -0.000000
445304.493757 3945762.503532 0.000000 0.000000
445304.138736 3945762.898687 0.000000 0.000000
445303.783715 3945763.293841 0.000000 0.000000
445303.428694 3945763.688996 0.000000 -0.000000
445303.073673 3945764.084150 0.000000 0.000000
445302.718652 3945764.479305 0.000000 -0.000000
445302.363631 3945764.874460 0.000000 -0.000000
445302.008610 3945765.269614 0.000000 -0.000000
445301.653589 3945765.664769 0.000000 0.000000
445301.298568 3945766.059923 0.000000 0.000000
445300.943547 3945766.455078 0.000000 0.000000
445300.588526 3945766.850232 0.000000 0.000000
445300.233505 3945767.245387 0.000000 -0.000000
445299.878484 3945767.640542 0.000000 0.000000
445299.523463 3945768.035696 0.000000 0.000000
445299.168442 3945768.430851 0.000000 -0.000000
445298.813421 3945768.826005 0.000000 0.000000
445298.458400 3945769.221160 0.000000 0.000000
445298.103379 3945769.616315 0.000000 -0.000000
445297.748358 3945770.011469 0.000000 0.000000
445297.393337 3945770.406624 0.000000 0.000000
445297.038316 3945770.801778 0.000000 0.000000
445296.683295 3945771.196933 0.000000 -0.000000
445296.328274 3945771.592087 0.000000 0.000000
445295.973253 3945771.987242 0.000000 -0.000000
445295.618232 3945772.382397 0.000000 0.000000
445295.263210 3945772.777551 0.000000 0.000000
445294.908189 3945773.172706 0.000000 0.000000
445294.553168 3945773.567860 0.000000 -0.000000
445294.198147 3945773.963015 0.000000 0.000000
445293.843126 3945774.358170 0.000000 0.000000
445293.488105 3945774.753324 0.000000 -0.000000
445293.133084 3945775.148479 0.000000 0.000000
445292.778063 3945775.543633 0.000000 0.000000
445292.423042 3945775.938788 0.000000 -0.000000
445292.068021 3945776.333943 0.000000 0.000000
445291.713000 3945776.729097 0.000000 -0.000000
445291.357979 3945777.124252 0.000000 0.000000
445291.002958 3945777.519406 0.000000 0.000000
445290.647937 3945777.914561 0.000000 -0.000000
445290.292916 3945778.309715 0.000000 0.000000
445289.937895 3945778.704870 0.000000 0.000000
445289.582874 3945779.100025 0.000000 -0.000000
445289.227853 3945779.495179 0.000000 0.000000
445288.872832 3945779.890334 0.000000 0.000000
445288.517811 3945780.285488 0.000000 0.000000
445288.162790 3945780.680643 0.000000 -0.000000
445287.807769 3945781.075798 0.000000 0.000000
445287.452748 3945781.470952 0.000000 0.000000
445287.097727 3945781.866107 0.000000 -0.000000
445286.742706 3945782.261261 0.000000 -0.000000
445286.387685 3945782.656416 0.000000 0.000000
445286.032664 3945783.051570 0.000000 -0.000000
445285.677643 3945783.446725 0.000000 -0.000000
445285.322622 3945783.841880 0.000000 0.000000
445284.967601 3945784.237034 0.000000 0.000000
445284.612580 3945784.632189 0.000000 0.000000
445284.257559 3945785.027343 0.000000 -0.000000
445283.902538 3945785.422498 0.000000 0.000000
445283.547517 3945785.817653 0.000000 0.000000
445283.192496 3945786.212807 0.000000 0.000000
445282.837475 3945786.607962 0.000000 0.000000
445282.482454 3945787.003116 0.000000 0.000000
445282.127433 3945787.398271 0.000000 0.000000
445281.772412 3945787.793426 0.000000 -0.000000
445281.417391 3945788.188580 0.000000 0.000000
445281.062370 3945788.583735 0.000000 -0.000000
445280.707349 3945788.978889 0.000000 0.000000
445280.352328 3945789.374044 0.000000 0.000000
445279.997307 3945789.769198 0.000000 0.000000
445279.642286 3945790.164353 0.000000 0.000000
445279.287265 3945790.559508 0.000000 -0.000000
445278.932244 3945790.954662 0.000000 -0.000000
445278.577223 3945791.349817 0.000000 0.000000
445278.222202 3945791.744971 0.000000 -0.000000
445277.867181 3945792.140126 0.000000 0.000000
445277.512160 3945792.535281 0.000000 0.000000
445277.153589 3945792.934387 0.000000 -0.000000
445276.787918 3945793.341396 0.000000 0.000000
445276.415146 3945793.756308 0.000000 -0.000000
445276.035273 3945794.179124 0.000000 -0.000000
445275.648300 3945794.609842 0.000000 0.000000
445275.254227 3945795.048464 0.000000 -0.000000
445274.853053 3945795.494988 0.000000 -0.000000
445274.444779 3945795.949416 0.000000 0.000000
445274.029404 3945796.411747 0.000000 0.000000
445273.606929 3945796.881981 0.000000 0.000000
445273.177354 3945797.360118 0.000000 0.000000
445272.740678 3945797.846158 0.000000 0.000000
445272.296902 3945798.340101 0.000000 -0.000000
445271.846025 3945798.841948 0.000000 0.000000
445271.388048 3945799.351697 0.000000 0.000000
445270.922971 3945799.869350 0.000000 0.000000
445270.450793 3945800.394905 0.000000 -0.000000
445269.971514 3945800.928364 0.000000 -0.000000
445269.485136 3945801.469726 0.000000 -0.000000
445268.991656 3945802.018991 0.000000 -0.000000
445268.491077 3945802.576159 0.000000 0.000000
445267.983397 3945803.141230 0.000000 -0.000000
445267.468616 3945803.714204 0.000000 0.000000
445266.946735 3945804.295081 0.000000 0.000000
445266.417754 3945804.883861 0.000000 0.000000
445265.881672 3945805.480545 0.000000 0.000000
445265.338490 3945806.085131 0.000000 -0.000000
445264.788208 3945806.697621 0.000000 0.000000
445264.230825 3945807.318014 0.000000 -0.000000
445263.666341 3945807.946309 0.000000 0.000000
445263.094758 3945808.582508 0.000000 0.000000
445262.516073 3945809.226610 0.000000 -0.000000
445261.930289 3945809.878615 0.000000 -0.000000
445261.337404 3945810.538523 0.000000 -0.000000
445260.737418 3945811.206335 0.000000 0.000000
445260.130332 3945811.882049 0.000000 -0.000000
445259.516146 3945812.565666 0.000000 0.000000
445258.894859 3945813.257187 0.000000 0.000000
445258.266472 3945813.956611 0.000000 -0.000000
445257.630984 3945814.663937 0.000000 0.000000
445256.988396 3945815.379167 0.000000 -0.000000
445256.338708 3945816.102300 0.000000 0.000000
445255.681919 3945816.833336 0.000000 -0.000000
445255.018030 3945817.572275 0.000000 0.000000
445254.347040 3945818.319117 0.000000 -0.000000
445253.668950 3945819.073862 0.000000 0.000000
445252.983759 3945819.836511 0.000000 0.000000
445252.291468 3945820.607062 0.000000 -0.000000
445251.592077 3945821.385517 0.000000 0.000000
