302497.947000 4123778.872000 0.000000 -0.019361
302498.076418 4123779.086623 0.000000 -0.019362
302498.200280 4123779.289850 0.000000 -0.022240
302498.319032 4123779.482449 0.000000 -0.025395
302498.433096 4123779.665144 0.000000 -0.028827
302498.542870 4123779.838617 0.000000 -0.032526
302498.648727 4123780.003510 0.000000 -0.036477
302498.751019 4123780.160425 0.000000 -0.040655
302498.850073 4123780.309926 0.000000 -0.045030
302498.946199 4123780.452544 0.000000 -0.049564
302499.039684 4123780.588774 0.000000 -0.054210
302499.130798 4123780.719080 0.000000 -0.058918
302499.219792 4123780.843893 0.000000 -0.063634
302499.306901 4123780.963616 0.000000 -0.068300
302499.392342 4123781.078624 0.000000 -0.072859
302499.476316 4123781.189265 0.000000 -0.077258
302499.559012 4123781.295860 0.000000 -0.081445
302499.640602 4123781.398709 0.000000 -0.085376
302499.721247 4123781.498087 0.000000 -0.089014
302499.801094 4123781.594249 0.000000 -0.092331
302499.880279 4123781.687428 0.000000 -0.095309
302499.958926 4123781.777839 0.000000 -0.097938
302500.037149 4123781.865679 0.000000 -0.100217
302500.115053 4123781.951129 0.000000 -0.102155
302500.192733 4123782.034352 0.000000 -0.103765
302500.270274 4123782.115499 0.000000 -0.105070
302500.347757 4123782.194704 0.000000 -0.106092
302500.425251 4123782.272090 0.000000 -0.106861
302500.502820 4123782.347770 0.000000 -0.107405
302500.580523 4123782.421841 0.000000 -0.107754
302500.658411 4123782.494395 0.000000 -0.107937
302500.736530 4123782.565512 0.000000 -0.107981
302500.814921 4123782.635264 0.000000 -0.107911
302500.893621 4123782.703715 0.000000 -0.107749
302500.972663 4123782.770921 0.000000 -0.107515
302501.052074 4123782.836933 0.000000 -0.107226
302501.131881 4123782.901797 0.000000 -0.106894
302501.212104 4123782.965550 0.000000 -0.106529
302501.292764 4123783.028228 0.000000 -0.106141
302501.373877 4123783.089861 0.000000 -0.105732
302501.455458 4123783.150476 0.000000 -0.105308
302501.537519 4123783.210097 0.000000 -0.104868
302501.620071 4123783.268745 0.000000 -0.104413
302501.703122 4123783.326437 0.000000 -0.103942
302501.786682 4123783.383190 0.000000 -0.103451
302501.870757 4123783.439018 0.000000 -0.102940
302501.955351 4123783.493934 0.000000 -0.102405
302502.040471 4123783.547950 0.000000 -0.101846
302502.126119 4123783.601076 0.000000 -0.101260
302502.212299 4123783.653322 0.000000 -0.100647
302502.299013 4123783.704696 0.000000 -0.100008
302502.386262 4123783.755206 0.000000 -0.099346
302502.474048 4123783.804859 0.000000 -0.098664
302502.562371 4123783.853662 0.000000 -0.097965
302502.651231 4123783.901621 0.000000 -0.097253
302502.740626 4123783.948741 0.000000 -0.096531
302502.830554 4123783.995026 0.000000 -0.095801
302502.921014 4123784.040481 0.000000 -0.095069
302503.012003 4123784.085109 0.000000 -0.094336
302503.103516 4123784.128914 0.000000 -0.093605
302503.195550 4123784.171898 0.000000 -0.092880
302503.288100 4123784.214063 0.000000 -0.092165
302503.381159 4123784.255411 0.000000 -0.091460
302503.474722 4123784.295943 0.000000 -0.090769
302503.568783 4123784.335660 0.000000 -0.090096
302503.663334 4123784.374563 0.000000 -0.089442
302503.758368 4123784.412651 0.000000 -0.088810
302503.853875 4123784.449924 0.000000 -0.088203
302503.949848 4123784.486381 0.000000 -0.087623
302504.046277 4123784.522022 0.000000 -0.087072
302504.143153 4123784.556844 0.000000 -0.086553
302504.240466 4123784.590847 0.000000 -0.086066
302504.338204 4123784.624029 0.000000 -0.085616
302504.436358 4123784.656386 0.000000 -0.085204
302504.534917 4123784.687917 0.000000 -0.084832
302504.633868 4123784.718617 0.000000 -0.084500
302504.733201 4123784.748485 0.000000 -0.084213
302504.832903 4123784.777517 0.000000 -0.083970
302504.932963 4123784.805707 0.000000 -0.083775
302505.033369 4123784.833054 0.000000 -0.083628
302505.134108 4123784.859551 0.000000 -0.083531
302505.235168 4123784.885194 0.000000 -0.083486
302505.336538 4123784.909978 0.000000 -0.083494
302505.438204 4123784.933897 0.000000 -0.083555
302505.540155 4123784.956946 0.000000 -0.083673
302505.642378 4123784.979118 0.000000 -0.083847
302505.744863 4123785.000408 0.000000 -0.084079
302505.847598 4123785.020807 0.000000 -0.084370
302505.950571 4123785.040310 0.000000 -0.084720
302506.053772 4123785.058907 0.000000 -0.085129
302506.157190 4123785.076592 0.000000 -0.085599
302506.260816 4123785.093356 0.000000 -0.086130
302506.364640 4123785.109190 0.000000 -0.086721
302506.468654 4123785.124084 0.000000 -0.087371
302506.572849 4123785.138029 0.000000 -0.088081
302506.677219 4123785.151015 0.000000 -0.088850
302506.781756 4123785.163031 0.000000 -0.089675
302506.886455 4123785.174065 0.000000 -0.090556
302506.991312 4123785.184105 0.000000 -0.091489
302507.096322 4123785.193140 0.000000 -0.092474
302507.201484 4123785.201156 0.000000 -0.093504
302507.306795 4123785.208139 0.000000 -0.094578
302507.412257 4123785.214074 0.000000 -0.095691
302507.517868 4123785.218948 0.000000 -0.096838
302507.623634 4123785.222743 0.000000 -0.098015
302507.729556 4123785.225444 0.000000 -0.099216
302507.835643 4123785.227032 0.000000 -0.100435
302507.941901 4123785.227489 0.000000 -0.101666
302508.048340 4123785.226797 0.000000 -0.102900
302508.154974 4123785.224934 0.000000 -0.104126
302508.261816 4123785.221879 0.000000 -0.105335
302508.368886 4123785.217609 0.000000 -0.106513
302508.476205 4123785.212100 0.000000 -0.107644
302508.583797 4123785.205327 0.000000 -0.108711
302508.691692 4123785.197261 0.000000 -0.109696
302508.799922 4123785.187875 0.000000 -0.110576
302508.908527 4123785.177138 0.000000 -0.111330
302509.017548 4123785.165017 0.000000 -0.111930
302509.127036 4123785.151477 0.000000 -0.112350
302509.237046 4123785.136482 0.000000 -0.112563
302509.347639 4123785.119992 0.000000 -0.112539
302509.458884 4123785.101965 0.000000 -0.112251
302509.570858 4123785.082357 0.000000 -0.111671
302509.683647 4123785.061121 0.000000 -0.110772
302509.797345 4123785.038205 0.000000 -0.109532
302509.912055 4123785.013555 0.000000 -0.107932
302510.027892 4123784.987115 0.000000 -0.105956
302510.144982 4123784.958823 0.000000 -0.103597
302510.263460 4123784.928614 0.000000 -0.100851
302510.383477 4123784.896418 0.000000 -0.097724
302510.505195 4123784.862163 0.000000 -0.094230
302510.628790 4123784.825769 0.000000 -0.090390
302510.754454 4123784.787154 0.000000 -0.086231
302510.882394 4123784.746230 0.000000 -0.081791
302511.012833 4123784.702902 0.000000 -0.077112
302511.146013 4123784.657071 0.000000 -0.072243
302511.282192 4123784.608633 0.000000 -0.067236
302511.421650 4123784.557475 0.000000 -0.062146
302511.564684 4123784.503479 0.000000 -0.057029
302511.711616 4123784.446522 0.000000 -0.051940
302511.862787 4123784.386470 0.000000 -0.046932
302512.018563 4123784.323185 0.000000 -0.042054
302512.179333 4123784.256518 0.000000 -0.037349
302512.345514 4123784.186316 0.000000 -0.032857
302512.517546 4123784.112415 0.000000 -0.028609
302512.695899 4123784.034641 0.000000 -0.024629
302512.881071 4123783.952814 0.000000 -0.020935
302513.073592 4123783.866742 0.000000 -0.017539
302513.274020 4123783.776225 0.000000 -0.014444
302513.482947 4123783.681051 0.000000 -0.011651
