302497.947000 4123778.872000 0.000000 0.000000
302498.041686 4123779.041286 0.000000 0.000000
302498.131831 4123779.202456 0.000000 -0.000000
302498.217734 4123779.356040 0.000000 0.000000
302498.299675 4123779.502541 0.000000 -0.000000
302498.377919 4123779.642431 0.000000 0.000000
302498.452713 4123779.776154 0.000000 -0.000000
302498.524294 4123779.904131 0.000000 0.000000
302498.592879 4123780.026754 0.000000 -0.000000
302498.658677 4123780.144393 0.000000 0.000000
302498.721881 4123780.257393 0.000000 -0.000000
302498.782671 4123780.366079 0.000000 0.000000
302498.841218 4123780.470754 0.000000 0.000000
302498.897680 4123780.571701 0.000000 -0.000000
302498.952204 4123780.669183 0.000000 -0.000000
302499.004927 4123780.763446 0.000000 0.000000
302499.055979 4123780.854719 0.000000 -0.000000
302499.105476 4123780.943214 0.000000 0.000000
302499.153529 4123781.029128 0.000000 -0.000000
302499.200241 4123781.112642 0.000000 0.000000
302499.245704 4123781.193926 0.000000 -0.000000
302499.290007 4123781.273134 0.000000 0.000000
302499.333229 4123781.350409 0.000000 0.000000
302499.375444 4123781.425884 0.000000 -0.000000
302499.416719 4123781.499679 0.000000 0.000000
302499.457117 4123781.571905 0.000000 -0.000000
302499.496694 4123781.642665 0.000000 0.000000
302499.535502 4123781.712049 0.000000 -0.000000
302499.573589 4123781.780145 0.000000 -0.000000
302499.610999 4123781.847028 0.000000 0.000000
302499.647769 4123781.912770 0.000000 -0.000000
302499.683937 4123781.977434 0.000000 -0.000000
302499.719535 4123782.041078 0.000000 0.000000
302499.754592 4123782.103756 0.000000 0.000000
302499.789136 4123782.165516 0.000000 -0.000000
302499.823190 4123782.226401 0.000000 0.000000
302499.856777 4123782.286450 0.000000 -0.000000
302499.889918 4123782.345701 0.000000 -0.000000
302499.922629 4123782.404186 0.000000 -0.000000
302499.954930 4123782.461935 0.000000 0.000000
302499.986834 4123782.518975 0.000000 -0.000000
302500.018355 4123782.575332 0.000000 0.000000
302500.049508 4123782.631030 0.000000 -0.000000
302500.080305 4123782.686090 0.000000 0.000000
302500.110755 4123782.740532 0.000000 0.000000
302500.140871 4123782.794375 0.000000 -0.000001
302500.170662 4123782.847638 0.000000 0.000001
302500.200138 4123782.900337 0.000000 -0.000000
302500.229307 4123782.952489 0.000000 0.000000
302500.258179 4123783.004109 0.000000 -0.000000
302500.286762 4123783.055211 0.000000 0.000001
302500.315064 4123783.105812 0.000000 -0.000001
302500.343092 4123783.155923 0.000000 0.000000
302500.370855 4123783.205559 0.000000 0.000000
302500.398359 4123783.254732 0.000000 -0.000000
302500.425611 4123783.303455 0.000000 -0.000000
302500.452617 4123783.351740 0.000000 0.000000
302500.479385 4123783.399598 0.000000 -0.000001
302500.505921 4123783.447040 0.000000 0.000000
302500.532230 4123783.494077 0.000000 -0.000000
302500.558318 4123783.540719 0.000000 0.000000
302500.584190 4123783.586976 0.000000 -0.000000
302500.609853 4123783.632858 0.000000 0.000000
302500.635310 4123783.678373 0.000000 0.000000
302500.660568 4123783.723531 0.000000 0.000000
302500.685630 4123783.768339 0.000000 -0.000000
302500.710502 4123783.812806 0.000000 0.000000
302500.735187 4123783.856940 0.000000 -0.000000
302500.759690 4123783.900749 0.000000 0.000000
302500.784015 4123783.944239 0.000000 -0.000000
302500.808166 4123783.987418 0.000000 0.000000
302500.832146 4123784.030292 0.000000 -0.000000
302500.855960 4123784.072868 0.000000 -0.000000
302500.879611 4123784.115153 0.000000 0.000001
302500.903101 4123784.157151 0.000000 -0.000001
302500.926436 4123784.198870 0.000000 0.000000
302500.949616 4123784.240314 0.000000 -0.000001
302500.972647 4123784.281490 0.000000 0.000000
302500.995530 4123784.322402 0.000000 0.000000
302501.018268 4123784.363055 0.000000 -0.000000
302501.040865 4123784.403455 0.000000 0.000000
302501.063322 4123784.443606 0.000000 0.000000
302501.085643 4123784.483513 0.000000 0.000000
302501.107830 4123784.523180 0.000000 0.000000
302501.129885 4123784.562612 0.000000 -0.000001
302501.151810 4123784.601812 0.000000 0.000000
302501.173609 4123784.640786 0.000000 -0.000000
302501.195283 4123784.679536 0.000000 0.000000
302501.216834 4123784.718067 0.000000 -0.000000
302501.238265 4123784.756383 0.000000 0.000001
302501.259577 4123784.794487 0.000000 -0.000001
302501.280773 4123784.832382 0.000000 0.000001
302501.301855 4123784.870073 0.000000 -0.000001
302501.322823 4123784.907563 0.000000 0.000001
302501.343681 4123784.944855 0.000000 -0.000001
302501.364431 4123784.981952 0.000000 0.000001
302501.385073 4123785.018858 0.000000 -0.000001
302501.405610 4123785.055575 0.000000 -0.000000
302501.426043 4123785.092107 0.000000 0.000000
302501.446374 4123785.128457 0.000000 -0.000000
302501.466606 4123785.164628 0.000000 0.000000
302501.486738 4123785.200623 0.000000 0.000000
302501.506774 4123785.236444 0.000000 -0.000000
302501.526714 4123785.272095 0.000000 0.000000
302501.546561 4123785.307578 0.000000 0.000000
302501.566315 4123785.342897 0.000000 0.000000
302501.585979 4123785.378053 0.000000 0.000000
302501.605553 4123785.413050 0.000000 0.000000
302501.625040 4123785.447889 0.000000 -0.000000
302501.644440 4123785.482575 0.000000 0.000001
302501.663756 4123785.517109 0.000000 -0.000001
302501.682988 4123785.551493 0.000000 -0.000000
302501.702138 4123785.585731 0.000000 0.000000
302501.721207 4123785.619825 0.000000 0.000000
302501.740198 4123785.653778 0.000000 -0.000000
302501.759110 4123785.687591 0.000000 0.000000
302501.777946 4123785.721267 0.000000 -0.000001
302501.796707 4123785.754809 0.000000 0.000001
302501.815394 4123785.788219 0.000000 -0.000000
302501.834008 4123785.821499 0.000000 -0.000000
302501.852551 4123785.854652 0.000000 0.000000
302501.871025 4123785.887680 0.000000 -0.000001
302501.889429 4123785.920585 0.000000 0.000000
302501.907766 4123785.953370 0.000000 0.000000
302501.926037 4123785.986037 0.000000 0.000000
302501.944244 4123786.018587 0.000000 0.000000
302501.962386 4123786.051024 0.000000 -0.000000
302501.980467 4123786.083349 0.000000 0.000000
302501.998486 4123786.115566 0.000000 0.000000
302502.016445 4123786.147675 0.000000 -0.000000
302502.034346 4123786.179679 0.000000 0.000000
302502.052189 4123786.211580 0.000000 0.000000
302502.069976 4123786.243381 0.000000 -0.000000
302502.087707 4123786.275083 0.000000 -0.000000
302502.105385 4123786.306689 0.000000 0.000002
302502.123011 4123786.338201 0.000000 -0.000001
302502.140584 4123786.369621 0.000000 0.000001
302502.158108 4123786.400950 0.000000 0.000001
302502.175582 4123786.432192 0.000000 -0.000000
302502.193008 4123786.463348 0.000000 0.000001
302502.210388 4123786.494420 0.000000 0.000000
302502.227721 4123786.525411 0.000000 -0.000000
302502.245010 4123786.556322 0.000000 -0.000000
302502.262256 4123786.587155 0.000000 -0.000000
302502.279459 4123786.617912 0.000000 0.000000
302502.296622 4123786.648596 0.000000 -0.000000
302502.313744 4123786.679208 0.000000 -0.000000
302502.330827 4123786.709751 0.000000 0.000000
302502.347872 4123786.740225 0.000000 0.000000
302502.364880 4123786.770634 0.000000 -0.000000
302502.381852 4123786.800979 0.000000 -0.000000
302502.398790 4123786.831261 0.000000 0.000000
302502.415694 4123786.861484 0.000000 0.000000
302502.432566 4123786.891648 0.000000 0.000000
302502.449406 4123786.921756 0.000000 -0.000002
302502.466215 4123786.951809 0.000000 0.000001
302502.482995 4123786.981809 0.000000 0.000000
302502.499746 4123787.011757 0.000000 -0.000001
302502.516469 4123787.041657 0.000000 -0.000001
302502.533166 4123787.071508 0.000000 0.000000
302502.549837 4123787.101314 0.000000 0.000000
302502.566483 4123787.131075 0.000000 0.000000
302502.583105 4123787.160793 0.000000 0.000000
302502.599704 4123787.190470 0.000000 0.000000
302502.616281 4123787.220108 0.000000 -0.000001
302502.632836 4123787.249707 0.000000 0.000000
302502.649371 4123787.279269 0.000000 -0.000000
302502.665886 4123787.308797 0.000000 0.000001
302502.682383 4123787.338290 0.000000 0.000000
302502.698861 4123787.367752 0.000000 -0.000000
302502.715322 4123787.397182 0.000000 0.000000
302502.731767 4123787.426583 0.000000 -0.000001
302502.748195 4123787.455955 0.000000 -0.000000
302502.764609 4123787.485300 0.000000 0.000001
302502.781008 4123787.514620 0.000000 -0.000000
302502.797393 4123787.543915 0.000000 0.000001
302502.813765 4123787.573186 0.000000 -0.000000
302502.830125 4123787.602435 0.000000 0.000000
302502.846472 4123787.631663 0.000000 -0.000000
302502.862809 4123787.660871 0.000000 -0.000000
302502.879135 4123787.690059 0.000000 0.000000
302502.895450 4123787.719229 0.000000 -0.000001
302502.911756 4123787.748383 0.000000 -0.000001
302502.928053 4123787.777520 0.000000 0.000001
302502.944342 4123787.806641 0.000000 0.000000
302502.960622 4123787.835748 0.000000 -0.000001
302502.976895 4123787.864842 0.000000 0.000000
302502.993160 4123787.893922 0.000000 0.000000
302503.009419 4123787.922991 0.000000 -0.000001
302503.025671 4123787.952048 0.000000 0.000001
302503.041917 4123787.981095 0.000000 0.000000
302503.058158 4123788.010131 0.000000 0.000001
302503.074394 4123788.039159 0.000000 -0.000000
302503.090625 4123788.068177 0.000000 -0.000000
302503.106851 4123788.097188 0.000000 0.000000
302503.123073 4123788.126190 0.000000 0.000000
302503.139291 4123788.155186 0.000000 -0.000001
302503.155505 4123788.184175 0.000000 0.000001
302503.171716 4123788.213158 0.000000 0.000000
302503.187923 4123788.242136 0.000000 -0.000000
302503.204128 4123788.271108 0.000000 0.000001
302503.220330 4123788.300076 0.000000 -0.000000
302503.236530 4123788.329039 0.000000 -0.000000
302503.252727 4123788.357997 0.000000 -0.000000
302503.268923 4123788.386953 0.000000 -0.000001
302503.285116 4123788.415904 0.000000 0.000001
302503.301307 4123788.444853 0.000000 -0.000001
302503.317497 4123788.473798 0.000000 -0.000000
302503.333686 4123788.502741 0.000000 0.000000
302503.349873 4123788.531682 0.000000 0.000001
302503.366059 4123788.560620 0.000000 -0.000000
302503.382244 4123788.589557 0.000000 -0.000000
302503.398427 4123788.618491 0.000000 0.000000
302503.414610 4123788.647424 0.000000 0.000000
302503.430792 4123788.676356 0.000000 0.000000
302503.446974 4123788.705286 0.000000 -0.000001
302503.463154 4123788.734216 0.000000 0.000000
302503.479335 4123788.763144 0.000000 -0.000001
302503.495514 4123788.792071 0.000000 0.000001
302503.511694 4123788.820998 0.000000 -0.000001
302503.527873 4123788.849924 0.000000 -0.000000
302503.544052 4123788.878850 0.000000 -0.000000
302503.560230 4123788.907775 0.000000 0.000000
302503.576408 4123788.936700 0.000000 0.000000
302503.592587 4123788.965624 0.000000 -0.000000
302503.608765 4123788.994549 0.000000 0.000000
302503.624943 4123789.023474 0.000000 -0.000000
302503.641121 4123789.052398 0.000000 0.000000
302503.657299 4123789.081323 0.000000 0.000001
302503.673478 4123789.110248 0.000000 -0.000001
302503.689657 4123789.139174 0.000000 0.000001
302503.705836 4123789.168100 0.000000 -0.000001
302503.722015 4123789.197027 0.000000 0.000001
302503.738195 4123789.225954 0.000000 -0.000000
302503.754375 4123789.254882 0.000000 0.000001
302503.770556 4123789.283812 0.000000 -0.000002
302503.786737 4123789.312742 0.000000 -0.000000
302503.802919 4123789.341674 0.000000 0.000000
302503.819102 4123789.370607 0.000000 0.000000
302503.835286 4123789.399541 0.000000 0.000001
302503.851471 4123789.428478 0.000000 0.000001
302503.867657 4123789.457416 0.000000 0.000000
302503.883844 4123789.486357 0.000000 -0.000000
302503.900032 4123789.515300 0.000000 -0.000001
302503.916222 4123789.544245 0.000000 -0.000000
302503.932414 4123789.573194 0.000000 0.000001
302503.948607 4123789.602146 0.000000 -0.000000
302503.964802 4123789.631101 0.000000 0.000001
302503.980999 4123789.660060 0.000000 -0.000001
302503.997199 4123789.689022 0.000000 0.000001
302504.013401 4123789.717990 0.000000 0.000000
302504.029606 4123789.746962 0.000000 -0.000000
302504.045814 4123789.775940 0.000000 0.000000
302504.062025 4123789.804923 0.000000 -0.000000
302504.078239 4123789.833912 0.000000 -0.000001
302504.094457 4123789.862908 0.000000 0.000000
302504.110679 4123789.891911 0.000000 0.000001
302504.126905 4123789.920921 0.000000 0.000000
302504.143136 4123789.949939 0.000000 -0.000000
302504.159371 4123789.978967 0.000000 0.000001
302504.175612 4123790.008003 0.000000 0.000000
302504.191858 4123790.037050 0.000000 -0.000000
302504.208111 4123790.066107 0.000000 0.000001
302504.224369 4123790.095176 0.000000 0.000000
302504.240635 4123790.124256 0.000000 -0.000000
302504.256907 4123790.153350 0.000000 -0.000001
302504.273188 4123790.182457 0.000000 0.000000
302504.289476 4123790.211578 0.000000 -0.000000
302504.305773 4123790.240715 0.000000 0.000001
302504.322079 4123790.269869 0.000000 -0.000001
302504.338395 4123790.299039 0.000000 0.000001
302504.354720 4123790.328227 0.000000 -0.000000
302504.371057 4123790.357435 0.000000 -0.000001
302504.387405 4123790.386663 0.000000 0.000001
302504.403764 4123790.415912 0.000000 0.000000
302504.420136 4123790.445183 0.000000 -0.000000
302504.436522 4123790.474478 0.000000 0.000000
302504.452921 4123790.503798 0.000000 0.000001
302504.469334 4123790.533143 0.000000 0.000000
302504.485763 4123790.562515 0.000000 0.000000
302504.502207 4123790.591916 0.000000 0.000001
302504.518668 4123790.621346 0.000000 -0.000001
302504.535147 4123790.650808 0.000000 0.000001
302504.551643 4123790.680301 0.000000 0.000000
302504.568158 4123790.709829 0.000000 -0.000001
302504.584693 4123790.739391 0.000000 0.000000
302504.601249 4123790.768990 0.000000 -0.000000
302504.617826 4123790.798628 0.000000 0.000000
302504.634425 4123790.828305 0.000000 0.000000
302504.651047 4123790.858023 0.000000 -0.000000
302504.667693 4123790.887784 0.000000 -0.000001
302504.684364 4123790.917590 0.000000 0.000001
302504.701060 4123790.947441 0.000000 -0.000001
302504.717784 4123790.977341 0.000000 0.000001
302504.734535 4123791.007290 0.000000 0.000000
302504.751314 4123791.037290 0.000000 0.000001
302504.768124 4123791.067342 0.000000 -0.000001
302504.784964 4123791.097450 0.000000 -0.000000
302504.801835 4123791.127614 0.000000 0.000000
302504.818739 4123791.157837 0.000000 0.000000
302504.835677 4123791.188119 0.000000 0.000000
302504.852649 4123791.218464 0.000000 0.000000
302504.869658 4123791.248873 0.000000 0.000000
302504.886703 4123791.279348 0.000000 -0.000001
302504.903786 4123791.309890 0.000000 -0.000000
302504.920908 4123791.340502 0.000000 0.000000
302504.938070 4123791.371186 0.000000 0.000001
302504.955273 4123791.401943 0.000000 0.000000
302504.972519 4123791.432776 0.000000 -0.000001
302504.989808 4123791.463687 0.000000 0.000001
302505.007142 4123791.494678 0.000000 -0.000001
302505.024521 4123791.525750 0.000000 0.000001
302505.041947 4123791.556906 0.000000 -0.000000
302505.059422 4123791.588148 0.000000 -0.000000
302505.076945 4123791.619477 0.000000 0.000000
302505.094519 4123791.650897 0.000000 -0.000001
302505.112144 4123791.682409 0.000000 0.000000
302505.129822 4123791.714015 0.000000 0.000000
302505.147554 4123791.745717 0.000000 -0.000000
302505.165341 4123791.777518 0.000000 -0.000000
302505.183184 4123791.809419 0.000000 0.000000
302505.201084 4123791.841423 0.000000 -0.000000
302505.219044 4123791.873532 0.000000 -0.000000
302505.237063 4123791.905749 0.000000 0.000001
302505.255143 4123791.938074 0.000000 -0.000000
302505.273286 4123791.970511 0.000000 0.000000
302505.291492 4123792.003061 0.000000 0.000000
302505.309763 4123792.035728 0.000000 0.000001
302505.328100 4123792.068513 0.000000 0.000001
302505.346505 4123792.101418 0.000000 -0.000001
302505.364978 4123792.134446 0.000000 0.000001
302505.383521 4123792.167599 0.000000 -0.000001
302505.402136 4123792.200879 0.000000 0.000001
302505.420823 4123792.234289 0.000000 -0.000000
302505.439583 4123792.267831 0.000000 0.000000
302505.458419 4123792.301507 0.000000 -0.000000
302505.477332 4123792.335320 0.000000 0.000000
302505.496322 4123792.369273 0.000000 -0.000000
302505.515392 4123792.403367 0.000000 -0.000001
302505.534542 4123792.437605 0.000000 0.000000
302505.553774 4123792.471989 0.000000 -0.000000
302505.573089 4123792.506523 0.000000 -0.000000
302505.592490 4123792.541209 0.000000 -0.000000
302505.611976 4123792.576049 0.000000 -0.000000
302505.631551 4123792.611045 0.000000 0.000000
302505.651214 4123792.646201 0.000000 0.000001
302505.670969 4123792.681520 0.000000 -0.000000
302505.690815 4123792.717003 0.000000 -0.000000
302505.710756 4123792.752654 0.000000 -0.000001
302505.730791 4123792.788475 0.000000 0.000000
302505.750924 4123792.824470 0.000000 0.000000
302505.771155 4123792.860641 0.000000 0.000000
302505.791486 4123792.896991 0.000000 0.000000
302505.811920 4123792.933523 0.000000 0.000000
302505.832457 4123792.970240 0.000000 -0.000000
302505.853099 4123793.007146 0.000000 0.000000
302505.873848 4123793.044243 0.000000 0.000001
302505.894706 4123793.081535 0.000000 0.000000
302505.915675 4123793.119025 0.000000 -0.000000
302505.936756 4123793.156716 0.000000 -0.000000
302505.957952 4123793.194611 0.000000 -0.000001
302505.979264 4123793.232715 0.000000 0.000000
302506.000695 4123793.271031 0.000000 0.000000
302506.022246 4123793.309562 0.000000 0.000000
302506.043920 4123793.348312 0.000000 -0.000000
302506.065719 4123793.387286 0.000000 0.000000
302506.087645 4123793.426486 0.000000 -0.000000
302506.109700 4123793.465918 0.000000 0.000000
302506.131887 4123793.505585 0.000000 0.000000
302506.154207 4123793.545492 0.000000 -0.000000
302506.176665 4123793.585643 0.000000 0.000000
302506.199261 4123793.626043 0.000000 -0.000000
302506.222000 4123793.666696 0.000000 -0.000000
302506.244883 4123793.707608 0.000000 0.000000
302506.267913 4123793.748784 0.000000 -0.000000
302506.291094 4123793.790228 0.000000 -0.000000
302506.314428 4123793.831947 0.000000 -0.000000
302506.337919 4123793.873945 0.000000 0.000000
302506.361569 4123793.916230 0.000000 0.000001
302506.385383 4123793.958806 0.000000 -0.000001
302506.409363 4123794.001680 0.000000 0.000000
302506.433514 4123794.044859 0.000000 0.000000
302506.457839 4123794.088349 0.000000 0.000000
302506.482342 4123794.132158 0.000000 -0.000000
302506.507028 4123794.176292 0.000000 -0.000000
302506.531899 4123794.220759 0.000000 -0.000000
302506.556961 4123794.265567 0.000000 0.000001
302506.582219 4123794.310725 0.000000 -0.000000
302506.607677 4123794.356240 0.000000 -0.000000
302506.633339 4123794.402122 0.000000 0.000000
302506.659212 4123794.448379 0.000000 0.000000
302506.685300 4123794.495021 0.000000 0.000000
302506.711609 4123794.542058 0.000000 0.000000
302506.738144 4123794.589500 0.000000 -0.000000
302506.764912 4123794.637358 0.000000 0.000000
302506.791919 4123794.685643 0.000000 0.000000
302506.819171 4123794.734366 0.000000 -0.000000
302506.846674 4123794.783539 0.000000 -0.000000
302506.874437 4123794.833175 0.000000 -0.000000
302506.902465 4123794.883286 0.000000 0.000000
302506.930767 4123794.933887 0.000000 0.000000
302506.959350 4123794.984989 0.000000 -0.000000
302506.988222 4123795.036609 0.000000 0.000001
302507.017392 4123795.088761 0.000000 0.000003
302507.046867 4123795.141460 0.000000 0.000009
302507.076658 4123795.194722 0.000000 0.000020
302507.106774 4123795.248565 0.000000 0.000041
302507.137223 4123795.303006 0.000000 0.000073
302507.168018 4123795.358064 0.000000 0.000120
302507.199167 4123795.413758 0.000000 0.000187
302507.230683 4123795.470108 0.000000 0.000277
302507.262577 4123795.527136 0.000000 0.000394
302507.294861 4123795.584866 0.000000 0.000542
302507.327549 4123795.643323 0.000000 0.000725
302507.360654 4123795.702533 0.000000 0.000946
302507.394190 4123795.762523 0.000000 0.001209
302507.428174 4123795.823326 0.000000 0.001516
302507.462621 4123795.884973 0.000000 0.001871
302507.497549 4123795.947499 0.000000 0.002274
302507.532976 4123796.010945 0.000000 0.002728
302507.568922 4123796.075349 0.000000 0.003232
302507.605408 4123796.140757 0.000000 0.003787
302507.642456 4123796.207218 0.000000 0.004391
302507.680089 4123796.274783 0.000000 0.005043
302507.718334 4123796.343509 0.000000 0.005740
302507.757217 4123796.413457 0.000000 0.006477
302507.796767 4123796.484692 0.000000 0.007250
302507.837015 4123796.557286 0.000000 0.008054
302507.877993 4123796.631315 0.000000 0.008881
302507.919736 4123796.706862 0.000000 0.009724
302507.962283 4123796.784017 0.000000 0.010575
302508.005671 4123796.862875 0.000000 0.011426
302508.049945 4123796.943539 0.000000 0.012266
302508.095148 4123797.026121 0.000000 0.013087
302508.141330 4123797.110740 0.000000 0.013879
302508.188539 4123797.197522 0.000000 0.014632
302508.236832 4123797.286606 0.000000 0.015338
302508.286264 4123797.378136 0.000000 0.015987
302508.336898 4123797.472270 0.000000 0.016573
302508.388798 4123797.569174 0.000000 0.017088
302508.442033 4123797.669027 0.000000 0.017526
302508.496674 4123797.772018 0.000000 0.017883
302508.552799 4123797.878349 0.000000 0.018155
302508.610490 4123797.988236 0.000000 0.018341
302508.669832 4123798.101906 0.000000 0.018439
302508.730915 4123798.219601 0.000000 0.018452
302508.793837 4123798.341579 0.000000 0.018380
302508.858696 4123798.468111 0.000000 0.018228
302508.925601 4123798.599486 0.000000 0.018000
302508.994663 4123798.736009 0.000000 0.017701
