302497.947000 4123778.872000 0.000000 0.000125
302498.053446 4123779.087767 0.000000 0.000125
302498.155331 4123779.294302 0.000000 0.000396
302498.252929 4123779.492194 0.000000 0.000699
302498.346504 4123779.681999 0.000000 0.001032
302498.436302 4123779.864242 0.000000 0.001395
302498.522557 4123780.039417 0.000000 0.001786
302498.605489 4123780.207989 0.000000 0.002204
302498.685305 4123780.370396 0.000000 0.002647
302498.762202 4123780.527048 0.000000 0.003110
302498.836363 4123780.678330 0.000000 0.003592
302498.907961 4123780.824604 0.000000 0.004088
302498.977158 4123780.966207 0.000000 0.004595
302499.044106 4123781.103456 0.000000 0.005109
302499.108947 4123781.236645 0.000000 0.005625
302499.171814 4123781.366049 0.000000 0.006141
302499.232832 4123781.491926 0.000000 0.006652
302499.292116 4123781.614513 0.000000 0.007156
302499.349774 4123781.734033 0.000000 0.007650
302499.405908 4123781.850690 0.000000 0.008131
302499.460611 4123781.964676 0.000000 0.008599
302499.513969 4123782.076168 0.000000 0.009052
302499.566063 4123782.185328 0.000000 0.009491
302499.616967 4123782.292308 0.000000 0.009915
302499.666751 4123782.397247 0.000000 0.010326
302499.715477 4123782.500275 0.000000 0.010725
302499.763205 4123782.601508 0.000000 0.011116
302499.809989 4123782.701056 0.000000 0.011499
302499.855879 4123782.799020 0.000000 0.011880
302499.900919 4123782.895492 0.000000 0.012260
302499.945152 4123782.990556 0.000000 0.012644
302499.988617 4123783.084292 0.000000 0.013035
302500.031349 4123783.176770 0.000000 0.013438
302500.073380 4123783.268057 0.000000 0.013856
302500.114740 4123783.358214 0.000000 0.014293
302500.155456 4123783.447298 0.000000 0.014754
302500.195551 4123783.535360 0.000000 0.015242
302500.235050 4123783.622450 0.000000 0.015760
302500.273973 4123783.708612 0.000000 0.016313
302500.312338 4123783.793888 0.000000 0.016903
302500.350163 4123783.878319 0.000000 0.017532
302500.387464 4123783.961941 0.000000 0.018205
302500.424256 4123784.044789 0.000000 0.018922
302500.460551 4123784.126898 0.000000 0.019686
302500.496362 4123784.208299 0.000000 0.020498
302500.531700 4123784.289022 0.000000 0.021360
302500.566577 4123784.369098 0.000000 0.022272
302500.601001 4123784.448556 0.000000 0.023234
302500.634981 4123784.527422 0.000000 0.024246
302500.668526 4123784.605725 0.000000 0.025310
302500.701644 4123784.683490 0.000000 0.026422
302500.734341 4123784.760744 0.000000 0.027583
302500.766623 4123784.837512 0.000000 0.028793
302500.798498 4123784.913819 0.000000 0.030048
302500.829969 4123784.989688 0.000000 0.031349
302500.861042 4123785.065144 0.000000 0.032693
302500.891721 4123785.140209 0.000000 0.034081
302500.922009 4123785.214906 0.000000 0.035508
302500.951910 4123785.289256 0.000000 0.036974
302500.981426 4123785.363280 0.000000 0.038477
302501.010560 4123785.437000 0.000000 0.040016
302501.039313 4123785.510434 0.000000 0.041587
302501.067686 4123785.583604 0.000000 0.043190
302501.095680 4123785.656527 0.000000 0.044822
302501.123296 4123785.729221 0.000000 0.046482
302501.150533 4123785.801705 0.000000 0.048167
302501.177391 4123785.873996 0.000000 0.049876
302501.203868 4123785.946110 0.000000 0.051606
302501.229964 4123786.018064 0.000000 0.053356
302501.255677 4123786.089872 0.000000 0.055123
302501.281004 4123786.161551 0.000000 0.056907
302501.305943 4123786.233113 0.000000 0.058705
302501.330491 4123786.304575 0.000000 0.060515
302501.354645 4123786.375948 0.000000 0.062336
302501.378401 4123786.447245 0.000000 0.064166
302501.401756 4123786.518481 0.000000 0.066003
302501.424705 4123786.589665 0.000000 0.067847
302501.447245 4123786.660810 0.000000 0.069695
302501.469369 4123786.731927 0.000000 0.071546
302501.491073 4123786.803026 0.000000 0.073399
302501.512352 4123786.874117 0.000000 0.075253
302501.533201 4123786.945211 0.000000 0.077105
302501.553612 4123787.016316 0.000000 0.078955
302501.573581 4123787.087442 0.000000 0.080801
302501.593101 4123787.158597 0.000000 0.082643
302501.612165 4123787.229788 0.000000 0.084479
302501.630766 4123787.301024 0.000000 0.086307
302501.648899 4123787.372313 0.000000 0.088127
302501.666555 4123787.443660 0.000000 0.089937
302501.683728 4123787.515073 0.000000 0.091735
302501.700409 4123787.586559 0.000000 0.093521
302501.716591 4123787.658123 0.000000 0.095293
302501.732267 4123787.729771 0.000000 0.097048
302501.747429 4123787.801509 0.000000 0.098787
302501.762067 4123787.873342 0.000000 0.100507
302501.776176 4123787.945275 0.000000 0.102206
302501.789745 4123788.017314 0.000000 0.103882
302501.802766 4123788.089462 0.000000 0.105533
302501.815232 4123788.161725 0.000000 0.107158
302501.827133 4123788.234106 0.000000 0.108753
302501.838461 4123788.306610 0.000000 0.110317
302501.849207 4123788.379242 0.000000 0.111847
302501.859362 4123788.452004 0.000000 0.113340
302501.868918 4123788.524902 0.000000 0.114794
302501.877866 4123788.597938 0.000000 0.116206
302501.886196 4123788.671117 0.000000 0.117576
302501.893900 4123788.744443 0.000000 0.118901
302501.900969 4123788.817920 0.000000 0.120179
302501.907394 4123788.891550 0.000000 0.121410
302501.913165 4123788.965339 0.000000 0.122592
302501.918274 4123789.039290 0.000000 0.123724
302501.922711 4123789.113407 0.000000 0.124807
302501.926467 4123789.187694 0.000000 0.125839
302501.929533 4123789.262155 0.000000 0.126822
302501.931899 4123789.336794 0.000000 0.127755
302501.933556 4123789.411616 0.000000 0.128638
302501.934494 4123789.486625 0.000000 0.129474
302501.934703 4123789.561825 0.000000 0.130262
302501.934173 4123789.637221 0.000000 0.131004
302501.932893 4123789.712819 0.000000 0.131702
302501.930854 4123789.788621 0.000000 0.132357
302501.928044 4123789.864635 0.000000 0.132973
302501.924453 4123789.940865 0.000000 0.133550
302501.920069 4123790.017315 0.000000 0.134091
302501.914880 4123790.093992 0.000000 0.134599
302501.908873 4123790.170902 0.000000 0.135077
302501.902037 4123790.248049 0.000000 0.135528
302501.894359 4123790.325440 0.000000 0.135954
302501.885824 4123790.403081 0.000000 0.136358
302501.876418 4123790.480978 0.000000 0.136744
302501.866126 4123790.559137 0.000000 0.137114
302501.854934 4123790.637565 0.000000 0.137471
302501.842823 4123790.716268 0.000000 0.137818
302501.829779 4123790.795254 0.000000 0.138158
302501.815781 4123790.874528 0.000000 0.138493
302501.800812 4123790.954098 0.000000 0.138826
302501.784852 4123791.033970 0.000000 0.139159
302501.767880 4123791.114153 0.000000 0.139493
302501.749873 4123791.194653 0.000000 0.139830
302501.730809 4123791.275477 0.000000 0.140171
302501.710664 4123791.356632 0.000000 0.140516
302501.689411 4123791.438127 0.000000 0.140867
302501.667024 4123791.519969 0.000000 0.141223
302501.643473 4123791.602164 0.000000 0.141583
302501.618729 4123791.684721 0.000000 0.141946
302501.592761 4123791.767647 0.000000 0.142310
302501.565534 4123791.850949 0.000000 0.142674
302501.537014 4123791.934635 0.000000 0.143034
302501.507163 4123792.018711 0.000000 0.143388
302501.475943 4123792.103186 0.000000 0.143731
302501.443311 4123792.188067 0.000000 0.144058
302501.409226 4123792.273359 0.000000 0.144366
302501.373641 4123792.359071 0.000000 0.144651
302501.336509 4123792.445209 0.000000 0.144914
302501.297778 4123792.531780 0.000000 0.145160
302501.257396 4123792.618789 0.000000 0.145390
302501.215306 4123792.706246 0.000000 0.145609
302501.171448 4123792.794156 0.000000 0.145819
302501.125756 4123792.882528 0.000000 0.146017
302501.078161 4123792.971373 0.000000 0.146199
302501.028588 4123793.060701 0.000000 0.146354
302500.976955 4123793.150526 0.000000 0.146468
302500.923173 4123793.240864 0.000000 0.146516
302500.867146 4123793.331734 0.000000 0.146473
302500.808767 4123793.423161 0.000000 0.146303
302500.747921 4123793.515173 0.000000 0.145966
302500.684478 4123793.607804 0.000000 0.145416
302500.618299 4123793.701095 0.000000 0.144603
302500.549230 4123793.795094 0.000000 0.143476
302500.477100 4123793.889857 0.000000 0.141982
302500.401722 4123793.985450 0.000000 0.140072
302500.322892 4123794.081951 0.000000 0.137699
302500.240383 4123794.179448 0.000000 0.134827
302500.153948 4123794.278042 0.000000 0.131429
302500.063317 4123794.377850 0.000000 0.127490
302499.968192 4123794.479004 0.000000 0.123013
302499.868249 4123794.581652 0.000000 0.118016
302499.763135 4123794.685962 0.000000 0.112536
302499.652463 4123794.792123 0.000000 0.106623
302499.535816 4123794.900345 0.000000 0.100347
302499.412735 4123795.010860 0.000000 0.093788
302499.282728 4123795.123928 0.000000 0.087034
302499.145259 4123795.239835 0.000000 0.080180
302498.999748 4123795.358896 0.000000 0.073322
302498.845571 4123795.481457 0.000000 0.066551
302498.682053 4123795.607896 0.000000 0.059953
302498.508469 4123795.738628 0.000000 0.053603
302498.324037 4123795.874103 0.000000 0.047565
302498.127922 4123796.014813 0.000000 0.041888
302497.919223 4123796.161288 0.000000 0.036611
302497.696980 4123796.314105 0.000000 0.031754
302497.460164 4123796.473886 0.000000 0.027330
302497.207677 4123796.641300 0.000000 0.023337
302496.938347 4123796.817071 0.000000 0.019767
302496.650925 4123797.001972 0.000000 0.016602
302496.344082 4123797.196837 0.000000 0.013819
302496.016408 4123797.402555 0.000000 0.011391
302495.666401 4123797.620080 0.000000 0.009290
302495.292471 4123797.850427 0.000000 0.007485
302494.892932 4123798.094682 0.000000 0.005946
