302513.701000 4123783.581000 0.000000 -0.004037
302513.907833 4123783.470411 0.000000 -0.004037
302514.109106 4123783.362554 0.000000 -0.003951
302514.304902 4123783.257406 0.000000 -0.003865
302514.495311 4123783.154944 0.000000 -0.003780
302514.680424 4123783.055140 0.000000 -0.003695
302514.860336 4123782.957961 0.000000 -0.003611
302515.035147 4123782.863373 0.000000 -0.003526
302515.204959 4123782.771338 0.000000 -0.003440
302515.369875 4123782.681817 0.000000 -0.003354
302515.530003 4123782.594766 0.000000 -0.003268
302515.685451 4123782.510142 0.000000 -0.003180
302515.836329 4123782.427896 0.000000 -0.003092
302515.982750 4123782.347981 0.000000 -0.003002
302516.124825 4123782.270347 0.000000 -0.002912
302516.262669 4123782.194941 0.000000 -0.002820
302516.396396 4123782.121712 0.000000 -0.002728
302516.526121 4123782.050605 0.000000 -0.002635
302516.651959 4123781.981566 0.000000 -0.002541
302516.774024 4123781.914540 0.000000 -0.002447
302516.892431 4123781.849471 0.000000 -0.002352
302517.007293 4123781.786303 0.000000 -0.002257
302517.118725 4123781.724979 0.000000 -0.002162
302517.226839 4123781.665443 0.000000 -0.002068
302517.331746 4123781.607639 0.000000 -0.001975
302517.433556 4123781.551510 0.000000 -0.001883
302517.532377 4123781.497000 0.000000 -0.001793
302517.628318 4123781.444055 0.000000 -0.001705
302517.721484 4123781.392619 0.000000 -0.001620
302517.811977 4123781.342638 0.000000 -0.001537
302517.899901 4123781.294059 0.000000 -0.001458
302517.985355 4123781.246828 0.000000 -0.001383
302518.068436 4123781.200894 0.000000 -0.001312
302518.149240 4123781.156206 0.000000 -0.001245
302518.227859 4123781.112715 0.000000 -0.001183
302518.304385 4123781.070371 0.000000 -0.001126
302518.378905 4123781.029128 0.000000 -0.001074
302518.451505 4123780.988938 0.000000 -0.001026
302518.522268 4123780.949758 0.000000 -0.000983
302518.591274 4123780.911544 0.000000 -0.000945
302518.658601 4123780.874253 0.000000 -0.000911
302518.724324 4123780.837844 0.000000 -0.000879
302518.788514 4123780.802279 0.000000 -0.000853
302518.851243 4123780.767519 0.000000 -0.000827
302518.912576 4123780.733528 0.000000 -0.000803
302518.972577 4123780.700269 0.000000 -0.000781
302519.031310 4123780.667711 0.000000 -0.000758
302519.088831 4123780.635820 0.000000 -0.000736
302519.145198 4123780.604565 0.000000 -0.000713
302519.200464 4123780.573918 0.000000 -0.000689
302519.254682 4123780.543849 0.000000 -0.000663
302519.307899 4123780.514332 0.000000 -0.000638
302519.360162 4123780.485341 0.000000 -0.000609
302519.411517 4123780.456852 0.000000 -0.000580
302519.462004 4123780.428842 0.000000 -0.000553
302519.511665 4123780.401288 0.000000 -0.000524
302519.560538 4123780.374170 0.000000 -0.000492
302519.608658 4123780.347467 0.000000 -0.000464
302519.656061 4123780.321162 0.000000 -0.000433
302519.702778 4123780.295235 0.000000 -0.000405
302519.748842 4123780.269669 0.000000 -0.000374
302519.794281 4123780.244450 0.000000 -0.000349
302519.839122 4123780.219560 0.000000 -0.000320
302519.883393 4123780.194986 0.000000 -0.000294
302519.927119 4123780.170715 0.000000 -0.000267
302519.970322 4123780.146732 0.000000 -0.000245
302520.013025 4123780.123027 0.000000 -0.000219
302520.055249 4123780.099587 0.000000 -0.000201
302520.097014 4123780.076401 0.000000 -0.000179
302520.138338 4123780.053459 0.000000 -0.000160
302520.179239 4123780.030752 0.000000 -0.000142
302520.219734 4123780.008270 0.000000 -0.000127
302520.259839 4123779.986004 0.000000 -0.000111
302520.299567 4123779.963947 0.000000 -0.000096
302520.338934 4123779.942091 0.000000 -0.000086
302520.377951 4123779.920428 0.000000 -0.000073
302520.416633 4123779.898952 0.000000 -0.000065
302520.454989 4123779.877656 0.000000 -0.000054
302520.493032 4123779.856534 0.000000 -0.000048
302520.530771 4123779.835580 0.000000 -0.000043
302520.568216 4123779.814790 0.000000 -0.000036
302520.605377 4123779.794157 0.000000 -0.000031
302520.642262 4123779.773678 0.000000 -0.000030
302520.678879 4123779.753347 0.000000 -0.000025
302520.715237 4123779.733160 0.000000 -0.000023
302520.751343 4123779.713113 0.000000 -0.000020
302520.787203 4123779.693202 0.000000 -0.000021
302520.822824 4123779.673424 0.000000 -0.000017
302520.858214 4123779.653774 0.000000 -0.000018
302520.893377 4123779.634251 0.000000 -0.000014
302520.928320 4123779.614849 0.000000 -0.000017
302520.963048 4123779.595567 0.000000 -0.000014
302520.997567 4123779.576401 0.000000 -0.000017
302521.031881 4123779.557348 0.000000 -0.000012
302521.065997 4123779.538406 0.000000 -0.000016
302521.099918 4123779.519571 0.000000 -0.000010
302521.133649 4123779.500842 0.000000 -0.000013
302521.167195 4123779.482216 0.000000 -0.000007
302521.200561 4123779.463690 0.000000 -0.000008
302521.233750 4123779.445263 0.000000 -0.000005
302521.266766 4123779.426930 0.000000 -0.000002
302521.299615 4123779.408691 0.000000 -0.000001
302521.332300 4123779.390543 0.000000 0.000003
302521.364824 4123779.372485 0.000000 0.000006
302521.397192 4123779.354512 0.000000 0.000011
302521.429408 4123779.336625 0.000000 0.000013
302521.461476 4123779.318820 0.000000 0.000019
302521.493398 4123779.301095 0.000000 0.000021
302521.525179 4123779.283449 0.000000 0.000025
302521.556822 4123779.265880 0.000000 0.000032
302521.588330 4123779.248385 0.000000 0.000032
302521.619708 4123779.230963 0.000000 0.000037
302521.650959 4123779.213612 0.000000 0.000042
302521.682086 4123779.196329 0.000000 0.000048
302521.713092 4123779.179114 0.000000 0.000048
302521.743980 4123779.161964 0.000000 0.000057
302521.774755 4123779.144877 0.000000 0.000056
302521.805420 4123779.127851 0.000000 0.000063
302521.835977 4123779.110885 0.000000 0.000066
302521.866430 4123779.093977 0.000000 0.000070
302521.896783 4123779.077125 0.000000 0.000074
302521.927037 4123779.060327 0.000000 0.000077
302521.957198 4123779.043582 0.000000 0.000079
302521.987268 4123779.026887 0.000000 0.000088
302522.017250 4123779.010241 0.000000 0.000085
302522.047148 4123778.993642 0.000000 0.000090
302522.076965 4123778.977088 0.000000 0.000095
302522.106704 4123778.960577 0.000000 0.000096
302522.136369 4123778.944108 0.000000 0.000103
302522.165963 4123778.927678 0.000000 0.000102
302522.195489 4123778.911286 0.000000 0.000107
302522.224950 4123778.894930 0.000000 0.000107
302522.254351 4123778.878608 0.000000 0.000112
302522.283694 4123778.862318 0.000000 0.000113
302522.312984 4123778.846058 0.000000 0.000119
302522.342223 4123778.829826 0.000000 0.000114
302522.371415 4123778.813620 0.000000 0.000123
302522.400564 4123778.797439 0.000000 0.000122
302522.429672 4123778.781279 0.000000 0.000124
302522.458745 4123778.765140 0.000000 0.000129
302522.487786 4123778.749019 0.000000 0.000130
302522.516798 4123778.732914 0.000000 0.000135
302522.545785 4123778.716823 0.000000 0.000136
302522.574751 4123778.700744 0.000000 0.000139
302522.603700 4123778.684675 0.000000 0.000143
302522.632635 4123778.668613 0.000000 0.000146
302522.661562 4123778.652556 0.000000 0.000149
302522.690483 4123778.636503 0.000000 0.000155
302522.719402 4123778.620450 0.000000 0.000159
302522.748325 4123778.604396 0.000000 0.000163
302522.777255 4123778.588339 0.000000 0.000169
302522.806196 4123778.572275 0.000000 0.000174
302522.835152 4123778.556203 0.000000 0.000181
302522.864128 4123778.540120 0.000000 0.000188
302522.893128 4123778.524024 0.000000 0.000196
302522.922157 4123778.507913 0.000000 0.000203
302522.951219 4123778.491783 0.000000 0.000215
302522.980318 4123778.475633 0.000000 0.000221
302523.009459 4123778.459460 0.000000 0.000234
302523.038647 4123778.443261 0.000000 0.000247
302523.067887 4123778.427035 0.000000 0.000255
302523.097182 4123778.410777 0.000000 0.000267
302523.126538 4123778.394486 0.000000 0.000284
302523.155960 4123778.378159 0.000000 0.000296
302523.185452 4123778.361793 0.000000 0.000314
302523.215020 4123778.345385 0.000000 0.000326
302523.244669 4123778.328933 0.000000 0.000347
302523.274404 4123778.312434 0.000000 0.000363
302523.304229 4123778.295885 0.000000 0.000380
302523.334151 4123778.279283 0.000000 0.000398
302523.364175 4123778.262625 0.000000 0.000420
302523.394306 4123778.245908 0.000000 0.000439
302523.424550 4123778.229129 0.000000 0.000462
302523.454912 4123778.212285 0.000000 0.000485
302523.485399 4123778.195373 0.000000 0.000504
302523.516015 4123778.178389 0.000000 0.000528
302523.546768 4123778.161331 0.000000 0.000551
302523.577663 4123778.144194 0.000000 0.000578
302523.608707 4123778.126976 0.000000 0.000600
302523.639906 4123778.109672 0.000000 0.000624
302523.671266 4123778.092280 0.000000 0.000652
302523.702795 4123778.074796 0.000000 0.000675
302523.734499 4123778.057215 0.000000 0.000701
302523.766384 4123778.039535 0.000000 0.000730
302523.798459 4123778.021751 0.000000 0.000755
302523.830731 4123778.003859 0.000000 0.000780
302523.863206 4123777.985855 0.000000 0.000808
302523.895894 4123777.967735 0.000000 0.000832
302523.928801 4123777.949494 0.000000 0.000859
302523.961935 4123777.931129 0.000000 0.000882
302523.995306 4123777.912634 0.000000 0.000909
302524.028922 4123777.894006 0.000000 0.000934
302524.062791 4123777.875238 0.000000 0.000958
302524.096923 4123777.856326 0.000000 0.000982
302524.131326 4123777.837266 0.000000 0.001006
302524.166011 4123777.818052 0.000000 0.001025
302524.200987 4123777.798678 0.000000 0.001047
302524.236264 4123777.779139 0.000000 0.001069
302524.271853 4123777.759430 0.000000 0.001086
302524.307764 4123777.739544 0.000000 0.001106
302524.344008 4123777.719476 0.000000 0.001124
302524.380596 4123777.699219 0.000000 0.001139
302524.417541 4123777.678768 0.000000 0.001155
302524.454854 4123777.658115 0.000000 0.001168
302524.492548 4123777.637254 0.000000 0.001181
302524.530635 4123777.616178 0.000000 0.001192
302524.569128 4123777.594879 0.000000 0.001200
302524.608041 4123777.573351 0.000000 0.001208
302524.647388 4123777.551586 0.000000 0.001213
302524.687182 4123777.529576 0.000000 0.001218
302524.727439 4123777.507313 0.000000 0.001219
302524.768174 4123777.484789 0.000000 0.001218
302524.809402 4123777.461996 0.000000 0.001214
302524.851138 4123777.438924 0.000000 0.001209
302524.893400 4123777.415565 0.000000 0.001201
302524.936204 4123777.391910 0.000000 0.001190
302524.979567 4123777.367948 0.000000 0.001178
302525.023507 4123777.343672 0.000000 0.001162
302525.068042 4123777.319070 0.000000 0.001142
302525.113190 4123777.294133 0.000000 0.001121
302525.158970 4123777.268851 0.000000 0.001097
302525.205402 4123777.243212 0.000000 0.001069
302525.252506 4123777.217205 0.000000 0.001040
302525.300300 4123777.190821 0.000000 0.001009
302525.348807 4123777.164047 0.000000 0.000974
302525.398048 4123777.136871 0.000000 0.000936
302525.448043 4123777.109283 0.000000 0.000896
302525.498814 4123777.081269 0.000000 0.000854
302525.550385 4123777.052818 0.000000 0.000810
302525.602777 4123777.023917 0.000000 0.000762
302525.656015 4123776.994553 0.000000 0.000715
302525.710120 4123776.964713 0.000000 0.000663
302525.765118 4123776.934383 0.000000 0.000611
302525.821033 4123776.903552 0.000000 0.000557
302525.877889 4123776.872203 0.000000 0.000502
302525.935712 4123776.840325 0.000000 0.000445
302525.994526 4123776.807902 0.000000 0.000388
302526.054358 4123776.774919 0.000000 0.000329
302526.115233 4123776.741364 0.000000 0.000269
302526.177179 4123776.707220 0.000000 0.000209
302526.240221 4123776.672473 0.000000 0.000148
302526.304388 4123776.637107 0.000000 0.000087
302526.369705 4123776.601107 0.000000 0.000025
302526.436201 4123776.564458 0.000000 -0.000036
302526.503904 4123776.527143 0.000000 -0.000098
302526.572842 4123776.489148 0.000000 -0.000159
302526.643042 4123776.450455 0.000000 -0.000221
302526.714534 4123776.411048 0.000000 -0.000282
302526.787347 4123776.370912 0.000000 -0.000342
302526.861508 4123776.330029 0.000000 -0.000402
302526.937048 4123776.288383 0.000000 -0.000462
302527.013995 4123776.245957 0.000000 -0.000520
302527.092379 4123776.202734 0.000000 -0.000579
302527.172229 4123776.158697 0.000000 -0.000636
302527.253574 4123776.113829 0.000000 -0.000691
302527.336444 4123776.068113 0.000000 -0.000746
302527.420869 4123776.021532 0.000000 -0.000799
302527.506876 4123775.974069 0.000000 -0.000851
302527.594494 4123775.925708 0.000000 -0.000900
302527.683750 4123775.876431 0.000000 -0.000947
302527.774672 4123775.826224 0.000000 -0.000992
302527.867284 4123775.775070 0.000000 -0.001035
302527.961610 4123775.722956 0.000000 -0.001075
302528.057673 4123775.669868 0.000000 -0.001112
302528.155492 4123775.615794 0.000000 -0.001147
302528.255084 4123775.560723 0.000000 -0.001179
302528.356463 4123775.504646 0.000000 -0.001209
302528.459640 4123775.447555 0.000000 -0.001235
302528.564623 4123775.389445 0.000000 -0.001260
302528.671412 4123775.330313 0.000000 -0.001282
302528.780007 4123775.270159 0.000000 -0.001301
302528.890399 4123775.208987 0.000000 -0.001319
302529.002574 4123775.146801 0.000000 -0.001335
302529.116512 4123775.083613 0.000000 -0.001348
302529.232184 4123775.019436 0.000000 -0.001361
302529.349555 4123774.954289 0.000000 -0.001373
302529.468580 4123774.888195 0.000000 -0.001383
302529.589205 4123774.821183 0.000000 -0.001393
302529.711366 4123774.753286 0.000000 -0.001403
302529.834988 4123774.684545 0.000000 -0.001413
302529.959984 4123774.615008 0.000000 -0.001424
302530.086254 4123774.544727 0.000000 -0.001436
302530.213686 4123774.473765 0.000000 -0.001449
302530.342153 4123774.402191 0.000000 -0.001465
302530.471512 4123774.330084 0.000000 -0.001483
302530.601604 4123774.257530 0.000000 -0.001504
302530.732253 4123774.184628 0.000000 -0.001530
302530.863265 4123774.111483 0.000000 -0.001561
302530.994426 4123774.038215 0.000000 -0.001599
302531.125503 4123773.964952 0.000000 -0.001645
302531.256239 4123773.891838 0.000000 -0.001700
302531.386358 4123773.819025 0.000000 -0.001768
302531.515556 4123773.746683 0.000000 -0.001850
302531.643508 4123773.674993 0.000000 -0.001951
302531.769860 4123773.604153 0.000000 -0.002076
302531.894232 4123773.534373 0.000000 -0.002233
302532.016215 4123773.465883 0.000000 -0.002429
302532.135370 4123773.398928 0.000000 -0.002679
302532.251227 4123773.333772 0.000000 -0.003003
302532.363283 4123773.270696 0.000000 -0.003429
