302532.471000 4123773.210000 0.000000 0.046141
302532.721482 4123773.053913 0.000000 0.046147
302532.961609 4123772.908671 0.000000 0.049558
302533.192021 4123772.773543 0.000000 0.053012
302533.413323 4123772.647835 0.000000 0.056472
302533.626087 4123772.530899 0.000000 0.059899
302533.830850 4123772.422120 0.000000 0.063250
302534.028121 4123772.320922 0.000000 0.066482
302534.218376 4123772.226766 0.000000 0.069550
302534.402064 4123772.139142 0.000000 0.072411
302534.579606 4123772.057576 0.000000 0.075024
302534.751398 4123771.981623 0.000000 0.077354
302534.917808 4123771.910869 0.000000 0.079371
302535.079184 4123771.844924 0.000000 0.081049
302535.235849 4123771.783429 0.000000 0.082374
302535.388105 4123771.726048 0.000000 0.083338
302535.536232 4123771.672468 0.000000 0.083941
302535.680495 4123771.622401 0.000000 0.084193
302535.821135 4123771.575579 0.000000 0.084110
302535.958379 4123771.531753 0.000000 0.083715
302536.092438 4123771.490696 0.000000 0.083038
302536.223505 4123771.452197 0.000000 0.082114
302536.351760 4123771.416063 0.000000 0.080978
302536.477369 4123771.382115 0.000000 0.079672
302536.600486 4123771.350192 0.000000 0.078234
302536.721251 4123771.320143 0.000000 0.076703
302536.839794 4123771.291834 0.000000 0.075119
302536.956235 4123771.265141 0.000000 0.073517
302537.070684 4123771.239949 0.000000 0.071928
302537.183241 4123771.216158 0.000000 0.070382
302537.293998 4123771.193675 0.000000 0.068903
302537.403041 4123771.172415 0.000000 0.067512
302537.510446 4123771.152302 0.000000 0.066226
302537.616285 4123771.133268 0.000000 0.065056
302537.720622 4123771.115250 0.000000 0.064011
302537.823519 4123771.098194 0.000000 0.063095
302537.925029 4123771.082048 0.000000 0.062307
302538.025203 4123771.066767 0.000000 0.061647
302538.124087 4123771.052310 0.000000 0.061109
302538.221725 4123771.038640 0.000000 0.060684
302538.318156 4123771.025722 0.000000 0.060363
302538.413417 4123771.013526 0.000000 0.060136
302538.507543 4123771.002025 0.000000 0.059988
302538.600567 4123770.991191 0.000000 0.059907
302538.692518 4123770.981002 0.000000 0.059879
302538.783426 4123770.971435 0.000000 0.059891
302538.873317 4123770.962469 0.000000 0.059931
302538.962219 4123770.954085 0.000000 0.059988
302539.050157 4123770.946264 0.000000 0.060051
302539.137154 4123770.938989 0.000000 0.060113
302539.223233 4123770.932243 0.000000 0.060173
302539.308419 4123770.926010 0.000000 0.060227
302539.392731 4123770.920274 0.000000 0.060278
302539.476192 4123770.915020 0.000000 0.060327
302539.558822 4123770.910236 0.000000 0.060374
302539.640640 4123770.905906 0.000000 0.060423
302539.721666 4123770.902018 0.000000 0.060474
302539.801919 4123770.898561 0.000000 0.060528
302539.881416 4123770.895521 0.000000 0.060587
302539.960174 4123770.892887 0.000000 0.060651
302540.038211 4123770.890649 0.000000 0.060722
302540.115543 4123770.888797 0.000000 0.060798
302540.192187 4123770.887320 0.000000 0.060885
302540.268157 4123770.886209 0.000000 0.060980
302540.343468 4123770.885455 0.000000 0.061084
302540.418135 4123770.885050 0.000000 0.061198
302540.492173 4123770.884985 0.000000 0.061322
302540.565595 4123770.885253 0.000000 0.061456
302540.638415 4123770.885845 0.000000 0.061602
302540.710646 4123770.886756 0.000000 0.061757
302540.782301 4123770.887977 0.000000 0.061924
302540.853392 4123770.889504 0.000000 0.062101
302540.923932 4123770.891329 0.000000 0.062288
302540.993932 4123770.893447 0.000000 0.062485
302541.063405 4123770.895852 0.000000 0.062692
302541.132362 4123770.898540 0.000000 0.062908
302541.200814 4123770.901504 0.000000 0.063132
302541.268773 4123770.904740 0.000000 0.063365
302541.336249 4123770.908244 0.000000 0.063604
302541.403254 4123770.912011 0.000000 0.063849
302541.469797 4123770.916038 0.000000 0.064101
302541.535890 4123770.920319 0.000000 0.064357
302541.601542 4123770.924853 0.000000 0.064616
302541.666764 4123770.929634 0.000000 0.064881
302541.731566 4123770.934661 0.000000 0.065144
302541.795959 4123770.939929 0.000000 0.065411
302541.859951 4123770.945436 0.000000 0.065675
302541.923553 4123770.951180 0.000000 0.065942
302541.986775 4123770.957156 0.000000 0.066204
302542.049626 4123770.963364 0.000000 0.066465
302542.112117 4123770.969800 0.000000 0.066720
302542.174256 4123770.976462 0.000000 0.066973
302542.236053 4123770.983349 0.000000 0.067217
302542.297518 4123770.990459 0.000000 0.067461
302542.358661 4123770.997789 0.000000 0.067692
302542.419490 4123771.005339 0.000000 0.067920
302542.480016 4123771.013107 0.000000 0.068137
302542.540248 4123771.021090 0.000000 0.068348
302542.600196 4123771.029289 0.000000 0.068550
302542.659868 4123771.037703 0.000000 0.068743
302542.719275 4123771.046329 0.000000 0.068928
302542.778426 4123771.055168 0.000000 0.069105
302542.837331 4123771.064218 0.000000 0.069274
302542.895998 4123771.073480 0.000000 0.069435
302542.954439 4123771.082953 0.000000 0.069589
302543.012661 4123771.092636 0.000000 0.069737
302543.070675 4123771.102530 0.000000 0.069878
302543.128490 4123771.112635 0.000000 0.070013
302543.186116 4123771.122950 0.000000 0.070144
302543.243563 4123771.133477 0.000000 0.070273
302543.300840 4123771.144215 0.000000 0.070396
302543.357956 4123771.155166 0.000000 0.070517
302543.414922 4123771.166330 0.000000 0.070638
302543.471748 4123771.177709 0.000000 0.070757
302543.528442 4123771.189303 0.000000 0.070877
302543.585015 4123771.201114 0.000000 0.071000
302543.641476 4123771.213144 0.000000 0.071123
302543.697837 4123771.225394 0.000000 0.071251
302543.754105 4123771.237866 0.000000 0.071382
302543.810292 4123771.250563 0.000000 0.071522
302543.866407 4123771.263488 0.000000 0.071666
302543.922461 4123771.276641 0.000000 0.071817
302543.978464 4123771.290027 0.000000 0.071979
302544.034426 4123771.303649 0.000000 0.072149
302544.090356 4123771.317510 0.000000 0.072329
302544.146267 4123771.331614 0.000000 0.072522
302544.202167 4123771.345964 0.000000 0.072725
302544.258068 4123771.360564 0.000000 0.072944
302544.313980 4123771.375420 0.000000 0.073172
302544.369914 4123771.390536 0.000000 0.073416
302544.425880 4123771.405916 0.000000 0.073674
302544.481891 4123771.421566 0.000000 0.073946
302544.537955 4123771.437492 0.000000 0.074232
302544.594086 4123771.453700 0.000000 0.074534
302544.650293 4123771.470196 0.000000 0.074850
302544.706589 4123771.486987 0.000000 0.075179
302544.762984 4123771.504079 0.000000 0.075522
302544.819491 4123771.521481 0.000000 0.075880
302544.876121 4123771.539200 0.000000 0.076249
302544.932886 4123771.557243 0.000000 0.076630
302544.989798 4123771.575621 0.000000 0.077021
302545.046869 4123771.594341 0.000000 0.077423
302545.104112 4123771.613414 0.000000 0.077832
302545.161539 4123771.632849 0.000000 0.078247
302545.219163 4123771.652656 0.000000 0.078669
302545.276997 4123771.672847 0.000000 0.079092
302545.335054 4123771.693433 0.000000 0.079517
302545.393347 4123771.714425 0.000000 0.079943
302545.451890 4123771.735836 0.000000 0.080364
302545.510696 4123771.757680 0.000000 0.080779
302545.569779 4123771.779968 0.000000 0.081189
302545.629153 4123771.802717 0.000000 0.081587
302545.688833 4123771.825939 0.000000 0.081974
302545.748833 4123771.849651 0.000000 0.082348
302545.809169 4123771.873868 0.000000 0.082711
302545.869854 4123771.898606 0.000000 0.083063
302545.930906 4123771.923885 0.000000 0.083407
302545.992339 4123771.949720 0.000000 0.083745
302546.054171 4123771.976132 0.000000 0.084078
302546.116419 4123772.003140 0.000000 0.084409
302546.179101 4123772.030767 0.000000 0.084737
302546.242236 4123772.059034 0.000000 0.085063
302546.305845 4123772.087966 0.000000 0.085388
302546.369948 4123772.117589 0.000000 0.085708
302546.434570 4123772.147929 0.000000 0.086019
302546.499734 4123772.179017 0.000000 0.086319
302546.565468 4123772.210884 0.000000 0.086598
302546.631800 4123772.243565 0.000000 0.086850
302546.698763 4123772.277095 0.000000 0.087065
302546.766390 4123772.311515 0.000000 0.087230
302546.834718 4123772.346867 0.000000 0.087335
302546.903788 4123772.383197 0.000000 0.087364
302546.973644 4123772.420556 0.000000 0.087301
302547.044335 4123772.458998 0.000000 0.087131
302547.115913 4123772.498580 0.000000 0.086838
302547.188436 4123772.539366 0.000000 0.086404
302547.261967 4123772.581423 0.000000 0.085814
302547.336574 4123772.624826 0.000000 0.085052
302547.412332 4123772.669653 0.000000 0.084105
302547.489320 4123772.715989 0.000000 0.082960
302547.567627 4123772.763927 0.000000 0.081609
302547.647348 4123772.813565 0.000000 0.080047
302547.728587 4123772.865009 0.000000 0.078269
302547.811454 4123772.918373 0.000000 0.076279
302547.896071 4123772.973780 0.000000 0.074081
302547.982566 4123773.031361 0.000000 0.071685
302548.071081 4123773.091256 0.000000 0.069104
302548.161766 4123773.153616 0.000000 0.066355
302548.254783 4123773.218601 0.000000 0.063461
302548.350306 4123773.286381 0.000000 0.060443
302548.448520 4123773.357140 0.000000 0.057328
302548.549627 4123773.431072 0.000000 0.054145
302548.653838 4123773.508385 0.000000 0.050920
302548.761382 4123773.589297 0.000000 0.047682
302548.872501 4123773.674044 0.000000 0.044460
302548.987455 4123773.762872 0.000000 0.041279
302549.106518 4123773.856045 0.000000 0.038163
302549.229984 4123773.953841 0.000000 0.035135
302549.358163 4123774.056555 0.000000 0.032213
302549.491385 4123774.164498 0.000000 0.029415
