302563.489000 4123795.557000 0.000000 -0.000000
302563.595163 4123795.743502 0.000000 -0.000000
302563.696235 4123795.921062 0.000000 -0.000000
302563.792551 4123796.090265 0.000000 0.000000
302563.884424 4123796.251664 0.000000 -0.000000
302563.972151 4123796.405779 0.000000 -0.000000
302564.056012 4123796.553102 0.000000 0.000000
302564.136269 4123796.694093 0.000000 -0.000000
302564.213168 4123796.829187 0.000000 0.000000
302564.286941 4123796.958788 0.000000 -0.000000
302564.357806 4123797.083280 0.000000 -0.000000
302564.425965 4123797.203019 0.000000 -0.000000
302564.491608 4123797.318339 0.000000 0.000000
302564.554914 4123797.429551 0.000000 -0.000000
302564.616047 4123797.536947 0.000000 0.000000
302564.675161 4123797.640797 0.000000 0.000000
302564.732400 4123797.741352 0.000000 0.000000
302564.787897 4123797.838846 0.000000 0.000000
302564.841775 4123797.933497 0.000000 -0.000000
302564.894149 4123798.025504 0.000000 0.000000
302564.945123 4123798.115054 0.000000 0.000000
302564.994796 4123798.202317 0.000000 -0.000000
302565.043257 4123798.287451 0.000000 0.000000
302565.090588 4123798.370601 0.000000 -0.000000
302565.136867 4123798.451901 0.000000 0.000000
302565.182161 4123798.531472 0.000000 -0.000000
302565.226535 4123798.609427 0.000000 -0.000000
302565.270048 4123798.685868 0.000000 0.000000
302565.312752 4123798.760888 0.000000 0.000000
302565.354696 4123798.834573 0.000000 0.000000
302565.395923 4123798.907000 0.000000 0.000000
302565.436475 4123798.978240 0.000000 0.000000
302565.476388 4123799.048357 0.000000 0.000000
302565.515695 4123799.117409 0.000000 0.000000
302565.554425 4123799.185450 0.000000 0.000000
302565.592607 4123799.252526 0.000000 0.000000
302565.630265 4123799.318683 0.000000 -0.000000
302565.667423 4123799.383959 0.000000 0.000000
302565.704100 4123799.448391 0.000000 -0.000000
302565.740315 4123799.512013 0.000000 0.000000
302565.776086 4123799.574854 0.000000 -0.000000
302565.811429 4123799.636942 0.000000 0.000000
302565.846358 4123799.698304 0.000000 -0.000000
302565.880887 4123799.758963 0.000000 0.000000
302565.915029 4123799.818942 0.000000 -0.000000
302565.948795 4123799.878261 0.000000 -0.000000
302565.982197 4123799.936940 0.000000 -0.000000
302566.015245 4123799.994999 0.000000 0.000000
302566.047951 4123800.052454 0.000000 0.000000
302566.080322 4123800.109323 0.000000 -0.000000
302566.112370 4123800.165623 0.000000 0.000000
302566.144102 4123800.221369 0.000000 -0.000000
302566.175528 4123800.276576 0.000000 -0.000000
302566.206656 4123800.331260 0.000000 0.000001
302566.237493 4123800.385434 0.000000 -0.000001
302566.268048 4123800.439112 0.000000 -0.000000
302566.298328 4123800.492307 0.000000 0.000000
302566.328341 4123800.545032 0.000000 -0.000000
302566.358093 4123800.597298 0.000000 -0.000000
302566.387591 4123800.649119 0.000000 -0.000000
302566.416841 4123800.700504 0.000000 0.000000
302566.445850 4123800.751466 0.000000 -0.000000
302566.474623 4123800.802013 0.000000 0.000000
302566.503166 4123800.852157 0.000000 -0.000000
302566.531485 4123800.901907 0.000000 -0.000000
302566.559585 4123800.951272 0.000000 -0.000000
302566.587472 4123801.000261 0.000000 0.000000
302566.615149 4123801.048884 0.000000 -0.000001
302566.642622 4123801.097147 0.000000 0.000000
302566.669896 4123801.145060 0.000000 -0.000000
302566.696974 4123801.192630 0.000000 -0.000000
302566.723861 4123801.239864 0.000000 -0.000000
302566.750561 4123801.286770 0.000000 -0.000000
302566.777079 4123801.333355 0.000000 0.000000
302566.803417 4123801.379624 0.000000 -0.000000
302566.829579 4123801.425585 0.000000 -0.000000
302566.855570 4123801.471244 0.000000 0.000000
302566.881392 4123801.516607 0.000000 0.000000
302566.907049 4123801.561680 0.000000 0.000000
302566.932543 4123801.606468 0.000000 -0.000001
302566.957879 4123801.650976 0.000000 0.000000
302566.983058 4123801.695210 0.000000 -0.000000
302567.008084 4123801.739175 0.000000 -0.000000
302567.032960 4123801.782876 0.000000 0.000000
302567.057689 4123801.826318 0.000000 -0.000000
302567.082272 4123801.869505 0.000000 0.000000
302567.106713 4123801.912442 0.000000 -0.000000
302567.131014 4123801.955133 0.000000 0.000001
302567.155178 4123801.997583 0.000000 -0.000001
302567.179206 4123802.039795 0.000000 0.000001
302567.203102 4123802.081774 0.000000 -0.000001
302567.226867 4123802.123523 0.000000 0.000000
302567.250504 4123802.165047 0.000000 -0.000001
302567.274014 4123802.206349 0.000000 0.000001
302567.297400 4123802.247433 0.000000 -0.000001
302567.320665 4123802.288303 0.000000 0.000001
302567.343809 4123802.328962 0.000000 -0.000001
302567.366835 4123802.369413 0.000000 0.000000
302567.389745 4123802.409660 0.000000 0.000000
302567.412541 4123802.449707 0.000000 -0.000000
302567.435224 4123802.489556 0.000000 0.000001
302567.457797 4123802.529212 0.000000 -0.000000
302567.480262 4123802.568676 0.000000 -0.000000
302567.502619 4123802.607952 0.000000 -0.000000
302567.524871 4123802.647044 0.000000 -0.000000
302567.547020 4123802.685954 0.000000 0.000000
302567.569067 4123802.724685 0.000000 -0.000001
302567.591014 4123802.763241 0.000000 0.000000
302567.612863 4123802.801624 0.000000 -0.000000
302567.634615 4123802.839837 0.000000 0.000000
302567.656271 4123802.877882 0.000000 -0.000001
302567.677835 4123802.915764 0.000000 -0.000001
302567.699306 4123802.953484 0.000000 0.000001
302567.720687 4123802.991045 0.000000 0.000000
302567.741979 4123803.028450 0.000000 -0.000001
302567.763184 4123803.065702 0.000000 0.000000
302567.784303 4123803.102803 0.000000 -0.000001
302567.805338 4123803.139756 0.000000 0.000000
302567.826290 4123803.176563 0.000000 -0.000000
302567.847161 4123803.213228 0.000000 -0.000000
302567.867951 4123803.249753 0.000000 0.000000
302567.888664 4123803.286139 0.000000 -0.000000
302567.909299 4123803.322391 0.000000 -0.000000
302567.929859 4123803.358509 0.000000 0.000001
302567.950345 4123803.394498 0.000000 -0.000001
302567.970758 4123803.430359 0.000000 0.000000
302567.991100 4123803.466094 0.000000 -0.000000
302568.011372 4123803.501707 0.000000 0.000001
302568.031575 4123803.537199 0.000000 0.000000
302568.051711 4123803.572574 0.000000 -0.000000
302568.071782 4123803.607832 0.000000 0.000001
302568.091787 4123803.642978 0.000000 -0.000001
302568.111730 4123803.678013 0.000000 -0.000000
302568.131611 4123803.712939 0.000000 -0.000001
302568.151432 4123803.747759 0.000000 0.000001
302568.171194 4123803.782476 0.000000 -0.000001
302568.190898 4123803.817091 0.000000 0.000001
302568.210545 4123803.851606 0.000000 -0.000000
302568.230137 4123803.886025 0.000000 -0.000000
302568.249676 4123803.920350 0.000000 0.000001
302568.269162 4123803.954582 0.000000 -0.000000
302568.288597 4123803.988724 0.000000 0.000001
302568.307981 4123804.022778 0.000000 -0.000000
302568.327317 4123804.056747 0.000000 -0.000000
302568.346606 4123804.090632 0.000000 0.000000
302568.365848 4123804.124436 0.000000 -0.000000
302568.385046 4123804.158162 0.000000 0.000000
302568.404199 4123804.191810 0.000000 0.000000
302568.423311 4123804.225384 0.000000 -0.000000
302568.442381 4123804.258885 0.000000 -0.000000
302568.461410 4123804.292315 0.000000 0.000000
302568.480401 4123804.325678 0.000000 0.000000
302568.499354 4123804.358974 0.000000 -0.000001
302568.518271 4123804.392205 0.000000 0.000000
302568.537152 4123804.425375 0.000000 -0.000001
302568.555999 4123804.458484 0.000000 -0.000000
302568.574812 4123804.491535 0.000000 0.000001
302568.593594 4123804.524529 0.000000 -0.000000
302568.612344 4123804.557469 0.000000 -0.000000
302568.631065 4123804.590357 0.000000 0.000001
302568.649756 4123804.623193 0.000000 -0.000000
302568.668420 4123804.655981 0.000000 0.000000
302568.687057 4123804.688721 0.000000 -0.000000
302568.705668 4123804.721416 0.000000 -0.000001
302568.724254 4123804.754068 0.000000 0.000000
302568.742816 4123804.786677 0.000000 -0.000000
302568.761355 4123804.819246 0.000000 -0.000000
302568.779873 4123804.851776 0.000000 0.000000
302568.798369 4123804.884269 0.000000 -0.000000
302568.816844 4123804.916727 0.000000 -0.000001
302568.835301 4123804.949150 0.000000 0.000000
302568.853738 4123804.981540 0.000000 -0.000000
302568.872158 4123805.013900 0.000000 0.000000
302568.890561 4123805.046229 0.000000 0.000000
302568.908948 4123805.078530 0.000000 0.000000
302568.927319 4123805.110804 0.000000 -0.000001
302568.945676 4123805.143052 0.000000 0.000000
302568.964019 4123805.175276 0.000000 -0.000000
302568.982348 4123805.207476 0.000000 0.000000
302569.000665 4123805.239654 0.000000 -0.000001
302569.018969 4123805.271811 0.000000 0.000000
302569.037263 4123805.303948 0.000000 0.000000
302569.055545 4123805.336066 0.000000 0.000000
302569.073817 4123805.368166 0.000000 0.000001
302569.092080 4123805.400249 0.000000 0.000000
302569.110334 4123805.432316 0.000000 -0.000001
302569.128579 4123805.464368 0.000000 0.000000
302569.146816 4123805.496406 0.000000 0.000000
302569.165045 4123805.528431 0.000000 0.000001
302569.183268 4123805.560443 0.000000 -0.000000
302569.201483 4123805.592443 0.000000 -0.000000
302569.219693 4123805.624433 0.000000 0.000001
302569.237896 4123805.656412 0.000000 -0.000001
302569.256094 4123805.688382 0.000000 -0.000000
302569.274287 4123805.720342 0.000000 0.000001
302569.292475 4123805.752294 0.000000 -0.000001
302569.310659 4123805.784239 0.000000 -0.000000
302569.328839 4123805.816176 0.000000 0.000000
302569.347015 4123805.848107 0.000000 0.000000
302569.365187 4123805.880031 0.000000 0.000000
302569.383356 4123805.911950 0.000000 0.000000
302569.401522 4123805.943863 0.000000 0.000000
302569.419685 4123805.975771 0.000000 0.000000
302569.437846 4123806.007675 0.000000 -0.000001
302569.456004 4123806.039575 0.000000 -0.000000
302569.474160 4123806.071471 0.000000 0.000001
302569.492314 4123806.103363 0.000000 0.000000
302569.510467 4123806.135252 0.000000 0.000000
302569.528617 4123806.167139 0.000000 -0.000000
302569.546767 4123806.199022 0.000000 0.000000
302569.564914 4123806.230904 0.000000 -0.000000
302569.583061 4123806.262783 0.000000 0.000001
302569.601206 4123806.294660 0.000000 -0.000000
302569.619351 4123806.326535 0.000000 0.000001
302569.637494 4123806.358408 0.000000 0.000000
302569.655637 4123806.390281 0.000000 -0.000000
302569.673778 4123806.422151 0.000000 0.000001
302569.691920 4123806.454021 0.000000 0.000001
302569.710060 4123806.485889 0.000000 0.000000
302569.728200 4123806.517756 0.000000 0.000001
302569.746339 4123806.549623 0.000000 0.000000
302569.764478 4123806.581488 0.000000 0.000000
302569.782616 4123806.613352 0.000000 0.000000
302569.800753 4123806.645215 0.000000 0.000001
302569.818890 4123806.677078 0.000000 0.000000
302569.837027 4123806.708939 0.000000 0.000001
302569.855163 4123806.740799 0.000000 0.000001
302569.873298 4123806.772658 0.000000 0.000002
302569.891432 4123806.804516 0.000000 0.000001
302569.909566 4123806.836373 0.000000 0.000002
302569.927699 4123806.868228 0.000000 0.000002
302569.945831 4123806.900082 0.000000 0.000002
302569.963962 4123806.931934 0.000000 0.000002
302569.982092 4123806.963783 0.000000 0.000003
302570.000220 4123806.995631 0.000000 0.000003
302570.018348 4123807.027476 0.000000 0.000004
302570.036473 4123807.059318 0.000000 0.000004
302570.054597 4123807.091157 0.000000 0.000004
302570.072719 4123807.122993 0.000000 0.000005
302570.090838 4123807.154825 0.000000 0.000006
302570.108955 4123807.186652 0.000000 0.000006
302570.127070 4123807.218475 0.000000 0.000008
302570.145181 4123807.250293 0.000000 0.000008
302570.163289 4123807.282105 0.000000 0.000009
302570.181394 4123807.313910 0.000000 0.000010
302570.199495 4123807.345709 0.000000 0.000011
302570.217591 4123807.377500 0.000000 0.000012
302570.235683 4123807.409284 0.000000 0.000013
302570.253770 4123807.441058 0.000000 0.000014
302570.271851 4123807.472822 0.000000 0.000015
302570.289926 4123807.504576 0.000000 0.000016
302570.307994 4123807.536319 0.000000 0.000018
302570.326056 4123807.568049 0.000000 0.000019
302570.344110 4123807.599766 0.000000 0.000021
302570.362155 4123807.631468 0.000000 0.000022
302570.380192 4123807.663155 0.000000 0.000024
302570.398219 4123807.694825 0.000000 0.000027
302570.416236 4123807.726477 0.000000 0.000028
302570.434242 4123807.758109 0.000000 0.000030
302570.452236 4123807.789721 0.000000 0.000032
302570.470217 4123807.821311 0.000000 0.000034
302570.488185 4123807.852877 0.000000 0.000037
302570.506138 4123807.884418 0.000000 0.000040
302570.524076 4123807.915933 0.000000 0.000042
302570.541998 4123807.947418 0.000000 0.000045
302570.559902 4123807.978873 0.000000 0.000047
302570.577788 4123808.010296 0.000000 0.000051
302570.595655 4123808.041685 0.000000 0.000053
302570.613501 4123808.073038 0.000000 0.000057
302570.631325 4123808.104353 0.000000 0.000060
302570.649126 4123808.135627 0.000000 0.000064
302570.666903 4123808.166859 0.000000 0.000067
302570.684654 4123808.198046 0.000000 0.000071
302570.702378 4123808.229186 0.000000 0.000076
302570.720074 4123808.260277 0.000000 0.000079
302570.737740 4123808.291315 0.000000 0.000084
302570.755376 4123808.322300 0.000000 0.000088
302570.772979 4123808.353227 0.000000 0.000093
302570.790548 4123808.384096 0.000000 0.000097
302570.808081 4123808.414902 0.000000 0.000102
302570.825577 4123808.445643 0.000000 0.000108
302570.843035 4123808.476316 0.000000 0.000111
302570.860453 4123808.506920 0.000000 0.000119
302570.877828 4123808.537450 0.000000 0.000124
302570.895161 4123808.567904 0.000000 0.000129
302570.912448 4123808.598279 0.000000 0.000134
302570.929689 4123808.628573 0.000000 0.000141
302570.946881 4123808.658781 0.000000 0.000147
302570.964023 4123808.688902 0.000000 0.000154
302570.981113 4123808.718933 0.000000 0.000160
302570.998150 4123808.748869 0.000000 0.000166
302571.015131 4123808.778710 0.000000 0.000174
302571.032055 4123808.808450 0.000000 0.000180
302571.048921 4123808.838088 0.000000 0.000187
302571.065727 4123808.867620 0.000000 0.000195
302571.082470 4123808.897043 0.000000 0.000203
302571.099150 4123808.926356 0.000000 0.000209
302571.115764 4123808.955553 0.000000 0.000219
302571.132311 4123808.984633 0.000000 0.000227
302571.148790 4123809.013593 0.000000 0.000234
302571.165198 4123809.042430 0.000000 0.000243
302571.181535 4123809.071141 0.000000 0.000252
302571.197797 4123809.099724 0.000000 0.000261
302571.213985 4123809.128175 0.000000 0.000269
302571.230097 4123809.156493 0.000000 0.000278
302571.246131 4123809.184675 0.000000 0.000287
302571.262085 4123809.212717 0.000000 0.000297
302571.277959 4123809.240619 0.000000 0.000306
302571.293750 4123809.268377 0.000000 0.000315
302571.309459 4123809.295990 0.000000 0.000325
302571.325084 4123809.323455 0.000000 0.000334
302571.340622 4123809.350771 0.000000 0.000344
302571.356075 4123809.377935 0.000000 0.000355
302571.371440 4123809.404946 0.000000 0.000363
302571.386716 4123809.431803 0.000000 0.000374
302571.401904 4123809.458503 0.000000 0.000383
302571.417001 4123809.485045 0.000000 0.000394
302571.432007 4123809.511429 0.000000 0.000405
302571.446922 4123809.537652 0.000000 0.000415
302571.461745 4123809.563715 0.000000 0.000425
302571.476475 4123809.589615 0.000000 0.000435
302571.491112 4123809.615353 0.000000 0.000445
302571.505656 4123809.640927 0.000000 0.000454
302571.520106 4123809.666338 0.000000 0.000467
302571.534463 4123809.691585 0.000000 0.000473
302571.548726 4123809.716667 0.000000 0.000484
302571.562894 4123809.741585 0.000000 0.000492
302571.576969 4123809.766338 0.000000 0.000505
302571.590950 4123809.790927 0.000000 0.000511
302571.604838 4123809.815353 0.000000 0.000519
302571.618632 4123809.839615 0.000000 0.000531
302571.632333 4123809.863715 0.000000 0.000537
302571.645941 4123809.887652 0.000000 0.000545
302571.659458 4123809.911429 0.000000 0.000554
302571.672883 4123809.935045 0.000000 0.000561
302571.686217 4123809.958503 0.000000 0.000568
302571.699461 4123809.981803 0.000000 0.000573
302571.712616 4123810.004946 0.000000 0.000580
302571.725683 4123810.027935 0.000000 0.000586
302571.738662 4123810.050771 0.000000 0.000590
302571.751554 4123810.073455 0.000000 0.000594
302571.764361 4123810.095990 0.000000 0.000602
302571.777084 4123810.118377 0.000000 0.000601
302571.789723 4123810.140619 0.000000 0.000606
302571.802281 4123810.162717 0.000000 0.000608
302571.814758 4123810.184675 0.000000 0.000609
302571.827156 4123810.206493 0.000000 0.000609
302571.839476 4123810.228175 0.000000 0.000611
302571.851719 4123810.249724 0.000000 0.000608
302571.863888 4123810.271141 0.000000 0.000608
302571.875983 4123810.292430 0.000000 0.000606
302571.888006 4123810.313593 0.000000 0.000602
302571.899959 4123810.334633 0.000000 0.000600
302571.911843 4123810.355553 0.000000 0.000594
302571.923660 4123810.376356 0.000000 0.000591
302571.935411 4123810.397043 0.000000 0.000583
302571.947099 4123810.417620 0.000000 0.000580
302571.958725 4123810.438088 0.000000 0.000573
302571.970291 4123810.458450 0.000000 0.000562
302571.981798 4123810.478710 0.000000 0.000555
302571.993248 4123810.498869 0.000000 0.000547
302572.004642 4123810.518933 0.000000 0.000536
302572.015983 4123810.538902 0.000000 0.000530
302572.027273 4123810.558781 0.000000 0.000517
302572.038512 4123810.578573 0.000000 0.000507
302572.049703 4123810.598279 0.000000 0.000494
302572.060847 4123810.617904 0.000000 0.000484
302572.071946 4123810.637450 0.000000 0.000471
302572.083002 4123810.656920 0.000000 0.000460
302572.094016 4123810.676316 0.000000 0.000446
302572.104989 4123810.695643 0.000000 0.000433
302572.115924 4123810.714902 0.000000 0.000419
302572.126822 4123810.734096 0.000000 0.000405
302572.137685 4123810.753227 0.000000 0.000395
302572.148513 4123810.772300 0.000000 0.000380
302572.159309 4123810.791315 0.000000 0.000362
302572.170074 4123810.810277 0.000000 0.000350
302572.180809 4123810.829186 0.000000 0.000339
302572.191516 4123810.848046 0.000000 0.000327
302572.202197 4123810.866859 0.000000 0.000308
302572.212851 4123810.885627 0.000000 0.000299
302572.223482 4123810.904353 0.000000 0.000283
302572.234089 4123810.923038 0.000000 0.000272
302572.244675 4123810.941685 0.000000 0.000259
302572.255239 4123810.960296 0.000000 0.000245
302572.265785 4123810.978873 0.000000 0.000232
302572.276312 4123810.997418 0.000000 0.000218
302572.286821 4123811.015933 0.000000 0.000208
302572.297315 4123811.034418 0.000000 0.000196
302572.307793 4123811.052877 0.000000 0.000185
302572.318256 4123811.071311 0.000000 0.000173
302572.328706 4123811.089721 0.000000 0.000164
302572.339144 4123811.108109 0.000000 0.000152
302572.349569 4123811.126477 0.000000 0.000144
302572.359984 4123811.144825 0.000000 0.000134
302572.370388 4123811.163155 0.000000 0.000126
302572.380783 4123811.181468 0.000000 0.000113
302572.391169 4123811.199766 0.000000 0.000111
302572.401546 4123811.218049 0.000000 0.000103
302572.411916 4123811.236319 0.000000 0.000091
302572.422279 4123811.254576 0.000000 0.000087
302572.432635 4123811.272822 0.000000 0.000081
302572.442985 4123811.291058 0.000000 0.000073
302572.453330 4123811.309284 0.000000 0.000068
302572.463670 4123811.327500 0.000000 0.000062
302572.474005 4123811.345709 0.000000 0.000059
302572.484335 4123811.363910 0.000000 0.000051
302572.494662 4123811.382105 0.000000 0.000048
302572.504985 4123811.400293 0.000000 0.000042
302572.515305 4123811.418475 0.000000 0.000041
302572.525622 4123811.436652 0.000000 0.000035
302572.535936 4123811.454825 0.000000 0.000033
302572.546248 4123811.472993 0.000000 0.000031
302572.556558 4123811.491157 0.000000 0.000025
302572.566865 4123811.509318 0.000000 0.000025
302572.577171 4123811.527476 0.000000 0.000024
302572.587476 4123811.545631 0.000000 0.000018
302572.597779 4123811.563784 0.000000 0.000020
302572.608080 4123811.581935 0.000000 0.000012
302572.618381 4123811.600083 0.000000 0.000015
302572.628680 4123811.618230 0.000000 0.000009
302572.638979 4123811.636375 0.000000 0.000008
302572.649277 4123811.654520 0.000000 0.000012
302572.659575 4123811.672663 0.000000 0.000006
302572.669872 4123811.690805 0.000000 0.000009
302572.680168 4123811.708946 0.000000 0.000005
302572.690464 4123811.727086 0.000000 0.000006
302572.700760 4123811.745226 0.000000 0.000003
302572.711055 4123811.763366 0.000000 0.000006
302572.721350 4123811.781505 0.000000 0.000001
302572.731645 4123811.799643 0.000000 0.000005
302572.741940 4123811.817781 0.000000 -0.000002
302572.752234 4123811.835919 0.000000 0.000004
302572.762529 4123811.854057 0.000000 0.000002
302572.772823 4123811.872195 0.000000 0.000002
302572.783117 4123811.890333 0.000000 -0.000002
302572.793412 4123811.908470 0.000000 0.000001
302572.803706 4123811.926608 0.000000 0.000000
302572.814000 4123811.944745 0.000000 -0.000001
302572.824294 4123811.962882 0.000000 0.000000
302572.834588 4123811.981020 0.000000 0.000001
302572.844882 4123811.999157 0.000000 0.000001
302572.855176 4123812.017294 0.000000 -0.000001
302572.865471 4123812.035431 0.000000 0.000000
302572.875765 4123812.053569 0.000000 -0.000001
302572.886059 4123812.071706 0.000000 0.000002
302572.896353 4123812.089843 0.000000 -0.000000
302572.906647 4123812.107980 0.000000 -0.000000
302572.916941 4123812.126118 0.000000 0.000000
302572.927235 4123812.144255 0.000000 -0.000002
302572.937529 4123812.162392 0.000000 0.000002
302572.947824 4123812.180529 0.000000 -0.000001
302572.958118 4123812.198667 0.000000 0.000002
302572.968412 4123812.216804 0.000000 0.000000
302572.978706 4123812.234941 0.000000 -0.000001
302572.989000 4123812.253078 0.000000 0.000002
302572.999294 4123812.271216 0.000000 -0.000001
302573.009588 4123812.289353 0.000000 0.000001
302573.019882 4123812.307490 0.000000 -0.000000
302573.030176 4123812.325627 0.000000 0.000002
302573.040471 4123812.343765 0.000000 0.000000
302573.050765 4123812.361902 0.000000 0.000007
302573.061059 4123812.380039 0.000000 0.000005
302573.071353 4123812.398177 0.000000 0.000006
302573.081647 4123812.416314 0.000000 0.000012
302573.091942 4123812.434452 0.000000 0.000012
302573.102236 4123812.452590 0.000000 0.000015
302573.112530 4123812.470727 0.000000 0.000023
302573.122825 4123812.488865 0.000000 0.000026
302573.133120 4123812.507004 0.000000 0.000035
302573.143414 4123812.525142 0.000000 0.000042
302573.153709 4123812.543281 0.000000 0.000047
302573.164005 4123812.561421 0.000000 0.000063
302573.174300 4123812.579561 0.000000 0.000072
302573.184596 4123812.597701 0.000000 0.000085
302573.194892 4123812.615843 0.000000 0.000096
302573.205189 4123812.633985 0.000000 0.000119
302573.215486 4123812.652129 0.000000 0.000133
302573.225784 4123812.670273 0.000000 0.000159
302573.236083 4123812.688419 0.000000 0.000178
302573.246382 4123812.706567 0.000000 0.000206
302573.256683 4123812.724717 0.000000 0.000231
302573.266985 4123812.742869 0.000000 0.000266
302573.277288 4123812.761023 0.000000 0.000300
302573.287592 4123812.779181 0.000000 0.000340
302573.297898 4123812.797341 0.000000 0.000378
302573.308206 4123812.815505 0.000000 0.000429
302573.318516 4123812.833673 0.000000 0.000472
302573.328828 4123812.851845 0.000000 0.000528
302573.339143 4123812.870023 0.000000 0.000585
302573.349460 4123812.888205 0.000000 0.000645
302573.359781 4123812.906394 0.000000 0.000715
302573.370105 4123812.924590 0.000000 0.000781
302573.380433 4123812.942793 0.000000 0.000863
302573.390765 4123812.961004 0.000000 0.000940
302573.401101 4123812.979224 0.000000 0.001032
302573.411443 4123812.997453 0.000000 0.001121
302573.421790 4123813.015693 0.000000 0.001218
302573.432143 4123813.033945 0.000000 0.001325
302573.442502 4123813.052209 0.000000 0.001433
302573.452868 4123813.070487 0.000000 0.001555
302573.463242 4123813.088780 0.000000 0.001673
302573.473625 4123813.107089 0.000000 0.001808
302573.484016 4123813.125415 0.000000 0.001945
302573.494417 4123813.143759 0.000000 0.002088
302573.504828 4123813.162124 0.000000 0.002244
302573.515250 4123813.180511 0.000000 0.002398
302573.525684 4123813.198921 0.000000 0.002562
302573.536131 4123813.217355 0.000000 0.002734
302573.546592 4123813.235817 0.000000 0.002913
302573.557067 4123813.254307 0.000000 0.003099
302573.567558 4123813.272827 0.000000 0.003291
302573.578066 4123813.291381 0.000000 0.003490
302573.588592 4123813.309969 0.000000 0.003691
302573.599136 4123813.328594 0.000000 0.003901
302573.609701 4123813.347258 0.000000 0.004115
302573.620287 4123813.365964 0.000000 0.004335
302573.630896 4123813.384714 0.000000 0.004560
302573.641530 4123813.403511 0.000000 0.004785
302573.652188 4123813.422357 0.000000 0.005022
302573.662873 4123813.441256 0.000000 0.005251
302573.673587 4123813.460210 0.000000 0.005489
302573.684330 4123813.479222 0.000000 0.005730
302573.695105 4123813.498295 0.000000 0.005966
302573.705913 4123813.517432 0.000000 0.006210
302573.716756 4123813.536637 0.000000 0.006450
302573.727634 4123813.555912 0.000000 0.006688
302573.738551 4123813.575262 0.000000 0.006926
302573.749508 4123813.594689 0.000000 0.007166
302573.760506 4123813.614197 0.000000 0.007397
302573.771548 4123813.633790 0.000000 0.007629
302573.782635 4123813.653471 0.000000 0.007855
302573.793769 4123813.673245 0.000000 0.008079
302573.804952 4123813.693114 0.000000 0.008296
302573.816187 4123813.713083 0.000000 0.008506
302573.827475 4123813.733155 0.000000 0.008709
302573.838818 4123813.753335 0.000000 0.008912
302573.850218 4123813.773627 0.000000 0.009099
302573.861677 4123813.794035 0.000000 0.009283
302573.873198 4123813.814562 0.000000 0.009455
302573.884783 4123813.835214 0.000000 0.009622
302573.896433 4123813.855993 0.000000 0.009779
302573.908150 4123813.876905 0.000000 0.009922
302573.919938 4123813.897954 0.000000 0.010062
302573.931798 4123813.919143 0.000000 0.010187
302573.943732 4123813.940477 0.000000 0.010304
302573.955743 4123813.961961 0.000000 0.010407
302573.967832 4123813.983598 0.000000 0.010503
302573.980002 4123814.005394 0.000000 0.010588
302573.992254 4123814.027351 0.000000 0.010660
302574.004592 4123814.049474 0.000000 0.010724
302574.017017 4123814.071768 0.000000 0.010775
302574.029530 4123814.094237 0.000000 0.010817
302574.042136 4123814.116884 0.000000 0.010847
302574.054834 4123814.139714 0.000000 0.010868
302574.067628 4123814.162731 0.000000 0.010881
302574.080519 4123814.185939 0.000000 0.010880
302574.093509 4123814.209341 0.000000 0.010874
302574.106601 4123814.232942 0.000000 0.010856
302574.119796 4123814.256746 0.000000 0.010833
302574.133095 4123814.280755 0.000000 0.010797
302574.146501 4123814.304973 0.000000 0.010757
302574.160015 4123814.329405 0.000000 0.010708
302574.173640 4123814.354053 0.000000 0.010653
302574.187376 4123814.378920 0.000000 0.010592
302574.201225 4123814.404011 0.000000 0.010524
302574.215189 4123814.429328 0.000000 0.010449
302574.229270 4123814.454873 0.000000 0.010372
302574.243468 4123814.480651 0.000000 0.010287
302574.257785 4123814.506663 0.000000 0.010201
302574.272222 4123814.532913 0.000000 0.010109
302574.286781 4123814.559403 0.000000 0.010013
302574.301462 4123814.586135 0.000000 0.009917
302574.316267 4123814.613112 0.000000 0.009814
302574.331197 4123814.640336 0.000000 0.009711
302574.346253 4123814.667809 0.000000 0.009605
302574.361435 4123814.695533 0.000000 0.009496
302574.376745 4123814.723511 0.000000 0.009387
302574.392184 4123814.751743 0.000000 0.009277
302574.407752 4123814.780232 0.000000 0.009164
302574.423450 4123814.808979 0.000000 0.009051
302574.439278 4123814.837985 0.000000 0.008937
302574.455237 4123814.867253 0.000000 0.008824
302574.471329 4123814.896783 0.000000 0.008709
302574.487552 4123814.926576 0.000000 0.008594
302574.503908 4123814.956634 0.000000 0.008479
302574.520397 4123814.986958 0.000000 0.008365
302574.537019 4123815.017547 0.000000 0.008249
302574.553775 4123815.048404 0.000000 0.008135
302574.570665 4123815.079529 0.000000 0.008022
302574.587690 4123815.110923 0.000000 0.007908
302574.604848 4123815.142586 0.000000 0.007794
302574.622141 4123815.174519 0.000000 0.007682
302574.639569 4123815.206721 0.000000 0.007570
302574.657132 4123815.239195 0.000000 0.007457
302574.674829 4123815.271940 0.000000 0.007347
302574.692662 4123815.304956 0.000000 0.007234
302574.710629 4123815.338243 0.000000 0.007125
302574.728732 4123815.371803 0.000000 0.007014
302574.746970 4123815.405635 0.000000 0.006905
302574.765343 4123815.439739 0.000000 0.006796
302574.783851 4123815.474117 0.000000 0.006685
302574.802494 4123815.508767 0.000000 0.006578
302574.821273 4123815.543691 0.000000 0.006468
302574.840187 4123815.578888 0.000000 0.006359
302574.859237 4123815.614359 0.000000 0.006252
302574.878423 4123815.650105 0.000000 0.006142
302574.897744 4123815.686125 0.000000 0.006034
302574.917202 4123815.722421 0.000000 0.005924
302574.936796 4123815.758992 0.000000 0.005816
302574.956526 4123815.795840 0.000000 0.005706
302574.976394 4123815.832966 0.000000 0.005597
302574.996399 4123815.870369 0.000000 0.005488
302575.016542 4123815.908052 0.000000 0.005378
302575.036823 4123815.946014 0.000000 0.005269
302575.057244 4123815.984258 0.000000 0.005158
302575.077804 4123816.022784 0.000000 0.005048
302575.098505 4123816.061595 0.000000 0.004937
302575.119347 4123816.100691 0.000000 0.004826
302575.140332 4123816.140075 0.000000 0.004715
302575.161460 4123816.179749 0.000000 0.004604
302575.182733 4123816.219714 0.000000 0.004491
302575.204153 4123816.259973 0.000000 0.004381
302575.225719 4123816.300529 0.000000 0.004267
302575.247435 4123816.341385 0.000000 0.004156
302575.269301 4123816.382543 0.000000 0.004043
302575.291320 4123816.424008 0.000000 0.003931
302575.313493 4123816.465781 0.000000 0.003819
302575.335822 4123816.507868 0.000000 0.003707
302575.358311 4123816.550273 0.000000 0.003594
302575.380960 4123816.592999 0.000000 0.003482
302575.403774 4123816.636052 0.000000 0.003370
302575.426754 4123816.679436 0.000000 0.003259
302575.449903 4123816.723158 0.000000 0.003148
302575.473225 4123816.767222 0.000000 0.003037
302575.496723 4123816.811634 0.000000 0.002927
302575.520400 4123816.856402 0.000000 0.002817
302575.544260 4123816.901531 0.000000 0.002709
302575.568308 4123816.947029 0.000000 0.002601
302575.592546 4123816.992904 0.000000 0.002494
302575.616980 4123817.039164 0.000000 0.002389
302575.641614 4123817.085816 0.000000 0.002284
302575.666453 4123817.132870 0.000000 0.002181
302575.691501 4123817.180335 0.000000 0.002080
302575.716765 4123817.228221 0.000000 0.001980
302575.742250 4123817.276537 0.000000 0.001882
302575.767961 4123817.325296 0.000000 0.001785
302575.793905 4123817.374507 0.000000 0.001692
302575.820088 4123817.424184 0.000000 0.001599
302575.846516 4123817.474337 0.000000 0.001510
302575.873197 4123817.524980 0.000000 0.001422
302575.900138 4123817.576126 0.000000 0.001337
302575.927346 4123817.627790 0.000000 0.001255
302575.954829 4123817.679985 0.000000 0.001177
302575.982595 4123817.732727 0.000000 0.001103
302576.010653 4123817.786032 0.000000 0.001037
302576.039012 4123817.839916 0.000000 0.000979
302576.067681 4123817.894397 0.000000 0.000932
302576.096669 4123817.949493 0.000000 0.000898
302576.125987 4123818.005223 0.000000 0.000880
302576.155646 4123818.061609 0.000000 0.000880
302576.185657 4123818.118672 0.000000 0.000901
302576.216032 4123818.176435 0.000000 0.000946
302576.246784 4123818.234923 0.000000 0.001016
302576.277925 4123818.294164 0.000000 0.001114
302576.309472 4123818.354184 0.000000 0.001243
302576.341438 4123818.415017 0.000000 0.001404
302576.373841 4123818.476694 0.000000 0.001599
302576.406697 4123818.539252 0.000000 0.001828
302576.440027 4123818.602730 0.000000 0.002094
302576.473848 4123818.667171 0.000000 0.002394
302576.508185 4123818.732618 0.000000 0.002730
302576.543058 4123818.799123 0.000000 0.003101
302576.578494 4123818.866739 0.000000 0.003504
302576.614518 4123818.935524 0.000000 0.003939
302576.651160 4123819.005540 0.000000 0.004401
302576.688450 4123819.076855 0.000000 0.004887
302576.726421 4123819.149543 0.000000 0.005394
302576.765109 4123819.223683 0.000000 0.005916
302576.804551 4123819.299361 0.000000 0.006448
302576.844788 4123819.376669 0.000000 0.006984
302576.885863 4123819.455707 0.000000 0.007519
302576.927823 4123819.536581 0.000000 0.008046
302576.970718 4123819.619407 0.000000 0.008557
302577.014600 4123819.704308 0.000000 0.009048
302577.059528 4123819.791418 0.000000 0.009511
302577.105560 4123819.880877 0.000000 0.009940
302577.152763 4123819.972840 0.000000 0.010330
302577.201204 4123820.067468 0.000000 0.010675
302577.250957 4123820.164936 0.000000 0.010972
302577.302101 4123820.265429 0.000000 0.011217
302577.354717 4123820.369145 0.000000 0.011407
302577.408894 4123820.476295 0.000000 0.011540
302577.464725 4123820.587105 0.000000 0.011617
302577.522308 4123820.701811 0.000000 0.011637
302577.581749 4123820.820667 0.000000 0.011600
302577.643158 4123820.943942 0.000000 0.011511
302577.706653 4123821.071921 0.000000 0.011370
302577.772356 4123821.204904 0.000000 0.011183
302577.840400 4123821.343212 0.000000 0.010952
