302563.489000 4123795.557000 0.000000 0.000000
302563.572208 4123795.720548 0.000000 0.000000
302563.651427 4123795.876254 0.000000 -0.000000
302563.726918 4123796.024632 0.000000 0.000000
302563.798927 4123796.166167 0.000000 -0.000000
302563.867686 4123796.301314 0.000000 0.000000
302563.933415 4123796.430505 0.000000 0.000000
302563.996319 4123796.554143 0.000000 -0.000000
302564.056591 4123796.672610 0.000000 0.000000
302564.114413 4123796.786261 0.000000 -0.000000
302564.169956 4123796.895430 0.000000 -0.000000
302564.223378 4123797.000432 0.000000 0.000000
302564.274828 4123797.101559 0.000000 0.000000
302564.324446 4123797.199084 0.000000 -0.000000
302564.372361 4123797.293261 0.000000 -0.000000
302564.418694 4123797.384329 0.000000 0.000000
302564.463557 4123797.472508 0.000000 -0.000000
302564.507055 4123797.558004 0.000000 0.000000
302564.549283 4123797.641005 0.000000 -0.000000
302564.590333 4123797.721688 0.000000 0.000000
302564.630286 4123797.800217 0.000000 -0.000000
302564.669218 4123797.876739 0.000000 0.000000
302564.707201 4123797.951395 0.000000 0.000000
302564.744299 4123798.024312 0.000000 -0.000000
302564.780571 4123798.095605 0.000000 0.000000
302564.816072 4123798.165383 0.000000 0.000000
302564.850852 4123798.233744 0.000000 -0.000000
302564.884957 4123798.300777 0.000000 0.000000
302564.918427 4123798.366564 0.000000 -0.000000
302564.951302 4123798.431180 0.000000 0.000000
302564.983616 4123798.494693 0.000000 0.000000
302565.015400 4123798.557165 0.000000 -0.000000
302565.046682 4123798.618652 0.000000 -0.000000
302565.077490 4123798.679205 0.000000 0.000000
302565.107847 4123798.738871 0.000000 -0.000000
302565.137773 4123798.797692 0.000000 0.000000
302565.167289 4123798.855706 0.000000 -0.000000
302565.196412 4123798.912949 0.000000 -0.000000
302565.225159 4123798.969451 0.000000 -0.000000
302565.253544 4123799.025242 0.000000 0.000000
302565.281581 4123799.080349 0.000000 -0.000000
302565.309282 4123799.134796 0.000000 0.000000
302565.336659 4123799.188605 0.000000 -0.000000
302565.363722 4123799.241799 0.000000 -0.000000
302565.390482 4123799.294395 0.000000 0.000000
302565.416947 4123799.346414 0.000000 -0.000000
302565.443127 4123799.397871 0.000000 0.000000
302565.469030 4123799.448784 0.000000 0.000000
302565.494664 4123799.499167 0.000000 0.000000
302565.520036 4123799.549037 0.000000 -0.000000
302565.545155 4123799.598408 0.000000 0.000000
302565.570026 4123799.647293 0.000000 -0.000000
302565.594657 4123799.695705 0.000000 0.000000
302565.619054 4123799.743658 0.000000 0.000000
302565.643224 4123799.791165 0.000000 -0.000000
302565.667173 4123799.838236 0.000000 -0.000000
302565.690906 4123799.884884 0.000000 0.000001
302565.714429 4123799.931120 0.000000 -0.000001
302565.737749 4123799.976954 0.000000 0.000000
302565.760868 4123800.022397 0.000000 -0.000000
302565.783794 4123800.067458 0.000000 0.000000
302565.806531 4123800.112147 0.000000 -0.000001
302565.829083 4123800.156473 0.000000 0.000000
302565.851455 4123800.200445 0.000000 -0.000000
302565.873651 4123800.244072 0.000000 0.000000
302565.895675 4123800.287361 0.000000 -0.000000
302565.917532 4123800.330321 0.000000 0.000000
302565.939225 4123800.372959 0.000000 -0.000000
302565.960758 4123800.415283 0.000000 -0.000000
302565.982134 4123800.457299 0.000000 0.000000
302566.003358 4123800.499014 0.000000 0.000000
302566.024432 4123800.540435 0.000000 -0.000000
302566.045359 4123800.581568 0.000000 -0.000000
302566.066143 4123800.622419 0.000000 0.000000
302566.086786 4123800.662993 0.000000 0.000000
302566.107292 4123800.703298 0.000000 -0.000000
302566.127663 4123800.743337 0.000000 0.000000
302566.147902 4123800.783117 0.000000 0.000000
302566.168011 4123800.822642 0.000000 -0.000000
302566.187993 4123800.861918 0.000000 -0.000000
302566.207851 4123800.900948 0.000000 0.000001
302566.227586 4123800.939738 0.000000 0.000000
302566.247201 4123800.978292 0.000000 -0.000001
302566.266699 4123801.016615 0.000000 0.000000
302566.286080 4123801.054710 0.000000 -0.000000
302566.305348 4123801.092581 0.000000 0.000001
302566.324505 4123801.130234 0.000000 -0.000000
302566.343552 4123801.167671 0.000000 0.000000
302566.362491 4123801.204896 0.000000 -0.000001
302566.381324 4123801.241912 0.000000 0.000000
302566.400053 4123801.278725 0.000000 0.000000
302566.418680 4123801.315336 0.000000 0.000000
302566.437206 4123801.351749 0.000000 -0.000001
302566.455633 4123801.387968 0.000000 0.000001
302566.473963 4123801.423995 0.000000 -0.000001
302566.492197 4123801.459835 0.000000 0.000001
302566.510337 4123801.495489 0.000000 -0.000002
302566.528384 4123801.530962 0.000000 0.000000
302566.546341 4123801.566256 0.000000 -0.000000
302566.564208 4123801.601374 0.000000 -0.000000
302566.581987 4123801.636319 0.000000 0.000001
302566.599679 4123801.671093 0.000000 -0.000001
302566.617286 4123801.705700 0.000000 0.000000
302566.634809 4123801.740143 0.000000 0.000000
302566.652250 4123801.774423 0.000000 0.000001
302566.669610 4123801.808544 0.000000 0.000000
302566.686890 4123801.842509 0.000000 0.000002
302566.704092 4123801.876319 0.000000 0.000003
302566.721217 4123801.909978 0.000000 0.000004
302566.738266 4123801.943488 0.000000 0.000008
302566.755240 4123801.976851 0.000000 0.000011
302566.772141 4123802.010070 0.000000 0.000017
302566.788970 4123802.043147 0.000000 0.000025
302566.805728 4123802.076086 0.000000 0.000034
302566.822416 4123802.108887 0.000000 0.000045
302566.839036 4123802.141555 0.000000 0.000061
302566.855589 4123802.174090 0.000000 0.000080
302566.872075 4123802.206495 0.000000 0.000103
302566.888497 4123802.238773 0.000000 0.000130
302566.904854 4123802.270926 0.000000 0.000162
302566.921149 4123802.302956 0.000000 0.000202
302566.937383 4123802.334866 0.000000 0.000246
302566.953556 4123802.366658 0.000000 0.000299
302566.969670 4123802.398333 0.000000 0.000360
302566.985725 4123802.429895 0.000000 0.000429
302567.001723 4123802.461346 0.000000 0.000509
302567.017665 4123802.492688 0.000000 0.000600
302567.033551 4123802.523922 0.000000 0.000704
302567.049384 4123802.555052 0.000000 0.000819
302567.065163 4123802.586080 0.000000 0.000949
302567.080891 4123802.617008 0.000000 0.001093
302567.096567 4123802.647839 0.000000 0.001255
302567.112193 4123802.678574 0.000000 0.001434
302567.127770 4123802.709216 0.000000 0.001633
302567.143298 4123802.739767 0.000000 0.001850
302567.158779 4123802.770229 0.000000 0.002089
302567.174214 4123802.800606 0.000000 0.002352
302567.189603 4123802.830899 0.000000 0.002640
302567.204948 4123802.861111 0.000000 0.002952
302567.220249 4123802.891244 0.000000 0.003293
302567.235506 4123802.921301 0.000000 0.003663
302567.250722 4123802.951284 0.000000 0.004063
302567.265896 4123802.981195 0.000000 0.004494
302567.281029 4123803.011037 0.000000 0.004960
302567.296123 4123803.040813 0.000000 0.005463
302567.311178 4123803.070525 0.000000 0.006000
302567.326194 4123803.100176 0.000000 0.006577
302567.341172 4123803.129769 0.000000 0.007196
302567.356113 4123803.159305 0.000000 0.007856
302567.371017 4123803.188788 0.000000 0.008561
302567.385886 4123803.218221 0.000000 0.009312
302567.400719 4123803.247606 0.000000 0.010109
302567.415518 4123803.276946 0.000000 0.010956
302567.430281 4123803.306244 0.000000 0.011853
302567.445011 4123803.335503 0.000000 0.012802
302567.459708 4123803.364726 0.000000 0.013806
302567.474371 4123803.393915 0.000000 0.014862
302567.489001 4123803.423075 0.000000 0.015973
302567.503599 4123803.452207 0.000000 0.017138
302567.518164 4123803.481316 0.000000 0.018361
302567.532697 4123803.510403 0.000000 0.019636
302567.547199 4123803.539473 0.000000 0.020969
302567.561668 4123803.568528 0.000000 0.022356
302567.576105 4123803.597573 0.000000 0.023798
302567.590511 4123803.626610 0.000000 0.025292
302567.604885 4123803.655642 0.000000 0.026839
302567.619227 4123803.684674 0.000000 0.028436
302567.633538 4123803.713707 0.000000 0.030084
302567.647815 4123803.742747 0.000000 0.031780
302567.662061 4123803.771797 0.000000 0.033521
302567.676274 4123803.800860 0.000000 0.035307
302567.690454 4123803.829939 0.000000 0.037131
302567.704601 4123803.859039 0.000000 0.038998
302567.718714 4123803.888163 0.000000 0.040900
302567.732793 4123803.917315 0.000000 0.042835
302567.746837 4123803.946498 0.000000 0.044798
302567.760846 4123803.975716 0.000000 0.046792
302567.774819 4123804.004974 0.000000 0.048806
302567.788756 4123804.034274 0.000000 0.050842
302567.802655 4123804.063621 0.000000 0.052891
302567.816517 4123804.093018 0.000000 0.054957
302567.830339 4123804.122470 0.000000 0.057027
302567.844123 4123804.151979 0.000000 0.059105
302567.857866 4123804.181550 0.000000 0.061182
302567.871567 4123804.211187 0.000000 0.063255
302567.885226 4123804.240894 0.000000 0.065321
302567.898842 4123804.270674 0.000000 0.067377
302567.912414 4123804.300531 0.000000 0.069414
302567.925940 4123804.330468 0.000000 0.071431
302567.939419 4123804.360490 0.000000 0.073425
302567.952850 4123804.390601 0.000000 0.075390
302567.966233 4123804.420803 0.000000 0.077321
302567.979565 4123804.451101 0.000000 0.079217
302567.992846 4123804.481498 0.000000 0.081073
302568.006074 4123804.511998 0.000000 0.082884
302568.019248 4123804.542603 0.000000 0.084647
302568.032366 4123804.573319 0.000000 0.086358
302568.045427 4123804.604147 0.000000 0.088016
302568.058430 4123804.635090 0.000000 0.089615
302568.071373 4123804.666154 0.000000 0.091152
302568.084255 4123804.697339 0.000000 0.092626
302568.097073 4123804.728650 0.000000 0.094032
302568.109828 4123804.760088 0.000000 0.095369
302568.122517 4123804.791658 0.000000 0.096633
302568.135138 4123804.823361 0.000000 0.097826
302568.147690 4123804.855200 0.000000 0.098944
302568.160171 4123804.887178 0.000000 0.099987
302568.172581 4123804.919296 0.000000 0.100953
302568.184917 4123804.951557 0.000000 0.101844
302568.197177 4123804.983963 0.000000 0.102660
302568.209360 4123805.016515 0.000000 0.103399
302568.221465 4123805.049215 0.000000 0.104065
302568.233490 4123805.082065 0.000000 0.104657
302568.245432 4123805.115066 0.000000 0.105177
302568.257292 4123805.148219 0.000000 0.105626
302568.269066 4123805.181525 0.000000 0.106007
302568.280754 4123805.214985 0.000000 0.106321
302568.292354 4123805.248600 0.000000 0.106569
302568.303864 4123805.282370 0.000000 0.106756
302568.315283 4123805.316295 0.000000 0.106881
302568.326609 4123805.350376 0.000000 0.106949
302568.337840 4123805.384613 0.000000 0.106962
302568.348975 4123805.419004 0.000000 0.106922
302568.360013 4123805.453550 0.000000 0.106832
302568.370952 4123805.488251 0.000000 0.106694
302568.381791 4123805.523105 0.000000 0.106513
302568.392528 4123805.558111 0.000000 0.106289
302568.403161 4123805.593268 0.000000 0.106027
302568.413689 4123805.628576 0.000000 0.105728
302568.424112 4123805.664032 0.000000 0.105397
302568.434427 4123805.699635 0.000000 0.105034
302568.444632 4123805.735382 0.000000 0.104644
302568.454728 4123805.771273 0.000000 0.104229
302568.464712 4123805.807304 0.000000 0.103790
302568.474583 4123805.843474 0.000000 0.103332
302568.484340 4123805.879779 0.000000 0.102855
302568.493982 4123805.916218 0.000000 0.102364
302568.503508 4123805.952787 0.000000 0.101861
302568.512915 4123805.989484 0.000000 0.101346
302568.522204 4123806.026305 0.000000 0.100823
302568.531373 4123806.063248 0.000000 0.100294
302568.540421 4123806.100308 0.000000 0.099761
302568.549347 4123806.137482 0.000000 0.099226
302568.558150 4123806.174767 0.000000 0.098690
302568.566828 4123806.212159 0.000000 0.098157
302568.575382 4123806.249654 0.000000 0.097626
302568.583810 4123806.287248 0.000000 0.097101
302568.592112 4123806.324938 0.000000 0.096583
302568.600285 4123806.362718 0.000000 0.096072
302568.608331 4123806.400586 0.000000 0.095572
302568.616247 4123806.438536 0.000000 0.095082
302568.624033 4123806.476565 0.000000 0.094605
302568.631689 4123806.514667 0.000000 0.094141
302568.639213 4123806.552840 0.000000 0.093692
302568.646605 4123806.591078 0.000000 0.093258
302568.653865 4123806.629376 0.000000 0.092840
302568.660992 4123806.667732 0.000000 0.092439
302568.667986 4123806.706139 0.000000 0.092055
302568.674845 4123806.744594 0.000000 0.091689
302568.681570 4123806.783092 0.000000 0.091341
302568.688160 4123806.821628 0.000000 0.091010
302568.694614 4123806.860200 0.000000 0.090699
302568.700933 4123806.898801 0.000000 0.090405
302568.707116 4123806.937428 0.000000 0.090129
302568.713163 4123806.976076 0.000000 0.089872
302568.719073 4123807.014742 0.000000 0.089632
302568.724847 4123807.053421 0.000000 0.089410
302568.730483 4123807.092109 0.000000 0.089206
302568.735983 4123807.130802 0.000000 0.089018
302568.741346 4123807.169496 0.000000 0.088847
302568.746571 4123807.208187 0.000000 0.088693
302568.751659 4123807.246872 0.000000 0.088554
302568.756611 4123807.285547 0.000000 0.088430
302568.761425 4123807.324207 0.000000 0.088320
302568.766102 4123807.362851 0.000000 0.088225
302568.770641 4123807.401473 0.000000 0.088143
302568.775045 4123807.440072 0.000000 0.088073
302568.779311 4123807.478643 0.000000 0.088016
302568.783441 4123807.517184 0.000000 0.087970
302568.787435 4123807.555691 0.000000 0.087934
302568.791292 4123807.594162 0.000000 0.087908
302568.795014 4123807.632594 0.000000 0.087891
302568.798601 4123807.670984 0.000000 0.087882
302568.802052 4123807.709330 0.000000 0.087881
302568.805369 4123807.747629 0.000000 0.087886
302568.808551 4123807.785879 0.000000 0.087897
302568.811600 4123807.824077 0.000000 0.087913
302568.814515 4123807.862222 0.000000 0.087933
302568.817297 4123807.900312 0.000000 0.087956
302568.819947 4123807.938344 0.000000 0.087982
302568.822464 4123807.976317 0.000000 0.088010
302568.824851 4123808.014229 0.000000 0.088039
302568.827106 4123808.052079 0.000000 0.088068
302568.829231 4123808.089865 0.000000 0.088096
302568.831226 4123808.127586 0.000000 0.088123
302568.833093 4123808.165240 0.000000 0.088149
302568.834831 4123808.202827 0.000000 0.088172
302568.836441 4123808.240345 0.000000 0.088193
302568.837924 4123808.277794 0.000000 0.088209
302568.839281 4123808.315172 0.000000 0.088222
302568.840511 4123808.352479 0.000000 0.088231
302568.841617 4123808.389714 0.000000 0.088235
302568.842599 4123808.426877 0.000000 0.088234
302568.843457 4123808.463967 0.000000 0.088228
302568.844192 4123808.500983 0.000000 0.088217
302568.844806 4123808.537925 0.000000 0.088200
302568.845298 4123808.574793 0.000000 0.088178
302568.845669 4123808.611586 0.000000 0.088151
302568.845921 4123808.648305 0.000000 0.088118
302568.846054 4123808.684949 0.000000 0.088079
302568.846068 4123808.721517 0.000000 0.088035
302568.845966 4123808.758011 0.000000 0.087986
302568.845746 4123808.794429 0.000000 0.087932
302568.845411 4123808.830771 0.000000 0.087872
302568.844961 4123808.867039 0.000000 0.087808
302568.844396 4123808.903231 0.000000 0.087740
302568.843718 4123808.939349 0.000000 0.087666
302568.842928 4123808.975391 0.000000 0.087589
302568.842025 4123809.011358 0.000000 0.087508
302568.841012 4123809.047251 0.000000 0.087424
302568.839888 4123809.083069 0.000000 0.087337
302568.838654 4123809.118812 0.000000 0.087247
302568.837312 4123809.154482 0.000000 0.087154
302568.835862 4123809.190077 0.000000 0.087059
302568.834304 4123809.225598 0.000000 0.086964
302568.832640 4123809.261046 0.000000 0.086867
302568.830871 4123809.296421 0.000000 0.086769
302568.828996 4123809.331722 0.000000 0.086671
302568.827017 4123809.366950 0.000000 0.086573
302568.824934 4123809.402105 0.000000 0.086475
302568.822749 4123809.437188 0.000000 0.086379
302568.820462 4123809.472199 0.000000 0.086284
302568.818073 4123809.507137 0.000000 0.086191
302568.815583 4123809.542003 0.000000 0.086099
302568.812993 4123809.576797 0.000000 0.086011
302568.810304 4123809.611520 0.000000 0.085926
302568.807516 4123809.646172 0.000000 0.085843
302568.804630 4123809.680752 0.000000 0.085765
302568.801647 4123809.715261 0.000000 0.085690
302568.798567 4123809.749699 0.000000 0.085620
302568.795391 4123809.784066 0.000000 0.085555
302568.792119 4123809.818362 0.000000 0.085494
302568.788752 4123809.852588 0.000000 0.085438
302568.785291 4123809.886743 0.000000 0.085388
302568.781737 4123809.920827 0.000000 0.085343
302568.778089 4123809.954842 0.000000 0.085303
302568.774348 4123809.988785 0.000000 0.085270
302568.770516 4123810.022659 0.000000 0.085241
302568.766592 4123810.056462 0.000000 0.085218
302568.762577 4123810.090195 0.000000 0.085201
302568.758472 4123810.123857 0.000000 0.085189
302568.754277 4123810.157450 0.000000 0.085183
302568.749992 4123810.190972 0.000000 0.085181
302568.745619 4123810.224423 0.000000 0.085185
302568.741157 4123810.257805 0.000000 0.085193
302568.736607 4123810.291116 0.000000 0.085206
302568.731970 4123810.324357 0.000000 0.085223
302568.727247 4123810.357527 0.000000 0.085245
302568.722437 4123810.390627 0.000000 0.085272
302568.717541 4123810.423657 0.000000 0.085302
302568.712559 4123810.456616 0.000000 0.085337
302568.707493 4123810.489505 0.000000 0.085376
302568.702341 4123810.522323 0.000000 0.085418
302568.697106 4123810.555071 0.000000 0.085466
302568.691788 4123810.587747 0.000000 0.085516
302568.686386 4123810.620354 0.000000 0.085573
302568.680901 4123810.652889 0.000000 0.085631
302568.675333 4123810.685354 0.000000 0.085696
302568.669684 4123810.717749 0.000000 0.085763
302568.663953 4123810.750072 0.000000 0.085837
302568.658142 4123810.782325 0.000000 0.085914
302568.652249 4123810.814508 0.000000 0.085997
302568.646276 4123810.846619 0.000000 0.086084
302568.640223 4123810.878660 0.000000 0.086176
302568.634090 4123810.910630 0.000000 0.086275
302568.627878 4123810.942530 0.000000 0.086379
302568.621586 4123810.974359 0.000000 0.086489
302568.615217 4123811.006118 0.000000 0.086605
302568.608768 4123811.037806 0.000000 0.086728
302568.602242 4123811.069424 0.000000 0.086860
302568.595638 4123811.100972 0.000000 0.086997
302568.588957 4123811.132450 0.000000 0.087144
302568.582199 4123811.163858 0.000000 0.087299
302568.575363 4123811.195195 0.000000 0.087462
302568.568451 4123811.226463 0.000000 0.087635
302568.561463 4123811.257662 0.000000 0.087819
302568.554398 4123811.288791 0.000000 0.088013
302568.547257 4123811.319851 0.000000 0.088218
302568.540041 4123811.350842 0.000000 0.088436
302568.532749 4123811.381764 0.000000 0.088666
302568.525381 4123811.412618 0.000000 0.088910
302568.517937 4123811.443404 0.000000 0.089167
302568.510419 4123811.474121 0.000000 0.089441
302568.502825 4123811.504771 0.000000 0.089729
302568.495155 4123811.535353 0.000000 0.090034
302568.487411 4123811.565868 0.000000 0.090356
302568.479591 4123811.596317 0.000000 0.090699
302568.471696 4123811.626699 0.000000 0.091059
302568.463725 4123811.657015 0.000000 0.091440
302568.455679 4123811.687265 0.000000 0.091842
302568.447558 4123811.717451 0.000000 0.092266
302568.439361 4123811.747571 0.000000 0.092716
302568.431088 4123811.777627 0.000000 0.093188
302568.422738 4123811.807620 0.000000 0.093686
302568.414313 4123811.837548 0.000000 0.094211
302568.405810 4123811.867414 0.000000 0.094761
302568.397231 4123811.897218 0.000000 0.095341
302568.388574 4123811.926960 0.000000 0.095947
302568.379839 4123811.956640 0.000000 0.096584
302568.371026 4123811.986260 0.000000 0.097248
302568.362133 4123812.015820 0.000000 0.097943
302568.353162 4123812.045320 0.000000 0.098666
302568.344111 4123812.074761 0.000000 0.099419
302568.334978 4123812.104145 0.000000 0.100204
302568.325765 4123812.133470 0.000000 0.101015
302568.316470 4123812.162739 0.000000 0.101856
302568.307091 4123812.191952 0.000000 0.102727
302568.297629 4123812.221109 0.000000 0.103626
302568.288083 4123812.250212 0.000000 0.104551
302568.278451 4123812.279260 0.000000 0.105504
302568.268733 4123812.308256 0.000000 0.106484
302568.258928 4123812.337199 0.000000 0.107489
302568.249034 4123812.366090 0.000000 0.108516
302568.239050 4123812.394930 0.000000 0.109571
302568.228976 4123812.423721 0.000000 0.110643
302568.218811 4123812.452462 0.000000 0.111739
302568.208552 4123812.481156 0.000000 0.112853
302568.198199 4123812.509801 0.000000 0.113985
302568.187751 4123812.538400 0.000000 0.115131
302568.177205 4123812.566954 0.000000 0.116294
302568.166561 4123812.595462 0.000000 0.117467
302568.155818 4123812.623927 0.000000 0.118654
302568.144974 4123812.652348 0.000000 0.119846
302568.134027 4123812.680727 0.000000 0.121045
302568.122976 4123812.709065 0.000000 0.122251
302568.111819 4123812.737363 0.000000 0.123457
302568.100555 4123812.765622 0.000000 0.124663
302568.089182 4123812.793842 0.000000 0.125867
302568.077698 4123812.822024 0.000000 0.127064
302568.066102 4123812.850170 0.000000 0.128256
302568.054393 4123812.878280 0.000000 0.129439
302568.042568 4123812.906355 0.000000 0.130608
302568.030625 4123812.934396 0.000000 0.131763
302568.018563 4123812.962405 0.000000 0.132899
302568.006381 4123812.990381 0.000000 0.134017
302567.994075 4123813.018327 0.000000 0.135110
302567.981646 4123813.046242 0.000000 0.136183
302567.969090 4123813.074127 0.000000 0.137226
302567.956405 4123813.101985 0.000000 0.138237
302567.943591 4123813.129814 0.000000 0.139218
302567.930645 4123813.157617 0.000000 0.140161
302567.917566 4123813.185394 0.000000 0.141072
302567.904351 4123813.213146 0.000000 0.141939
302567.890999 4123813.240873 0.000000 0.142769
302567.877508 4123813.268577 0.000000 0.143555
302567.863876 4123813.296258 0.000000 0.144294
302567.850101 4123813.323917 0.000000 0.144992
302567.836182 4123813.351555 0.000000 0.145644
302567.822117 4123813.379173 0.000000 0.146251
302567.807904 4123813.406770 0.000000 0.146810
302567.793542 4123813.434348 0.000000 0.147325
302567.779028 4123813.461907 0.000000 0.147795
302567.764361 4123813.489449 0.000000 0.148221
302567.749540 4123813.516972 0.000000 0.148605
302567.734562 4123813.544479 0.000000 0.148944
302567.719426 4123813.571970 0.000000 0.149245
302567.704131 4123813.599444 0.000000 0.149506
302567.688675 4123813.626904 0.000000 0.149729
302567.673056 4123813.654348 0.000000 0.149916
302567.657272 4123813.681777 0.000000 0.150068
302567.641323 4123813.709193 0.000000 0.150191
302567.625206 4123813.736595 0.000000 0.150282
302567.608921 4123813.763983 0.000000 0.150348
302567.592465 4123813.791358 0.000000 0.150389
302567.575837 4123813.818721 0.000000 0.150406
302567.559035 4123813.846072 0.000000 0.150402
302567.542058 4123813.873410 0.000000 0.150384
302567.524904 4123813.900736 0.000000 0.150349
302567.507573 4123813.928052 0.000000 0.150298
302567.490061 4123813.955355 0.000000 0.150242
302567.472367 4123813.982648 0.000000 0.150176
302567.454491 4123814.009931 0.000000 0.150104
302567.436429 4123814.037203 0.000000 0.150028
302567.418181 4123814.064464 0.000000 0.149953
302567.399744 4123814.091716 0.000000 0.149878
302567.381117 4123814.118958 0.000000 0.149806
302567.362298 4123814.146191 0.000000 0.149739
302567.343285 4123814.173415 0.000000 0.149681
302567.324075 4123814.200631 0.000000 0.149630
302567.304667 4123814.227838 0.000000 0.149590
302567.285059 4123814.255036 0.000000 0.149561
302567.265248 4123814.282228 0.000000 0.149544
302567.245231 4123814.309412 0.000000 0.149543
302567.225007 4123814.336589 0.000000 0.149554
302567.204573 4123814.363760 0.000000 0.149585
302567.183925 4123814.390925 0.000000 0.149627
302567.163061 4123814.418085 0.000000 0.149688
302567.141978 4123814.445240 0.000000 0.149763
302567.120673 4123814.472392 0.000000 0.149855
302567.099142 4123814.499540 0.000000 0.149961
302567.077381 4123814.526686 0.000000 0.150081
302567.055388 4123814.553830 0.000000 0.150218
302567.033157 4123814.580974 0.000000 0.150361
302567.010686 4123814.608118 0.000000 0.150519
302566.987968 4123814.635264 0.000000 0.150682
302566.965001 4123814.662413 0.000000 0.150845
302566.941779 4123814.689565 0.000000 0.151013
302566.918296 4123814.716723 0.000000 0.151172
302566.894548 4123814.743888 0.000000 0.151325
302566.870528 4123814.771062 0.000000 0.151462
302566.846232 4123814.798246 0.000000 0.151577
302566.821652 4123814.825442 0.000000 0.151665
302566.796782 4123814.852652 0.000000 0.151723
302566.771616 4123814.879878 0.000000 0.151740
302566.746147 4123814.907123 0.000000 0.151711
302566.720366 4123814.934388 0.000000 0.151630
302566.694267 4123814.961677 0.000000 0.151489
302566.667841 4123814.988991 0.000000 0.151284
302566.641080 4123815.016335 0.000000 0.151004
302566.613976 4123815.043710 0.000000 0.150645
302566.586519 4123815.071120 0.000000 0.150205
302566.558701 4123815.098569 0.000000 0.149670
302566.530511 4123815.126059 0.000000 0.149038
302566.501939 4123815.153594 0.000000 0.148306
302566.472976 4123815.181179 0.000000 0.147465
302566.443611 4123815.208817 0.000000 0.146515
302566.413832 4123815.236512 0.000000 0.145447
302566.383630 4123815.264269 0.000000 0.144267
302566.352991 4123815.292093 0.000000 0.142959
302566.321904 4123815.319989 0.000000 0.141535
302566.290357 4123815.347960 0.000000 0.139985
302566.258338 4123815.376014 0.000000 0.138314
302566.225833 4123815.404154 0.000000 0.136516
302566.192829 4123815.432388 0.000000 0.134598
302566.159313 4123815.460720 0.000000 0.132562
302566.125271 4123815.489157 0.000000 0.130403
302566.090689 4123815.517706 0.000000 0.128134
302566.055552 4123815.546373 0.000000 0.125754
302566.019846 4123815.575165 0.000000 0.123266
302565.983555 4123815.604089 0.000000 0.120678
302565.946665 4123815.633152 0.000000 0.117994
302565.909159 4123815.662363 0.000000 0.115222
302565.871022 4123815.691729 0.000000 0.112366
302565.832239 4123815.721258 0.000000 0.109435
302565.792792 4123815.750960 0.000000 0.106436
302565.752664 4123815.780842 0.000000 0.103375
302565.711840 4123815.810914 0.000000 0.100262
302565.670302 4123815.841185 0.000000 0.097102
302565.628033 4123815.871665 0.000000 0.093904
302565.585016 4123815.902363 0.000000 0.090676
302565.541232 4123815.933291 0.000000 0.087427
302565.496664 4123815.964458 0.000000 0.084164
302565.451294 4123815.995875 0.000000 0.080893
302565.405104 4123816.027554 0.000000 0.077627
302565.358075 4123816.059506 0.000000 0.074371
302565.310189 4123816.091743 0.000000 0.071135
302565.261425 4123816.124279 0.000000 0.067929
302565.211764 4123816.157125 0.000000 0.064755
302565.161185 4123816.190298 0.000000 0.061619
302565.109663 4123816.223813 0.000000 0.058523
302565.057174 4123816.257686 0.000000 0.055471
302565.003691 4123816.291937 0.000000 0.052461
302564.949182 4123816.326587 0.000000 0.049493
302564.893613 4123816.361659 0.000000 0.046567
302564.836946 4123816.397181 0.000000 0.043678
302564.779137 4123816.433182 0.000000 0.040828
302564.720135 4123816.469696 0.000000 0.038013
302564.659885 4123816.506761 0.000000 0.035234
302564.598322 4123816.544420 0.000000 0.032490
302564.535373 4123816.582723 0.000000 0.029783
302564.470955 4123816.621723 0.000000 0.027119
302564.404976 4123816.661484 0.000000 0.024500
302564.337329 4123816.702072 0.000000 0.021936
302564.267896 4123816.743568 0.000000 0.019436
302564.196544 4123816.786056 0.000000 0.017011
302564.123124 4123816.829633 0.000000 0.014675
302564.047470 4123816.874407 0.000000 0.012440
302563.969396 4123816.920495 0.000000 0.010323
302563.888697 4123816.968029 0.000000 0.008336
302563.805147 4123817.017154 0.000000 0.006493
302563.718495 4123817.068027 0.000000 0.004806
302563.628465 4123817.120825 0.000000 0.003284
302563.534754 4123817.175736 0.000000 0.001933
302563.437032 4123817.232970 0.000000 0.000755
302563.334937 4123817.292754 0.000000 -0.000249
302563.228073 4123817.355334 0.000000 -0.001084
302563.116011 4123817.420979 0.000000 -0.001759
302562.998286 4123817.489978 0.000000 -0.002282
302562.874393 4123817.562646 0.000000 -0.002667
302562.743786 4123817.639320 0.000000 -0.002930
302562.605876 4123817.720367 0.000000 -0.003085
302562.460029 4123817.806177 0.000000 -0.003148
302562.305563 4123817.897173 0.000000 -0.003135
302562.141744 4123817.993807 0.000000 -0.003062
302561.967787 4123818.096561 0.000000 -0.002942
302561.782851 4123818.205954 0.000000 -0.002787
302561.586037 4123818.322537 0.000000 -0.002609
302561.376385 4123818.446899 0.000000 -0.002417
302561.152873 4123818.579667 0.000000 -0.002218
302560.914411 4123818.721508 0.000000 -0.002018
