302587.437000 4123838.589000 0.000000 0.006789
302587.502923 4123838.717116 0.000000 0.006789
302587.566152 4123838.840285 0.000000 0.007230
302587.626828 4123838.958769 0.000000 0.007694
302587.685088 4123839.072817 0.000000 0.008181
302587.741061 4123839.182667 0.000000 0.008690
302587.794871 4123839.288546 0.000000 0.009223
302587.846634 4123839.390670 0.000000 0.009779
302587.896462 4123839.489245 0.000000 0.010357
302587.944461 4123839.584467 0.000000 0.010956
302587.990730 4123839.676521 0.000000 0.011578
302588.035366 4123839.765584 0.000000 0.012219
302588.078457 4123839.851824 0.000000 0.012881
302588.120090 4123839.935400 0.000000 0.013560
302588.160345 4123840.016464 0.000000 0.014257
302588.199298 4123840.095158 0.000000 0.014970
302588.237023 4123840.171617 0.000000 0.015697
302588.273586 4123840.245971 0.000000 0.016436
302588.309053 4123840.318340 0.000000 0.017186
302588.343484 4123840.388838 0.000000 0.017946
302588.376936 4123840.457575 0.000000 0.018712
302588.409463 4123840.524652 0.000000 0.019483
302588.441116 4123840.590166 0.000000 0.020258
302588.471943 4123840.654207 0.000000 0.021033
302588.501988 4123840.716861 0.000000 0.021807
302588.531294 4123840.778209 0.000000 0.022578
302588.559900 4123840.838327 0.000000 0.023344
302588.587843 4123840.897286 0.000000 0.024103
302588.615158 4123840.955152 0.000000 0.024853
302588.641878 4123841.011990 0.000000 0.025592
302588.668034 4123841.067857 0.000000 0.026317
302588.693654 4123841.122810 0.000000 0.027027
302588.718764 4123841.176901 0.000000 0.027721
302588.743391 4123841.230179 0.000000 0.028396
302588.767558 4123841.282688 0.000000 0.029050
302588.791287 4123841.334473 0.000000 0.029683
302588.814598 4123841.385574 0.000000 0.030291
302588.837511 4123841.436027 0.000000 0.030875
302588.860045 4123841.485869 0.000000 0.031431
302588.882216 4123841.535133 0.000000 0.031960
302588.904040 4123841.583850 0.000000 0.032458
302588.925532 4123841.632047 0.000000 0.032928
302588.946706 4123841.679754 0.000000 0.033364
302588.967575 4123841.726995 0.000000 0.033769
302588.988153 4123841.773794 0.000000 0.034142
302589.008450 4123841.820174 0.000000 0.034480
302589.028477 4123841.866155 0.000000 0.034786
302589.048245 4123841.911757 0.000000 0.035060
302589.067764 4123841.956999 0.000000 0.035300
302589.087043 4123842.001898 0.000000 0.035510
302589.106090 4123842.046469 0.000000 0.035690
302589.124913 4123842.090728 0.000000 0.035842
302589.143520 4123842.134689 0.000000 0.035969
302589.161919 4123842.178365 0.000000 0.036075
302589.180116 4123842.221768 0.000000 0.036157
302589.198117 4123842.264909 0.000000 0.036223
302589.215929 4123842.307799 0.000000 0.036274
302589.233556 4123842.350448 0.000000 0.036310
302589.251004 4123842.392864 0.000000 0.036336
302589.268278 4123842.435055 0.000000 0.036352
302589.285382 4123842.477030 0.000000 0.036362
302589.302320 4123842.518794 0.000000 0.036367
302589.319096 4123842.560354 0.000000 0.036369
302589.335715 4123842.601716 0.000000 0.036370
302589.352178 4123842.642884 0.000000 0.036371
302589.368490 4123842.683864 0.000000 0.036374
302589.384652 4123842.724659 0.000000 0.036381
302589.400668 4123842.765273 0.000000 0.036392
302589.416540 4123842.805710 0.000000 0.036411
302589.432270 4123842.845971 0.000000 0.036436
302589.447861 4123842.886061 0.000000 0.036469
302589.463313 4123842.925980 0.000000 0.036511
302589.478628 4123842.965731 0.000000 0.036564
302589.493809 4123843.005315 0.000000 0.036627
302589.508857 4123843.044733 0.000000 0.036701
302589.523772 4123843.083988 0.000000 0.036786
302589.538556 4123843.123079 0.000000 0.036883
302589.553211 4123843.162007 0.000000 0.036993
302589.567736 4123843.200773 0.000000 0.037116
302589.582133 4123843.239377 0.000000 0.037250
302589.596403 4123843.277819 0.000000 0.037399
302589.610547 4123843.316100 0.000000 0.037559
302589.624564 4123843.354219 0.000000 0.037733
302589.638457 4123843.392177 0.000000 0.037920
302589.652224 4123843.429973 0.000000 0.038118
302589.665868 4123843.467608 0.000000 0.038330
302589.679388 4123843.505081 0.000000 0.038553
302589.692785 4123843.542392 0.000000 0.038789
302589.706060 4123843.579540 0.000000 0.039035
302589.719212 4123843.616526 0.000000 0.039294
302589.732243 4123843.653350 0.000000 0.039563
302589.745153 4123843.690010 0.000000 0.039843
302589.757942 4123843.726508 0.000000 0.040132
302589.770610 4123843.762843 0.000000 0.040432
302589.783159 4123843.799014 0.000000 0.040739
302589.795589 4123843.835023 0.000000 0.041058
302589.807900 4123843.870869 0.000000 0.041383
302589.820092 4123843.906552 0.000000 0.041718
302589.832167 4123843.942072 0.000000 0.042060
302589.844125 4123843.977430 0.000000 0.042409
302589.855965 4123844.012625 0.000000 0.042767
302589.867690 4123844.047659 0.000000 0.043131
302589.879299 4123844.082532 0.000000 0.043503
302589.890793 4123844.117244 0.000000 0.043881
302589.902173 4123844.151795 0.000000 0.044267
302589.913439 4123844.186187 0.000000 0.044660
302589.924592 4123844.220421 0.000000 0.045060
302589.935632 4123844.254495 0.000000 0.045466
302589.946560 4123844.288413 0.000000 0.045879
302589.957377 4123844.322174 0.000000 0.046299
302589.968084 4123844.355779 0.000000 0.046725
302589.978681 4123844.389229 0.000000 0.047158
302589.989169 4123844.422526 0.000000 0.047598
302589.999548 4123844.455670 0.000000 0.048044
302590.009820 4123844.488663 0.000000 0.048496
302590.019984 4123844.521505 0.000000 0.048955
302590.030043 4123844.554198 0.000000 0.049421
302590.039995 4123844.586743 0.000000 0.049891
302590.049843 4123844.619142 0.000000 0.050370
302590.059587 4123844.651395 0.000000 0.050854
302590.069228 4123844.683505 0.000000 0.051345
302590.078766 4123844.715472 0.000000 0.051841
302590.088202 4123844.747298 0.000000 0.052345
302590.097538 4123844.778986 0.000000 0.052855
302590.106773 4123844.810535 0.000000 0.053370
302590.115909 4123844.841949 0.000000 0.053892
302590.124946 4123844.873229 0.000000 0.054419
302590.133885 4123844.904376 0.000000 0.054953
302590.142727 4123844.935393 0.000000 0.055493
302590.151473 4123844.966281 0.000000 0.056038
302590.160123 4123844.997043 0.000000 0.056589
302590.168679 4123845.027680 0.000000 0.057146
302590.177140 4123845.058194 0.000000 0.057708
302590.185509 4123845.088587 0.000000 0.058275
302590.193786 4123845.118863 0.000000 0.058850
302590.201971 4123845.149022 0.000000 0.059425
302590.210065 4123845.179067 0.000000 0.060009
302590.218069 4123845.209001 0.000000 0.060596
302590.225985 4123845.238826 0.000000 0.061185
302590.233812 4123845.268544 0.000000 0.061781
302590.241552 4123845.298159 0.000000 0.062379
302590.249206 4123845.327672 0.000000 0.062981
302590.256774 4123845.357086 0.000000 0.063584
302590.264256 4123845.386404 0.000000 0.064191
302590.271655 4123845.415630 0.000000 0.064800
302590.278971 4123845.444765 0.000000 0.065408
302590.286204 4123845.473813 0.000000 0.066018
302590.293355 4123845.502776 0.000000 0.066628
302590.300426 4123845.531659 0.000000 0.067236
302590.307416 4123845.560464 0.000000 0.067843
302590.314328 4123845.589194 0.000000 0.068447
302590.321161 4123845.617854 0.000000 0.069048
302590.327917 4123845.646445 0.000000 0.069645
302590.334596 4123845.674973 0.000000 0.070235
302590.341199 4123845.703440 0.000000 0.070819
302590.347728 4123845.731851 0.000000 0.071395
302590.354182 4123845.760209 0.000000 0.071961
302590.360563 4123845.788518 0.000000 0.072515
302590.366871 4123845.816782 0.000000 0.073056
302590.373108 4123845.845006 0.000000 0.073582
302590.379273 4123845.873193 0.000000 0.074091
302590.385369 4123845.901348 0.000000 0.074580
302590.391396 4123845.929476 0.000000 0.075048
302590.397354 4123845.957580 0.000000 0.075493
302590.403245 4123845.985666 0.000000 0.075913
302590.409069 4123846.013739 0.000000 0.076304
302590.414827 4123846.041802 0.000000 0.076665
302590.420521 4123846.069861 0.000000 0.076996
302590.426150 4123846.097922 0.000000 0.077290
302590.431716 4123846.125988 0.000000 0.077548
302590.437219 4123846.154065 0.000000 0.077768
302590.442660 4123846.182159 0.000000 0.077947
302590.448041 4123846.210274 0.000000 0.078084
302590.453362 4123846.238415 0.000000 0.078177
302590.458623 4123846.266590 0.000000 0.078223
302590.463826 4123846.294801 0.000000 0.078223
302590.468971 4123846.323056 0.000000 0.078174
302590.474060 4123846.351360 0.000000 0.078077
302590.479093 4123846.379718 0.000000 0.077927
302590.484070 4123846.408136 0.000000 0.077727
302590.488993 4123846.436619 0.000000 0.077475
302590.493862 4123846.465173 0.000000 0.077170
302590.498679 4123846.493804 0.000000 0.076815
302590.503443 4123846.522517 0.000000 0.076406
302590.508156 4123846.551318 0.000000 0.075947
302590.512819 4123846.580212 0.000000 0.075436
302590.517432 4123846.609206 0.000000 0.074876
302590.521995 4123846.638304 0.000000 0.074266
302590.526511 4123846.667512 0.000000 0.073609
302590.530979 4123846.696836 0.000000 0.072905
302590.535400 4123846.726280 0.000000 0.072157
302590.539775 4123846.755851 0.000000 0.071366
302590.544104 4123846.785552 0.000000 0.070534
302590.548389 4123846.815390 0.000000 0.069664
302590.552629 4123846.845369 0.000000 0.068758
302590.556827 4123846.875495 0.000000 0.067817
302590.560981 4123846.905771 0.000000 0.066846
302590.565093 4123846.936202 0.000000 0.065846
302590.569164 4123846.966793 0.000000 0.064819
302590.573194 4123846.997548 0.000000 0.063770
302590.577183 4123847.028471 0.000000 0.062700
302590.581133 4123847.059565 0.000000 0.061613
302590.585043 4123847.090834 0.000000 0.060510
302590.588914 4123847.122282 0.000000 0.059396
302590.592748 4123847.153912 0.000000 0.058273
302590.596543 4123847.185726 0.000000 0.057143
302590.600302 4123847.217727 0.000000 0.056011
302590.604023 4123847.249917 0.000000 0.054877
302590.607708 4123847.282298 0.000000 0.053746
302590.611357 4123847.314872 0.000000 0.052620
302590.614971 4123847.347641 0.000000 0.051501
302590.618549 4123847.380604 0.000000 0.050393
302590.622092 4123847.413763 0.000000 0.049295
302590.625601 4123847.447119 0.000000 0.048213
302590.629075 4123847.480670 0.000000 0.047146
302590.632515 4123847.514417 0.000000 0.046098
302590.635921 4123847.548360 0.000000 0.045069
302590.639294 4123847.582496 0.000000 0.044062
302590.642633 4123847.616825 0.000000 0.043077
302590.645938 4123847.651345 0.000000 0.042116
302590.649211 4123847.686053 0.000000 0.041180
302590.652450 4123847.720948 0.000000 0.040271
302590.655656 4123847.756026 0.000000 0.039388
302590.658830 4123847.791283 0.000000 0.038533
302590.661970 4123847.826718 0.000000 0.037707
302590.665077 4123847.862324 0.000000 0.036909
302590.668152 4123847.898099 0.000000 0.036141
302590.671193 4123847.934038 0.000000 0.035403
302590.674202 4123847.970135 0.000000 0.034696
302590.677177 4123848.006385 0.000000 0.034018
302590.680118 4123848.042782 0.000000 0.033371
302590.683027 4123848.079321 0.000000 0.032755
302590.685901 4123848.115996 0.000000 0.032170
302590.688742 4123848.152799 0.000000 0.031616
302590.691549 4123848.189723 0.000000 0.031093
302590.694322 4123848.226762 0.000000 0.030601
302590.697060 4123848.263908 0.000000 0.030140
302590.699763 4123848.301154 0.000000 0.029710
302590.702431 4123848.338490 0.000000 0.029311
302590.705064 4123848.375910 0.000000 0.028943
302590.707661 4123848.413404 0.000000 0.028605
302590.710222 4123848.450965 0.000000 0.028299
302590.712747 4123848.488582 0.000000 0.028023
302590.715235 4123848.526247 0.000000 0.027778
302590.717686 4123848.563952 0.000000 0.027564
302590.720099 4123848.601686 0.000000 0.027381
302590.722474 4123848.639440 0.000000 0.027228
302590.724811 4123848.677205 0.000000 0.027107
302590.727109 4123848.714971 0.000000 0.027016
302590.729368 4123848.752729 0.000000 0.026957
302590.731587 4123848.790468 0.000000 0.026928
302590.733767 4123848.828179 0.000000 0.026931
302590.735905 4123848.865853 0.000000 0.026965
302590.738002 4123848.903479 0.000000 0.027030
302590.740058 4123848.941048 0.000000 0.027127
302590.742072 4123848.978551 0.000000 0.027256
302590.744043 4123849.015978 0.000000 0.027416
302590.745972 4123849.053320 0.000000 0.027609
302590.747857 4123849.090568 0.000000 0.027833
302590.749698 4123849.127712 0.000000 0.028090
302590.751495 4123849.164744 0.000000 0.028380
302590.753247 4123849.201655 0.000000 0.028702
302590.754954 4123849.238438 0.000000 0.029057
302590.756616 4123849.275083 0.000000 0.029446
302590.758231 4123849.311583 0.000000 0.029868
302590.759801 4123849.347930 0.000000 0.030323
302590.761323 4123849.384117 0.000000 0.030813
302590.762798 4123849.420136 0.000000 0.031337
302590.764225 4123849.455981 0.000000 0.031895
302590.765605 4123849.491646 0.000000 0.032488
302590.766936 4123849.527123 0.000000 0.033115
302590.768218 4123849.562408 0.000000 0.033777
302590.769452 4123849.597494 0.000000 0.034474
302590.770636 4123849.632377 0.000000 0.035206
302590.771771 4123849.667052 0.000000 0.035973
302590.772856 4123849.701513 0.000000 0.036775
302590.773890 4123849.735757 0.000000 0.037611
302590.774874 4123849.769780 0.000000 0.038482
302590.775808 4123849.803579 0.000000 0.039386
302590.776690 4123849.837151 0.000000 0.040324
302590.777522 4123849.870492 0.000000 0.041295
302590.778302 4123849.903600 0.000000 0.042298
302590.779031 4123849.936474 0.000000 0.043332
302590.779708 4123849.969112 0.000000 0.044397
302590.780334 4123850.001512 0.000000 0.045491
302590.780908 4123850.033674 0.000000 0.046612
302590.781429 4123850.065597 0.000000 0.047760
302590.781899 4123850.097280 0.000000 0.048933
302590.782316 4123850.128725 0.000000 0.050129
302590.782682 4123850.159930 0.000000 0.051345
302590.782995 4123850.190899 0.000000 0.052580
302590.783256 4123850.221630 0.000000 0.053832
302590.783464 4123850.252126 0.000000 0.055097
302590.783621 4123850.282389 0.000000 0.056373
302590.783725 4123850.312420 0.000000 0.057658
302590.783777 4123850.342222 0.000000 0.058947
302590.783777 4123850.371797 0.000000 0.060239
302590.783724 4123850.401149 0.000000 0.061530
302590.783620 4123850.430280 0.000000 0.062817
302590.783464 4123850.459193 0.000000 0.064097
302590.783256 4123850.487893 0.000000 0.065365
302590.782996 4123850.516383 0.000000 0.066620
302590.782684 4123850.544666 0.000000 0.067858
302590.782321 4123850.572748 0.000000 0.069076
302590.781907 4123850.600632 0.000000 0.070271
302590.781441 4123850.628322 0.000000 0.071439
302590.780925 4123850.655823 0.000000 0.072579
302590.780357 4123850.683140 0.000000 0.073687
302590.779739 4123850.710276 0.000000 0.074761
302590.779070 4123850.737238 0.000000 0.075798
302590.778351 4123850.764030 0.000000 0.076796
302590.777582 4123850.790656 0.000000 0.077753
302590.776762 4123850.817121 0.000000 0.078667
302590.775893 4123850.843431 0.000000 0.079537
302590.774974 4123850.869589 0.000000 0.080360
302590.774005 4123850.895602 0.000000 0.081137
302590.772987 4123850.921474 0.000000 0.081864
302590.771920 4123850.947209 0.000000 0.082545
302590.770804 4123850.972813 0.000000 0.083175
302590.769639 4123850.998290 0.000000 0.083758
302590.768426 4123851.023645 0.000000 0.084290
302590.767164 4123851.048882 0.000000 0.084775
302590.765854 4123851.074007 0.000000 0.085213
302590.764496 4123851.099023 0.000000 0.085603
302590.763091 4123851.123936 0.000000 0.085948
302590.761637 4123851.148748 0.000000 0.086250
302590.760136 4123851.173466 0.000000 0.086509
302590.758588 4123851.198092 0.000000 0.086727
302590.756993 4123851.222631 0.000000 0.086907
302590.755350 4123851.247086 0.000000 0.087051
302590.753661 4123851.271462 0.000000 0.087161
302590.751925 4123851.295762 0.000000 0.087240
302590.750143 4123851.319989 0.000000 0.087289
302590.748314 4123851.344148 0.000000 0.087312
302590.746439 4123851.368240 0.000000 0.087310
302590.744518 4123851.392271 0.000000 0.087289
302590.742551 4123851.416241 0.000000 0.087247
302590.740538 4123851.440155 0.000000 0.087190
302590.738480 4123851.464016 0.000000 0.087119
302590.736375 4123851.487825 0.000000 0.087037
302590.734226 4123851.511585 0.000000 0.086946
302590.732031 4123851.535300 0.000000 0.086848
302590.729790 4123851.558970 0.000000 0.086746
302590.727505 4123851.582598 0.000000 0.086640
302590.725174 4123851.606187 0.000000 0.086533
302590.722799 4123851.629737 0.000000 0.086426
302590.720378 4123851.653252 0.000000 0.086323
302590.717913 4123851.676732 0.000000 0.086220
302590.715403 4123851.700179 0.000000 0.086121
302590.712848 4123851.723595 0.000000 0.086027
302590.710249 4123851.746981 0.000000 0.085936
302590.707604 4123851.770338 0.000000 0.085851
302590.704916 4123851.793668 0.000000 0.085768
302590.702183 4123851.816971 0.000000 0.085690
302590.699405 4123851.840250 0.000000 0.085615
302590.696583 4123851.863504 0.000000 0.085543
302590.693716 4123851.886735 0.000000 0.085471
302590.690805 4123851.909944 0.000000 0.085403
302590.687850 4123851.933132 0.000000 0.085334
302590.684850 4123851.956300 0.000000 0.085265
302590.681806 4123851.979448 0.000000 0.085194
302590.678717 4123852.002577 0.000000 0.085121
302590.675585 4123852.025689 0.000000 0.085044
302590.672407 4123852.048783 0.000000 0.084963
302590.669186 4123852.071861 0.000000 0.084876
302590.665920 4123852.094923 0.000000 0.084783
302590.662610 4123852.117971 0.000000 0.084680
302590.659256 4123852.141005 0.000000 0.084568
302590.655857 4123852.164025 0.000000 0.084446
302590.652414 4123852.187033 0.000000 0.084313
302590.648926 4123852.210030 0.000000 0.084166
302590.645394 4123852.233015 0.000000 0.084005
302590.641817 4123852.255991 0.000000 0.083830
302590.638197 4123852.278958 0.000000 0.083636
302590.634531 4123852.301916 0.000000 0.083427
302590.630821 4123852.324867 0.000000 0.083198
302590.627067 4123852.347812 0.000000 0.082950
302590.623268 4123852.370751 0.000000 0.082681
302590.619425 4123852.393686 0.000000 0.082392
302590.615537 4123852.416617 0.000000 0.082080
302590.611604 4123852.439546 0.000000 0.081745
302590.607626 4123852.462473 0.000000 0.081387
302590.603604 4123852.485400 0.000000 0.081005
302590.599538 4123852.508328 0.000000 0.080600
302590.595426 4123852.531259 0.000000 0.080168
302590.591269 4123852.554192 0.000000 0.079715
302590.587068 4123852.577129 0.000000 0.079233
302590.582822 4123852.600073 0.000000 0.078731
302590.578531 4123852.623023 0.000000 0.078201
302590.574195 4123852.645981 0.000000 0.077650
302590.569814 4123852.668949 0.000000 0.077074
302590.565388 4123852.691928 0.000000 0.076475
302590.560917 4123852.714918 0.000000 0.075857
302590.556401 4123852.737923 0.000000 0.075214
302590.551840 4123852.760942 0.000000 0.074553
302590.547234 4123852.783977 0.000000 0.073875
302590.542582 4123852.807030 0.000000 0.073180
302590.537885 4123852.830103 0.000000 0.072467
302590.533143 4123852.853195 0.000000 0.071743
302590.528356 4123852.876310 0.000000 0.071006
302590.523524 4123852.899447 0.000000 0.070258
302590.518646 4123852.922609 0.000000 0.069506
302590.513723 4123852.945797 0.000000 0.068746
302590.508754 4123852.969013 0.000000 0.067984
302590.503740 4123852.992257 0.000000 0.067221
302590.498681 4123853.015530 0.000000 0.066457
302590.493576 4123853.038835 0.000000 0.065701
302590.488426 4123853.062172 0.000000 0.064947
302590.483230 4123853.085542 0.000000 0.064202
302590.477989 4123853.108947 0.000000 0.063465
302590.472703 4123853.132387 0.000000 0.062741
302590.467370 4123853.155864 0.000000 0.062030
302590.461993 4123853.179379 0.000000 0.061333
302590.456570 4123853.202932 0.000000 0.060654
302590.451101 4123853.226524 0.000000 0.059989
302590.445587 4123853.250156 0.000000 0.059348
302590.440028 4123853.273828 0.000000 0.058726
302590.434423 4123853.297542 0.000000 0.058125
302590.428772 4123853.321298 0.000000 0.057550
302590.423076 4123853.345096 0.000000 0.056995
302590.417335 4123853.368937 0.000000 0.056470
302590.411548 4123853.392821 0.000000 0.055970
302590.405716 4123853.416748 0.000000 0.055493
302590.399838 4123853.440719 0.000000 0.055050
302590.393916 4123853.464733 0.000000 0.054631
302590.387947 4123853.488791 0.000000 0.054242
302590.381934 4123853.512893 0.000000 0.053883
302590.375875 4123853.537037 0.000000 0.053554
302590.369772 4123853.561225 0.000000 0.053253
302590.363623 4123853.585456 0.000000 0.052985
302590.357429 4123853.609730 0.000000 0.052745
302590.351190 4123853.634045 0.000000 0.052536
302590.344906 4123853.658402 0.000000 0.052357
302590.338578 4123853.682799 0.000000 0.052208
302590.332204 4123853.707237 0.000000 0.052090
302590.325786 4123853.731713 0.000000 0.052003
302590.319324 4123853.756228 0.000000 0.051942
302590.312817 4123853.780781 0.000000 0.051914
302590.306265 4123853.805370 0.000000 0.051911
302590.299670 4123853.829994 0.000000 0.051939
302590.293030 4123853.854652 0.000000 0.051995
302590.286346 4123853.879342 0.000000 0.052076
302590.279618 4123853.904065 0.000000 0.052185
302590.272846 4123853.928817 0.000000 0.052317
302590.266031 4123853.953598 0.000000 0.052480
302590.259173 4123853.978406 0.000000 0.052660
302590.252271 4123854.003239 0.000000 0.052867
302590.245326 4123854.028096 0.000000 0.053095
302590.238338 4123854.052975 0.000000 0.053345
302590.231307 4123854.077875 0.000000 0.053614
302590.224233 4123854.102793 0.000000 0.053901
302590.217118 4123854.127728 0.000000 0.054209
302590.209959 4123854.152678 0.000000 0.054529
302590.202759 4123854.177640 0.000000 0.054869
302590.195518 4123854.202614 0.000000 0.055219
302590.188234 4123854.227596 0.000000 0.055582
302590.180910 4123854.252586 0.000000 0.055959
302590.173544 4123854.277580 0.000000 0.056344
302590.166138 4123854.302578 0.000000 0.056744
302590.158691 4123854.327576 0.000000 0.057149
302590.151204 4123854.352572 0.000000 0.057565
302590.143677 4123854.377566 0.000000 0.057988
302590.136111 4123854.402554 0.000000 0.058420
302590.128505 4123854.427535 0.000000 0.058858
302590.120860 4123854.452505 0.000000 0.059302
302590.113176 4123854.477465 0.000000 0.059754
302590.105454 4123854.502410 0.000000 0.060210
302590.097694 4123854.527340 0.000000 0.060672
302590.089896 4123854.552251 0.000000 0.061140
302590.082060 4123854.577143 0.000000 0.061609
302590.074188 4123854.602013 0.000000 0.062087
302590.066279 4123854.626859 0.000000 0.062566
302590.058333 4123854.651680 0.000000 0.063048
302590.050352 4123854.676472 0.000000 0.063539
302590.042334 4123854.701236 0.000000 0.064028
302590.034282 4123854.725967 0.000000 0.064525
302590.026194 4123854.750666 0.000000 0.065025
302590.018071 4123854.775329 0.000000 0.065528
302590.009915 4123854.799956 0.000000 0.066032
302590.001724 4123854.824545 0.000000 0.066544
302589.993499 4123854.849094 0.000000 0.067058
302589.985241 4123854.873602 0.000000 0.067577
302589.976949 4123854.898067 0.000000 0.068098
302589.968625 4123854.922488 0.000000 0.068625
302589.960268 4123854.946863 0.000000 0.069154
302589.951879 4123854.971191 0.000000 0.069690
302589.943457 4123854.995472 0.000000 0.070229
302589.935003 4123855.019703 0.000000 0.070776
302589.926518 4123855.043885 0.000000 0.071325
302589.918001 4123855.068015 0.000000 0.071879
302589.909452 4123855.092094 0.000000 0.072442
302589.900872 4123855.116120 0.000000 0.073009
302589.892261 4123855.140093 0.000000 0.073585
302589.883619 4123855.164012 0.000000 0.074164
302589.874945 4123855.187876 0.000000 0.074754
302589.866240 4123855.211686 0.000000 0.075347
302589.857503 4123855.235441 0.000000 0.075954
302589.848736 4123855.259141 0.000000 0.076565
302589.839936 4123855.282786 0.000000 0.077186
302589.831105 4123855.306375 0.000000 0.077816
302589.822242 4123855.329910 0.000000 0.078455
302589.813346 4123855.353390 0.000000 0.079108
302589.804418 4123855.376815 0.000000 0.079766
302589.795457 4123855.400187 0.000000 0.080439
302589.786462 4123855.423506 0.000000 0.081121
302589.777433 4123855.446772 0.000000 0.081812
302589.768370 4123855.469987 0.000000 0.082513
302589.759271 4123855.493152 0.000000 0.083221
302589.750137 4123855.516268 0.000000 0.083940
302589.740966 4123855.539335 0.000000 0.084662
302589.731757 4123855.562356 0.000000 0.085390
302589.722509 4123855.585333 0.000000 0.086117
302589.713223 4123855.608266 0.000000 0.086850
302589.703896 4123855.631157 0.000000 0.087578
302589.694527 4123855.654009 0.000000 0.088301
302589.685115 4123855.676824 0.000000 0.089021
302589.675659 4123855.699603 0.000000 0.089728
302589.666158 4123855.722350 0.000000 0.090423
302589.656610 4123855.745066 0.000000 0.091108
302589.647014 4123855.767754 0.000000 0.091766
302589.637368 4123855.790417 0.000000 0.092410
302589.627670 4123855.813058 0.000000 0.093025
302589.617920 4123855.835679 0.000000 0.093611
302589.608115 4123855.858284 0.000000 0.094169
302589.598253 4123855.880875 0.000000 0.094687
302589.588332 4123855.903457 0.000000 0.095170
302589.578352 4123855.926031 0.000000 0.095611
302589.568309 4123855.948603 0.000000 0.096008
302589.558202 4123855.971174 0.000000 0.096352
302589.548028 4123855.993749 0.000000 0.096651
302589.537786 4123856.016331 0.000000 0.096893
302589.527474 4123856.038924 0.000000 0.097081
302589.517089 4123856.061532 0.000000 0.097205
302589.506628 4123856.084159 0.000000 0.097273
302589.496091 4123856.106808 0.000000 0.097274
302589.485474 4123856.129484 0.000000 0.097216
302589.474776 4123856.152190 0.000000 0.097088
302589.463993 4123856.174930 0.000000 0.096896
302589.453124 4123856.197708 0.000000 0.096635
302589.442166 4123856.220529 0.000000 0.096306
302589.431118 4123856.243396 0.000000 0.095911
302589.419976 4123856.266313 0.000000 0.095447
302589.408738 4123856.289285 0.000000 0.094917
302589.397402 4123856.312314 0.000000 0.094321
302589.385966 4123856.335406 0.000000 0.093663
302589.374428 4123856.358564 0.000000 0.092936
302589.362785 4123856.381791 0.000000 0.092155
302589.351036 4123856.405091 0.000000 0.091312
302589.339177 4123856.428468 0.000000 0.090415
302589.327208 4123856.451926 0.000000 0.089462
302589.315125 4123856.475468 0.000000 0.088460
302589.302928 4123856.499097 0.000000 0.087411
302589.290613 4123856.522816 0.000000 0.086319
302589.278181 4123856.546629 0.000000 0.085186
302589.265628 4123856.570538 0.000000 0.084018
302589.252953 4123856.594546 0.000000 0.082815
302589.240156 4123856.618656 0.000000 0.081588
302589.227233 4123856.642869 0.000000 0.080332
302589.214186 4123856.667188 0.000000 0.079063
302589.201011 4123856.691616 0.000000 0.077772
302589.187708 4123856.716153 0.000000 0.076476
302589.174277 4123856.740801 0.000000 0.075167
302589.160717 4123856.765561 0.000000 0.073860
302589.147026 4123856.790435 0.000000 0.072550
302589.133206 4123856.815423 0.000000 0.071245
302589.119255 4123856.840526 0.000000 0.069949
302589.105173 4123856.865744 0.000000 0.068662
302589.090961 4123856.891078 0.000000 0.067390
302589.076619 4123856.916526 0.000000 0.066137
302589.062147 4123856.942089 0.000000 0.064899
302589.047546 4123856.967766 0.000000 0.063687
302589.032816 4123856.993555 0.000000 0.062498
302589.017958 4123857.019456 0.000000 0.061335
302589.002973 4123857.045467 0.000000 0.060205
302588.987864 4123857.071586 0.000000 0.059099
302588.972630 4123857.097811 0.000000 0.058028
302588.957273 4123857.124141 0.000000 0.056990
302588.941796 4123857.150571 0.000000 0.055984
302588.926200 4123857.177100 0.000000 0.055016
302588.910487 4123857.203725 0.000000 0.054084
302588.894659 4123857.230441 0.000000 0.053188
302588.878718 4123857.257246 0.000000 0.052332
302588.862668 4123857.284136 0.000000 0.051510
302588.846510 4123857.311107 0.000000 0.050731
302588.830248 4123857.338153 0.000000 0.049990
302588.813885 4123857.365272 0.000000 0.049288
302588.797422 4123857.392457 0.000000 0.048623
302588.780865 4123857.419705 0.000000 0.048002
302588.764215 4123857.447010 0.000000 0.047417
302588.747477 4123857.474367 0.000000 0.046874
302588.730653 4123857.501770 0.000000 0.046371
302588.713748 4123857.529213 0.000000 0.045906
302588.696766 4123857.556692 0.000000 0.045481
302588.679710 4123857.584199 0.000000 0.045095
302588.662584 4123857.611729 0.000000 0.044751
302588.645392 4123857.639276 0.000000 0.044439
302588.628138 4123857.666833 0.000000 0.044173
302588.610827 4123857.694393 0.000000 0.043940
302588.593462 4123857.721951 0.000000 0.043748
302588.576049 4123857.749500 0.000000 0.043592
302588.558590 4123857.777033 0.000000 0.043473
302588.541091 4123857.804544 0.000000 0.043393
302588.523556 4123857.832026 0.000000 0.043345
302588.505989 4123857.859472 0.000000 0.043335
302588.488394 4123857.886875 0.000000 0.043360
302588.470777 4123857.914230 0.000000 0.043416
302588.453140 4123857.941530 0.000000 0.043512
302588.435488 4123857.968768 0.000000 0.043635
302588.417826 4123857.995937 0.000000 0.043796
302588.400158 4123858.023032 0.000000 0.043986
302588.382488 4123858.050047 0.000000 0.044211
302588.364819 4123858.076974 0.000000 0.044465
302588.347156 4123858.103810 0.000000 0.044750
302588.329503 4123858.130547 0.000000 0.045068
302588.311863 4123858.157180 0.000000 0.045411
302588.294241 4123858.183704 0.000000 0.045787
302588.276639 4123858.210113 0.000000 0.046192
302588.259061 4123858.236403 0.000000 0.046622
302588.241510 4123858.262568 0.000000 0.047083
302588.223990 4123858.288604 0.000000 0.047567
302588.206504 4123858.314506 0.000000 0.048081
302588.189055 4123858.340271 0.000000 0.048619
302588.171645 4123858.365894 0.000000 0.049179
302588.154277 4123858.391372 0.000000 0.049767
302588.136953 4123858.416701 0.000000 0.050373
302588.119677 4123858.441878 0.000000 0.051006
302588.102450 4123858.466899 0.000000 0.051656
302588.085274 4123858.491763 0.000000 0.052329
302588.068152 4123858.516467 0.000000 0.053016
302588.051084 4123858.541008 0.000000 0.053724
302588.034072 4123858.565385 0.000000 0.054444
302588.017118 4123858.589596 0.000000 0.055184
302588.000223 4123858.613639 0.000000 0.055931
302587.983388 4123858.637514 0.000000 0.056691
302587.966613 4123858.661220 0.000000 0.057459
302587.949899 4123858.684757 0.000000 0.058237
302587.933248 4123858.708123 0.000000 0.059018
302587.916658 4123858.731320 0.000000 0.059805
302587.900130 4123858.754347 0.000000 0.060590
302587.883664 4123858.777205 0.000000 0.061377
302587.867259 4123858.799895 0.000000 0.062157
302587.850916 4123858.822418 0.000000 0.062936
302587.834633 4123858.844776 0.000000 0.063705
302587.818409 4123858.866970 0.000000 0.064461
302587.802244 4123858.889002 0.000000 0.065212
302587.786136 4123858.910875 0.000000 0.065939
302587.770084 4123858.932591 0.000000 0.066655
302587.754086 4123858.954152 0.000000 0.067351
302587.738140 4123858.975562 0.000000 0.068025
302587.722245 4123858.996824 0.000000 0.068676
302587.706398 4123859.017941 0.000000 0.069298
302587.690597 4123859.038917 0.000000 0.069902
302587.674840 4123859.059756 0.000000 0.070470
302587.659123 4123859.080462 0.000000 0.071015
302587.643444 4123859.101038 0.000000 0.071527
302587.627801 4123859.121491 0.000000 0.072004
302587.612189 4123859.141823 0.000000 0.072454
302587.596606 4123859.162041 0.000000 0.072866
302587.581048 4123859.182148 0.000000 0.073246
302587.565512 4123859.202150 0.000000 0.073583
302587.549994 4123859.222053 0.000000 0.073892
302587.534490 4123859.241862 0.000000 0.074155
302587.518996 4123859.261582 0.000000 0.074384
302587.503508 4123859.281219 0.000000 0.074572
302587.488022 4123859.300778 0.000000 0.074719
302587.472534 4123859.320266 0.000000 0.074828
302587.457038 4123859.339689 0.000000 0.074894
302587.441530 4123859.359052 0.000000 0.074925
302587.426007 4123859.378362 0.000000 0.074915
302587.410462 4123859.397626 0.000000 0.074861
302587.394891 4123859.416848 0.000000 0.074776
302587.379288 4123859.436036 0.000000 0.074646
302587.363650 4123859.455197 0.000000 0.074477
302587.347971 4123859.474335 0.000000 0.074284
302587.332244 4123859.493459 0.000000 0.074043
302587.316466 4123859.512575 0.000000 0.073773
302587.300631 4123859.531689 0.000000 0.073470
302587.284732 4123859.550807 0.000000 0.073138
302587.268765 4123859.569937 0.000000 0.072768
302587.252724 4123859.589085 0.000000 0.072379
302587.236604 4123859.608257 0.000000 0.071959
302587.220398 4123859.627461 0.000000 0.071519
302587.204100 4123859.646702 0.000000 0.071049
302587.187706 4123859.665987 0.000000 0.070563
302587.171209 4123859.685323 0.000000 0.070059
302587.154604 4123859.704716 0.000000 0.069536
302587.137884 4123859.724172 0.000000 0.068993
302587.121043 4123859.743699 0.000000 0.068445
302587.104076 4123859.763301 0.000000 0.067876
302587.086977 4123859.782986 0.000000 0.067303
302587.069740 4123859.802760 0.000000 0.066718
302587.052359 4123859.822628 0.000000 0.066125
302587.034828 4123859.842598 0.000000 0.065531
302587.017141 4123859.862673 0.000000 0.064927
302586.999292 4123859.882862 0.000000 0.064324
302586.981276 4123859.903168 0.000000 0.063716
302586.963087 4123859.923598 0.000000 0.063113
302586.944718 4123859.944157 0.000000 0.062507
302586.926165 4123859.964851 0.000000 0.061902
302586.907422 4123859.985685 0.000000 0.061302
302586.888482 4123860.006664 0.000000 0.060703
302586.869341 4123860.027792 0.000000 0.060112
302586.849993 4123860.049075 0.000000 0.059522
302586.830433 4123860.070518 0.000000 0.058943
302586.810655 4123860.092124 0.000000 0.058369
302586.790655 4123860.113899 0.000000 0.057799
302586.770426 4123860.135846 0.000000 0.057241
302586.749965 4123860.157969 0.000000 0.056693
302586.729266 4123860.180272 0.000000 0.056156
302586.708324 4123860.202759 0.000000 0.055625
302586.687135 4123860.225433 0.000000 0.055110
302586.665694 4123860.248298 0.000000 0.054607
302586.643997 4123860.271357 0.000000 0.054119
302586.622040 4123860.294612 0.000000 0.053642
302586.599818 4123860.318066 0.000000 0.053179
302586.577327 4123860.341722 0.000000 0.052731
302586.554564 4123860.365581 0.000000 0.052301
302586.531524 4123860.389647 0.000000 0.051883
302586.508203 4123860.413921 0.000000 0.051484
302586.484600 4123860.438405 0.000000 0.051096
302586.460709 4123860.463100 0.000000 0.050730
302586.436527 4123860.488008 0.000000 0.050378
302586.412052 4123860.513130 0.000000 0.050039
302586.387281 4123860.538466 0.000000 0.049722
302586.362210 4123860.564019 0.000000 0.049419
302586.336837 4123860.589787 0.000000 0.049133
302586.311159 4123860.615772 0.000000 0.048862
302586.285173 4123860.641974 0.000000 0.048609
302586.258878 4123860.668393 0.000000 0.048369
302586.232271 4123860.695028 0.000000 0.048147
302586.205349 4123860.721880 0.000000 0.047941
302586.178111 4123860.748949 0.000000 0.047751
302586.150555 4123860.776233 0.000000 0.047572
302586.122679 4123860.803731 0.000000 0.047409
302586.094481 4123860.831444 0.000000 0.047260
302586.065959 4123860.859370 0.000000 0.047124
302586.037112 4123860.887507 0.000000 0.047001
302586.007938 4123860.915855 0.000000 0.046892
302585.978437 4123860.944412 0.000000 0.046792
302585.948605 4123860.973176 0.000000 0.046706
302585.918443 4123861.002147 0.000000 0.046627
302585.887949 4123861.031322 0.000000 0.046560
302585.857122 4123861.060700 0.000000 0.046502
302585.825960 4123861.090278 0.000000 0.046451
302585.794462 4123861.120055 0.000000 0.046410
302585.762627 4123861.150029 0.000000 0.046371
302585.730455 4123861.180198 0.000000 0.046343
302585.697943 4123861.210560 0.000000 0.046315
302585.665091 4123861.241113 0.000000 0.046294
302585.631898 4123861.271854 0.000000 0.046275
302585.598362 4123861.302782 0.000000 0.046257
302585.564481 4123861.333894 0.000000 0.046240
302585.530256 4123861.365190 0.000000 0.046222
302585.495684 4123861.396665 0.000000 0.046204
302585.460764 4123861.428320 0.000000 0.046184
302585.425494 4123861.460151 0.000000 0.046158
302585.389873 4123861.492157 0.000000 0.046133
302585.353899 4123861.524337 0.000000 0.046100
302585.317570 4123861.556688 0.000000 0.046066
302585.280883 4123861.589210 0.000000 0.046025
302585.243838 4123861.621901 0.000000 0.045979
302585.206430 4123861.654759 0.000000 0.045928
302585.168658 4123861.687785 0.000000 0.045873
302585.130519 4123861.720976 0.000000 0.045809
302585.092010 4123861.754333 0.000000 0.045741
302585.053126 4123861.787854 0.000000 0.045666
302585.013866 4123861.821540 0.000000 0.045586
302584.974224 4123861.855391 0.000000 0.045497
302584.934196 4123861.889406 0.000000 0.045402
302584.893779 4123861.923587 0.000000 0.045301
302584.852966 4123861.957934 0.000000 0.045192
302584.811752 4123861.992447 0.000000 0.045075
302584.770132 4123862.027130 0.000000 0.044951
302584.728100 4123862.061982 0.000000 0.044820
302584.685649 4123862.097006 0.000000 0.044678
302584.642771 4123862.132204 0.000000 0.044530
302584.599459 4123862.167579 0.000000 0.044373
302584.555705 4123862.203135 0.000000 0.044206
302584.511499 4123862.238873 0.000000 0.044029
302584.466833 4123862.274799 0.000000 0.043845
302584.421697 4123862.310915 0.000000 0.043648
302584.376079 4123862.347228 0.000000 0.043443
302584.329968 4123862.383742 0.000000 0.043225
302584.283353 4123862.420462 0.000000 0.042996
302584.236220 4123862.457394 0.000000 0.042757
302584.188555 4123862.494546 0.000000 0.042504
302584.140345 4123862.531923 0.000000 0.042240
302584.091574 4123862.569533 0.000000 0.041962
302584.042225 4123862.607385 0.000000 0.041671
302583.992282 4123862.645486 0.000000 0.041367
302583.941727 4123862.683846 0.000000 0.041047
302583.890540 4123862.722475 0.000000 0.040715
302583.838701 4123862.761382 0.000000 0.040367
302583.786190 4123862.800578 0.000000 0.040004
302583.732983 4123862.840076 0.000000 0.039626
302583.679058 4123862.879886 0.000000 0.039232
302583.624390 4123862.920022 0.000000 0.038823
302583.568953 4123862.960497 0.000000 0.038397
302583.512720 4123863.001325 0.000000 0.037956
302583.455663 4123863.042520 0.000000 0.037499
302583.397752 4123863.084099 0.000000 0.037027
302583.338955 4123863.126076 0.000000 0.036540
302583.279241 4123863.168470 0.000000 0.036035
302583.218576 4123863.211297 0.000000 0.035516
302583.156923 4123863.254576 0.000000 0.034981
302583.094246 4123863.298326 0.000000 0.034431
302583.030507 4123863.342567 0.000000 0.033864
302582.965665 4123863.387320 0.000000 0.033284
302582.899678 4123863.432605 0.000000 0.032687
302582.832505 4123863.478445 0.000000 0.032074
302582.764100 4123863.524862 0.000000 0.031448
302582.694417 4123863.571879 0.000000 0.030809
302582.623409 4123863.619522 0.000000 0.030157
302582.551027 4123863.667813 0.000000 0.029493
302582.477223 4123863.716778 0.000000 0.028821
302582.401944 4123863.766443 0.000000 0.028140
302582.325138 4123863.816832 0.000000 0.027453
302582.246754 4123863.867973 0.000000 0.026761
302582.166736 4123863.919891 0.000000 0.026067
302582.085030 4123863.972614 0.000000 0.025372
302582.001581 4123864.026167 0.000000 0.024680
302581.916334 4123864.080578 0.000000 0.023991
302581.829232 4123864.135872 0.000000 0.023308
302581.740219 4123864.192077 0.000000 0.022633
302581.649239 4123864.249217 0.000000 0.021968
302581.556236 4123864.307320 0.000000 0.021315
302581.461154 4123864.366409 0.000000 0.020676
302581.363939 4123864.426509 0.000000 0.020052
302581.264537 4123864.487644 0.000000 0.019446
302581.162893 4123864.549837 0.000000 0.018857
302581.058957 4123864.613108 0.000000 0.018289
302580.952677 4123864.677479 0.000000 0.017741
302580.844004 4123864.742969 0.000000 0.017216
302580.732893 4123864.809594 0.000000 0.016713
302580.619298 4123864.877371 0.000000 0.016233
302580.503178 4123864.946314 0.000000 0.015778
302580.384492 4123865.016435 0.000000 0.015348
302580.263205 4123865.087743 0.000000 0.014943
302580.139285 4123865.160246 0.000000 0.014563
302580.012701 4123865.233949 0.000000 0.014210
302579.883430 4123865.308853 0.000000 0.013882
302579.751450 4123865.384957 0.000000 0.013582
302579.616746 4123865.462258 0.000000 0.013308
302579.479307 4123865.540748 0.000000 0.013061
302579.339128 4123865.620415 0.000000 0.012842
302579.196210 4123865.701245 0.000000 0.012650
302579.050558 4123865.783217 0.000000 0.012487
302578.902187 4123865.866310 0.000000 0.012352
302578.751117 4123865.950494 0.000000 0.012246
302578.597376 4123866.035736 0.000000 0.012170
