302545.134000 4123827.476000 0.000000 -0.000000
302544.930283 4123827.593640 0.000000 -0.000000
302544.736333 4123827.705639 0.000000 -0.000000
302544.551511 4123827.812367 0.000000 -0.000001
302544.375214 4123827.914173 0.000000 -0.000001
302544.206872 4123828.011384 0.000000 -0.000002
302544.045950 4123828.104311 0.000000 -0.000005
302543.891944 4123828.193244 0.000000 -0.000008
302543.744381 4123828.278457 0.000000 -0.000013
302543.602817 4123828.360207 0.000000 -0.000020
302543.466834 4123828.438734 0.000000 -0.000030
302543.336043 4123828.514263 0.000000 -0.000043
302543.210079 4123828.587006 0.000000 -0.000059
302543.088603 4123828.657159 0.000000 -0.000080
302542.971296 4123828.724905 0.000000 -0.000106
302542.857864 4123828.790416 0.000000 -0.000139
302542.748031 4123828.853851 0.000000 -0.000178
302542.641542 4123828.915358 0.000000 -0.000224
302542.538161 4123828.975074 0.000000 -0.000279
302542.437669 4123829.033125 0.000000 -0.000344
302542.339863 4123829.089629 0.000000 -0.000419
302542.244557 4123829.144695 0.000000 -0.000504
302542.151579 4123829.198423 0.000000 -0.000602
302542.060771 4123829.250905 0.000000 -0.000712
302541.971987 4123829.302226 0.000000 -0.000835
302541.885095 4123829.352463 0.000000 -0.000973
302541.799972 4123829.401688 0.000000 -0.001125
302541.716507 4123829.449967 0.000000 -0.001293
302541.634599 4123829.497358 0.000000 -0.001477
302541.554155 4123829.543917 0.000000 -0.001678
302541.475091 4123829.589694 0.000000 -0.001897
302541.397331 4123829.634734 0.000000 -0.002133
302541.320804 4123829.679079 0.000000 -0.002389
302541.245448 4123829.722767 0.000000 -0.002665
302541.171206 4123829.765831 0.000000 -0.002961
302541.098025 4123829.808305 0.000000 -0.003278
302541.025859 4123829.850216 0.000000 -0.003616
302540.954665 4123829.891591 0.000000 -0.003978
302540.884405 4123829.932455 0.000000 -0.004362
302540.815042 4123829.972829 0.000000 -0.004769
302540.746545 4123830.012734 0.000000 -0.005200
302540.678884 4123830.052189 0.000000 -0.005657
302540.612031 4123830.091212 0.000000 -0.006138
302540.545962 4123830.129820 0.000000 -0.006645
302540.480653 4123830.168028 0.000000 -0.007178
302540.416082 4123830.205851 0.000000 -0.007735
302540.352229 4123830.243303 0.000000 -0.008319
302540.289073 4123830.280397 0.000000 -0.008928
302540.226597 4123830.317147 0.000000 -0.009563
302540.164784 4123830.353565 0.000000 -0.010223
302540.103615 4123830.389663 0.000000 -0.010908
302540.043076 4123830.425453 0.000000 -0.011617
302539.983150 4123830.460946 0.000000 -0.012349
302539.923822 4123830.496153 0.000000 -0.013106
302539.865079 4123830.531084 0.000000 -0.013885
302539.806907 4123830.565751 0.000000 -0.014686
302539.749293 4123830.600163 0.000000 -0.015510
302539.692223 4123830.634329 0.000000 -0.016353
302539.635687 4123830.668260 0.000000 -0.017217
302539.579672 4123830.701963 0.000000 -0.018100
302539.524168 4123830.735449 0.000000 -0.019003
302539.469163 4123830.768725 0.000000 -0.019923
302539.414649 4123830.801800 0.000000 -0.020861
302539.360615 4123830.834681 0.000000 -0.021815
302539.307052 4123830.867377 0.000000 -0.022785
302539.253950 4123830.899895 0.000000 -0.023770
302539.201303 4123830.932241 0.000000 -0.024770
302539.149102 4123830.964424 0.000000 -0.025781
302539.097338 4123830.996449 0.000000 -0.026808
302539.046005 4123831.028323 0.000000 -0.027845
302538.995095 4123831.060053 0.000000 -0.028893
302538.944603 4123831.091644 0.000000 -0.029951
302538.894521 4123831.123102 0.000000 -0.031020
302538.844843 4123831.154433 0.000000 -0.032098
302538.795563 4123831.185642 0.000000 -0.033182
302538.746676 4123831.216735 0.000000 -0.034275
302538.698177 4123831.247717 0.000000 -0.035374
302538.650060 4123831.278592 0.000000 -0.036480
302538.602320 4123831.309365 0.000000 -0.037589
302538.554953 4123831.340041 0.000000 -0.038703
302538.507954 4123831.370624 0.000000 -0.039821
302538.461318 4123831.401118 0.000000 -0.040942
302538.415042 4123831.431528 0.000000 -0.042064
302538.369122 4123831.461857 0.000000 -0.043190
302538.323554 4123831.492109 0.000000 -0.044313
302538.278333 4123831.522287 0.000000 -0.045441
302538.233457 4123831.552395 0.000000 -0.046564
302538.188923 4123831.582437 0.000000 -0.047688
302538.144726 4123831.612416 0.000000 -0.048809
302538.100863 4123831.642335 0.000000 -0.049929
302538.057332 4123831.672196 0.000000 -0.051042
302538.014130 4123831.702003 0.000000 -0.052157
302537.971253 4123831.731758 0.000000 -0.053262
302537.928699 4123831.761465 0.000000 -0.054368
302537.886465 4123831.791125 0.000000 -0.055462
302537.844548 4123831.820742 0.000000 -0.056556
302537.802946 4123831.850317 0.000000 -0.057638
302537.761656 4123831.879852 0.000000 -0.058716
302537.720675 4123831.909351 0.000000 -0.059785
302537.680002 4123831.938815 0.000000 -0.060847
302537.639633 4123831.968247 0.000000 -0.061901
302537.599567 4123831.997647 0.000000 -0.062944
302537.559801 4123832.027019 0.000000 -0.063980
302537.520333 4123832.056364 0.000000 -0.065005
302537.481161 4123832.085683 0.000000 -0.066022
302537.442281 4123832.114979 0.000000 -0.067026
302537.403693 4123832.144253 0.000000 -0.068023
302537.365394 4123832.173506 0.000000 -0.069006
302537.327381 4123832.202740 0.000000 -0.069979
302537.289654 4123832.231958 0.000000 -0.070941
302537.252208 4123832.261159 0.000000 -0.071889
302537.215044 4123832.290345 0.000000 -0.072824
302537.178157 4123832.319518 0.000000 -0.073750
302537.141547 4123832.348679 0.000000 -0.074658
302537.105211 4123832.377829 0.000000 -0.075555
302537.069148 4123832.406970 0.000000 -0.076438
302537.033354 4123832.436102 0.000000 -0.077306
302536.997829 4123832.465227 0.000000 -0.078158
302536.962569 4123832.494345 0.000000 -0.078996
302536.927574 4123832.523458 0.000000 -0.079818
302536.892841 4123832.552567 0.000000 -0.080625
302536.858367 4123832.581673 0.000000 -0.081413
302536.824152 4123832.610776 0.000000 -0.082187
302536.790192 4123832.639878 0.000000 -0.082943
302536.756486 4123832.668980 0.000000 -0.083680
302536.723032 4123832.698082 0.000000 -0.084400
302536.689828 4123832.727185 0.000000 -0.085102
302536.656871 4123832.756291 0.000000 -0.085785
302536.624160 4123832.785399 0.000000 -0.086450
302536.591693 4123832.814511 0.000000 -0.087094
302536.559467 4123832.843628 0.000000 -0.087722
302536.527481 4123832.872750 0.000000 -0.088328
302536.495731 4123832.901878 0.000000 -0.088913
302536.464218 4123832.931013 0.000000 -0.089482
302536.432937 4123832.960156 0.000000 -0.090029
302536.401887 4123832.989307 0.000000 -0.090556
302536.371067 4123833.018467 0.000000 -0.091063
302536.340473 4123833.047636 0.000000 -0.091552
302536.310105 4123833.076816 0.000000 -0.092018
302536.279959 4123833.106007 0.000000 -0.092467
302536.250034 4123833.135210 0.000000 -0.092894
302536.220328 4123833.164424 0.000000 -0.093305
302536.190838 4123833.193652 0.000000 -0.093694
302536.161563 4123833.222894 0.000000 -0.094066
302536.132500 4123833.252150 0.000000 -0.094420
302536.103648 4123833.281420 0.000000 -0.094756
302536.075004 4123833.310706 0.000000 -0.095075
302536.046567 4123833.340008 0.000000 -0.095379
302536.018334 4123833.369327 0.000000 -0.095665
302535.990303 4123833.398663 0.000000 -0.095938
302535.962473 4123833.428016 0.000000 -0.096199
302535.934842 4123833.457388 0.000000 -0.096446
302535.907407 4123833.486779 0.000000 -0.096681
302535.880166 4123833.516189 0.000000 -0.096906
302535.853119 4123833.545619 0.000000 -0.097122
302535.826263 4123833.575069 0.000000 -0.097330
302535.799596 4123833.604541 0.000000 -0.097532
302535.773117 4123833.634033 0.000000 -0.097726
302535.746823 4123833.663548 0.000000 -0.097917
302535.720714 4123833.693085 0.000000 -0.098106
302535.694788 4123833.722645 0.000000 -0.098292
302535.669042 4123833.752227 0.000000 -0.098476
302535.643476 4123833.781834 0.000000 -0.098664
302535.618088 4123833.811464 0.000000 -0.098852
302535.592876 4123833.841119 0.000000 -0.099044
302535.567840 4123833.870799 0.000000 -0.099240
302535.542977 4123833.900503 0.000000 -0.099440
302535.518287 4123833.930233 0.000000 -0.099651
302535.493769 4123833.959989 0.000000 -0.099866
302535.469420 4123833.989771 0.000000 -0.100092
302535.445241 4123834.019579 0.000000 -0.100329
302535.421230 4123834.049414 0.000000 -0.100577
302535.397386 4123834.079276 0.000000 -0.100837
302535.373708 4123834.109165 0.000000 -0.101112
302535.350195 4123834.139082 0.000000 -0.101400
302535.326847 4123834.169026 0.000000 -0.101704
302535.303662 4123834.198998 0.000000 -0.102025
302535.280640 4123834.228998 0.000000 -0.102363
302535.257781 4123834.259027 0.000000 -0.102719
302535.235083 4123834.289084 0.000000 -0.103093
302535.212546 4123834.319169 0.000000 -0.103488
302535.190170 4123834.349283 0.000000 -0.103902
302535.167954 4123834.379426 0.000000 -0.104338
302535.145898 4123834.409599 0.000000 -0.104795
302535.124001 4123834.439800 0.000000 -0.105273
302535.102264 4123834.470030 0.000000 -0.105771
302535.080686 4123834.500290 0.000000 -0.106297
302535.059266 4123834.530580 0.000000 -0.106840
302535.038005 4123834.560899 0.000000 -0.107407
302535.016903 4123834.591247 0.000000 -0.107998
302534.995959 4123834.621626 0.000000 -0.108610
302534.975174 4123834.652034 0.000000 -0.109246
302534.954548 4123834.682472 0.000000 -0.109903
302534.934080 4123834.712939 0.000000 -0.110582
302534.913772 4123834.743437 0.000000 -0.111283
302534.893622 4123834.773965 0.000000 -0.112004
302534.873632 4123834.804523 0.000000 -0.112744
302534.853801 4123834.835111 0.000000 -0.113505
302534.834130 4123834.865729 0.000000 -0.114284
302534.814618 4123834.896377 0.000000 -0.115081
302534.795268 4123834.927055 0.000000 -0.115895
302534.776078 4123834.957764 0.000000 -0.116721
302534.757049 4123834.988503 0.000000 -0.117563
302534.738181 4123835.019273 0.000000 -0.118417
302534.719475 4123835.050073 0.000000 -0.119281
302534.700932 4123835.080904 0.000000 -0.120156
302534.682551 4123835.111765 0.000000 -0.121038
302534.664333 4123835.142657 0.000000 -0.121927
302534.646279 4123835.173580 0.000000 -0.122819
302534.628388 4123835.204534 0.000000 -0.123717
302534.610662 4123835.235520 0.000000 -0.124614
302534.593100 4123835.266536 0.000000 -0.125513
302534.575703 4123835.297584 0.000000 -0.126410
302534.558472 4123835.328663 0.000000 -0.127303
302534.541406 4123835.359775 0.000000 -0.128194
302534.524507 4123835.390918 0.000000 -0.129074
302534.507774 4123835.422094 0.000000 -0.129950
302534.491208 4123835.453302 0.000000 -0.130814
302534.474809 4123835.484543 0.000000 -0.131667
302534.458577 4123835.515816 0.000000 -0.132506
302534.442513 4123835.547123 0.000000 -0.133331
302534.426618 4123835.578464 0.000000 -0.134138
302534.410890 4123835.609839 0.000000 -0.134927
302534.395330 4123835.641247 0.000000 -0.135697
302534.379940 4123835.672691 0.000000 -0.136443
302534.364717 4123835.704169 0.000000 -0.137167
302534.349664 4123835.735683 0.000000 -0.137865
302534.334780 4123835.767233 0.000000 -0.138538
302534.320064 4123835.798820 0.000000 -0.139180
302534.305518 4123835.830443 0.000000 -0.139792
302534.291140 4123835.862103 0.000000 -0.140375
302534.276931 4123835.893802 0.000000 -0.140923
302534.262891 4123835.925539 0.000000 -0.141438
302534.249020 4123835.957315 0.000000 -0.141915
302534.235318 4123835.989130 0.000000 -0.142357
302534.221784 4123836.020986 0.000000 -0.142760
302534.208418 4123836.052883 0.000000 -0.143123
302534.195220 4123836.084821 0.000000 -0.143446
302534.182190 4123836.116801 0.000000 -0.143727
302534.169327 4123836.148825 0.000000 -0.143966
302534.156631 4123836.180892 0.000000 -0.144160
302534.144102 4123836.213004 0.000000 -0.144312
302534.131739 4123836.245161 0.000000 -0.144416
302534.119542 4123836.277364 0.000000 -0.144478
302534.107510 4123836.309615 0.000000 -0.144492
302534.095643 4123836.341913 0.000000 -0.144459
302534.083940 4123836.374259 0.000000 -0.144379
302534.072401 4123836.406656 0.000000 -0.144254
302534.061025 4123836.439103 0.000000 -0.144082
302534.049811 4123836.471601 0.000000 -0.143861
302534.038759 4123836.504152 0.000000 -0.143596
302534.027868 4123836.536757 0.000000 -0.143283
302534.017137 4123836.569416 0.000000 -0.142925
302534.006566 4123836.602131 0.000000 -0.142523
302533.996154 4123836.634902 0.000000 -0.142075
302533.985899 4123836.667731 0.000000 -0.141582
302533.975802 4123836.700619 0.000000 -0.141048
302533.965861 4123836.733567 0.000000 -0.140469
302533.956076 4123836.766576 0.000000 -0.139850
302533.946445 4123836.799647 0.000000 -0.139191
302533.936967 4123836.832782 0.000000 -0.138491
302533.927643 4123836.865981 0.000000 -0.137755
302533.918470 4123836.899246 0.000000 -0.136980
302533.909448 4123836.932579 0.000000 -0.136169
302533.900576 4123836.965979 0.000000 -0.135325
302533.891853 4123836.999450 0.000000 -0.134446
302533.883278 4123837.032991 0.000000 -0.133537
302533.874850 4123837.066605 0.000000 -0.132596
302533.866568 4123837.100292 0.000000 -0.131628
302533.858431 4123837.134054 0.000000 -0.130631
302533.850438 4123837.167892 0.000000 -0.129610
302533.842587 4123837.201808 0.000000 -0.128564
302533.834879 4123837.235803 0.000000 -0.127496
302533.827312 4123837.269879 0.000000 -0.126409
302533.819884 4123837.304036 0.000000 -0.125301
302533.812596 4123837.338277 0.000000 -0.124177
302533.805445 4123837.372602 0.000000 -0.123037
302533.798431 4123837.407014 0.000000 -0.121886
302533.791554 4123837.441513 0.000000 -0.120721
302533.784811 4123837.476102 0.000000 -0.119546
302533.778202 4123837.510781 0.000000 -0.118364
302533.771726 4123837.545553 0.000000 -0.117175
302533.765383 4123837.580418 0.000000 -0.115982
302533.759170 4123837.615379 0.000000 -0.114786
302533.753087 4123837.650437 0.000000 -0.113589
302533.747134 4123837.685593 0.000000 -0.112393
302533.741310 4123837.720850 0.000000 -0.111200
302533.735613 4123837.756208 0.000000 -0.110011
302533.730042 4123837.791670 0.000000 -0.108829
302533.724598 4123837.827236 0.000000 -0.107653
302533.719279 4123837.862910 0.000000 -0.106488
302533.714084 4123837.898692 0.000000 -0.105334
302533.709013 4123837.934584 0.000000 -0.104190
302533.704065 4123837.970587 0.000000 -0.103063
302533.699239 4123838.006705 0.000000 -0.101951
302533.694535 4123838.042938 0.000000 -0.100855
302533.689952 4123838.079287 0.000000 -0.099778
302533.685490 4123838.115756 0.000000 -0.098722
302533.681148 4123838.152346 0.000000 -0.097686
302533.676925 4123838.189057 0.000000 -0.096673
302533.672822 4123838.225894 0.000000 -0.095684
302533.668837 4123838.262856 0.000000 -0.094720
302533.664971 4123838.299946 0.000000 -0.093782
302533.661223 4123838.337167 0.000000 -0.092871
302533.657593 4123838.374519 0.000000 -0.091989
302533.654081 4123838.412005 0.000000 -0.091135
302533.650686 4123838.449627 0.000000 -0.090312
302533.647409 4123838.487386 0.000000 -0.089519
302533.644250 4123838.525285 0.000000 -0.088758
302533.641208 4123838.563325 0.000000 -0.088028
302533.638284 4123838.601510 0.000000 -0.087331
302533.635479 4123838.639840 0.000000 -0.086667
302533.632791 4123838.678317 0.000000 -0.086036
302533.630222 4123838.716945 0.000000 -0.085439
302533.627772 4123838.755724 0.000000 -0.084876
302533.625441 4123838.794658 0.000000 -0.084346
302533.623230 4123838.833747 0.000000 -0.083851
302533.621140 4123838.872995 0.000000 -0.083389
302533.619171 4123838.912404 0.000000 -0.082962
302533.617324 4123838.951976 0.000000 -0.082568
302533.615600 4123838.991713 0.000000 -0.082208
302533.613999 4123839.031617 0.000000 -0.081881
302533.612523 4123839.071691 0.000000 -0.081587
302533.611173 4123839.111937 0.000000 -0.081327
302533.609950 4123839.152358 0.000000 -0.081097
302533.608855 4123839.192955 0.000000 -0.080900
302533.607889 4123839.233732 0.000000 -0.080733
302533.607055 4123839.274691 0.000000 -0.080597
302533.606353 4123839.315834 0.000000 -0.080490
302533.605785 4123839.357164 0.000000 -0.080412
302533.605352 4123839.398684 0.000000 -0.080362
302533.605057 4123839.440396 0.000000 -0.080339
302533.604902 4123839.482303 0.000000 -0.080343
302533.604888 4123839.524408 0.000000 -0.080371
302533.605017 4123839.566714 0.000000 -0.080424
302533.605292 4123839.609222 0.000000 -0.080500
302533.605715 4123839.651937 0.000000 -0.080597
302533.606288 4123839.694862 0.000000 -0.080716
302533.607014 4123839.737998 0.000000 -0.080853
302533.607895 4123839.781350 0.000000 -0.081010
302533.608934 4123839.824920 0.000000 -0.081183
302533.610134 4123839.868712 0.000000 -0.081371
302533.611497 4123839.912729 0.000000 -0.081574
302533.613027 4123839.956973 0.000000 -0.081790
302533.614727 4123840.001450 0.000000 -0.082017
302533.616599 4123840.046161 0.000000 -0.082255
302533.618648 4123840.091111 0.000000 -0.082500
302533.620876 4123840.136302 0.000000 -0.082753
302533.623288 4123840.181740 0.000000 -0.083011
302533.625886 4123840.227427 0.000000 -0.083273
302533.628675 4123840.273367 0.000000 -0.083537
302533.631659 4123840.319564 0.000000 -0.083802
302533.634840 4123840.366022 0.000000 -0.084066
302533.638225 4123840.412746 0.000000 -0.084328
302533.641816 4123840.459739 0.000000 -0.084586
302533.645618 4123840.507005 0.000000 -0.084839
302533.649636 4123840.554549 0.000000 -0.085086
302533.653874 4123840.602376 0.000000 -0.085325
302533.658336 4123840.650490 0.000000 -0.085555
302533.663028 4123840.698895 0.000000 -0.085776
302533.667955 4123840.747597 0.000000 -0.085985
302533.673122 4123840.796600 0.000000 -0.086182
302533.678533 4123840.845910 0.000000 -0.086365
302533.684194 4123840.895531 0.000000 -0.086533
302533.690111 4123840.945469 0.000000 -0.086686
302533.696290 4123840.995730 0.000000 -0.086821
302533.702735 4123841.046319 0.000000 -0.086938
302533.709453 4123841.097242 0.000000 -0.087036
302533.716451 4123841.148505 0.000000 -0.087113
302533.723734 4123841.200115 0.000000 -0.087167
302533.731308 4123841.252078 0.000000 -0.087199
302533.739181 4123841.304401 0.000000 -0.087206
302533.747358 4123841.357090 0.000000 -0.087187
302533.755847 4123841.410154 0.000000 -0.087141
302533.764656 4123841.463600 0.000000 -0.087067
302533.773790 4123841.517434 0.000000 -0.086962
302533.783259 4123841.571667 0.000000 -0.086826
302533.793068 4123841.626306 0.000000 -0.086657
302533.803227 4123841.681359 0.000000 -0.086455
302533.813744 4123841.736837 0.000000 -0.086217
302533.824626 4123841.792749 0.000000 -0.085942
302533.835882 4123841.849104 0.000000 -0.085629
302533.847521 4123841.905913 0.000000 -0.085277
302533.859553 4123841.963187 0.000000 -0.084884
302533.871985 4123842.020938 0.000000 -0.084449
302533.884829 4123842.079176 0.000000 -0.083972
302533.898093 4123842.137914 0.000000 -0.083450
302533.911787 4123842.197165 0.000000 -0.082884
302533.925923 4123842.256943 0.000000 -0.082271
302533.940511 4123842.317261 0.000000 -0.081612
302533.955560 4123842.378133 0.000000 -0.080906
302533.971084 4123842.439575 0.000000 -0.080152
302533.987093 4123842.501603 0.000000 -0.079350
302534.003600 4123842.564233 0.000000 -0.078499
302534.020616 4123842.627482 0.000000 -0.077600
302534.038154 4123842.691368 0.000000 -0.076652
302534.056227 4123842.755909 0.000000 -0.075657
302534.074848 4123842.821125 0.000000 -0.074613
302534.094031 4123842.887037 0.000000 -0.073523
302534.113790 4123842.953665 0.000000 -0.072386
302534.134140 4123843.021031 0.000000 -0.071204
302534.155095 4123843.089157 0.000000 -0.069978
302534.176670 4123843.158069 0.000000 -0.068711
302534.198882 4123843.227790 0.000000 -0.067406
302534.221747 4123843.298345 0.000000 -0.066070
302534.245281 4123843.369764 0.000000 -0.064708
302534.269502 4123843.442073 0.000000 -0.063327
302534.294428 4123843.515303 0.000000 -0.061932
302534.320079 4123843.589486 0.000000 -0.060529
302534.346475 4123843.664658 0.000000 -0.059124
302534.373639 4123843.740855 0.000000 -0.057719
302534.401592 4123843.818118 0.000000 -0.056320
302534.430362 4123843.896492 0.000000 -0.054927
302534.459976 4123843.976025 0.000000 -0.053541
302534.490463 4123844.056772 0.000000 -0.052163
302534.521856 4123844.138790 0.000000 -0.050791
302534.554193 4123844.222147 0.000000 -0.049422
302534.587513 4123844.306913 0.000000 -0.048054
302534.621859 4123844.393170 0.000000 -0.046683
302534.657280 4123844.481007 0.000000 -0.045304
302534.693830 4123844.570522 0.000000 -0.043912
302534.731568 4123844.661824 0.000000 -0.042503
302534.770559 4123844.755034 0.000000 -0.041073
302534.810875 4123844.850285 0.000000 -0.039617
302534.852594 4123844.947724 0.000000 -0.038133
302534.895803 4123845.047513 0.000000 -0.036617
302534.940598 4123845.149830 0.000000 -0.035070
302534.987084 4123845.254870 0.000000 -0.033492
302535.035374 4123845.362846 0.000000 -0.031885
302535.085594 4123845.473993 0.000000 -0.030252
302535.137880 4123845.588566 0.000000 -0.028600
302535.192380 4123845.706843 0.000000 -0.026936
302535.249257 4123845.829125 0.000000 -0.025267
302535.308685 4123845.955741 0.000000 -0.023603
302535.370854 4123846.087047 0.000000 -0.021954
302535.435969 4123846.223427 0.000000 -0.020332
302535.504253 4123846.365298 0.000000 -0.018745
302535.575945 4123846.513106 0.000000 -0.017205
302535.651303 4123846.667336 0.000000 -0.015720
302535.730603 4123846.828505 0.000000 -0.014299
302535.814144 4123846.997170 0.000000 -0.012949
302535.902243 4123847.173929 0.000000 -0.011676
302535.995244 4123847.359421 0.000000 -0.010483
302536.093510 4123847.554329 0.000000 -0.009374
302536.197432 4123847.759383 0.000000 -0.008349
302536.307426 4123847.975360 0.000000 -0.007407
302536.423935 4123848.203090 0.000000 -0.006548
302536.547431 4123848.443453 0.000000 -0.005769
302536.678413 4123848.697387 0.000000 -0.005066
302536.817415 4123848.965884 0.000000 -0.004435
