302536.965000 4123849.250000 0.000000 0.000805
302537.030238 4123849.367279 0.000000 0.000805
302537.093294 4123849.480662 0.000000 0.000787
302537.154255 4123849.590306 0.000000 0.000767
302537.213211 4123849.696367 0.000000 0.000744
302537.270247 4123849.798994 0.000000 0.000718
302537.325447 4123849.898338 0.000000 0.000690
302537.378893 4123849.994541 0.000000 0.000658
302537.430665 4123850.087748 0.000000 0.000625
302537.480840 4123850.178095 0.000000 0.000588
302537.529497 4123850.265719 0.000000 0.000549
302537.576708 4123850.350750 0.000000 0.000508
302537.622545 4123850.433317 0.000000 0.000465
302537.667080 4123850.513546 0.000000 0.000421
302537.710379 4123850.591556 0.000000 0.000376
302537.752510 4123850.667467 0.000000 0.000329
302537.793536 4123850.741392 0.000000 0.000283
302537.833519 4123850.813442 0.000000 0.000236
302537.872519 4123850.883723 0.000000 0.000190
302537.910594 4123850.952339 0.000000 0.000146
302537.947799 4123851.019391 0.000000 0.000103
302537.984188 4123851.084972 0.000000 0.000063
302538.019813 4123851.149178 0.000000 0.000025
302538.054723 4123851.212095 0.000000 -0.000009
302538.088966 4123851.273809 0.000000 -0.000040
302538.122586 4123851.334402 0.000000 -0.000067
302538.155628 4123851.393952 0.000000 -0.000090
302538.188133 4123851.452532 0.000000 -0.000109
302538.220140 4123851.510214 0.000000 -0.000123
302538.251687 4123851.567065 0.000000 -0.000133
302538.282808 4123851.623149 0.000000 -0.000139
302538.313538 4123851.678526 0.000000 -0.000141
302538.343907 4123851.733252 0.000000 -0.000138
302538.373946 4123851.787382 0.000000 -0.000133
302538.403683 4123851.840966 0.000000 -0.000124
302538.433142 4123851.894050 0.000000 -0.000113
302538.462350 4123851.946679 0.000000 -0.000100
302538.491327 4123851.998892 0.000000 -0.000083
302538.520095 4123852.050728 0.000000 -0.000067
302538.548673 4123852.102221 0.000000 -0.000048
302538.577079 4123852.153402 0.000000 -0.000031
302538.605327 4123852.204301 0.000000 -0.000011
302538.633433 4123852.254943 0.000000 0.000007
302538.661410 4123852.305351 0.000000 0.000024
302538.689268 4123852.355547 0.000000 0.000041
302538.717019 4123852.405548 0.000000 0.000057
302538.744670 4123852.455371 0.000000 0.000072
302538.772229 4123852.505029 0.000000 0.000085
302538.799702 4123852.554533 0.000000 0.000097
302538.827096 4123852.603892 0.000000 0.000107
302538.854412 4123852.653115 0.000000 0.000116
302538.881656 4123852.702207 0.000000 0.000122
302538.908828 4123852.751171 0.000000 0.000128
302538.935931 4123852.800011 0.000000 0.000133
302538.962965 4123852.848726 0.000000 0.000136
302538.989928 4123852.897317 0.000000 0.000138
302539.016822 4123852.945782 0.000000 0.000139
302539.043643 4123852.994119 0.000000 0.000139
302539.070391 4123853.042323 0.000000 0.000138
302539.097062 4123853.090390 0.000000 0.000136
302539.123654 4123853.138315 0.000000 0.000135
302539.150163 4123853.186091 0.000000 0.000131
302539.176586 4123853.233714 0.000000 0.000127
302539.202919 4123853.281174 0.000000 0.000123
302539.229158 4123853.328465 0.000000 0.000118
302539.255298 4123853.375579 0.000000 0.000113
302539.281335 4123853.422509 0.000000 0.000107
302539.307264 4123853.469245 0.000000 0.000100
302539.333082 4123853.515781 0.000000 0.000095
302539.358783 4123853.562106 0.000000 0.000087
302539.384363 4123853.608215 0.000000 0.000081
302539.409818 4123853.654098 0.000000 0.000073
302539.435143 4123853.699747 0.000000 0.000066
302539.460335 4123853.745156 0.000000 0.000058
302539.485388 4123853.790316 0.000000 0.000050
302539.510300 4123853.835221 0.000000 0.000042
302539.535066 4123853.879865 0.000000 0.000034
302539.559684 4123853.924241 0.000000 0.000026
302539.584150 4123853.968343 0.000000 0.000018
302539.608462 4123854.012167 0.000000 0.000009
302539.632616 4123854.055708 0.000000 0.000002
302539.656611 4123854.098961 0.000000 -0.000006
302539.680445 4123854.141925 0.000000 -0.000015
302539.704117 4123854.184594 0.000000 -0.000022
302539.727624 4123854.226969 0.000000 -0.000030
302539.750967 4123854.269046 0.000000 -0.000038
302539.774145 4123854.310826 0.000000 -0.000045
302539.797157 4123854.352308 0.000000 -0.000052
302539.820005 4123854.393492 0.000000 -0.000060
302539.842689 4123854.434380 0.000000 -0.000065
302539.865209 4123854.474974 0.000000 -0.000072
302539.887568 4123854.515277 0.000000 -0.000076
302539.909767 4123854.555290 0.000000 -0.000083
302539.931808 4123854.595019 0.000000 -0.000086
302539.953694 4123854.634468 0.000000 -0.000093
302539.975427 4123854.673642 0.000000 -0.000094
302539.997012 4123854.712546 0.000000 -0.000099
302540.018450 4123854.751187 0.000000 -0.000101
302540.039747 4123854.789571 0.000000 -0.000104
302540.060905 4123854.827707 0.000000 -0.000105
302540.081930 4123854.865601 0.000000 -0.000106
302540.102825 4123854.903261 0.000000 -0.000106
302540.123596 4123854.940697 0.000000 -0.000106
302540.144247 4123854.977917 0.000000 -0.000104
302540.164784 4123855.014930 0.000000 -0.000102
302540.185211 4123855.051745 0.000000 -0.000100
302540.205534 4123855.088373 0.000000 -0.000097
302540.225759 4123855.124822 0.000000 -0.000094
302540.245890 4123855.161103 0.000000 -0.000090
302540.265933 4123855.197225 0.000000 -0.000085
302540.285894 4123855.233198 0.000000 -0.000081
302540.305779 4123855.269033 0.000000 -0.000075
302540.325592 4123855.304739 0.000000 -0.000069
302540.345339 4123855.340327 0.000000 -0.000063
302540.365026 4123855.375805 0.000000 -0.000058
302540.384658 4123855.411184 0.000000 -0.000049
302540.404240 4123855.446473 0.000000 -0.000043
302540.423777 4123855.481681 0.000000 -0.000035
302540.443275 4123855.516818 0.000000 -0.000028
302540.462738 4123855.551893 0.000000 -0.000021
302540.482172 4123855.586915 0.000000 -0.000012
302540.501581 4123855.621891 0.000000 -0.000005
302540.520969 4123855.656830 0.000000 0.000003
302540.540341 4123855.691740 0.000000 0.000012
302540.559701 4123855.726629 0.000000 0.000018
302540.579053 4123855.761504 0.000000 0.000027
302540.598402 4123855.796371 0.000000 0.000034
302540.617750 4123855.831238 0.000000 0.000042
302540.637100 4123855.866111 0.000000 0.000048
302540.656457 4123855.900994 0.000000 0.000055
302540.675824 4123855.935895 0.000000 0.000063
302540.695202 4123855.970818 0.000000 0.000068
302540.714595 4123856.005767 0.000000 0.000074
302540.734006 4123856.040748 0.000000 0.000080
302540.753435 4123856.075763 0.000000 0.000086
302540.772886 4123856.110817 0.000000 0.000090
302540.792359 4123856.145912 0.000000 0.000096
302540.811857 4123856.181052 0.000000 0.000100
302540.831381 4123856.216238 0.000000 0.000105
302540.850931 4123856.251473 0.000000 0.000107
302540.870509 4123856.286758 0.000000 0.000111
302540.890115 4123856.322094 0.000000 0.000115
302540.909750 4123856.357483 0.000000 0.000117
302540.929415 4123856.392924 0.000000 0.000118
302540.949108 4123856.428418 0.000000 0.000121
302540.968830 4123856.463965 0.000000 0.000122
302540.988581 4123856.499565 0.000000 0.000123
302541.008361 4123856.535216 0.000000 0.000125
302541.028168 4123856.570917 0.000000 0.000124
302541.048002 4123856.606667 0.000000 0.000125
302541.067862 4123856.642465 0.000000 0.000125
302541.087748 4123856.678309 0.000000 0.000124
302541.107658 4123856.714197 0.000000 0.000123
302541.127590 4123856.750127 0.000000 0.000122
302541.147545 4123856.786096 0.000000 0.000120
302541.167520 4123856.822103 0.000000 0.000118
302541.187514 4123856.858144 0.000000 0.000117
302541.207525 4123856.894217 0.000000 0.000114
302541.227553 4123856.930320 0.000000 0.000110
302541.247595 4123856.966450 0.000000 0.000108
302541.267651 4123857.002604 0.000000 0.000104
302541.287718 4123857.038780 0.000000 0.000100
302541.307795 4123857.074974 0.000000 0.000096
302541.327882 4123857.111184 0.000000 0.000091
302541.347975 4123857.147409 0.000000 0.000087
302541.368075 4123857.183644 0.000000 0.000082
302541.388179 4123857.219887 0.000000 0.000077
302541.408287 4123857.256137 0.000000 0.000071
302541.428396 4123857.292391 0.000000 0.000065
302541.448507 4123857.328646 0.000000 0.000059
302541.468617 4123857.364902 0.000000 0.000052
302541.488726 4123857.401155 0.000000 0.000045
302541.508832 4123857.437405 0.000000 0.000039
302541.528936 4123857.473649 0.000000 0.000032
302541.549036 4123857.509886 0.000000 0.000025
302541.569131 4123857.546115 0.000000 0.000017
302541.589221 4123857.582336 0.000000 0.000009
302541.609306 4123857.618547 0.000000 0.000002
302541.629386 4123857.654747 0.000000 -0.000006
302541.649459 4123857.690936 0.000000 -0.000015
302541.669526 4123857.727115 0.000000 -0.000022
302541.689587 4123857.763282 0.000000 -0.000031
302541.709642 4123857.799439 0.000000 -0.000040
302541.729692 4123857.835586 0.000000 -0.000048
302541.749737 4123857.871724 0.000000 -0.000056
302541.769777 4123857.907852 0.000000 -0.000066
302541.789813 4123857.943974 0.000000 -0.000074
302541.809846 4123857.980090 0.000000 -0.000082
302541.829876 4123858.016201 0.000000 -0.000090
302541.849906 4123858.052310 0.000000 -0.000099
302541.869936 4123858.088420 0.000000 -0.000106
302541.889967 4123858.124531 0.000000 -0.000114
302541.910001 4123858.160647 0.000000 -0.000121
302541.930040 4123858.196771 0.000000 -0.000129
302541.950085 4123858.232906 0.000000 -0.000135
302541.970138 4123858.269055 0.000000 -0.000143
302541.990201 4123858.305221 0.000000 -0.000148
302542.010276 4123858.341408 0.000000 -0.000154
302542.030366 4123858.377621 0.000000 -0.000159
302542.050471 4123858.413863 0.000000 -0.000163
302542.070596 4123858.450139 0.000000 -0.000167
302542.090743 4123858.486452 0.000000 -0.000170
302542.110913 4123858.522809 0.000000 -0.000174
302542.131110 4123858.559213 0.000000 -0.000175
302542.151337 4123858.595669 0.000000 -0.000176
302542.171595 4123858.632183 0.000000 -0.000176
302542.191889 4123858.668760 0.000000 -0.000176
302542.212222 4123858.705405 0.000000 -0.000174
302542.232595 4123858.742124 0.000000 -0.000173
302542.253013 4123858.778922 0.000000 -0.000169
302542.273479 4123858.815806 0.000000 -0.000166
302542.293995 4123858.852780 0.000000 -0.000162
302542.314566 4123858.889852 0.000000 -0.000157
302542.335194 4123858.927026 0.000000 -0.000151
302542.355883 4123858.964311 0.000000 -0.000144
302542.376637 4123859.001711 0.000000 -0.000137
302542.397459 4123859.039233 0.000000 -0.000130
302542.418353 4123859.076883 0.000000 -0.000121
302542.439322 4123859.114670 0.000000 -0.000112
302542.460370 4123859.152598 0.000000 -0.000103
302542.481501 4123859.190676 0.000000 -0.000093
302542.502719 4123859.228910 0.000000 -0.000083
302542.524029 4123859.267308 0.000000 -0.000073
302542.545433 4123859.305876 0.000000 -0.000062
302542.566936 4123859.344623 0.000000 -0.000052
302542.588542 4123859.383556 0.000000 -0.000041
302542.610256 4123859.422683 0.000000 -0.000030
302542.632083 4123859.462011 0.000000 -0.000019
302542.654025 4123859.501549 0.000000 -0.000009
302542.676089 4123859.541306 0.000000 0.000001
302542.698279 4123859.581290 0.000000 0.000011
302542.720600 4123859.621509 0.000000 0.000020
302542.743057 4123859.661973 0.000000 0.000030
302542.765654 4123859.702691 0.000000 0.000038
302542.788398 4123859.743673 0.000000 0.000046
302542.811293 4123859.784928 0.000000 0.000053
302542.834345 4123859.826466 0.000000 0.000060
302542.857560 4123859.868299 0.000000 0.000066
302542.880944 4123859.910435 0.000000 0.000071
302542.904504 4123859.952888 0.000000 0.000075
302542.928244 4123859.995668 0.000000 0.000078
302542.952172 4123860.038787 0.000000 0.000080
302542.976295 4123860.082257 0.000000 0.000081
302543.000620 4123860.126090 0.000000 0.000081
302543.025154 4123860.170301 0.000000 0.000080
302543.049904 4123860.214902 0.000000 0.000078
302543.074878 4123860.259908 0.000000 0.000074
302543.100085 4123860.305333 0.000000 0.000070
302543.125532 4123860.351192 0.000000 0.000064
302543.151229 4123860.397501 0.000000 0.000057
302543.177185 4123860.444276 0.000000 0.000049
302543.203408 4123860.491534 0.000000 0.000040
302543.229909 4123860.539293 0.000000 0.000029
302543.256698 4123860.587571 0.000000 0.000018
302543.283785 4123860.636387 0.000000 0.000006
302543.311182 4123860.685761 0.000000 -0.000006
302543.338900 4123860.735714 0.000000 -0.000018
302543.366952 4123860.786268 0.000000 -0.000028
302543.395351 4123860.837447 0.000000 -0.000037
302543.424111 4123860.889277 0.000000 -0.000044
302543.453248 4123860.941785 0.000000 -0.000048
302543.482777 4123860.995001 0.000000 -0.000049
302543.512718 4123861.048958 0.000000 -0.000045
302543.543090 4123861.103691 0.000000 -0.000036
302543.573915 4123861.159241 0.000000 -0.000023
302543.605218 4123861.215650 0.000000 -0.000003
302543.637024 4123861.272968 0.000000 0.000022
302543.669364 4123861.331248 0.000000 0.000055
302543.702271 4123861.390549 0.000000 0.000094
302543.735780 4123861.450938 0.000000 0.000140
302543.769932 4123861.512485 0.000000 0.000192
302543.804772 4123861.575274 0.000000 0.000251
302543.840347 4123861.639392 0.000000 0.000314
302543.876713 4123861.704938 0.000000 0.000383
302543.913929 4123861.772022 0.000000 0.000456
302543.952061 4123861.840762 0.000000 0.000531
302543.991182 4123861.911290 0.000000 0.000608
302544.031369 4123861.983751 0.000000 0.000685
302544.072711 4123862.058303 0.000000 0.000760
302544.115301 4123862.135119 0.000000 0.000832
302544.159244 4123862.214387 0.000000 0.000900
302544.204651 4123862.296314 0.000000 0.000963
302544.251645 4123862.381122 0.000000 0.001018
302544.300359 4123862.469056 0.000000 0.001065
302544.350937 4123862.560376 0.000000 0.001103
302544.403534 4123862.655370 0.000000 0.001131
302544.458319 4123862.754343 0.000000 0.001150
302544.515472 4123862.857627 0.000000 0.001159
302544.575189 4123862.965580 0.000000 0.001158
302544.637679 4123863.078584 0.000000 0.001147
302544.703166 4123863.197053 0.000000 0.001129
302544.771893 4123863.321427 0.000000 0.001103
302544.844116 4123863.452178 0.000000 0.001070
302544.920112 4123863.589813 0.000000 0.001031
302545.000175 4123863.734870 0.000000 0.000988
302545.084619 4123863.887925 0.000000 0.000941
302545.173777 4123864.049590 0.000000 0.000892
302545.268005 4123864.220516 0.000000 0.000841
302545.367681 4123864.401396 0.000000 0.000790
302545.473204 4123864.592965 0.000000 0.000739
