302518.757000 4123816.503000 0.000000 -0.005146
302518.823278 4123816.626806 0.000000 -0.005146
302518.886927 4123816.745499 0.000000 -0.005295
302518.948105 4123816.859392 0.000000 -0.005423
302519.006960 4123816.968781 0.000000 -0.005530
302519.063633 4123817.073943 0.000000 -0.005613
302519.118256 4123817.175144 0.000000 -0.005669
302519.170955 4123817.272630 0.000000 -0.005697
302519.221848 4123817.366636 0.000000 -0.005696
302519.271047 4123817.457381 0.000000 -0.005664
302519.318655 4123817.545072 0.000000 -0.005603
302519.364770 4123817.629904 0.000000 -0.005510
302519.409486 4123817.712058 0.000000 -0.005389
302519.452889 4123817.791705 0.000000 -0.005239
302519.495059 4123817.869004 0.000000 -0.005063
302519.536072 4123817.944105 0.000000 -0.004864
302519.576000 4123818.017146 0.000000 -0.004643
302519.614908 4123818.088257 0.000000 -0.004404
302519.652858 4123818.157560 0.000000 -0.004150
302519.689908 4123818.225167 0.000000 -0.003885
302519.726111 4123818.291181 0.000000 -0.003612
302519.761517 4123818.355701 0.000000 -0.003335
302519.796172 4123818.418816 0.000000 -0.003057
302519.830118 4123818.480610 0.000000 -0.002782
302519.863396 4123818.541158 0.000000 -0.002511
302519.896043 4123818.600533 0.000000 -0.002250
302519.928091 4123818.658800 0.000000 -0.001998
302519.959573 4123818.716020 0.000000 -0.001759
302519.990518 4123818.772247 0.000000 -0.001535
302520.020952 4123818.827534 0.000000 -0.001325
302520.050901 4123818.881929 0.000000 -0.001132
302520.080387 4123818.935473 0.000000 -0.000956
302520.109430 4123818.988208 0.000000 -0.000798
302520.138051 4123819.040169 0.000000 -0.000657
302520.166268 4123819.091392 0.000000 -0.000533
302520.194097 4123819.141906 0.000000 -0.000425
302520.221553 4123819.191742 0.000000 -0.000333
302520.248651 4123819.240925 0.000000 -0.000255
302520.275404 4123819.289480 0.000000 -0.000191
302520.301823 4123819.337429 0.000000 -0.000138
302520.327922 4123819.384794 0.000000 -0.000098
302520.353709 4123819.431595 0.000000 -0.000065
302520.379197 4123819.477850 0.000000 -0.000043
302520.404392 4123819.523576 0.000000 -0.000025
302520.429306 4123819.568790 0.000000 -0.000014
302520.453946 4123819.613507 0.000000 -0.000008
302520.478321 4123819.657742 0.000000 -0.000003
302520.502437 4123819.701509 0.000000 -0.000001
302520.526303 4123819.744822 0.000000 -0.000000
302520.549926 4123819.787692 0.000000 -0.000000
302520.573312 4123819.830134 0.000000 0.000000
302520.596468 4123819.872158 0.000000 -0.000001
302520.619400 4123819.913775 0.000000 0.000000
302520.642115 4123819.954998 0.000000 0.000000
302520.664618 4123819.995837 0.000000 -0.000001
302520.686915 4123820.036302 0.000000 -0.000000
302520.709011 4123820.076403 0.000000 0.000000
302520.730912 4123820.116150 0.000000 -0.000000
302520.752623 4123820.155551 0.000000 0.000000
302520.774149 4123820.194615 0.000000 -0.000000
302520.795493 4123820.233352 0.000000 0.000000
302520.816662 4123820.271769 0.000000 -0.000001
302520.837659 4123820.309874 0.000000 0.000000
302520.858487 4123820.347675 0.000000 0.000000
302520.879153 4123820.385178 0.000000 0.000000
302520.899658 4123820.422392 0.000000 0.000000
302520.920008 4123820.459323 0.000000 -0.000000
302520.940205 4123820.495976 0.000000 0.000000
302520.960253 4123820.532360 0.000000 -0.000000
302520.980155 4123820.568479 0.000000 -0.000001
302520.999915 4123820.604339 0.000000 0.000000
302521.019535 4123820.639946 0.000000 -0.000000
302521.039019 4123820.675306 0.000000 -0.000000
302521.058370 4123820.710424 0.000000 0.000000
302521.077589 4123820.745304 0.000000 -0.000000
302521.096681 4123820.779952 0.000000 0.000000
302521.115647 4123820.814372 0.000000 -0.000000
302521.134490 4123820.848568 0.000000 -0.000000
302521.153212 4123820.882546 0.000000 0.000001
302521.171817 4123820.916309 0.000000 -0.000001
302521.190305 4123820.949861 0.000000 0.000000
302521.208679 4123820.983207 0.000000 0.000000
302521.226941 4123821.016350 0.000000 -0.000000
302521.245094 4123821.049294 0.000000 0.000000
302521.263139 4123821.082043 0.000000 -0.000000
302521.281078 4123821.114599 0.000000 0.000000
302521.298914 4123821.146967 0.000000 -0.000000
302521.316647 4123821.179149 0.000000 0.000000
302521.334280 4123821.211150 0.000000 -0.000001
302521.351814 4123821.242971 0.000000 0.000001
302521.369251 4123821.274617 0.000000 -0.000001
302521.386593 4123821.306089 0.000000 0.000001
302521.403842 4123821.337392 0.000000 -0.000001
302521.420998 4123821.368527 0.000000 0.000001
302521.438064 4123821.399499 0.000000 -0.000001
302521.455040 4123821.430308 0.000000 0.000001
302521.471929 4123821.460958 0.000000 -0.000001
302521.488732 4123821.491453 0.000000 0.000000
302521.505450 4123821.521793 0.000000 -0.000000
302521.522085 4123821.551982 0.000000 0.000000
302521.538638 4123821.582022 0.000000 -0.000000
302521.555110 4123821.611916 0.000000 0.000000
302521.571503 4123821.641666 0.000000 -0.000000
302521.587818 4123821.671274 0.000000 -0.000000
302521.604056 4123821.700744 0.000000 0.000000
302521.620219 4123821.730076 0.000000 -0.000001
302521.636307 4123821.759273 0.000000 0.000001
302521.652322 4123821.788338 0.000000 0.000000
302521.668266 4123821.817273 0.000000 -0.000001
302521.684139 4123821.846080 0.000000 0.000000
302521.699943 4123821.874760 0.000000 -0.000001
302521.715678 4123821.903317 0.000000 -0.000000
302521.731346 4123821.931752 0.000000 0.000000
302521.746949 4123821.960067 0.000000 0.000000
302521.762486 4123821.988265 0.000000 -0.000001
302521.777960 4123822.016347 0.000000 0.000000
302521.793371 4123822.044316 0.000000 0.000000
302521.808721 4123822.072173 0.000000 0.000000
302521.824010 4123822.099920 0.000000 -0.000000
302521.839240 4123822.127559 0.000000 -0.000001
302521.854412 4123822.155093 0.000000 0.000002
302521.869526 4123822.182523 0.000000 -0.000001
302521.884585 4123822.209851 0.000000 0.000001
302521.899588 4123822.237079 0.000000 -0.000000
302521.914537 4123822.264209 0.000000 -0.000001
302521.929433 4123822.291242 0.000000 0.000000
302521.944277 4123822.318182 0.000000 -0.000000
302521.959070 4123822.345028 0.000000 0.000001
302521.973813 4123822.371784 0.000000 0.000001
302521.988507 4123822.398451 0.000000 -0.000000
302522.003153 4123822.425030 0.000000 -0.000000
302522.017752 4123822.451525 0.000000 -0.000001
302522.032305 4123822.477935 0.000000 -0.000000
302522.046812 4123822.504264 0.000000 0.000000
302522.061276 4123822.530513 0.000000 0.000000
302522.075697 4123822.556684 0.000000 -0.000001
302522.090075 4123822.582779 0.000000 0.000000
302522.104413 4123822.608798 0.000000 0.000002
302522.118710 4123822.634745 0.000000 -0.000002
302522.132968 4123822.660620 0.000000 0.000001
302522.147187 4123822.686426 0.000000 -0.000001
302522.161369 4123822.712164 0.000000 0.000001
302522.175515 4123822.737835 0.000000 -0.000000
302522.189625 4123822.763443 0.000000 -0.000000
302522.203700 4123822.788987 0.000000 0.000001
302522.217742 4123822.814470 0.000000 -0.000001
302522.231751 4123822.839894 0.000000 0.000000
302522.245728 4123822.865259 0.000000 0.000000
302522.259674 4123822.890569 0.000000 -0.000001
302522.273590 4123822.915824 0.000000 0.000002
302522.287476 4123822.941025 0.000000 -0.000000
302522.301335 4123822.966175 0.000000 0.000000
302522.315165 4123822.991275 0.000000 0.000000
302522.328969 4123823.016327 0.000000 -0.000000
302522.342747 4123823.041331 0.000000 -0.000001
302522.356500 4123823.066291 0.000000 -0.000001
302522.370229 4123823.091206 0.000000 0.000001
302522.383934 4123823.116079 0.000000 -0.000000
302522.397617 4123823.140910 0.000000 -0.000000
302522.411278 4123823.165702 0.000000 0.000001
302522.424918 4123823.190456 0.000000 0.000000
302522.438537 4123823.215173 0.000000 -0.000000
302522.452137 4123823.239854 0.000000 0.000001
302522.465718 4123823.264501 0.000000 0.000001
302522.479281 4123823.289115 0.000000 -0.000001
302522.492827 4123823.313698 0.000000 0.000001
302522.506355 4123823.338250 0.000000 0.000000
302522.519868 4123823.362772 0.000000 -0.000000
302522.533365 4123823.387267 0.000000 0.000000
302522.546847 4123823.411735 0.000000 -0.000001
302522.560315 4123823.436177 0.000000 0.000002
302522.573770 4123823.460595 0.000000 -0.000002
302522.587211 4123823.484989 0.000000 0.000001
302522.600641 4123823.509360 0.000000 0.000001
302522.614058 4123823.533710 0.000000 0.000000
302522.627464 4123823.558040 0.000000 -0.000000
302522.640859 4123823.582350 0.000000 -0.000000
302522.654245 4123823.606642 0.000000 0.000002
302522.667620 4123823.630915 0.000000 -0.000001
302522.680986 4123823.655173 0.000000 -0.000001
302522.694344 4123823.679414 0.000000 0.000002
302522.707693 4123823.703640 0.000000 -0.000001
302522.721034 4123823.727852 0.000000 -0.000001
302522.734368 4123823.752051 0.000000 0.000001
302522.747695 4123823.776236 0.000000 0.000001
302522.761015 4123823.800410 0.000000 -0.000001
302522.774329 4123823.824573 0.000000 -0.000000
302522.787637 4123823.848724 0.000000 -0.000000
302522.800940 4123823.872866 0.000000 0.000000
302522.814237 4123823.896998 0.000000 -0.000000
302522.827530 4123823.921122 0.000000 -0.000001
302522.840818 4123823.945237 0.000000 -0.000000
302522.854101 4123823.969344 0.000000 -0.000001
302522.867381 4123823.993444 0.000000 -0.000000
302522.880657 4123824.017538 0.000000 0.000001
302522.893929 4123824.041625 0.000000 0.000001
302522.907198 4123824.065706 0.000000 -0.000002
302522.920465 4123824.089782 0.000000 0.000001
302522.933728 4123824.113852 0.000000 -0.000000
302522.946989 4123824.137918 0.000000 0.000000
302522.960248 4123824.161980 0.000000 -0.000000
302522.973504 4123824.186038 0.000000 -0.000000
302522.986758 4123824.210092 0.000000 0.000001
302523.000010 4123824.234142 0.000000 -0.000001
302523.013261 4123824.258190 0.000000 -0.000000
302523.026510 4123824.282234 0.000000 0.000001
302523.039758 4123824.306276 0.000000 0.000000
302523.053004 4123824.330316 0.000000 -0.000001
302523.066249 4123824.354353 0.000000 -0.000001
302523.079493 4123824.378389 0.000000 0.000001
302523.092736 4123824.402422 0.000000 -0.000001
302523.105978 4123824.426454 0.000000 -0.000000
302523.119219 4123824.450485 0.000000 -0.000000
302523.132460 4123824.474514 0.000000 0.000000
302523.145700 4123824.498542 0.000000 -0.000001
302523.158939 4123824.522569 0.000000 0.000000
302523.172178 4123824.546594 0.000000 0.000001
302523.185416 4123824.570619 0.000000 -0.000000
302523.198654 4123824.594644 0.000000 0.000001
302523.211892 4123824.618667 0.000000 -0.000001
302523.225129 4123824.642690 0.000000 0.000000
302523.238366 4123824.666713 0.000000 -0.000002
302523.251602 4123824.690735 0.000000 0.000001
302523.264839 4123824.714756 0.000000 0.000001
302523.278075 4123824.738778 0.000000 0.000000
302523.291311 4123824.762799 0.000000 -0.000000
302523.304547 4123824.786819 0.000000 -0.000001
302523.317783 4123824.810840 0.000000 0.000002
302523.331018 4123824.834860 0.000000 0.000000
302523.344254 4123824.858881 0.000000 -0.000003
302523.357489 4123824.882901 0.000000 0.000001
302523.370725 4123824.906921 0.000000 -0.000001
302523.383960 4123824.930940 0.000000 0.000001
302523.397196 4123824.954960 0.000000 -0.000001
302523.410431 4123824.978980 0.000000 0.000001
302523.423667 4123825.003000 0.000000 -0.000002
302523.436902 4123825.027019 0.000000 0.000001
302523.450137 4123825.051039 0.000000 -0.000001
302523.463373 4123825.075059 0.000000 -0.000000
302523.476608 4123825.099078 0.000000 0.000001
302523.489843 4123825.123098 0.000000 -0.000001
302523.503078 4123825.147118 0.000000 0.000001
302523.516314 4123825.171137 0.000000 -0.000000
302523.529549 4123825.195157 0.000000 -0.000000
302523.542784 4123825.219176 0.000000 0.000000
302523.556020 4123825.243196 0.000000 0.000001
302523.569255 4123825.267216 0.000000 -0.000001
302523.582490 4123825.291235 0.000000 0.000000
302523.595725 4123825.315255 0.000000 -0.000000
302523.608961 4123825.339275 0.000000 -0.000001
302523.622196 4123825.363294 0.000000 0.000002
302523.635431 4123825.387314 0.000000 -0.000001
302523.648667 4123825.411333 0.000000 -0.000001
302523.661902 4123825.435353 0.000000 0.000001
302523.675137 4123825.459373 0.000000 -0.000001
302523.688373 4123825.483392 0.000000 -0.000001
302523.701608 4123825.507412 0.000000 0.000001
302523.714843 4123825.531431 0.000000 0.000001
302523.728078 4123825.555451 0.000000 0.000000
302523.741314 4123825.579471 0.000000 0.000001
302523.754549 4123825.603490 0.000000 -0.000002
302523.767784 4123825.627510 0.000000 0.000000
302523.781020 4123825.651529 0.000000 0.000001
302523.794255 4123825.675549 0.000000 0.000000
302523.807490 4123825.699569 0.000000 0.000000
302523.820725 4123825.723588 0.000000 -0.000000
302523.833961 4123825.747608 0.000000 0.000001
302523.847196 4123825.771627 0.000000 -0.000001
302523.860431 4123825.795647 0.000000 0.000001
302523.873667 4123825.819667 0.000000 -0.000001
302523.886902 4123825.843686 0.000000 0.000001
302523.900137 4123825.867706 0.000000 -0.000001
302523.913373 4123825.891725 0.000000 -0.000000
302523.926608 4123825.915745 0.000000 0.000001
302523.939843 4123825.939765 0.000000 -0.000001
302523.953078 4123825.963784 0.000000 -0.000000
302523.966314 4123825.987804 0.000000 -0.000001
302523.979549 4123826.011824 0.000000 0.000000
302523.992784 4123826.035843 0.000000 0.000000
302524.006020 4123826.059863 0.000000 -0.000002
302524.019255 4123826.083882 0.000000 0.000002
302524.032490 4123826.107902 0.000000 -0.000001
302524.045725 4123826.131922 0.000000 -0.000000
302524.058961 4123826.155941 0.000000 0.000001
302524.072196 4123826.179961 0.000000 0.000000
302524.085431 4123826.203980 0.000000 -0.000001
302524.098667 4123826.228000 0.000000 0.000001
302524.111902 4123826.252020 0.000000 -0.000001
302524.125137 4123826.276039 0.000000 0.000000
302524.138373 4123826.300059 0.000000 0.000001
302524.151608 4123826.324078 0.000000 -0.000001
302524.164843 4123826.348098 0.000000 0.000000
302524.178078 4123826.372118 0.000000 -0.000003
302524.191314 4123826.396137 0.000000 0.000001
302524.204549 4123826.420157 0.000000 -0.000001
302524.217784 4123826.444176 0.000000 0.000002
302524.231020 4123826.468196 0.000000 -0.000001
302524.244255 4123826.492216 0.000000 0.000000
302524.257490 4123826.516235 0.000000 -0.000001
302524.270725 4123826.540255 0.000000 -0.000000
302524.283961 4123826.564275 0.000000 0.000001
302524.297196 4123826.588294 0.000000 -0.000001
302524.310431 4123826.612314 0.000000 0.000000
302524.323667 4123826.636333 0.000000 -0.000001
302524.336902 4123826.660353 0.000000 -0.000000
302524.350137 4123826.684373 0.000000 -0.000001
302524.363373 4123826.708392 0.000000 0.000000
302524.376608 4123826.732412 0.000000 0.000000
302524.389843 4123826.756431 0.000000 -0.000001
302524.403078 4123826.780451 0.000000 0.000000
302524.416314 4123826.804471 0.000000 -0.000001
302524.429549 4123826.828490 0.000000 -0.000000
302524.442784 4123826.852510 0.000000 0.000000
302524.456020 4123826.876529 0.000000 -0.000000
302524.469255 4123826.900549 0.000000 0.000001
302524.482490 4123826.924569 0.000000 -0.000001
302524.495725 4123826.948588 0.000000 0.000001
302524.508961 4123826.972608 0.000000 -0.000000
302524.522196 4123826.996627 0.000000 0.000001
302524.535431 4123827.020647 0.000000 -0.000001
302524.548667 4123827.044667 0.000000 0.000001
302524.561902 4123827.068686 0.000000 -0.000000
302524.575137 4123827.092706 0.000000 -0.000001
302524.588373 4123827.116725 0.000000 0.000000
302524.601608 4123827.140745 0.000000 0.000001
302524.614843 4123827.164765 0.000000 -0.000000
302524.628078 4123827.188784 0.000000 0.000000
302524.641314 4123827.212804 0.000000 0.000001
302524.654549 4123827.236824 0.000000 0.000001
302524.667784 4123827.260843 0.000000 -0.000000
302524.681020 4123827.284863 0.000000 -0.000001
302524.694255 4123827.308882 0.000000 -0.000000
302524.707490 4123827.332902 0.000000 0.000000
302524.720725 4123827.356922 0.000000 0.000001
302524.733961 4123827.380941 0.000000 0.000001
302524.747196 4123827.404961 0.000000 -0.000000
302524.760431 4123827.428980 0.000000 0.000001
302524.773667 4123827.453000 0.000000 -0.000001
302524.786902 4123827.477020 0.000000 0.000001
302524.800137 4123827.501039 0.000000 0.000001
302524.813373 4123827.525059 0.000000 -0.000001
302524.826608 4123827.549078 0.000000 0.000002
302524.839843 4123827.573098 0.000000 -0.000002
302524.853078 4123827.597118 0.000000 0.000001
302524.866314 4123827.621137 0.000000 0.000000
302524.879549 4123827.645157 0.000000 -0.000000
302524.892784 4123827.669176 0.000000 -0.000001
302524.906020 4123827.693196 0.000000 0.000000
302524.919255 4123827.717216 0.000000 0.000000
302524.932490 4123827.741235 0.000000 -0.000002
302524.945725 4123827.765255 0.000000 0.000001
302524.958961 4123827.789275 0.000000 0.000000
302524.972196 4123827.813294 0.000000 -0.000001
302524.985431 4123827.837314 0.000000 -0.000001
302524.998667 4123827.861333 0.000000 -0.000000
302525.011902 4123827.885353 0.000000 0.000001
302525.025137 4123827.909373 0.000000 -0.000000
302525.038373 4123827.933392 0.000000 0.000001
302525.051608 4123827.957412 0.000000 -0.000001
302525.064843 4123827.981431 0.000000 -0.000000
302525.078078 4123828.005451 0.000000 -0.000000
302525.091314 4123828.029471 0.000000 -0.000001
302525.104549 4123828.053490 0.000000 0.000000
302525.117784 4123828.077510 0.000000 -0.000001
302525.131020 4123828.101529 0.000000 -0.000001
302525.144255 4123828.125549 0.000000 -0.000003
302525.157490 4123828.149568 0.000000 -0.000002
302525.170725 4123828.173588 0.000000 -0.000003
302525.183960 4123828.197607 0.000000 -0.000001
302525.197196 4123828.221627 0.000000 -0.000005
302525.210431 4123828.245646 0.000000 -0.000004
302525.223666 4123828.269665 0.000000 -0.000006
302525.236901 4123828.293684 0.000000 -0.000008
302525.250136 4123828.317703 0.000000 -0.000008
302525.263371 4123828.341722 0.000000 -0.000010
302525.276606 4123828.365741 0.000000 -0.000012
302525.289840 4123828.389759 0.000000 -0.000014
302525.303075 4123828.413778 0.000000 -0.000015
302525.316310 4123828.437796 0.000000 -0.000018
302525.329544 4123828.461813 0.000000 -0.000023
302525.342778 4123828.485830 0.000000 -0.000024
302525.356012 4123828.509847 0.000000 -0.000029
302525.369246 4123828.533864 0.000000 -0.000032
302525.382479 4123828.557879 0.000000 -0.000036
302525.395712 4123828.581895 0.000000 -0.000041
302525.408945 4123828.605909 0.000000 -0.000048
302525.422177 4123828.629923 0.000000 -0.000051
302525.435409 4123828.653936 0.000000 -0.000059
302525.448640 4123828.677948 0.000000 -0.000065
302525.461871 4123828.701958 0.000000 -0.000071
302525.475102 4123828.725968 0.000000 -0.000081
302525.488331 4123828.749976 0.000000 -0.000087
302525.501560 4123828.773983 0.000000 -0.000097
302525.514788 4123828.797988 0.000000 -0.000106
302525.528015 4123828.821991 0.000000 -0.000116
302525.541241 4123828.845993 0.000000 -0.000127
302525.554466 4123828.869992 0.000000 -0.000142
302525.567690 4123828.893989 0.000000 -0.000152
302525.580913 4123828.917983 0.000000 -0.000165
302525.594134 4123828.941974 0.000000 -0.000180
302525.607354 4123828.965963 0.000000 -0.000194
302525.620572 4123828.989948 0.000000 -0.000213
302525.633788 4123829.013930 0.000000 -0.000229
302525.647003 4123829.037908 0.000000 -0.000246
302525.660215 4123829.061882 0.000000 -0.000266
302525.673425 4123829.085851 0.000000 -0.000285
302525.686633 4123829.109815 0.000000 -0.000308
302525.699838 4123829.133775 0.000000 -0.000331
302525.713041 4123829.157729 0.000000 -0.000354
302525.726240 4123829.181677 0.000000 -0.000378
302525.739437 4123829.205618 0.000000 -0.000407
302525.752630 4123829.229553 0.000000 -0.000432
302525.765819 4123829.253481 0.000000 -0.000462
302525.779004 4123829.277401 0.000000 -0.000494
302525.792186 4123829.301313 0.000000 -0.000522
302525.805363 4123829.325216 0.000000 -0.000556
302525.818535 4123829.349110 0.000000 -0.000589
302525.831703 4123829.372994 0.000000 -0.000625
302525.844865 4123829.396868 0.000000 -0.000663
302525.858022 4123829.420731 0.000000 -0.000699
302525.871173 4123829.444582 0.000000 -0.000739
302525.884318 4123829.468421 0.000000 -0.000780
302525.897457 4123829.492247 0.000000 -0.000820
302525.910589 4123829.516060 0.000000 -0.000867
302525.923714 4123829.539859 0.000000 -0.000911
302525.936831 4123829.563643 0.000000 -0.000957
302525.949941 4123829.587411 0.000000 -0.001004
302525.963042 4123829.611162 0.000000 -0.001054
302525.976135 4123829.634897 0.000000 -0.001102
302525.989219 4123829.658614 0.000000 -0.001156
302526.002293 4123829.682312 0.000000 -0.001206
302526.015358 4123829.705990 0.000000 -0.001262
302526.028412 4123829.729648 0.000000 -0.001318
302526.041456 4123829.753285 0.000000 -0.001373
302526.054489 4123829.776900 0.000000 -0.001430
302526.067511 4123829.800492 0.000000 -0.001493
302526.080521 4123829.824061 0.000000 -0.001549
302526.093518 4123829.847604 0.000000 -0.001612
302526.106502 4123829.871122 0.000000 -0.001675
302526.119474 4123829.894614 0.000000 -0.001737
302526.132431 4123829.918078 0.000000 -0.001804
302526.145375 4123829.941514 0.000000 -0.001868
302526.158304 4123829.964921 0.000000 -0.001935
302526.171217 4123829.988298 0.000000 -0.002003
302526.184116 4123830.011643 0.000000 -0.002072
302526.196998 4123830.034957 0.000000 -0.002138
302526.209864 4123830.058238 0.000000 -0.002212
302526.222713 4123830.081484 0.000000 -0.002281
302526.235544 4123830.104696 0.000000 -0.002353
302526.248358 4123830.127872 0.000000 -0.002425
302526.261153 4123830.151012 0.000000 -0.002497
302526.273930 4123830.174114 0.000000 -0.002570
302526.286687 4123830.197177 0.000000 -0.002644
302526.299424 4123830.220202 0.000000 -0.002717
302526.312142 4123830.243185 0.000000 -0.002791
302526.324838 4123830.266128 0.000000 -0.002863
302526.337514 4123830.289029 0.000000 -0.002940
302526.350169 4123830.311886 0.000000 -0.003010
302526.362801 4123830.334700 0.000000 -0.003086
302526.375411 4123830.357470 0.000000 -0.003158
302526.387999 4123830.380194 0.000000 -0.003232
302526.400564 4123830.402872 0.000000 -0.003304
302526.413105 4123830.425503 0.000000 -0.003376
302526.425622 4123830.448087 0.000000 -0.003450
302526.438115 4123830.470622 0.000000 -0.003520
302526.450584 4123830.493109 0.000000 -0.003591
302526.463028 4123830.515545 0.000000 -0.003661
302526.475446 4123830.537932 0.000000 -0.003728
302526.487840 4123830.560267 0.000000 -0.003799
302526.500207 4123830.582552 0.000000 -0.003864
302526.512549 4123830.604784 0.000000 -0.003930
302526.524864 4123830.626963 0.000000 -0.003997
302526.537153 4123830.649089 0.000000 -0.004056
302526.549415 4123830.671162 0.000000 -0.004124
302526.561650 4123830.693181 0.000000 -0.004184
302526.573857 4123830.715146 0.000000 -0.004242
302526.586038 4123830.737056 0.000000 -0.004301
302526.598191 4123830.758911 0.000000 -0.004358
302526.610316 4123830.780710 0.000000 -0.004409
302526.622413 4123830.802454 0.000000 -0.004467
302526.634483 4123830.824142 0.000000 -0.004514
302526.646524 4123830.845773 0.000000 -0.004566
302526.658537 4123830.867349 0.000000 -0.004614
302526.670522 4123830.888867 0.000000 -0.004657
302526.682479 4123830.910330 0.000000 -0.004703
302526.694407 4123830.931735 0.000000 -0.004743
302526.706307 4123830.953084 0.000000 -0.004781
302526.718178 4123830.974376 0.000000 -0.004821
302526.730022 4123830.995612 0.000000 -0.004853
302526.741836 4123831.016790 0.000000 -0.004885
302526.753623 4123831.037912 0.000000 -0.004913
302526.765381 4123831.058978 0.000000 -0.004941
302526.777111 4123831.079987 0.000000 -0.004967
302526.788813 4123831.100940 0.000000 -0.004986
302526.800487 4123831.121837 0.000000 -0.005009
302526.812133 4123831.142678 0.000000 -0.005023
302526.823751 4123831.163463 0.000000 -0.005038
302526.835342 4123831.184194 0.000000 -0.005051
302526.846905 4123831.204869 0.000000 -0.005056
302526.858441 4123831.225489 0.000000 -0.005064
302526.869949 4123831.246056 0.000000 -0.005067
302526.881431 4123831.266568 0.000000 -0.005070
302526.892886 4123831.287027 0.000000 -0.005065
302526.904314 4123831.307432 0.000000 -0.005062
302526.915716 4123831.327785 0.000000 -0.005056
302526.927092 4123831.348086 0.000000 -0.005043
302526.938442 4123831.368336 0.000000 -0.005033
302526.949767 4123831.388534 0.000000 -0.005017
302526.961066 4123831.408681 0.000000 -0.005001
302526.972340 4123831.428778 0.000000 -0.004980
302526.983589 4123831.448826 0.000000 -0.004957
302526.994814 4123831.468825 0.000000 -0.004934
302527.006015 4123831.488775 0.000000 -0.004903
302527.017192 4123831.508678 0.000000 -0.004879
302527.028345 4123831.528533 0.000000 -0.004845
302527.039475 4123831.548342 0.000000 -0.004810
302527.050582 4123831.568105 0.000000 -0.004775
302527.061666 4123831.587823 0.000000 -0.004734
302527.072728 4123831.607496 0.000000 -0.004697
302527.083769 4123831.627125 0.000000 -0.004652
302527.094787 4123831.646711 0.000000 -0.004609
302527.105784 4123831.666255 0.000000 -0.004563
302527.116761 4123831.685756 0.000000 -0.004511
302527.127716 4123831.705217 0.000000 -0.004464
302527.138652 4123831.724637 0.000000 -0.004411
302527.149567 4123831.744017 0.000000 -0.004355
302527.160464 4123831.763359 0.000000 -0.004304
302527.171341 4123831.782662 0.000000 -0.004246
302527.182199 4123831.801927 0.000000 -0.004185
302527.193039 4123831.821156 0.000000 -0.004125
302527.203860 4123831.840348 0.000000 -0.004066
302527.214664 4123831.859505 0.000000 -0.004001
302527.225451 4123831.878628 0.000000 -0.003939
302527.236221 4123831.897716 0.000000 -0.003872
302527.246974 4123831.916772 0.000000 -0.003806
302527.257711 4123831.935795 0.000000 -0.003740
302527.268432 4123831.954786 0.000000 -0.003671
302527.279138 4123831.973746 0.000000 -0.003604
302527.289828 4123831.992676 0.000000 -0.003531
302527.300504 4123832.011576 0.000000 -0.003463
302527.311165 4123832.030448 0.000000 -0.003391
302527.321812 4123832.049291 0.000000 -0.003318
302527.332446 4123832.068107 0.000000 -0.003248
302527.343066 4123832.086897 0.000000 -0.003173
302527.353673 4123832.105660 0.000000 -0.003102
302527.364268 4123832.124398 0.000000 -0.003026
302527.374850 4123832.143112 0.000000 -0.002956
302527.385420 4123832.161801 0.000000 -0.002883
302527.395979 4123832.180468 0.000000 -0.002808
302527.406526 4123832.199111 0.000000 -0.002735
302527.417063 4123832.217733 0.000000 -0.002663
302527.427588 4123832.236334 0.000000 -0.002588
302527.438104 4123832.254914 0.000000 -0.002516
302527.448609 4123832.273474 0.000000 -0.002444
302527.459105 4123832.292015 0.000000 -0.002375
302527.469592 4123832.310537 0.000000 -0.002298
302527.480069 4123832.329041 0.000000 -0.002231
302527.490538 4123832.347527 0.000000 -0.002161
302527.500998 4123832.365997 0.000000 -0.002090
302527.511450 4123832.384450 0.000000 -0.002018
302527.521895 4123832.402888 0.000000 -0.001956
302527.532331 4123832.421310 0.000000 -0.001885
302527.542761 4123832.439718 0.000000 -0.001817
302527.553183 4123832.458112 0.000000 -0.001756
302527.563599 4123832.476492 0.000000 -0.001687
302527.574008 4123832.494859 0.000000 -0.001628
302527.584411 4123832.513214 0.000000 -0.001564
302527.594808 4123832.531557 0.000000 -0.001500
302527.605199 4123832.549889 0.000000 -0.001444
302527.615585 4123832.568209 0.000000 -0.001381
302527.625965 4123832.586519 0.000000 -0.001325
302527.636341 4123832.604819 0.000000 -0.001270
302527.646711 4123832.623109 0.000000 -0.001211
302527.657077 4123832.641390 0.000000 -0.001159
302527.667439 4123832.659662 0.000000 -0.001105
302527.677796 4123832.677926 0.000000 -0.001055
302527.688150 4123832.696182 0.000000 -0.001003
302527.698499 4123832.714430 0.000000 -0.000958
302527.708845 4123832.732671 0.000000 -0.000909
302527.719188 4123832.750906 0.000000 -0.000863
302527.729527 4123832.769133 0.000000 -0.000821
302527.739864 4123832.787355 0.000000 -0.000777
302527.750197 4123832.805571 0.000000 -0.000735
302527.760528 4123832.823781 0.000000 -0.000697
302527.770856 4123832.841986 0.000000 -0.000657
302527.781181 4123832.860186 0.000000 -0.000620
302527.791505 4123832.878382 0.000000 -0.000580
302527.801826 4123832.896573 0.000000 -0.000551
302527.812145 4123832.914760 0.000000 -0.000514
302527.822462 4123832.932943 0.000000 -0.000484
302527.832777 4123832.951123 0.000000 -0.000453
302527.843091 4123832.969299 0.000000 -0.000422
302527.853403 4123832.987472 0.000000 -0.000401
302527.863713 4123833.005642 0.000000 -0.000369
302527.874022 4123833.023810 0.000000 -0.000347
302527.884330 4123833.041974 0.000000 -0.000318
302527.894637 4123833.060137 0.000000 -0.000302
302527.904943 4123833.078297 0.000000 -0.000277
302527.915247 4123833.096455 0.000000 -0.000258
302527.925551 4123833.114611 0.000000 -0.000240
302527.935853 4123833.132766 0.000000 -0.000219
302527.946155 4123833.150919 0.000000 -0.000205
302527.956457 4123833.169070 0.000000 -0.000185
302527.966757 4123833.187220 0.000000 -0.000170
302527.977057 4123833.205368 0.000000 -0.000161
302527.987356 4123833.223516 0.000000 -0.000142
302527.997655 4123833.241662 0.000000 -0.000133
302528.007953 4123833.259808 0.000000 -0.000118
302528.018251 4123833.277952 0.000000 -0.000114
302528.028548 4123833.296096 0.000000 -0.000099
302528.038845 4123833.314239 0.000000 -0.000092
302528.049142 4123833.332381 0.000000 -0.000081
302528.059438 4123833.350523 0.000000 -0.000072
302528.069734 4123833.368664 0.000000 -0.000067
302528.080030 4123833.386805 0.000000 -0.000058
302528.090325 4123833.404945 0.000000 -0.000051
302528.100621 4123833.423085 0.000000 -0.000047
302528.110916 4123833.441224 0.000000 -0.000042
302528.121211 4123833.459363 0.000000 -0.000037
302528.131506 4123833.477502 0.000000 -0.000031
302528.141801 4123833.495641 0.000000 -0.000029
302528.152095 4123833.513779 0.000000 -0.000025
302528.162390 4123833.531917 0.000000 -0.000018
302528.172685 4123833.550055 0.000000 -0.000023
302528.182979 4123833.568193 0.000000 -0.000015
302528.193273 4123833.586331 0.000000 -0.000013
302528.203568 4123833.604469 0.000000 -0.000012
302528.213862 4123833.622607 0.000000 -0.000009
302528.224156 4123833.640744 0.000000 -0.000005
302528.234451 4123833.658882 0.000000 -0.000009
302528.244745 4123833.677019 0.000000 -0.000003
302528.255039 4123833.695156 0.000000 -0.000007
302528.265333 4123833.713294 0.000000 -0.000005
302528.275627 4123833.731431 0.000000 -0.000002
302528.285921 4123833.749568 0.000000 -0.000004
302528.296216 4123833.767706 0.000000 -0.000004
302528.306510 4123833.785843 0.000000 0.000001
302528.316804 4123833.803980 0.000000 -0.000003
302528.327098 4123833.822118 0.000000 0.000001
302528.337392 4123833.840255 0.000000 -0.000002
302528.347686 4123833.858392 0.000000 -0.000001
302528.357980 4123833.876529 0.000000 0.000001
302528.368275 4123833.894667 0.000000 0.000001
302528.378569 4123833.912804 0.000000 -0.000001
302528.388863 4123833.930941 0.000000 -0.000001
302528.399157 4123833.949078 0.000000 0.000004
302528.409451 4123833.967216 0.000000 -0.000001
302528.419745 4123833.985353 0.000000 -0.000001
302528.430039 4123834.003490 0.000000 0.000002
302528.440333 4123834.021627 0.000000 0.000000
302528.450627 4123834.039765 0.000000 0.000002
302528.460922 4123834.057902 0.000000 0.000001
302528.471216 4123834.076039 0.000000 0.000001
302528.481510 4123834.094176 0.000000 -0.000001
302528.491804 4123834.112314 0.000000 0.000000
302528.502098 4123834.130451 0.000000 0.000001
302528.512392 4123834.148588 0.000000 0.000001
302528.522686 4123834.166725 0.000000 0.000001
302528.532980 4123834.184863 0.000000 0.000000
302528.543275 4123834.203000 0.000000 0.000001
302528.553569 4123834.221137 0.000000 -0.000003
302528.563863 4123834.239275 0.000000 -0.000001
302528.574157 4123834.257412 0.000000 0.000001
302528.584451 4123834.275549 0.000000 -0.000003
302528.594745 4123834.293686 0.000000 0.000000
302528.605039 4123834.311824 0.000000 0.000002
302528.615333 4123834.329961 0.000000 -0.000001
302528.625627 4123834.348098 0.000000 -0.000001
302528.635922 4123834.366235 0.000000 -0.000000
302528.646216 4123834.384373 0.000000 0.000001
302528.656510 4123834.402510 0.000000 -0.000002
302528.666804 4123834.420647 0.000000 0.000000
302528.677098 4123834.438784 0.000000 0.000004
302528.687392 4123834.456922 0.000000 -0.000001
302528.697686 4123834.475059 0.000000 -0.000002
302528.707980 4123834.493196 0.000000 0.000000
302528.718275 4123834.511333 0.000000 -0.000001
302528.728569 4123834.529471 0.000000 -0.000002
302528.738863 4123834.547608 0.000000 0.000002
302528.749157 4123834.565745 0.000000 -0.000001
302528.759451 4123834.583882 0.000000 -0.000000
302528.769745 4123834.602020 0.000000 -0.000001
302528.780039 4123834.620157 0.000000 -0.000001
302528.790333 4123834.638294 0.000000 0.000001
302528.800627 4123834.656431 0.000000 0.000000
302528.810922 4123834.674569 0.000000 -0.000001
302528.821216 4123834.692706 0.000000 0.000003
302528.831510 4123834.710843 0.000000 -0.000002
302528.841804 4123834.728980 0.000000 0.000001
302528.852098 4123834.747118 0.000000 -0.000003
302528.862392 4123834.765255 0.000000 0.000002
302528.872686 4123834.783392 0.000000 -0.000001
302528.882980 4123834.801529 0.000000 -0.000001
302528.893275 4123834.819667 0.000000 0.000003
302528.903569 4123834.837804 0.000000 -0.000002
302528.913863 4123834.855941 0.000000 0.000003
302528.924157 4123834.874078 0.000000 0.000000
302528.934451 4123834.892216 0.000000 -0.000000
302528.944745 4123834.910353 0.000000 -0.000000
302528.955039 4123834.928490 0.000000 -0.000001
302528.965333 4123834.946627 0.000000 0.000001
302528.975627 4123834.964765 0.000000 -0.000001
302528.985922 4123834.982902 0.000000 0.000003
302528.996216 4123835.001039 0.000000 -0.000002
302529.006510 4123835.019176 0.000000 -0.000002
302529.016804 4123835.037314 0.000000 0.000003
302529.027098 4123835.055451 0.000000 -0.000002
302529.037392 4123835.073588 0.000000 0.000000
302529.047686 4123835.091725 0.000000 0.000001
302529.057980 4123835.109863 0.000000 0.000000
302529.068275 4123835.128000 0.000000 -0.000001
302529.078569 4123835.146137 0.000000 0.000002
302529.088863 4123835.164275 0.000000 -0.000000
302529.099157 4123835.182412 0.000000 -0.000002
302529.109451 4123835.200549 0.000000 0.000004
302529.119745 4123835.218686 0.000000 -0.000002
302529.130039 4123835.236824 0.000000 0.000001
302529.140333 4123835.254961 0.000000 0.000001
302529.150627 4123835.273098 0.000000 -0.000001
302529.160922 4123835.291235 0.000000 0.000000
302529.171216 4123835.309373 0.000000 -0.000003
302529.181510 4123835.327510 0.000000 -0.000000
302529.191804 4123835.345647 0.000000 0.000003
302529.202098 4123835.363784 0.000000 -0.000004
302529.212392 4123835.381922 0.000000 0.000001
302529.222686 4123835.400059 0.000000 -0.000001
302529.232980 4123835.418196 0.000000 0.000001
302529.243275 4123835.436333 0.000000 -0.000003
302529.253569 4123835.454471 0.000000 0.000004
302529.263863 4123835.472608 0.000000 -0.000003
302529.274157 4123835.490745 0.000000 -0.000000
302529.284451 4123835.508882 0.000000 -0.000001
302529.294745 4123835.527020 0.000000 -0.000000
302529.305039 4123835.545157 0.000000 0.000000
302529.315333 4123835.563294 0.000000 0.000001
302529.325627 4123835.581431 0.000000 0.000000
302529.335922 4123835.599569 0.000000 -0.000000
302529.346216 4123835.617706 0.000000 -0.000003
302529.356510 4123835.635843 0.000000 0.000002
302529.366804 4123835.653980 0.000000 0.000000
302529.377098 4123835.672118 0.000000 -0.000000
302529.387392 4123835.690255 0.000000 0.000000
302529.397686 4123835.708392 0.000000 0.000002
302529.407980 4123835.726529 0.000000 0.000002
302529.418275 4123835.744667 0.000000 -0.000004
302529.428569 4123835.762804 0.000000 0.000003
302529.438863 4123835.780941 0.000000 -0.000000
302529.449157 4123835.799078 0.000000 -0.000002
302529.459451 4123835.817216 0.000000 0.000002
302529.469745 4123835.835353 0.000000 -0.000000
302529.480039 4123835.853490 0.000000 -0.000001
302529.490333 4123835.871627 0.000000 0.000001
302529.500627 4123835.889765 0.000000 -0.000001
302529.510922 4123835.907902 0.000000 -0.000000
302529.521216 4123835.926039 0.000000 0.000000
302529.531510 4123835.944176 0.000000 0.000001
302529.541804 4123835.962314 0.000000 -0.000002
302529.552098 4123835.980451 0.000000 0.000001
302529.562392 4123835.998588 0.000000 -0.000002
302529.572686 4123836.016725 0.000000 0.000002
302529.582980 4123836.034863 0.000000 -0.000001
302529.593275 4123836.053000 0.000000 0.000002
302529.603569 4123836.071137 0.000000 -0.000001
302529.613863 4123836.089275 0.000000 -0.000000
302529.624157 4123836.107412 0.000000 0.000001
302529.634451 4123836.125549 0.000000 -0.000003
302529.644745 4123836.143686 0.000000 0.000002
302529.655039 4123836.161824 0.000000 0.000002
302529.665333 4123836.179961 0.000000 -0.000002
302529.675627 4123836.198098 0.000000 0.000003
302529.685922 4123836.216235 0.000000 -0.000003
302529.696216 4123836.234373 0.000000 -0.000001
302529.706510 4123836.252510 0.000000 0.000003
302529.716804 4123836.270647 0.000000 -0.000001
302529.727098 4123836.288784 0.000000 0.000001
302529.737392 4123836.306922 0.000000 -0.000001
302529.747686 4123836.325059 0.000000 0.000001
302529.757980 4123836.343196 0.000000 -0.000002
302529.768275 4123836.361333 0.000000 0.000004
302529.778569 4123836.379471 0.000000 -0.000002
302529.788863 4123836.397608 0.000000 0.000002
302529.799157 4123836.415745 0.000000 -0.000001
302529.809451 4123836.433882 0.000000 -0.000001
302529.819745 4123836.452020 0.000000 -0.000002
302529.830039 4123836.470157 0.000000 0.000000
302529.840333 4123836.488294 0.000000 -0.000001
302529.850627 4123836.506431 0.000000 0.000000
302529.860922 4123836.524569 0.000000 0.000002
302529.871216 4123836.542706 0.000000 0.000002
302529.881510 4123836.560843 0.000000 0.000000
302529.891804 4123836.578980 0.000000 0.000000
302529.902098 4123836.597118 0.000000 0.000000
302529.912392 4123836.615255 0.000000 0.000002
302529.922686 4123836.633392 0.000000 -0.000002
302529.932980 4123836.651529 0.000000 0.000001
302529.943275 4123836.669667 0.000000 0.000003
302529.953569 4123836.687804 0.000000 -0.000003
302529.963863 4123836.705941 0.000000 -0.000001
302529.974157 4123836.724078 0.000000 0.000002
302529.984451 4123836.742216 0.000000 0.000001
302529.994745 4123836.760353 0.000000 0.000001
302530.005039 4123836.778490 0.000000 -0.000001
302530.015333 4123836.796627 0.000000 0.000001
302530.025627 4123836.814765 0.000000 -0.000001
302530.035922 4123836.832902 0.000000 0.000002
302530.046216 4123836.851039 0.000000 -0.000001
302530.056510 4123836.869176 0.000000 -0.000002
302530.066804 4123836.887314 0.000000 0.000003
302530.077098 4123836.905451 0.000000 -0.000002
302530.087392 4123836.923588 0.000000 0.000001
302530.097686 4123836.941725 0.000000 -0.000001
302530.107980 4123836.959863 0.000000 -0.000001
302530.118275 4123836.978000 0.000000 -0.000001
302530.128569 4123836.996137 0.000000 0.000001
302530.138863 4123837.014275 0.000000 0.000002
302530.149157 4123837.032412 0.000000 -0.000000
302530.159451 4123837.050549 0.000000 0.000001
302530.169745 4123837.068686 0.000000 0.000000
302530.180039 4123837.086824 0.000000 0.000001
302530.190333 4123837.104961 0.000000 -0.000001
302530.200627 4123837.123098 0.000000 -0.000001
302530.210922 4123837.141235 0.000000 0.000002
302530.221216 4123837.159373 0.000000 -0.000000
302530.231510 4123837.177510 0.000000 -0.000002
302530.241804 4123837.195647 0.000000 0.000003
302530.252098 4123837.213784 0.000000 -0.000002
302530.262392 4123837.231922 0.000000 0.000002
302530.272686 4123837.250059 0.000000 -0.000002
302530.282980 4123837.268196 0.000000 0.000001
302530.293275 4123837.286333 0.000000 0.000001
302530.303569 4123837.304471 0.000000 0.000001
302530.313863 4123837.322608 0.000000 -0.000001
302530.324157 4123837.340745 0.000000 -0.000001
302530.334451 4123837.358882 0.000000 0.000000
302530.344745 4123837.377020 0.000000 0.000000
302530.355039 4123837.395157 0.000000 -0.000000
302530.365333 4123837.413294 0.000000 -0.000001
302530.375627 4123837.431431 0.000000 0.000001
302530.385922 4123837.449569 0.000000 0.000000
302530.396216 4123837.467706 0.000000 -0.000003
302530.406510 4123837.485843 0.000000 -0.000000
302530.416804 4123837.503980 0.000000 0.000001
302530.427098 4123837.522118 0.000000 -0.000003
302530.437392 4123837.540255 0.000000 0.000001
302530.447686 4123837.558392 0.000000 -0.000000
302530.457980 4123837.576529 0.000000 0.000001
302530.468275 4123837.594667 0.000000 -0.000000
302530.478569 4123837.612804 0.000000 0.000003
302530.488863 4123837.630941 0.000000 -0.000000
302530.499157 4123837.649078 0.000000 0.000000
302530.509451 4123837.667216 0.000000 -0.000000
302530.519745 4123837.685353 0.000000 -0.000000
302530.530039 4123837.703490 0.000000 0.000000
302530.540333 4123837.721627 0.000000 -0.000002
302530.550627 4123837.739765 0.000000 0.000001
302530.560922 4123837.757902 0.000000 0.000000
302530.571216 4123837.776039 0.000000 -0.000002
302530.581510 4123837.794176 0.000000 0.000004
302530.591804 4123837.812314 0.000000 -0.000002
302530.602098 4123837.830451 0.000000 0.000003
302530.612392 4123837.848588 0.000000 0.000001
302530.622686 4123837.866725 0.000000 -0.000003
302530.632980 4123837.884863 0.000000 0.000003
302530.643275 4123837.903000 0.000000 0.000002
302530.653569 4123837.921137 0.000000 -0.000003
302530.663863 4123837.939275 0.000000 -0.000000
302530.674157 4123837.957412 0.000000 -0.000001
302530.684451 4123837.975549 0.000000 0.000001
302530.694745 4123837.993686 0.000000 -0.000002
302530.705039 4123838.011824 0.000000 -0.000001
302530.715333 4123838.029961 0.000000 -0.000002
302530.725627 4123838.048098 0.000000 0.000004
302530.735922 4123838.066235 0.000000 -0.000001
302530.746216 4123838.084373 0.000000 0.000003
302530.756510 4123838.102510 0.000000 -0.000002
302530.766804 4123838.120647 0.000000 0.000001
302530.777098 4123838.138784 0.000000 0.000002
302530.787392 4123838.156922 0.000000 -0.000000
302530.797686 4123838.175059 0.000000 -0.000003
302530.807980 4123838.193196 0.000000 0.000002
302530.818275 4123838.211333 0.000000 0.000004
302530.828569 4123838.229471 0.000000 -0.000004
302530.838863 4123838.247608 0.000000 0.000001
302530.849157 4123838.265745 0.000000 -0.000001
302530.859451 4123838.283882 0.000000 0.000002
302530.869745 4123838.302020 0.000000 0.000001
302530.880039 4123838.320157 0.000000 0.000002
302530.890333 4123838.338294 0.000000 0.000001
302530.900627 4123838.356431 0.000000 0.000000
302530.910922 4123838.374569 0.000000 -0.000003
302530.921216 4123838.392706 0.000000 0.000000
302530.931510 4123838.410843 0.000000 0.000002
302530.941804 4123838.428980 0.000000 -0.000002
302530.952098 4123838.447118 0.000000 0.000005
302530.962392 4123838.465255 0.000000 0.000001
302530.972686 4123838.483392 0.000000 -0.000002
302530.982980 4123838.501529 0.000000 0.000002
302530.993275 4123838.519667 0.000000 -0.000001
302531.003569 4123838.537804 0.000000 -0.000000
302531.013863 4123838.555941 0.000000 -0.000003
302531.024157 4123838.574078 0.000000 0.000001
302531.034451 4123838.592216 0.000000 0.000000
302531.044745 4123838.610353 0.000000 -0.000002
302531.055039 4123838.628490 0.000000 -0.000000
302531.065333 4123838.646627 0.000000 0.000002
302531.075627 4123838.664765 0.000000 -0.000003
302531.085922 4123838.682902 0.000000 -0.000001
302531.096216 4123838.701039 0.000000 0.000001
302531.106510 4123838.719176 0.000000 -0.000002
302531.116804 4123838.737314 0.000000 0.000002
302531.127098 4123838.755451 0.000000 0.000001
302531.137392 4123838.773588 0.000000 -0.000001
302531.147686 4123838.791725 0.000000 0.000000
302531.157980 4123838.809863 0.000000 0.000000
302531.168275 4123838.828000 0.000000 0.000002
302531.178569 4123838.846137 0.000000 0.000000
302531.188863 4123838.864275 0.000000 -0.000002
302531.199157 4123838.882412 0.000000 0.000003
302531.209451 4123838.900549 0.000000 -0.000000
302531.219745 4123838.918686 0.000000 -0.000002
302531.230039 4123838.936824 0.000000 0.000002
302531.240333 4123838.954961 0.000000 0.000001
302531.250627 4123838.973098 0.000000 -0.000002
302531.260922 4123838.991235 0.000000 -0.000002
302531.271216 4123839.009373 0.000000 0.000003
302531.281510 4123839.027510 0.000000 0.000000
302531.291804 4123839.045647 0.000000 0.000000
302531.302098 4123839.063784 0.000000 -0.000000
302531.312392 4123839.081922 0.000000 0.000002
302531.322686 4123839.100059 0.000000 0.000001
302531.332980 4123839.118196 0.000000 0.000003
302531.343275 4123839.136333 0.000000 -0.000002
302531.353569 4123839.154471 0.000000 0.000002
302531.363863 4123839.172608 0.000000 -0.000001
302531.374157 4123839.190745 0.000000 0.000001
302531.384451 4123839.208882 0.000000 -0.000002
302531.394745 4123839.227020 0.000000 0.000000
302531.405039 4123839.245157 0.000000 0.000002
302531.415333 4123839.263294 0.000000 -0.000002
302531.425627 4123839.281431 0.000000 0.000000
302531.435922 4123839.299569 0.000000 0.000000
302531.446216 4123839.317706 0.000000 0.000002
302531.456510 4123839.335843 0.000000 0.000000
302531.466804 4123839.353980 0.000000 0.000001
302531.477098 4123839.372118 0.000000 0.000000
302531.487392 4123839.390255 0.000000 0.000000
302531.497686 4123839.408392 0.000000 -0.000001
302531.507980 4123839.426529 0.000000 0.000002
302531.518275 4123839.444667 0.000000 0.000000
302531.528569 4123839.462804 0.000000 -0.000000
302531.538863 4123839.480941 0.000000 0.000001
302531.549157 4123839.499078 0.000000 -0.000001
302531.559451 4123839.517216 0.000000 -0.000001
302531.569745 4123839.535353 0.000000 0.000000
302531.580039 4123839.553490 0.000000 0.000003
302531.590333 4123839.571627 0.000000 0.000001
302531.600627 4123839.589765 0.000000 -0.000001
302531.610922 4123839.607902 0.000000 -0.000001
302531.621216 4123839.626039 0.000000 -0.000000
302531.631510 4123839.644176 0.000000 0.000001
302531.641804 4123839.662314 0.000000 -0.000001
302531.652098 4123839.680451 0.000000 -0.000001
302531.662392 4123839.698588 0.000000 0.000002
302531.672686 4123839.716725 0.000000 0.000000
302531.682980 4123839.734863 0.000000 -0.000001
302531.693275 4123839.753000 0.000000 -0.000002
302531.703569 4123839.771137 0.000000 0.000000
302531.713863 4123839.789275 0.000000 0.000002
302531.724157 4123839.807412 0.000000 0.000001
302531.734451 4123839.825549 0.000000 -0.000005
302531.744745 4123839.843686 0.000000 0.000002
302531.755039 4123839.861824 0.000000 0.000001
302531.765333 4123839.879961 0.000000 0.000001
302531.775627 4123839.898098 0.000000 -0.000002
302531.785922 4123839.916235 0.000000 0.000001
302531.796216 4123839.934373 0.000000 0.000000
302531.806510 4123839.952510 0.000000 0.000002
302531.816804 4123839.970647 0.000000 -0.000004
302531.827098 4123839.988784 0.000000 0.000002
302531.837392 4123840.006922 0.000000 -0.000000
302531.847686 4123840.025059 0.000000 0.000001
302531.857980 4123840.043196 0.000000 -0.000002
302531.868275 4123840.061333 0.000000 0.000003
302531.878569 4123840.079471 0.000000 -0.000002
302531.888863 4123840.097608 0.000000 -0.000000
302531.899157 4123840.115745 0.000000 -0.000002
302531.909451 4123840.133882 0.000000 0.000001
302531.919745 4123840.152020 0.000000 0.000004
302531.930039 4123840.170157 0.000000 -0.000001
302531.940333 4123840.188294 0.000000 0.000000
302531.950627 4123840.206431 0.000000 0.000002
302531.960922 4123840.224569 0.000000 0.000000
302531.971216 4123840.242706 0.000000 -0.000003
302531.981510 4123840.260843 0.000000 0.000001
302531.991804 4123840.278980 0.000000 -0.000000
302532.002098 4123840.297118 0.000000 -0.000001
302532.012392 4123840.315255 0.000000 0.000002
302532.022686 4123840.333392 0.000000 -0.000001
302532.032980 4123840.351529 0.000000 0.000000
302532.043275 4123840.369667 0.000000 -0.000001
302532.053569 4123840.387804 0.000000 -0.000000
302532.063863 4123840.405941 0.000000 -0.000000
302532.074157 4123840.424078 0.000000 -0.000001
302532.084451 4123840.442216 0.000000 -0.000001
302532.094745 4123840.460353 0.000000 0.000001
302532.105039 4123840.478490 0.000000 -0.000001
302532.115333 4123840.496627 0.000000 -0.000001
302532.125627 4123840.514765 0.000000 0.000003
302532.135922 4123840.532902 0.000000 -0.000002
302532.146216 4123840.551039 0.000000 0.000001
302532.156510 4123840.569176 0.000000 -0.000000
302532.166804 4123840.587314 0.000000 -0.000002
302532.177098 4123840.605451 0.000000 0.000000
302532.187392 4123840.623588 0.000000 -0.000000
302532.197686 4123840.641725 0.000000 0.000003
302532.207980 4123840.659863 0.000000 0.000000
302532.218275 4123840.678000 0.000000 -0.000000
302532.228569 4123840.696137 0.000000 -0.000000
302532.238863 4123840.714275 0.000000 0.000000
302532.249157 4123840.732412 0.000000 -0.000001
302532.259451 4123840.750549 0.000000 -0.000002
302532.269745 4123840.768686 0.000000 0.000003
302532.280039 4123840.786824 0.000000 -0.000000
302532.290333 4123840.804961 0.000000 0.000001
302532.300627 4123840.823098 0.000000 0.000001
302532.310922 4123840.841235 0.000000 0.000002
302532.321216 4123840.859373 0.000000 -0.000000
302532.331510 4123840.877510 0.000000 0.000000
302532.341804 4123840.895647 0.000000 -0.000003
302532.352098 4123840.913784 0.000000 -0.000000
302532.362392 4123840.931922 0.000000 0.000002
302532.372686 4123840.950059 0.000000 -0.000002
302532.382980 4123840.968196 0.000000 0.000000
302532.393275 4123840.986333 0.000000 -0.000000
302532.403569 4123841.004471 0.000000 0.000000
302532.413863 4123841.022608 0.000000 0.000000
302532.424157 4123841.040745 0.000000 -0.000001
302532.434451 4123841.058882 0.000000 0.000002
302532.444745 4123841.077020 0.000000 -0.000002
302532.455039 4123841.095157 0.000000 0.000000
302532.465333 4123841.113294 0.000000 0.000001
302532.475627 4123841.131431 0.000000 -0.000001
302532.485922 4123841.149569 0.000000 -0.000000
302532.496216 4123841.167706 0.000000 0.000001
302532.506510 4123841.185843 0.000000 -0.000002
302532.516804 4123841.203980 0.000000 -0.000001
302532.527098 4123841.222118 0.000000 0.000000
302532.537392 4123841.240255 0.000000 0.000001
302532.547686 4123841.258392 0.000000 -0.000001
302532.557980 4123841.276529 0.000000 0.000000
302532.568275 4123841.294667 0.000000 0.000004
302532.578569 4123841.312804 0.000000 -0.000002
302532.588863 4123841.330941 0.000000 -0.000001
302532.599157 4123841.349078 0.000000 -0.000001
302532.609451 4123841.367216 0.000000 0.000001
302532.619745 4123841.385353 0.000000 -0.000004
302532.630039 4123841.403490 0.000000 0.000001
302532.640333 4123841.421627 0.000000 -0.000001
302532.650627 4123841.439765 0.000000 -0.000001
302532.660922 4123841.457902 0.000000 0.000000
302532.671216 4123841.476039 0.000000 0.000000
302532.681510 4123841.494177 0.000000 -0.000001
302532.691804 4123841.512314 0.000000 -0.000000
302532.702098 4123841.530451 0.000000 -0.000000
302532.712392 4123841.548588 0.000000 -0.000000
302532.722686 4123841.566726 0.000000 0.000000
302532.732981 4123841.584863 0.000000 0.000001
302532.743275 4123841.603000 0.000000 0.000001
302532.753569 4123841.621138 0.000000 0.000002
302532.763863 4123841.639275 0.000000 -0.000003
302532.774157 4123841.657413 0.000000 0.000003
302532.784452 4123841.675550 0.000000 0.000001
302532.794746 4123841.693688 0.000000 -0.000001
302532.805041 4123841.711826 0.000000 0.000000
302532.815335 4123841.729964 0.000000 0.000001
302532.825630 4123841.748102 0.000000 0.000002
302532.835924 4123841.766240 0.000000 0.000001
302532.846219 4123841.784379 0.000000 -0.000002
302532.856514 4123841.802518 0.000000 0.000000
302532.866809 4123841.820657 0.000000 -0.000000
302532.877105 4123841.838796 0.000000 0.000000
302532.887400 4123841.856936 0.000000 -0.000003
302532.897696 4123841.875076 0.000000 -0.000000
302532.907992 4123841.893217 0.000000 0.000001
302532.918289 4123841.911358 0.000000 0.000000
302532.928585 4123841.929500 0.000000 -0.000002
302532.938883 4123841.947643 0.000000 0.000002
302532.949180 4123841.965786 0.000000 -0.000001
302532.959479 4123841.983931 0.000000 0.000000
302532.969777 4123842.002076 0.000000 -0.000002
302532.980077 4123842.020223 0.000000 0.000000
302532.990377 4123842.038371 0.000000 -0.000002
302533.000678 4123842.056520 0.000000 -0.000000
302533.010979 4123842.074671 0.000000 0.000001
302533.021282 4123842.092823 0.000000 -0.000000
302533.031586 4123842.110977 0.000000 -0.000001
302533.041891 4123842.129133 0.000000 0.000002
302533.052197 4123842.147291 0.000000 -0.000000
302533.062504 4123842.165452 0.000000 0.000000
302533.072813 4123842.183615 0.000000 -0.000001
302533.083123 4123842.201781 0.000000 0.000001
302533.093436 4123842.219950 0.000000 0.000002
302533.103750 4123842.238123 0.000000 -0.000002
302533.114066 4123842.256299 0.000000 0.000001
302533.124384 4123842.274478 0.000000 0.000004
302533.134704 4123842.292662 0.000000 -0.000003
302533.145027 4123842.310850 0.000000 0.000001
302533.155353 4123842.329043 0.000000 0.000001
302533.165682 4123842.347241 0.000000 0.000000
302533.176013 4123842.365445 0.000000 -0.000000
302533.186348 4123842.383654 0.000000 0.000002
302533.196687 4123842.401870 0.000000 -0.000000
302533.207029 4123842.420092 0.000000 -0.000001
302533.217376 4123842.438321 0.000000 0.000001
302533.227727 4123842.456558 0.000000 -0.000001
302533.238082 4123842.474804 0.000000 -0.000001
302533.248442 4123842.493057 0.000000 -0.000000
302533.258807 4123842.511320 0.000000 0.000001
302533.269178 4123842.529592 0.000000 -0.000001
302533.279555 4123842.547875 0.000000 -0.000001
302533.289937 4123842.566168 0.000000 0.000002
302533.300327 4123842.584473 0.000000 0.000001
302533.310723 4123842.602789 0.000000 0.000001
302533.321126 4123842.621119 0.000000 -0.000000
302533.331536 4123842.639461 0.000000 -0.000003
302533.341955 4123842.657818 0.000000 -0.000000
302533.352382 4123842.676189 0.000000 0.000002
302533.362818 4123842.694576 0.000000 0.000000
302533.373263 4123842.712979 0.000000 -0.000001
302533.383717 4123842.731399 0.000000 -0.000001
302533.394182 4123842.749837 0.000000 0.000002
302533.404657 4123842.768293 0.000000 -0.000004
302533.415143 4123842.786769 0.000000 0.000001
302533.425641 4123842.805265 0.000000 0.000001
302533.436151 4123842.823782 0.000000 -0.000001
302533.446673 4123842.842321 0.000000 0.000001
302533.457208 4123842.860883 0.000000 -0.000001
302533.467757 4123842.879470 0.000000 0.000002
302533.478320 4123842.898081 0.000000 -0.000001
302533.488898 4123842.916717 0.000000 0.000000
302533.499491 4123842.935381 0.000000 -0.000002
302533.510100 4123842.954073 0.000000 0.000001
302533.520725 4123842.972793 0.000000 -0.000002
302533.531367 4123842.991544 0.000000 0.000001
302533.542027 4123843.010325 0.000000 0.000001
302533.552705 4123843.029139 0.000000 -0.000002
302533.563401 4123843.047985 0.000000 0.000002
302533.574118 4123843.066867 0.000000 0.000001
302533.584854 4123843.085783 0.000000 0.000001
302533.595611 4123843.104736 0.000000 -0.000001
302533.606390 4123843.123727 0.000000 0.000001
302533.617190 4123843.142757 0.000000 -0.000001
302533.628014 4123843.161827 0.000000 -0.000000
302533.638861 4123843.180938 0.000000 -0.000001
302533.649732 4123843.200091 0.000000 0.000002
302533.660628 4123843.219289 0.000000 -0.000003
302533.671549 4123843.238531 0.000000 0.000000
302533.682497 4123843.257820 0.000000 0.000001
302533.693471 4123843.277156 0.000000 -0.000001
302533.704473 4123843.296541 0.000000 -0.000000
302533.715504 4123843.315975 0.000000 0.000002
302533.726563 4123843.335461 0.000000 -0.000001
302533.737653 4123843.355000 0.000000 0.000002
302533.748773 4123843.374592 0.000000 -0.000000
302533.759924 4123843.394240 0.000000 -0.000000
302533.771107 4123843.413943 0.000000 -0.000001
302533.782323 4123843.433705 0.000000 -0.000000
302533.793573 4123843.453526 0.000000 0.000000
302533.804857 4123843.473407 0.000000 0.000002
302533.816176 4123843.493350 0.000000 -0.000002
302533.827530 4123843.513356 0.000000 0.000001
302533.838922 4123843.533426 0.000000 0.000001
302533.850350 4123843.553562 0.000000 0.000000
302533.861817 4123843.573766 0.000000 -0.000001
302533.873323 4123843.594037 0.000000 0.000002
302533.884868 4123843.614379 0.000000 -0.000002
302533.896454 4123843.634792 0.000000 0.000002
302533.908081 4123843.655278 0.000000 0.000001
302533.919750 4123843.675838 0.000000 -0.000001
302533.931462 4123843.696473 0.000000 -0.000001
302533.943218 4123843.717186 0.000000 0.000002
302533.955018 4123843.737977 0.000000 -0.000003
302533.966864 4123843.758847 0.000000 0.000001
302533.978755 4123843.779799 0.000000 -0.000000
302533.990694 4123843.800834 0.000000 0.000001
302534.002680 4123843.821953 0.000000 0.000001
302534.014716 4123843.843158 0.000000 -0.000001
302534.026800 4123843.864450 0.000000 0.000000
302534.038935 4123843.885831 0.000000 0.000000
302534.051122 4123843.907302 0.000000 -0.000001
302534.063360 4123843.928866 0.000000 0.000002
302534.075652 4123843.950523 0.000000 -0.000001
302534.087998 4123843.972275 0.000000 -0.000000
302534.100398 4123843.994123 0.000000 0.000001
302534.112855 4123844.016070 0.000000 -0.000001
302534.125368 4123844.038117 0.000000 0.000000
302534.137939 4123844.060266 0.000000 0.000000
302534.150569 4123844.082518 0.000000 0.000000
302534.163258 4123844.104876 0.000000 -0.000001
302534.176008 4123844.127340 0.000000 -0.000000
302534.188820 4123844.149913 0.000000 0.000000
302534.201694 4123844.172596 0.000000 -0.000001
302534.214632 4123844.195392 0.000000 0.000000
302534.227635 4123844.218302 0.000000 -0.000001
302534.240704 4123844.241328 0.000000 0.000001
302534.253840 4123844.264473 0.000000 -0.000000
302534.267044 4123844.287737 0.000000 -0.000001
302534.280317 4123844.311123 0.000000 0.000002
302534.293661 4123844.334634 0.000000 -0.000001
302534.307077 4123844.358270 0.000000 0.000001
302534.320565 4123844.382035 0.000000 -0.000001
302534.334127 4123844.405931 0.000000 0.000001
302534.347765 4123844.429959 0.000000 0.000001
302534.361479 4123844.454123 0.000000 -0.000001
302534.375272 4123844.478424 0.000000 -0.000000
302534.389144 4123844.502865 0.000000 -0.000000
302534.403097 4123844.527448 0.000000 -0.000001
302534.417132 4123844.552177 0.000000 0.000000
302534.431250 4123844.577053 0.000000 0.000001
302534.445455 4123844.602079 0.000000 -0.000000
302534.459746 4123844.627259 0.000000 -0.000001
302534.474125 4123844.652594 0.000000 0.000001
302534.488595 4123844.678089 0.000000 -0.000001
302534.503157 4123844.703745 0.000000 0.000001
302534.517813 4123844.729567 0.000000 0.000001
302534.532564 4123844.755558 0.000000 -0.000001
302534.547413 4123844.781720 0.000000 0.000000
302534.562362 4123844.808059 0.000000 -0.000001
302534.577412 4123844.834576 0.000000 -0.000001
302534.592566 4123844.861276 0.000000 -0.000000
302534.607827 4123844.888163 0.000000 0.000002
302534.623195 4123844.915242 0.000000 -0.000001
302534.638675 4123844.942515 0.000000 0.000000
302534.654268 4123844.969988 0.000000 0.000000
302534.669977 4123844.997666 0.000000 -0.000001
302534.685804 4123845.025552 0.000000 0.000000
302534.701753 4123845.053652 0.000000 0.000000
302534.717826 4123845.081971 0.000000 -0.000000
302534.734026 4123845.110514 0.000000 -0.000000
302534.750357 4123845.139288 0.000000 0.000001
302534.766821 4123845.168296 0.000000 0.000000
302534.783423 4123845.197546 0.000000 -0.000000
302534.800165 4123845.227044 0.000000 0.000000
302534.817051 4123845.256796 0.000000 0.000001
302534.834085 4123845.286809 0.000000 -0.000001
302534.851271 4123845.317089 0.000000 0.000000
302534.868613 4123845.347644 0.000000 0.000000
302534.886116 4123845.378482 0.000000 0.000000
302534.903783 4123845.409609 0.000000 -0.000001
302534.921619 4123845.441035 0.000000 -0.000000
302534.939629 4123845.472767 0.000000 0.000001
302534.957818 4123845.504815 0.000000 -0.000001
302534.976191 4123845.537187 0.000000 0.000004
302534.994754 4123845.569892 0.000000 0.000011
302535.013511 4123845.602941 0.000000 0.000037
302535.032469 4123845.636344 0.000000 0.000085
302535.051635 4123845.670112 0.000000 0.000170
302535.071015 4123845.704259 0.000000 0.000305
302535.090618 4123845.738799 0.000000 0.000506
302535.110452 4123845.773748 0.000000 0.000786
302535.130527 4123845.809125 0.000000 0.001162
302535.150856 4123845.844953 0.000000 0.001649
302535.171452 4123845.881258 0.000000 0.002259
302535.192332 4123845.918071 0.000000 0.003006
302535.213514 4123845.955428 0.000000 0.003899
302535.235021 4123845.993371 0.000000 0.004941
302535.256876 4123846.031951 0.000000 0.006132
302535.279111 4123846.071225 0.000000 0.007466
302535.301759 4123846.111261 0.000000 0.008928
302535.324860 4123846.152136 0.000000 0.010496
302535.348458 4123846.193940 0.000000 0.012142
302535.372605 4123846.236775 0.000000 0.013827
302535.397359 4123846.280758 0.000000 0.015509
302535.422786 4123846.326021 0.000000 0.017136
302535.448961 4123846.372714 0.000000 0.018659
302535.475967 4123846.421005 0.000000 0.020024
302535.503899 4123846.471083 0.000000 0.021184
302535.532860 4123846.523159 0.000000 0.022098
302535.562967 4123846.577467 0.000000 0.022735
302535.594349 4123846.634268 0.000000 0.023075
302535.627148 4123846.693849 0.000000 0.023112
302535.661521 4123846.756528 0.000000 0.022853
302535.697641 4123846.822655 0.000000 0.022320
302535.735695 4123846.892611 0.000000 0.021542
302535.775891 4123846.966817 0.000000 0.020558
302535.818453 4123847.045727 0.000000 0.019411
302535.863626 4123847.129840 0.000000 0.018145
302535.911676 4123847.219695 0.000000 0.016804
302535.962891 4123847.315878 0.000000 0.015429
302536.017582 4123847.419022 0.000000 0.014056
302536.076085 4123847.529810 0.000000 0.012712
302536.138762 4123847.648978 0.000000 0.011424
302536.206002 4123847.777319 0.000000 0.010206
302536.278223 4123847.915684 0.000000 0.009071
302536.355872 4123848.064984 0.000000 0.008027
302536.439429 4123848.226196 0.000000 0.007075
302536.529407 4123848.400364 0.000000 0.006214
302536.626351 4123848.588602 0.000000 0.005443
302536.730845 4123848.792097 0.000000 0.004756
302536.843508 4123849.012115 0.000000 0.004148
