302541.430640 4123825.509240 0.000000 0.001563
302541.598900 4123825.416491 0.000000 0.001563
302541.758390 4123825.328637 0.000000 0.001591
302541.909680 4123825.245355 0.000000 0.001606
302542.053311 4123825.166341 0.000000 0.001607
302542.189790 4123825.091306 0.000000 0.001592
302542.319599 4123825.019979 0.000000 0.001559
302542.443189 4123824.952106 0.000000 0.001506
302542.560986 4123824.887446 0.000000 0.001433
302542.673392 4123824.825773 0.000000 0.001338
302542.780781 4123824.766875 0.000000 0.001220
302542.883507 4123824.710555 0.000000 0.001081
302542.981900 4123824.656626 0.000000 0.000920
302543.076270 4123824.604915 0.000000 0.000738
302543.166905 4123824.555259 0.000000 0.000537
302543.254076 4123824.507508 0.000000 0.000320
302543.338033 4123824.461520 0.000000 0.000089
302543.419013 4123824.417164 0.000000 -0.000151
302543.497231 4123824.374319 0.000000 -0.000399
302543.572891 4123824.332872 0.000000 -0.000649
302543.646179 4123824.292719 0.000000 -0.000897
302543.717270 4123824.253764 0.000000 -0.001139
302543.786324 4123824.215916 0.000000 -0.001372
302543.853488 4123824.179094 0.000000 -0.001592
302543.918901 4123824.143223 0.000000 -0.001794
302543.982686 4123824.108233 0.000000 -0.001976
302544.044960 4123824.074060 0.000000 -0.002137
302544.105830 4123824.040647 0.000000 -0.002274
302544.165391 4123824.007940 0.000000 -0.002386
302544.223733 4123823.975889 0.000000 -0.002471
302544.280937 4123823.944452 0.000000 -0.002532
302544.337079 4123823.913587 0.000000 -0.002566
302544.392225 4123823.883257 0.000000 -0.002575
302544.446437 4123823.853429 0.000000 -0.002561
302544.499773 4123823.824074 0.000000 -0.002525
302544.552282 4123823.795162 0.000000 -0.002467
302544.604013 4123823.766669 0.000000 -0.002393
302544.655008 4123823.738572 0.000000 -0.002301
302544.705306 4123823.710850 0.000000 -0.002195
302544.754942 4123823.683485 0.000000 -0.002076
302544.803949 4123823.656460 0.000000 -0.001951
302544.852358 4123823.629757 0.000000 -0.001814
302544.900195 4123823.603364 0.000000 -0.001675
302544.947486 4123823.577266 0.000000 -0.001531
302544.994255 4123823.551451 0.000000 -0.001385
302545.040523 4123823.525909 0.000000 -0.001241
302545.086311 4123823.500627 0.000000 -0.001096
302545.131638 4123823.475597 0.000000 -0.000955
302545.176523 4123823.450808 0.000000 -0.000819
302545.220981 4123823.426252 0.000000 -0.000689
302545.265029 4123823.401920 0.000000 -0.000561
302545.308683 4123823.377805 0.000000 -0.000444
302545.351957 4123823.353899 0.000000 -0.000331
302545.394863 4123823.330194 0.000000 -0.000223
302545.437416 4123823.306685 0.000000 -0.000126
302545.479628 4123823.283363 0.000000 -0.000033
302545.521509 4123823.260224 0.000000 0.000054
302545.563071 4123823.237262 0.000000 0.000131
302545.604324 4123823.214470 0.000000 0.000204
302545.645277 4123823.191845 0.000000 0.000268
302545.685940 4123823.169380 0.000000 0.000329
302545.726321 4123823.147073 0.000000 0.000377
302545.766429 4123823.124917 0.000000 0.000425
302545.806270 4123823.102909 0.000000 0.000463
302545.845853 4123823.081045 0.000000 0.000496
302545.885182 4123823.059323 0.000000 0.000523
302545.924266 4123823.037737 0.000000 0.000546
302545.963109 4123823.016285 0.000000 0.000561
302546.001718 4123822.994964 0.000000 0.000574
302546.040096 4123822.973771 0.000000 0.000583
302546.078250 4123822.952704 0.000000 0.000585
302546.116184 4123822.931760 0.000000 0.000585
302546.153902 4123822.910936 0.000000 0.000579
302546.191407 4123822.890230 0.000000 0.000572
302546.228705 4123822.869640 0.000000 0.000560
302546.265798 4123822.849165 0.000000 0.000548
302546.302689 4123822.828802 0.000000 0.000532
302546.339383 4123822.808549 0.000000 0.000515
302546.375882 4123822.788404 0.000000 0.000496
302546.412188 4123822.768367 0.000000 0.000472
302546.448305 4123822.748436 0.000000 0.000453
302546.484235 4123822.728608 0.000000 0.000429
302546.519981 4123822.708883 0.000000 0.000404
302546.555545 4123822.689259 0.000000 0.000383
302546.590929 4123822.669734 0.000000 0.000358
302546.626136 4123822.650309 0.000000 0.000337
302546.661168 4123822.630980 0.000000 0.000311
302546.696027 4123822.611748 0.000000 0.000291
302546.730715 4123822.592610 0.000000 0.000268
302546.765234 4123822.573566 0.000000 0.000251
302546.799587 4123822.554614 0.000000 0.000228
302546.833775 4123822.535754 0.000000 0.000216
302546.867800 4123822.516983 0.000000 0.000194
302546.901665 4123822.498302 0.000000 0.000187
302546.935371 4123822.479708 0.000000 0.000168
302546.968921 4123822.461201 0.000000 0.000162
302547.002317 4123822.442779 0.000000 0.000151
302547.035560 4123822.424441 0.000000 0.000146
302547.068654 4123822.406187 0.000000 0.000141
302547.101600 4123822.388013 0.000000 0.000138
302547.134401 4123822.369921 0.000000 0.000138
302547.167058 4123822.351907 0.000000 0.000139
302547.199575 4123822.333972 0.000000 0.000137
302547.231953 4123822.316113 0.000000 0.000143
302547.264195 4123822.298329 0.000000 0.000146
302547.296304 4123822.280619 0.000000 0.000152
302547.328281 4123822.262982 0.000000 0.000161
302547.360130 4123822.245416 0.000000 0.000165
302547.391852 4123822.227920 0.000000 0.000174
302547.423452 4123822.210492 0.000000 0.000185
302547.454930 4123822.193130 0.000000 0.000192
302547.486291 4123822.175835 0.000000 0.000202
302547.517536 4123822.158603 0.000000 0.000214
302547.548669 4123822.141434 0.000000 0.000225
302547.579692 4123822.124325 0.000000 0.000232
302547.610608 4123822.107275 0.000000 0.000244
302547.641420 4123822.090283 0.000000 0.000251
302547.672132 4123822.073348 0.000000 0.000263
302547.702746 4123822.056466 0.000000 0.000268
302547.733265 4123822.039637 0.000000 0.000278
302547.763692 4123822.022859 0.000000 0.000288
302547.794031 4123822.006130 0.000000 0.000291
302547.824284 4123821.989449 0.000000 0.000297
302547.854455 4123821.972813 0.000000 0.000304
302547.884548 4123821.956221 0.000000 0.000303
302547.914565 4123821.939672 0.000000 0.000305
302547.944510 4123821.923162 0.000000 0.000307
302547.974386 4123821.906691 0.000000 0.000305
302548.004196 4123821.890256 0.000000 0.000304
302548.033945 4123821.873856 0.000000 0.000299
302548.063635 4123821.857488 0.000000 0.000294
302548.093270 4123821.841152 0.000000 0.000285
302548.122854 4123821.824843 0.000000 0.000276
302548.152390 4123821.808562 0.000000 0.000267
302548.181882 4123821.792305 0.000000 0.000256
302548.211333 4123821.776071 0.000000 0.000239
302548.240747 4123821.759858 0.000000 0.000223
302548.270128 4123821.743663 0.000000 0.000207
302548.299479 4123821.727485 0.000000 0.000187
302548.328804 4123821.711322 0.000000 0.000166
302548.358107 4123821.695171 0.000000 0.000141
302548.387392 4123821.679030 0.000000 0.000122
302548.416661 4123821.662898 0.000000 0.000094
302548.445920 4123821.646772 0.000000 0.000068
302548.475171 4123821.630650 0.000000 0.000040
302548.504419 4123821.614530 0.000000 0.000010
302548.533666 4123821.598410 0.000000 -0.000023
302548.562918 4123821.582288 0.000000 -0.000051
302548.592177 4123821.566162 0.000000 -0.000085
302548.621447 4123821.550029 0.000000 -0.000119
302548.650732 4123821.533888 0.000000 -0.000151
302548.680036 4123821.517737 0.000000 -0.000186
302548.709362 4123821.501573 0.000000 -0.000220
302548.738714 4123821.485394 0.000000 -0.000256
302548.768096 4123821.469199 0.000000 -0.000290
302548.797510 4123821.452986 0.000000 -0.000326
302548.826962 4123821.436751 0.000000 -0.000357
302548.856453 4123821.420494 0.000000 -0.000394
302548.885988 4123821.404213 0.000000 -0.000427
302548.915570 4123821.387905 0.000000 -0.000459
302548.945202 4123821.371569 0.000000 -0.000493
302548.974888 4123821.355202 0.000000 -0.000526
302549.004631 4123821.338804 0.000000 -0.000554
302549.034434 4123821.322371 0.000000 -0.000585
302549.064301 4123821.305903 0.000000 -0.000614
302549.094234 4123821.289397 0.000000 -0.000642
302549.124237 4123821.272852 0.000000 -0.000669
302549.154313 4123821.256266 0.000000 -0.000692
302549.184464 4123821.239637 0.000000 -0.000720
302549.214694 4123821.222964 0.000000 -0.000741
302549.245005 4123821.206245 0.000000 -0.000763
302549.275401 4123821.189478 0.000000 -0.000786
302549.305883 4123821.172662 0.000000 -0.000803
302549.336456 4123821.155796 0.000000 -0.000820
302549.367121 4123821.138878 0.000000 -0.000838
302549.397881 4123821.121905 0.000000 -0.000853
302549.428739 4123821.104878 0.000000 -0.000869
302549.459697 4123821.087794 0.000000 -0.000877
302549.490757 4123821.070653 0.000000 -0.000891
302549.521923 4123821.053452 0.000000 -0.000902
302549.553195 4123821.036190 0.000000 -0.000908
302549.584578 4123821.018867 0.000000 -0.000916
302549.616072 4123821.001481 0.000000 -0.000923
302549.647681 4123820.984030 0.000000 -0.000927
302549.679406 4123820.966513 0.000000 -0.000928
302549.711250 4123820.948930 0.000000 -0.000935
302549.743214 4123820.931279 0.000000 -0.000934
302549.775301 4123820.913558 0.000000 -0.000935
302549.807513 4123820.895767 0.000000 -0.000935
302549.839851 4123820.877904 0.000000 -0.000930
302549.872319 4123820.859969 0.000000 -0.000931
302549.904917 4123820.841961 0.000000 -0.000927
302549.937648 4123820.823877 0.000000 -0.000923
302549.970514 4123820.805717 0.000000 -0.000918
302550.003516 4123820.787481 0.000000 -0.000911
302550.036657 4123820.769166 0.000000 -0.000906
302550.069939 4123820.750772 0.000000 -0.000898
302550.103363 4123820.732298 0.000000 -0.000891
302550.136932 4123820.713742 0.000000 -0.000884
302550.170647 4123820.695105 0.000000 -0.000875
302550.204510 4123820.676383 0.000000 -0.000865
302550.238524 4123820.657577 0.000000 -0.000858
302550.272691 4123820.638685 0.000000 -0.000849
302550.307012 4123820.619706 0.000000 -0.000838
302550.341489 4123820.600639 0.000000 -0.000830
302550.376126 4123820.581483 0.000000 -0.000818
302550.410923 4123820.562236 0.000000 -0.000808
302550.445884 4123820.542897 0.000000 -0.000798
302550.481010 4123820.523466 0.000000 -0.000789
302550.516305 4123820.503940 0.000000 -0.000777
302550.551769 4123820.484318 0.000000 -0.000767
302550.587407 4123820.464599 0.000000 -0.000755
302550.623219 4123820.444782 0.000000 -0.000748
302550.659210 4123820.424865 0.000000 -0.000735
302550.695381 4123820.404846 0.000000 -0.000725
302550.731735 4123820.384725 0.000000 -0.000716
302550.768276 4123820.364499 0.000000 -0.000705
302550.805005 4123820.344168 0.000000 -0.000694
302550.841926 4123820.323729 0.000000 -0.000684
302550.879041 4123820.303180 0.000000 -0.000674
302550.916355 4123820.282521 0.000000 -0.000662
302550.953868 4123820.261750 0.000000 -0.000653
302550.991586 4123820.240864 0.000000 -0.000640
302551.029510 4123820.219863 0.000000 -0.000630
302551.067644 4123820.198744 0.000000 -0.000619
302551.105991 4123820.177505 0.000000 -0.000608
302551.144554 4123820.156146 0.000000 -0.000596
302551.183336 4123820.134664 0.000000 -0.000586
302551.222342 4123820.113057 0.000000 -0.000572
302551.261573 4123820.091323 0.000000 -0.000563
302551.301033 4123820.069462 0.000000 -0.000549
302551.340725 4123820.047470 0.000000 -0.000538
302551.380652 4123820.025347 0.000000 -0.000523
302551.420818 4123820.003091 0.000000 -0.000512
302551.461225 4123819.980699 0.000000 -0.000499
302551.501877 4123819.958171 0.000000 -0.000486
302551.542777 4123819.935504 0.000000 -0.000470
302551.583927 4123819.912698 0.000000 -0.000457
302551.625330 4123819.889749 0.000000 -0.000443
302551.666989 4123819.866658 0.000000 -0.000426
302551.708907 4123819.843422 0.000000 -0.000412
302551.751086 4123819.820041 0.000000 -0.000394
302551.793528 4123819.796512 0.000000 -0.000379
302551.836236 4123819.772836 0.000000 -0.000361
302551.879211 4123819.749009 0.000000 -0.000344
302551.922457 4123819.725033 0.000000 -0.000326
302551.965973 4123819.700905 0.000000 -0.000309
302552.009762 4123819.676625 0.000000 -0.000289
302552.053826 4123819.652192 0.000000 -0.000269
302552.098164 4123819.627606 0.000000 -0.000249
302552.142778 4123819.602866 0.000000 -0.000228
302552.187668 4123819.577972 0.000000 -0.000206
302552.232835 4123819.552925 0.000000 -0.000184
302552.278277 4123819.527723 0.000000 -0.000161
302552.323997 4123819.502368 0.000000 -0.000138
302552.369992 4123819.476860 0.000000 -0.000112
302552.416262 4123819.451198 0.000000 -0.000086
302552.462809 4123819.425383 0.000000 -0.000058
302552.509633 4123819.399414 0.000000 -0.000030
302552.556737 4123819.373289 0.000000 0.000002
302552.604126 4123819.347007 0.000000 0.000036
302552.651804 4123819.320564 0.000000 0.000070
302552.699783 4123819.293955 0.000000 0.000109
302552.748075 4123819.267172 0.000000 0.000150
302552.796697 4123819.240207 0.000000 0.000193
302552.845673 4123819.213046 0.000000 0.000240
302552.895031 4123819.185674 0.000000 0.000289
302552.944807 4123819.158072 0.000000 0.000341
302552.995046 4123819.130215 0.000000 0.000397
302553.045799 4123819.102073 0.000000 0.000453
302553.097131 4123819.073612 0.000000 0.000510
302553.149118 4123819.044790 0.000000 0.000568
302553.201847 4123819.015560 0.000000 0.000623
302553.255421 4123818.985863 0.000000 0.000678
302553.309958 4123818.955636 0.000000 0.000727
302553.365594 4123818.924802 0.000000 0.000771
302553.422484 4123818.893278 0.000000 0.000809
302553.480801 4123818.860967 0.000000 0.000837
302553.540743 4123818.827760 0.000000 0.000856
302553.602531 4123818.793535 0.000000 0.000864
302553.666412 4123818.758156 0.000000 0.000861
302553.732660 4123818.721471 0.000000 0.000847
302553.801580 4123818.683313 0.000000 0.000822
302553.873508 4123818.643496 0.000000 0.000787
302553.948814 4123818.601815 0.000000 0.000745
302554.027904 4123818.558047 0.000000 0.000695
302554.111223 4123818.511945 0.000000 0.000641
302554.199255 4123818.463243 0.000000 0.000584
302554.292529 4123818.411648 0.000000 0.000525
302554.391618 4123818.356844 0.000000 0.000468
302554.497144 4123818.298487 0.000000 0.000411
302554.609780 4123818.236206 0.000000 0.000359
302554.730252 4123818.169600 0.000000 0.000309
302554.859340 4123818.098237 0.000000 0.000264
302554.997886 4123818.021654 0.000000 0.000224
302555.146793 4123817.939350 0.000000 0.000188
302555.307026 4123817.850793 0.000000 0.000157
302555.479620 4123817.755411 0.000000 0.000130
302555.665682 4123817.652592 0.000000 0.000106
302555.866390 4123817.541687 0.000000 0.000086
