302556.083000 4123817.422000 0.000000 0.000000
302556.321148 4123817.292883 0.000000 0.000000
302556.547879 4123817.169957 0.000000 0.000000
302556.763938 4123817.052817 0.000000 0.000001
302556.970032 4123816.941079 0.000000 0.000003
302557.166826 4123816.834384 0.000000 0.000005
302557.354946 4123816.732391 0.000000 0.000010
302557.534982 4123816.634783 0.000000 0.000018
302557.707486 4123816.541258 0.000000 0.000029
302557.872979 4123816.451536 0.000000 0.000044
302558.031948 4123816.365353 0.000000 0.000065
302558.184848 4123816.282461 0.000000 0.000093
302558.332107 4123816.202631 0.000000 0.000129
302558.474123 4123816.125648 0.000000 0.000174
302558.611267 4123816.051310 0.000000 0.000232
302558.743886 4123815.979431 0.000000 0.000302
302558.872301 4123815.909838 0.000000 0.000387
302558.996812 4123815.842369 0.000000 0.000488
302559.117696 4123815.776877 0.000000 0.000608
302559.235210 4123815.713223 0.000000 0.000748
302559.349592 4123815.651280 0.000000 0.000909
302559.461061 4123815.590931 0.000000 0.001095
302559.569820 4123815.532069 0.000000 0.001305
302559.676055 4123815.474595 0.000000 0.001543
302559.779937 4123815.418419 0.000000 0.001809
302559.881624 4123815.363457 0.000000 0.002105
302559.981261 4123815.309634 0.000000 0.002432
302560.078978 4123815.256883 0.000000 0.002792
302560.174898 4123815.205140 0.000000 0.003187
302560.269131 4123815.154349 0.000000 0.003617
302560.361776 4123815.104460 0.000000 0.004085
302560.452927 4123815.055425 0.000000 0.004590
302560.542668 4123815.007204 0.000000 0.005135
302560.631073 4123814.959759 0.000000 0.005721
302560.718214 4123814.913057 0.000000 0.006350
302560.804154 4123814.867067 0.000000 0.007022
302560.888951 4123814.821764 0.000000 0.007737
302560.972657 4123814.777122 0.000000 0.008500
302561.055322 4123814.733121 0.000000 0.009308
302561.136991 4123814.689740 0.000000 0.010165
302561.217704 4123814.646964 0.000000 0.011068
302561.297500 4123814.604777 0.000000 0.012023
302561.376415 4123814.563164 0.000000 0.013025
302561.454482 4123814.522114 0.000000 0.014078
302561.531732 4123814.481615 0.000000 0.015181
302561.608194 4123814.441657 0.000000 0.016332
302561.683898 4123814.402231 0.000000 0.017533
302561.758869 4123814.363328 0.000000 0.018782
302561.833133 4123814.324940 0.000000 0.020078
302561.906716 4123814.287060 0.000000 0.021419
302561.979642 4123814.249682 0.000000 0.022805
302562.051933 4123814.212798 0.000000 0.024232
302562.123613 4123814.176402 0.000000 0.025700
302562.194702 4123814.140490 0.000000 0.027206
302562.265223 4123814.105056 0.000000 0.028748
302562.335196 4123814.070095 0.000000 0.030323
302562.404640 4123814.035603 0.000000 0.031931
302562.473576 4123814.001575 0.000000 0.033566
302562.542021 4123813.968007 0.000000 0.035229
302562.609994 4123813.934897 0.000000 0.036915
302562.677512 4123813.902240 0.000000 0.038623
302562.744592 4123813.870033 0.000000 0.040348
302562.811250 4123813.838274 0.000000 0.042089
302562.877502 4123813.806959 0.000000 0.043843
302562.943364 4123813.776087 0.000000 0.045607
302563.008850 4123813.745654 0.000000 0.047378
302563.073975 4123813.715659 0.000000 0.049154
302563.138752 4123813.686099 0.000000 0.050930
302563.203194 4123813.656973 0.000000 0.052706
302563.267315 4123813.628279 0.000000 0.054476
302563.331128 4123813.600014 0.000000 0.056240
302563.394643 4123813.572178 0.000000 0.057993
302563.457873 4123813.544768 0.000000 0.059733
302563.520829 4123813.517783 0.000000 0.061458
302563.583522 4123813.491222 0.000000 0.063163
302563.645962 4123813.465084 0.000000 0.064849
302563.708160 4123813.439366 0.000000 0.066509
302563.770125 4123813.414068 0.000000 0.068144
302563.831866 4123813.389188 0.000000 0.069751
302563.893393 4123813.364725 0.000000 0.071325
302563.954715 4123813.340678 0.000000 0.072867
302564.015839 4123813.317045 0.000000 0.074373
302564.076774 4123813.293825 0.000000 0.075842
302564.137529 4123813.271017 0.000000 0.077271
302564.198110 4123813.248619 0.000000 0.078658
302564.258525 4123813.226629 0.000000 0.080004
302564.318781 4123813.205047 0.000000 0.081304
302564.378884 4123813.183871 0.000000 0.082559
302564.438842 4123813.163100 0.000000 0.083767
302564.498660 4123813.142732 0.000000 0.084928
302564.558346 4123813.122765 0.000000 0.086038
302564.617903 4123813.103198 0.000000 0.087101
302564.677340 4123813.084029 0.000000 0.088112
302564.736659 4123813.065257 0.000000 0.089076
302564.795868 4123813.046880 0.000000 0.089985
302564.854971 4123813.028895 0.000000 0.090851
302564.913973 4123813.011302 0.000000 0.091661
302564.972878 4123812.994099 0.000000 0.092425
302565.031692 4123812.977283 0.000000 0.093140
302565.090417 4123812.960854 0.000000 0.093809
302565.149060 4123812.944808 0.000000 0.094432
302565.207623 4123812.929144 0.000000 0.095010
302565.266111 4123812.913860 0.000000 0.095547
302565.324527 4123812.898954 0.000000 0.096042
302565.382874 4123812.884425 0.000000 0.096498
302565.441157 4123812.870270 0.000000 0.096919
302565.499379 4123812.856487 0.000000 0.097304
302565.557542 4123812.843075 0.000000 0.097655
302565.615649 4123812.830032 0.000000 0.097976
302565.673704 4123812.817355 0.000000 0.098269
302565.731709 4123812.805043 0.000000 0.098533
302565.789667 4123812.793094 0.000000 0.098774
302565.847581 4123812.781507 0.000000 0.098993
302565.905452 4123812.770279 0.000000 0.099191
302565.963284 4123812.759409 0.000000 0.099368
302566.021078 4123812.748896 0.000000 0.099533
302566.078836 4123812.738737 0.000000 0.099682
302566.136561 4123812.728931 0.000000 0.099819
302566.194253 4123812.719477 0.000000 0.099945
302566.251917 4123812.710373 0.000000 0.100065
302566.309552 4123812.701618 0.000000 0.100178
302566.367160 4123812.693211 0.000000 0.100286
302566.424744 4123812.685150 0.000000 0.100393
302566.482304 4123812.677435 0.000000 0.100500
302566.539843 4123812.670064 0.000000 0.100605
302566.597360 4123812.663036 0.000000 0.100716
302566.654859 4123812.656351 0.000000 0.100831
302566.712339 4123812.650008 0.000000 0.100953
302566.769803 4123812.644005 0.000000 0.101081
302566.827250 4123812.638343 0.000000 0.101219
302566.884683 4123812.633021 0.000000 0.101369
302566.942103 4123812.628039 0.000000 0.101529
302566.999509 4123812.623396 0.000000 0.101702
302567.056904 4123812.619092 0.000000 0.101891
302567.114287 4123812.615127 0.000000 0.102094
302567.171661 4123812.611501 0.000000 0.102313
302567.229025 4123812.608214 0.000000 0.102550
302567.286381 4123812.605267 0.000000 0.102805
302567.343729 4123812.602659 0.000000 0.103078
302567.401070 4123812.600391 0.000000 0.103371
302567.458404 4123812.598464 0.000000 0.103683
302567.515733 4123812.596879 0.000000 0.104017
302567.573056 4123812.595636 0.000000 0.104369
302567.630375 4123812.594736 0.000000 0.104744
302567.687690 4123812.594180 0.000000 0.105140
302567.745001 4123812.593970 0.000000 0.105557
302567.802310 4123812.594106 0.000000 0.105995
302567.859617 4123812.594591 0.000000 0.106454
302567.916922 4123812.595425 0.000000 0.106935
302567.974226 4123812.596610 0.000000 0.107436
302568.031529 4123812.598149 0.000000 0.107958
302568.088833 4123812.600042 0.000000 0.108498
302568.146137 4123812.602293 0.000000 0.109059
302568.203442 4123812.604903 0.000000 0.109638
302568.260748 4123812.607874 0.000000 0.110235
302568.318057 4123812.611208 0.000000 0.110849
302568.375369 4123812.614910 0.000000 0.111480
302568.432684 4123812.618980 0.000000 0.112126
302568.490003 4123812.623421 0.000000 0.112787
302568.547326 4123812.628238 0.000000 0.113461
302568.604655 4123812.633432 0.000000 0.114147
302568.661989 4123812.639006 0.000000 0.114844
302568.719329 4123812.644965 0.000000 0.115553
302568.776677 4123812.651311 0.000000 0.116268
302568.834032 4123812.658048 0.000000 0.116992
302568.891395 4123812.665179 0.000000 0.117722
302568.948768 4123812.672708 0.000000 0.118456
302569.006150 4123812.680639 0.000000 0.119194
302569.063542 4123812.688976 0.000000 0.119932
302569.120946 4123812.697723 0.000000 0.120671
302569.178362 4123812.706884 0.000000 0.121408
302569.235790 4123812.716464 0.000000 0.122142
302569.293232 4123812.726466 0.000000 0.122870
302569.350688 4123812.736896 0.000000 0.123592
302569.408159 4123812.747759 0.000000 0.124306
302569.465646 4123812.759058 0.000000 0.125009
302569.523150 4123812.770798 0.000000 0.125701
302569.580672 4123812.782986 0.000000 0.126379
302569.638212 4123812.795625 0.000000 0.127041
302569.695772 4123812.808722 0.000000 0.127687
302569.753352 4123812.822280 0.000000 0.128313
302569.810953 4123812.836307 0.000000 0.128918
302569.868577 4123812.850807 0.000000 0.129502
302569.926223 4123812.865786 0.000000 0.130061
302569.983894 4123812.881249 0.000000 0.130595
302570.041590 4123812.897203 0.000000 0.131100
302570.099311 4123812.913654 0.000000 0.131578
302570.157060 4123812.930607 0.000000 0.132025
302570.214836 4123812.948069 0.000000 0.132438
302570.272642 4123812.966046 0.000000 0.132821
302570.330477 4123812.984545 0.000000 0.133168
302570.388343 4123813.003571 0.000000 0.133479
302570.446240 4123813.023131 0.000000 0.133753
302570.504171 4123813.043232 0.000000 0.133989
302570.562134 4123813.063881 0.000000 0.134186
302570.620133 4123813.085085 0.000000 0.134343
302570.678166 4123813.106850 0.000000 0.134459
302570.736236 4123813.129183 0.000000 0.134534
302570.794343 4123813.152092 0.000000 0.134566
302570.852487 4123813.175583 0.000000 0.134556
302570.910670 4123813.199664 0.000000 0.134504
302570.968893 4123813.224343 0.000000 0.134407
302571.027156 4123813.249626 0.000000 0.134269
302571.085459 4123813.275521 0.000000 0.134087
302571.143804 4123813.302035 0.000000 0.133861
302571.202191 4123813.329177 0.000000 0.133594
302571.260621 4123813.356954 0.000000 0.133284
302571.319094 4123813.385373 0.000000 0.132933
302571.377610 4123813.414443 0.000000 0.132541
302571.436170 4123813.444172 0.000000 0.132109
302571.494775 4123813.474567 0.000000 0.131638
302571.553425 4123813.505637 0.000000 0.131129
302571.612120 4123813.537390 0.000000 0.130582
302571.670860 4123813.569835 0.000000 0.129998
302571.729647 4123813.602979 0.000000 0.129378
302571.788479 4123813.636831 0.000000 0.128724
302571.847358 4123813.671401 0.000000 0.128034
302571.906284 4123813.706696 0.000000 0.127311
302571.965257 4123813.742726 0.000000 0.126554
302572.024277 4123813.779500 0.000000 0.125766
302572.083345 4123813.817027 0.000000 0.124944
302572.142461 4123813.855317 0.000000 0.124091
302572.201627 4123813.894379 0.000000 0.123206
302572.260842 4123813.934223 0.000000 0.122291
302572.320106 4123813.974860 0.000000 0.121343
302572.379422 4123814.016299 0.000000 0.120365
302572.438790 4123814.058551 0.000000 0.119355
302572.498211 4123814.101628 0.000000 0.118313
302572.557685 4123814.145539 0.000000 0.117240
302572.617216 4123814.190296 0.000000 0.116133
302572.676803 4123814.235912 0.000000 0.114996
302572.736449 4123814.282397 0.000000 0.113824
302572.796157 4123814.329766 0.000000 0.112619
302572.855927 4123814.378029 0.000000 0.111379
302572.915764 4123814.427201 0.000000 0.110105
302572.975669 4123814.477295 0.000000 0.108795
302573.035646 4123814.528325 0.000000 0.107450
302573.095699 4123814.580305 0.000000 0.106067
302573.155832 4123814.633251 0.000000 0.104648
302573.216048 4123814.687178 0.000000 0.103190
302573.276353 4123814.742101 0.000000 0.101693
302573.336752 4123814.798038 0.000000 0.100158
302573.397251 4123814.855006 0.000000 0.098583
302573.457856 4123814.913022 0.000000 0.096968
302573.518574 4123814.972105 0.000000 0.095314
302573.579412 4123815.032274 0.000000 0.093620
302573.640378 4123815.093548 0.000000 0.091886
302573.701482 4123815.155949 0.000000 0.090112
302573.762732 4123815.219498 0.000000 0.088300
302573.824138 4123815.284216 0.000000 0.086449
302573.885712 4123815.350126 0.000000 0.084560
302573.947465 4123815.417254 0.000000 0.082635
302574.009409 4123815.485622 0.000000 0.080674
302574.071559 4123815.555257 0.000000 0.078683
302574.133927 4123815.626186 0.000000 0.076662
302574.196530 4123815.698435 0.000000 0.074618
302574.259384 4123815.772035 0.000000 0.072555
302574.322505 4123815.847016 0.000000 0.070478
302574.385914 4123815.923409 0.000000 0.068393
302574.449629 4123816.001248 0.000000 0.066304
302574.513672 4123816.080567 0.000000 0.064218
302574.578065 4123816.161406 0.000000 0.062140
302574.642833 4123816.243803 0.000000 0.060074
302574.708002 4123816.327800 0.000000 0.058026
302574.773599 4123816.413443 0.000000 0.056001
302574.839654 4123816.500780 0.000000 0.054001
302574.906199 4123816.589863 0.000000 0.052032
302574.973267 4123816.680747 0.000000 0.050096
302575.040895 4123816.773493 0.000000 0.048198
302575.109122 4123816.868164 0.000000 0.046339
302575.177988 4123816.964830 0.000000 0.044522
302575.247538 4123817.063565 0.000000 0.042749
302575.317819 4123817.164450 0.000000 0.041022
302575.388881 4123817.267572 0.000000 0.039342
302575.460778 4123817.373025 0.000000 0.037710
302575.533568 4123817.480909 0.000000 0.036127
302575.607311 4123817.591333 0.000000 0.034593
302575.682072 4123817.704416 0.000000 0.033109
302575.757920 4123817.820282 0.000000 0.031674
302575.834929 4123817.939068 0.000000 0.030287
302575.913178 4123818.060919 0.000000 0.028950
302575.992748 4123818.185994 0.000000 0.027659
302576.073729 4123818.314459 0.000000 0.026416
302576.156214 4123818.446496 0.000000 0.025217
302576.240303 4123818.582299 0.000000 0.024064
302576.326099 4123818.722073 0.000000 0.022954
302576.413715 4123818.866042 0.000000 0.021885
302576.503268 4123819.014441 0.000000 0.020857
302576.594884 4123819.167523 0.000000 0.019868
302576.688692 4123819.325558 0.000000 0.018917
302576.784832 4123819.488832 0.000000 0.018003
302576.883451 4123819.657650 0.000000 0.017123
302576.984703 4123819.832338 0.000000 0.016278
302577.088751 4123820.013239 0.000000 0.015465
302577.195765 4123820.200721 0.000000 0.014684
302577.305927 4123820.395170 0.000000 0.013933
302577.419425 4123820.596998 0.000000 0.013212
302577.536459 4123820.806640 0.000000 0.012520
302577.657238 4123821.024556 0.000000 0.011856
302577.781982 4123821.251232 0.000000 0.011219
