302513.111570 4123845.374360 0.000000 -0.000417
302512.948064 4123845.461812 0.000000 -0.000417
302512.793830 4123845.544319 0.000000 -0.000456
302512.648053 4123845.622318 0.000000 -0.000497
302512.509969 4123845.696214 0.000000 -0.000540
302512.378871 4123845.766385 0.000000 -0.000585
302512.254098 4123845.833185 0.000000 -0.000632
302512.135039 4123845.896939 0.000000 -0.000679
302512.021128 4123845.957949 0.000000 -0.000727
302511.911842 4123846.016495 0.000000 -0.000775
302511.806700 4123846.072834 0.000000 -0.000823
302511.705259 4123846.127202 0.000000 -0.000871
302511.607114 4123846.179817 0.000000 -0.000918
302511.511895 4123846.230875 0.000000 -0.000964
302511.419264 4123846.280558 0.000000 -0.001009
302511.328916 4123846.329028 0.000000 -0.001053
302511.240575 4123846.376434 0.000000 -0.001096
302511.153992 4123846.422908 0.000000 -0.001139
302511.068945 4123846.468570 0.000000 -0.001180
302510.985236 4123846.513526 0.000000 -0.001221
302510.902690 4123846.557870 0.000000 -0.001261
302510.821153 4123846.601684 0.000000 -0.001302
302510.740491 4123846.645040 0.000000 -0.001342
302510.660587 4123846.688001 0.000000 -0.001382
302510.581344 4123846.730620 0.000000 -0.001424
302510.502676 4123846.772942 0.000000 -0.001465
302510.424515 4123846.815005 0.000000 -0.001507
302510.346804 4123846.856839 0.000000 -0.001550
302510.269499 4123846.898468 0.000000 -0.001594
302510.192566 4123846.939911 0.000000 -0.001639
302510.115979 4123846.981181 0.000000 -0.001686
302510.039723 4123847.022287 0.000000 -0.001733
302509.963790 4123847.063234 0.000000 -0.001782
302509.888177 4123847.104024 0.000000 -0.001832
302509.812887 4123847.144654 0.000000 -0.001882
302509.737930 4123847.185120 0.000000 -0.001934
302509.663318 4123847.225416 0.000000 -0.001987
302509.589065 4123847.265534 0.000000 -0.002041
302509.515192 4123847.305463 0.000000 -0.002096
302509.441718 4123847.345194 0.000000 -0.002151
302509.368664 4123847.384713 0.000000 -0.002206
302509.296054 4123847.424010 0.000000 -0.002263
302509.223911 4123847.463072 0.000000 -0.002318
302509.152257 4123847.501886 0.000000 -0.002374
302509.081116 4123847.540441 0.000000 -0.002429
302509.010508 4123847.578724 0.000000 -0.002482
302508.940455 4123847.616724 0.000000 -0.002536
302508.870977 4123847.654430 0.000000 -0.002587
302508.802092 4123847.691833 0.000000 -0.002637
302508.733817 4123847.728923 0.000000 -0.002685
302508.666167 4123847.765692 0.000000 -0.002732
302508.599155 4123847.802131 0.000000 -0.002775
302508.532795 4123847.838235 0.000000 -0.002818
302508.467096 4123847.873997 0.000000 -0.002857
302508.402068 4123847.909411 0.000000 -0.002894
302508.337719 4123847.944474 0.000000 -0.002929
302508.274056 4123847.979181 0.000000 -0.002962
302508.211083 4123848.013528 0.000000 -0.002991
302508.148806 4123848.047513 0.000000 -0.003018
302508.087227 4123848.081135 0.000000 -0.003043
302508.026349 4123848.114391 0.000000 -0.003064
302507.966172 4123848.147280 0.000000 -0.003082
302507.906696 4123848.179802 0.000000 -0.003098
302507.847922 4123848.211956 0.000000 -0.003110
302507.789846 4123848.243744 0.000000 -0.003119
302507.732468 4123848.275165 0.000000 -0.003124
302507.675782 4123848.306222 0.000000 -0.003127
302507.619787 4123848.336916 0.000000 -0.003124
302507.564476 4123848.367248 0.000000 -0.003120
302507.509845 4123848.397222 0.000000 -0.003111
302507.455889 4123848.426839 0.000000 -0.003098
302507.402599 4123848.456103 0.000000 -0.003081
302507.349971 4123848.485017 0.000000 -0.003062
302507.297996 4123848.513584 0.000000 -0.003039
302507.246667 4123848.541808 0.000000 -0.003010
302507.195976 4123848.569693 0.000000 -0.002979
302507.145914 4123848.597243 0.000000 -0.002944
302507.096473 4123848.624463 0.000000 -0.002906
302507.047643 4123848.651356 0.000000 -0.002865
302506.999415 4123848.677927 0.000000 -0.002818
302506.951779 4123848.704182 0.000000 -0.002771
302506.904727 4123848.730124 0.000000 -0.002719
302506.858247 4123848.755760 0.000000 -0.002665
302506.812330 4123848.781094 0.000000 -0.002608
302506.766965 4123848.806131 0.000000 -0.002548
302506.722143 4123848.830876 0.000000 -0.002487
302506.677852 4123848.855335 0.000000 -0.002422
302506.634083 4123848.879513 0.000000 -0.002358
302506.590825 4123848.903415 0.000000 -0.002290
302506.548068 4123848.927047 0.000000 -0.002223
302506.505800 4123848.950414 0.000000 -0.002152
302506.464012 4123848.973522 0.000000 -0.002085
302506.422693 4123848.996376 0.000000 -0.002013
302506.381832 4123849.018981 0.000000 -0.001947
302506.341419 4123849.041343 0.000000 -0.001874
302506.301445 4123849.063467 0.000000 -0.001809
302506.261898 4123849.085359 0.000000 -0.001737
302506.222769 4123849.107023 0.000000 -0.001673
302506.184047 4123849.128466 0.000000 -0.001606
302506.145722 4123849.149692 0.000000 -0.001541
302506.107785 4123849.170707 0.000000 -0.001482
302506.070226 4123849.191516 0.000000 -0.001418
302506.033034 4123849.212124 0.000000 -0.001360
302505.996201 4123849.232537 0.000000 -0.001303
302505.959717 4123849.252758 0.000000 -0.001247
302505.923573 4123849.272794 0.000000 -0.001191
302505.887758 4123849.292649 0.000000 -0.001142
302505.852265 4123849.312328 0.000000 -0.001089
302505.817083 4123849.331836 0.000000 -0.001041
302505.782204 4123849.351178 0.000000 -0.000995
302505.747620 4123849.370359 0.000000 -0.000947
302505.713320 4123849.389384 0.000000 -0.000906
302505.679297 4123849.408257 0.000000 -0.000865
302505.645542 4123849.426982 0.000000 -0.000824
302505.612046 4123849.445566 0.000000 -0.000785
302505.578801 4123849.464011 0.000000 -0.000749
302505.545799 4123849.482323 0.000000 -0.000714
302505.513031 4123849.500505 0.000000 -0.000682
302505.480490 4123849.518564 0.000000 -0.000649
302505.448167 4123849.536502 0.000000 -0.000618
302505.416055 4123849.554324 0.000000 -0.000591
302505.384145 4123849.572035 0.000000 -0.000561
302505.352431 4123849.589638 0.000000 -0.000537
302505.320904 4123849.607138 0.000000 -0.000512
302505.289557 4123849.624538 0.000000 -0.000486
302505.258382 4123849.641844 0.000000 -0.000463
302505.227373 4123849.659058 0.000000 -0.000440
302505.196522 4123849.676186 0.000000 -0.000419
302505.165822 4123849.693230 0.000000 -0.000398
302505.135267 4123849.710195 0.000000 -0.000374
302505.104848 4123849.727084 0.000000 -0.000357
302505.074559 4123849.743901 0.000000 -0.000336
302505.044394 4123849.760650 0.000000 -0.000318
302505.014346 4123849.777335 0.000000 -0.000300
302504.984408 4123849.793959 0.000000 -0.000283
302504.954574 4123849.810526 0.000000 -0.000262
302504.924837 4123849.827039 0.000000 -0.000247
302504.895191 4123849.843501 0.000000 -0.000230
302504.865630 4123849.859917 0.000000 -0.000211
302504.836148 4123849.876290 0.000000 -0.000197
302504.806739 4123849.892622 0.000000 -0.000178
302504.777396 4123849.908917 0.000000 -0.000164
302504.748114 4123849.925179 0.000000 -0.000144
302504.718886 4123849.941411 0.000000 -0.000129
302504.689708 4123849.957616 0.000000 -0.000116
302504.660573 4123849.973797 0.000000 -0.000099
302504.631476 4123849.989957 0.000000 -0.000083
302504.602410 4123850.006099 0.000000 -0.000073
302504.573371 4123850.022227 0.000000 -0.000056
302504.544354 4123850.038343 0.000000 -0.000045
302504.515352 4123850.054451 0.000000 -0.000037
302504.486360 4123850.070553 0.000000 -0.000022
302504.457373 4123850.086652 0.000000 -0.000015
302504.428385 4123850.102751 0.000000 -0.000007
302504.399392 4123850.118854 0.000000 0.000000
302504.370388 4123850.134962 0.000000 0.000006
302504.341368 4123850.151080 0.000000 0.000007
302504.312327 4123850.167209 0.000000 0.000010
302504.283260 4123850.183352 0.000000 0.000013
302504.254162 4123850.199513 0.000000 0.000007
302504.225027 4123850.215695 0.000000 0.000010
302504.195851 4123850.231899 0.000000 0.000003
302504.166629 4123850.248128 0.000000 -0.000007
302504.137356 4123850.264386 0.000000 -0.000013
302504.108027 4123850.280676 0.000000 -0.000024
302504.078637 4123850.296999 0.000000 -0.000036
302504.049181 4123850.313358 0.000000 -0.000047
302504.019654 4123850.329757 0.000000 -0.000066
302503.990052 4123850.346198 0.000000 -0.000081
302503.960370 4123850.362684 0.000000 -0.000099
302503.930603 4123850.379217 0.000000 -0.000121
302503.900746 4123850.395800 0.000000 -0.000139
302503.870794 4123850.412435 0.000000 -0.000162
302503.840744 4123850.429126 0.000000 -0.000186
302503.810589 4123850.445875 0.000000 -0.000210
302503.780326 4123850.462684 0.000000 -0.000237
302503.749950 4123850.479557 0.000000 -0.000260
302503.719456 4123850.496495 0.000000 -0.000290
302503.688840 4123850.513502 0.000000 -0.000316
302503.658097 4123850.530580 0.000000 -0.000342
302503.627222 4123850.547731 0.000000 -0.000372
302503.596212 4123850.564958 0.000000 -0.000397
302503.565061 4123850.582264 0.000000 -0.000427
302503.533765 4123850.599651 0.000000 -0.000454
302503.502320 4123850.617121 0.000000 -0.000481
302503.470721 4123850.634678 0.000000 -0.000506
302503.438964 4123850.652323 0.000000 -0.000535
302503.407045 4123850.670059 0.000000 -0.000560
302503.374958 4123850.687889 0.000000 -0.000584
302503.342702 4123850.705815 0.000000 -0.000608
302503.310269 4123850.723839 0.000000 -0.000630
302503.277658 4123850.741963 0.000000 -0.000652
302503.244863 4123850.760191 0.000000 -0.000669
302503.211881 4123850.778524 0.000000 -0.000689
302503.178708 4123850.796964 0.000000 -0.000706
302503.145339 4123850.815514 0.000000 -0.000718
302503.111771 4123850.834176 0.000000 -0.000734
302503.078000 4123850.852952 0.000000 -0.000743
302503.044022 4123850.871845 0.000000 -0.000752
302503.009834 4123850.890855 0.000000 -0.000759
302502.975431 4123850.909986 0.000000 -0.000763
302502.940811 4123850.929240 0.000000 -0.000765
302502.905970 4123850.948618 0.000000 -0.000764
302502.870904 4123850.968122 0.000000 -0.000762
302502.835611 4123850.987754 0.000000 -0.000755
302502.800087 4123851.007516 0.000000 -0.000749
302502.764329 4123851.027409 0.000000 -0.000739
302502.728334 4123851.047436 0.000000 -0.000726
302502.692100 4123851.067597 0.000000 -0.000712
302502.655622 4123851.087895 0.000000 -0.000697
302502.618899 4123851.108331 0.000000 -0.000677
302502.581929 4123851.128907 0.000000 -0.000661
302502.544708 4123851.149623 0.000000 -0.000639
302502.507233 4123851.170481 0.000000 -0.000617
302502.469504 4123851.191483 0.000000 -0.000593
302502.431517 4123851.212629 0.000000 -0.000570
302502.393269 4123851.233921 0.000000 -0.000546
302502.354760 4123851.255361 0.000000 -0.000522
302502.315987 4123851.276948 0.000000 -0.000498
302502.276947 4123851.298685 0.000000 -0.000474
302502.237639 4123851.320573 0.000000 -0.000451
302502.198061 4123851.342612 0.000000 -0.000429
302502.158211 4123851.364804 0.000000 -0.000407
302502.118086 4123851.387149 0.000000 -0.000388
302502.077685 4123851.409649 0.000000 -0.000369
302502.037006 4123851.432305 0.000000 -0.000354
302501.996047 4123851.455118 0.000000 -0.000339
302501.954805 4123851.478089 0.000000 -0.000329
302501.913280 4123851.501219 0.000000 -0.000320
302501.871467 4123851.524510 0.000000 -0.000313
302501.829366 4123851.547962 0.000000 -0.000312
302501.786974 4123851.571578 0.000000 -0.000314
302501.744288 4123851.595357 0.000000 -0.000319
302501.701305 4123851.619303 0.000000 -0.000329
302501.658024 4123851.643417 0.000000 -0.000343
302501.614441 4123851.667699 0.000000 -0.000361
302501.570552 4123851.692153 0.000000 -0.000386
302501.526355 4123851.716779 0.000000 -0.000413
302501.481846 4123851.741581 0.000000 -0.000448
302501.437021 4123851.766560 0.000000 -0.000488
302501.391876 4123851.791719 0.000000 -0.000532
302501.346407 4123851.817060 0.000000 -0.000585
302501.300608 4123851.842587 0.000000 -0.000641
302501.254475 4123851.868302 0.000000 -0.000705
302501.208003 4123851.894208 0.000000 -0.000775
302501.161184 4123851.920310 0.000000 -0.000851
302501.114014 4123851.946611 0.000000 -0.000933
302501.066484 4123851.973116 0.000000 -0.001023
302501.018589 4123851.999828 0.000000 -0.001118
302500.970320 4123852.026752 0.000000 -0.001220
302500.921668 4123852.053894 0.000000 -0.001330
302500.872625 4123852.081259 0.000000 -0.001445
302500.823182 4123852.108852 0.000000 -0.001566
302500.773328 4123852.136681 0.000000 -0.001692
302500.723052 4123852.164752 0.000000 -0.001824
302500.672343 4123852.193072 0.000000 -0.001958
302500.621187 4123852.221648 0.000000 -0.002095
302500.569572 4123852.250490 0.000000 -0.002232
302500.517482 4123852.279606 0.000000 -0.002368
302500.464901 4123852.309006 0.000000 -0.002500
302500.411810 4123852.338702 0.000000 -0.002627
302500.358191 4123852.368705 0.000000 -0.002744
302500.304020 4123852.399028 0.000000 -0.002852
302500.249274 4123852.429686 0.000000 -0.002946
302500.193925 4123852.460696 0.000000 -0.003023
302500.137943 4123852.492074 0.000000 -0.003082
302500.081295 4123852.523841 0.000000 -0.003120
302500.023942 4123852.556017 0.000000 -0.003133
302499.965844 4123852.588628 0.000000 -0.003119
302499.906955 4123852.621700 0.000000 -0.003076
302499.847222 4123852.655261 0.000000 -0.003003
302499.786589 4123852.689345 0.000000 -0.002898
302499.724993 4123852.723986 0.000000 -0.002759
302499.662364 4123852.759225 0.000000 -0.002587
302499.598627 4123852.795103 0.000000 -0.002382
302499.533696 4123852.831668 0.000000 -0.002145
302499.467479 4123852.868971 0.000000 -0.001879
302499.399874 4123852.907069 0.000000 -0.001583
302499.330771 4123852.946023 0.000000 -0.001265
302499.260047 4123852.985899 0.000000 -0.000926
302499.187572 4123853.026771 0.000000 -0.000572
302499.113200 4123853.068717 0.000000 -0.000208
302499.036776 4123853.111822 0.000000 0.000160
302498.958130 4123853.156179 0.000000 0.000526
302498.877079 4123853.201887 0.000000 0.000884
302498.793424 4123853.249054 0.000000 0.001229
302498.706953 4123853.297796 0.000000 0.001555
302498.617434 4123853.348236 0.000000 0.001857
302498.524621 4123853.400510 0.000000 0.002132
302498.428247 4123853.454759 0.000000 0.002375
302498.328029 4123853.511137 0.000000 0.002585
302498.223660 4123853.569808 0.000000 0.002760
302498.114816 4123853.630947 0.000000 0.002899
302498.001146 4123853.694741 0.000000 0.003003
302497.882282 4123853.761388 0.000000 0.003072
302497.757825 4123853.831100 0.000000 0.003110
302497.627357 4123853.904102 0.000000 0.003117
302497.490430 4123853.980632 0.000000 0.003097
302497.346568 4123854.060944 0.000000 0.003052
302497.195269 4123854.145305 0.000000 0.002987
