302502.171000 4123890.325000 0.000000 -0.036923
302502.259177 4123890.442458 0.000000 -0.036924
302502.345652 4123890.556376 0.000000 -0.036952
302502.430467 4123890.666903 0.000000 -0.036937
302502.513658 4123890.774182 0.000000 -0.036882
302502.595265 4123890.878351 0.000000 -0.036787
302502.675326 4123890.979540 0.000000 -0.036656
302502.753879 4123891.077876 0.000000 -0.036491
302502.830962 4123891.173479 0.000000 -0.036296
302502.906612 4123891.266463 0.000000 -0.036074
302502.980866 4123891.356939 0.000000 -0.035828
302503.053759 4123891.445011 0.000000 -0.035564
302503.125329 4123891.530779 0.000000 -0.035285
302503.195611 4123891.614339 0.000000 -0.034996
302503.264639 4123891.695782 0.000000 -0.034701
302503.332448 4123891.775195 0.000000 -0.034404
302503.399073 4123891.852661 0.000000 -0.034112
302503.464546 4123891.928260 0.000000 -0.033828
302503.528900 4123892.002066 0.000000 -0.033558
302503.592167 4123892.074151 0.000000 -0.033304
302503.654379 4123892.144583 0.000000 -0.033072
302503.715568 4123892.213428 0.000000 -0.032867
302503.775763 4123892.280748 0.000000 -0.032690
302503.834993 4123892.346601 0.000000 -0.032547
302503.893289 4123892.411044 0.000000 -0.032440
302503.950679 4123892.474129 0.000000 -0.032371
302504.007189 4123892.535908 0.000000 -0.032343
302504.062848 4123892.596429 0.000000 -0.032358
302504.117680 4123892.655737 0.000000 -0.032416
302504.171713 4123892.713877 0.000000 -0.032518
302504.224971 4123892.770889 0.000000 -0.032665
302504.277478 4123892.826813 0.000000 -0.032855
302504.329258 4123892.881688 0.000000 -0.033089
302504.380333 4123892.935548 0.000000 -0.033364
302504.430726 4123892.988427 0.000000 -0.033679
302504.480458 4123893.040358 0.000000 -0.034031
302504.529549 4123893.091372 0.000000 -0.034418
302504.578019 4123893.141498 0.000000 -0.034836
302504.625888 4123893.190764 0.000000 -0.035283
302504.673175 4123893.239196 0.000000 -0.035753
302504.719897 4123893.286821 0.000000 -0.036245
302504.766071 4123893.333661 0.000000 -0.036751
302504.811714 4123893.379741 0.000000 -0.037272
302504.856841 4123893.425083 0.000000 -0.037799
302504.901469 4123893.469707 0.000000 -0.038331
302504.945611 4123893.513635 0.000000 -0.038866
302504.989282 4123893.556884 0.000000 -0.039396
302505.032494 4123893.599475 0.000000 -0.039922
302505.075261 4123893.641424 0.000000 -0.040440
302505.117595 4123893.682748 0.000000 -0.040949
302505.159507 4123893.723465 0.000000 -0.041448
302505.201009 4123893.763588 0.000000 -0.041938
302505.242110 4123893.803134 0.000000 -0.042418
302505.282821 4123893.842116 0.000000 -0.042889
302505.323152 4123893.880549 0.000000 -0.043354
302505.363111 4123893.918445 0.000000 -0.043811
302505.402707 4123893.955816 0.000000 -0.044261
302505.441949 4123893.992676 0.000000 -0.044708
302505.480844 4123894.029035 0.000000 -0.045148
302505.519399 4123894.064904 0.000000 -0.045587
302505.557622 4123894.100294 0.000000 -0.046021
302505.595519 4123894.135215 0.000000 -0.046456
302505.633097 4123894.169677 0.000000 -0.046889
302505.670361 4123894.203688 0.000000 -0.047322
302505.707318 4123894.237258 0.000000 -0.047757
302505.743972 4123894.270395 0.000000 -0.048193
302505.780329 4123894.303107 0.000000 -0.048632
302505.816393 4123894.335402 0.000000 -0.049077
302505.852170 4123894.367287 0.000000 -0.049524
302505.887664 4123894.398770 0.000000 -0.049980
302505.922879 4123894.429857 0.000000 -0.050439
302505.957818 4123894.460555 0.000000 -0.050908
302505.992486 4123894.490870 0.000000 -0.051385
302506.026887 4123894.520808 0.000000 -0.051869
302506.061023 4123894.550375 0.000000 -0.052365
302506.094898 4123894.579578 0.000000 -0.052870
302506.128515 4123894.608420 0.000000 -0.053387
302506.161878 4123894.636908 0.000000 -0.053916
302506.194989 4123894.665046 0.000000 -0.054456
302506.227852 4123894.692840 0.000000 -0.055013
302506.260468 4123894.720294 0.000000 -0.055581
302506.292841 4123894.747413 0.000000 -0.056164
302506.324972 4123894.774201 0.000000 -0.056765
302506.356866 4123894.800664 0.000000 -0.057379
302506.388524 4123894.826804 0.000000 -0.058011
302506.419948 4123894.852627 0.000000 -0.058658
302506.451142 4123894.878136 0.000000 -0.059328
302506.482107 4123894.903335 0.000000 -0.060011
302506.512846 4123894.928229 0.000000 -0.060719
302506.543361 4123894.952821 0.000000 -0.061440
302506.573655 4123894.977116 0.000000 -0.062189
302506.603730 4123895.001116 0.000000 -0.062951
302506.633589 4123895.024826 0.000000 -0.063747
302506.663234 4123895.048249 0.000000 -0.064552
302506.692667 4123895.071389 0.000000 -0.065395
302506.721892 4123895.094250 0.000000 -0.066251
302506.750909 4123895.116835 0.000000 -0.067143
302506.779723 4123895.139148 0.000000 -0.068054
302506.808336 4123895.161193 0.000000 -0.068997
302506.836751 4123895.182973 0.000000 -0.069971
302506.864970 4123895.204491 0.000000 -0.070972
302506.892996 4123895.225751 0.000000 -0.072011
302506.920832 4123895.246757 0.000000 -0.073080
302506.948482 4123895.267511 0.000000 -0.074186
302506.975947 4123895.288019 0.000000 -0.075327
302507.003232 4123895.308282 0.000000 -0.076512
302507.030340 4123895.328305 0.000000 -0.077730
302507.057273 4123895.348091 0.000000 -0.078993
302507.084036 4123895.367644 0.000000 -0.080299
302507.110632 4123895.386967 0.000000 -0.081643
302507.137064 4123895.406063 0.000000 -0.083036
302507.163337 4123895.424936 0.000000 -0.084467
302507.189453 4123895.443589 0.000000 -0.085943
302507.215417 4123895.462026 0.000000 -0.087466
302507.241233 4123895.480250 0.000000 -0.089031
302507.266904 4123895.498265 0.000000 -0.090638
302507.292436 4123895.516074 0.000000 -0.092289
302507.317832 4123895.533680 0.000000 -0.093980
302507.343097 4123895.551087 0.000000 -0.095714
302507.368234 4123895.568299 0.000000 -0.097484
302507.393250 4123895.585318 0.000000 -0.099290
302507.418147 4123895.602149 0.000000 -0.101136
302507.442932 4123895.618794 0.000000 -0.103008
302507.467609 4123895.635256 0.000000 -0.104911
302507.492182 4123895.651540 0.000000 -0.106842
302507.516657 4123895.667649 0.000000 -0.108794
302507.541040 4123895.683585 0.000000 -0.110762
302507.565334 4123895.699353 0.000000 -0.112747
302507.589546 4123895.714956 0.000000 -0.114743
302507.613681 4123895.730396 0.000000 -0.116745
302507.637744 4123895.745677 0.000000 -0.118742
302507.661740 4123895.760803 0.000000 -0.120738
302507.685676 4123895.775777 0.000000 -0.122721
302507.709557 4123895.790602 0.000000 -0.124693
302507.733389 4123895.805280 0.000000 -0.126634
302507.757177 4123895.819817 0.000000 -0.128558
302507.780928 4123895.834213 0.000000 -0.130436
302507.804646 4123895.848474 0.000000 -0.132280
302507.828339 4123895.862601 0.000000 -0.134080
302507.852012 4123895.876598 0.000000 -0.135822
302507.875670 4123895.890468 0.000000 -0.137512
302507.899321 4123895.904214 0.000000 -0.139131
302507.922970 4123895.917838 0.000000 -0.140688
302507.946623 4123895.931345 0.000000 -0.142162
302507.970286 4123895.944736 0.000000 -0.143558
302507.993965 4123895.958014 0.000000 -0.144877
302508.017667 4123895.971183 0.000000 -0.146099
302508.041397 4123895.984246 0.000000 -0.147231
302508.065162 4123895.997203 0.000000 -0.148266
302508.088966 4123896.010059 0.000000 -0.149204
302508.112818 4123896.022817 0.000000 -0.150039
302508.136721 4123896.035477 0.000000 -0.150775
302508.160683 4123896.048044 0.000000 -0.151400
302508.184708 4123896.060519 0.000000 -0.151926
302508.208804 4123896.072904 0.000000 -0.152346
302508.232975 4123896.085202 0.000000 -0.152664
302508.257226 4123896.097416 0.000000 -0.152874
302508.281565 4123896.109546 0.000000 -0.152991
302508.305995 4123896.121595 0.000000 -0.153006
302508.330522 4123896.133566 0.000000 -0.152920
302508.355152 4123896.145459 0.000000 -0.152750
302508.379889 4123896.157277 0.000000 -0.152485
302508.404739 4123896.169021 0.000000 -0.152133
302508.429705 4123896.180693 0.000000 -0.151702
302508.454794 4123896.192294 0.000000 -0.151193
302508.480009 4123896.203825 0.000000 -0.150609
302508.505355 4123896.215289 0.000000 -0.149962
302508.530837 4123896.226685 0.000000 -0.149246
302508.556457 4123896.238016 0.000000 -0.148473
302508.582220 4123896.249282 0.000000 -0.147648
302508.608131 4123896.260484 0.000000 -0.146768
302508.634192 4123896.271623 0.000000 -0.145853
302508.660406 4123896.282699 0.000000 -0.144893
302508.686778 4123896.293714 0.000000 -0.143898
302508.713310 4123896.304667 0.000000 -0.142878
302508.740005 4123896.315560 0.000000 -0.141830
302508.766866 4123896.326392 0.000000 -0.140761
302508.793896 4123896.337163 0.000000 -0.139675
302508.821095 4123896.347875 0.000000 -0.138576
302508.848468 4123896.358526 0.000000 -0.137470
302508.876015 4123896.369117 0.000000 -0.136352
302508.903739 4123896.379648 0.000000 -0.135242
302508.931641 4123896.390118 0.000000 -0.134123
302508.959722 4123896.400527 0.000000 -0.133012
302508.987983 4123896.410875 0.000000 -0.131906
302509.016426 4123896.421161 0.000000 -0.130815
302509.045051 4123896.431385 0.000000 -0.129723
302509.073859 4123896.441546 0.000000 -0.128650
302509.102850 4123896.451643 0.000000 -0.127591
302509.132024 4123896.461676 0.000000 -0.126548
302509.161381 4123896.471643 0.000000 -0.125522
302509.190921 4123896.481545 0.000000 -0.124513
302509.220643 4123896.491378 0.000000 -0.123525
302509.250547 4123896.501144 0.000000 -0.122555
302509.280631 4123896.510840 0.000000 -0.121604
302509.310896 4123896.520465 0.000000 -0.120676
302509.341339 4123896.530019 0.000000 -0.119771
302509.371959 4123896.539500 0.000000 -0.118882
302509.402755 4123896.548906 0.000000 -0.118014
302509.433725 4123896.558236 0.000000 -0.117166
302509.464866 4123896.567489 0.000000 -0.116332
302509.496177 4123896.576664 0.000000 -0.115524
302509.527655 4123896.585759 0.000000 -0.114732
302509.559298 4123896.594772 0.000000 -0.113951
302509.591103 4123896.603703 0.000000 -0.113194
302509.623067 4123896.612549 0.000000 -0.112445
302509.655187 4123896.621309 0.000000 -0.111712
302509.687461 4123896.629982 0.000000 -0.110997
302509.719884 4123896.638566 0.000000 -0.110293
302509.752453 4123896.647060 0.000000 -0.109603
302509.785165 4123896.655462 0.000000 -0.108930
302509.818016 4123896.663771 0.000000 -0.108266
302509.851002 4123896.671985 0.000000 -0.107615
302509.884119 4123896.680103 0.000000 -0.106980
302509.917363 4123896.688124 0.000000 -0.106354
302509.950729 4123896.696045 0.000000 -0.105745
302509.984214 4123896.703867 0.000000 -0.105143
302510.017813 4123896.711586 0.000000 -0.104559
302510.051520 4123896.719203 0.000000 -0.103982
302510.085333 4123896.726716 0.000000 -0.103426
302510.119245 4123896.734124 0.000000 -0.102878
302510.153252 4123896.741425 0.000000 -0.102342
302510.187350 4123896.748618 0.000000 -0.101822
302510.221532 4123896.755702 0.000000 -0.101311
302510.255795 4123896.762677 0.000000 -0.100821
302510.290132 4123896.769541 0.000000 -0.100340
302510.324539 4123896.776293 0.000000 -0.099877
302510.359010 4123896.782933 0.000000 -0.099424
302510.393541 4123896.789458 0.000000 -0.098991
302510.428126 4123896.795870 0.000000 -0.098571
302510.462760 4123896.802166 0.000000 -0.098165
302510.497437 4123896.808347 0.000000 -0.097781
302510.532152 4123896.814411 0.000000 -0.097406
302510.566900 4123896.820358 0.000000 -0.097054
302510.601675 4123896.826187 0.000000 -0.096719
302510.636472 4123896.831897 0.000000 -0.096401
302510.671286 4123896.837490 0.000000 -0.096101
302510.706112 4123896.842963 0.000000 -0.095823
302510.740944 4123896.848316 0.000000 -0.095566
302510.775778 4123896.853550 0.000000 -0.095327
302510.810607 4123896.858664 0.000000 -0.095114
302510.845428 4123896.863657 0.000000 -0.094918
302510.880235 4123896.868530 0.000000 -0.094751
302510.915023 4123896.873282 0.000000 -0.094605
302510.949788 4123896.877914 0.000000 -0.094484
302510.984524 4123896.882425 0.000000 -0.094393
302511.019228 4123896.886815 0.000000 -0.094327
302511.053895 4123896.891084 0.000000 -0.094289
302511.088521 4123896.895232 0.000000 -0.094279
302511.123101 4123896.899260 0.000000 -0.094304
302511.157631 4123896.903168 0.000000 -0.094354
302511.192108 4123896.906955 0.000000 -0.094446
302511.226528 4123896.910621 0.000000 -0.094567
302511.260888 4123896.914168 0.000000 -0.094724
302511.295183 4123896.917595 0.000000 -0.094918
302511.329412 4123896.920902 0.000000 -0.095147
302511.363571 4123896.924090 0.000000 -0.095413
302511.397658 4123896.927159 0.000000 -0.095716
302511.431670 4123896.930109 0.000000 -0.096060
302511.465605 4123896.932940 0.000000 -0.096436
302511.499461 4123896.935653 0.000000 -0.096854
302511.533237 4123896.938248 0.000000 -0.097303
302511.566931 4123896.940725 0.000000 -0.097789
302511.600541 4123896.943084 0.000000 -0.098312
302511.634068 4123896.945326 0.000000 -0.098866
302511.667509 4123896.947451 0.000000 -0.099456
302511.700866 4123896.949459 0.000000 -0.100070
302511.734137 4123896.951351 0.000000 -0.100715
302511.767324 4123896.953126 0.000000 -0.101385
302511.800426 4123896.954785 0.000000 -0.102082
302511.833445 4123896.956327 0.000000 -0.102796
302511.866380 4123896.957754 0.000000 -0.103532
302511.899235 4123896.959066 0.000000 -0.104283
302511.932010 4123896.960261 0.000000 -0.105042
302511.964706 4123896.961342 0.000000 -0.105815
302511.997328 4123896.962307 0.000000 -0.106589
302512.029876 4123896.963156 0.000000 -0.107365
302512.062354 4123896.963890 0.000000 -0.108140
302512.094765 4123896.964509 0.000000 -0.108902
302512.127111 4123896.965013 0.000000 -0.109660
302512.159398 4123896.965401 0.000000 -0.110392
302512.191627 4123896.965674 0.000000 -0.111110
302512.223805 4123896.965831 0.000000 -0.111797
302512.255934 4123896.965872 0.000000 -0.112455
302512.288020 4123896.965798 0.000000 -0.113076
302512.320068 4123896.965607 0.000000 -0.113658
302512.352083 4123896.965300 0.000000 -0.114192
302512.384069 4123896.964877 0.000000 -0.114677
302512.416034 4123896.964336 0.000000 -0.115107
302512.447982 4123896.963678 0.000000 -0.115476
302512.479920 4123896.962902 0.000000 -0.115782
302512.511854 4123896.962009 0.000000 -0.116020
302512.543791 4123896.960997 0.000000 -0.116186
302512.575736 4123896.959865 0.000000 -0.116277
302512.607698 4123896.958614 0.000000 -0.116289
302512.639683 4123896.957243 0.000000 -0.116222
302512.671699 4123896.955752 0.000000 -0.116075
302512.703752 4123896.954139 0.000000 -0.115839
302512.735850 4123896.952403 0.000000 -0.115521
302512.768001 4123896.950546 0.000000 -0.115113
302512.800212 4123896.948564 0.000000 -0.114625
302512.832492 4123896.946459 0.000000 -0.114049
302512.864848 4123896.944228 0.000000 -0.113388
302512.897288 4123896.941872 0.000000 -0.112647
302512.929820 4123896.939389 0.000000 -0.111821
302512.962453 4123896.936778 0.000000 -0.110928
302512.995194 4123896.934038 0.000000 -0.109952
302513.028051 4123896.931170 0.000000 -0.108911
302513.061033 4123896.928170 0.000000 -0.107809
302513.094148 4123896.925039 0.000000 -0.106647
302513.127404 4123896.921775 0.000000 -0.105433
302513.160809 4123896.918378 0.000000 -0.104165
302513.194371 4123896.914845 0.000000 -0.102863
302513.228098 4123896.911177 0.000000 -0.101523
302513.261999 4123896.907371 0.000000 -0.100153
302513.296081 4123896.903426 0.000000 -0.098759
302513.330353 4123896.899342 0.000000 -0.097349
302513.364822 4123896.895116 0.000000 -0.095926
302513.399496 4123896.890747 0.000000 -0.094498
302513.434384 4123896.886233 0.000000 -0.093069
302513.469493 4123896.881574 0.000000 -0.091647
302513.504831 4123896.876768 0.000000 -0.090233
302513.540406 4123896.871812 0.000000 -0.088838
302513.576225 4123896.866704 0.000000 -0.087455
302513.612297 4123896.861444 0.000000 -0.086105
302513.648628 4123896.856030 0.000000 -0.084779
302513.685228 4123896.850458 0.000000 -0.083482
302513.722103 4123896.844727 0.000000 -0.082222
302513.759261 4123896.838835 0.000000 -0.080998
302513.796710 4123896.832779 0.000000 -0.079816
302513.834458 4123896.826557 0.000000 -0.078671
302513.872512 4123896.820166 0.000000 -0.077576
302513.910881 4123896.813604 0.000000 -0.076520
302513.949571 4123896.806868 0.000000 -0.075512
302513.988591 4123896.799954 0.000000 -0.074551
302514.027949 4123896.792860 0.000000 -0.073637
302514.067653 4123896.785582 0.000000 -0.072766
302514.107711 4123896.778117 0.000000 -0.071947
302514.148131 4123896.770461 0.000000 -0.071170
302514.188922 4123896.762611 0.000000 -0.070437
302514.230092 4123896.754562 0.000000 -0.069753
302514.271650 4123896.746311 0.000000 -0.069106
302514.313605 4123896.737852 0.000000 -0.068502
302514.355965 4123896.729181 0.000000 -0.067936
302514.398741 4123896.720294 0.000000 -0.067407
302514.441941 4123896.711185 0.000000 -0.066913
302514.485576 4123896.701849 0.000000 -0.066452
302514.529656 4123896.692280 0.000000 -0.066019
302514.574191 4123896.682472 0.000000 -0.065612
302514.619192 4123896.672420 0.000000 -0.065229
302514.664669 4123896.662117 0.000000 -0.064866
302514.710635 4123896.651557 0.000000 -0.064522
302514.757102 4123896.640731 0.000000 -0.064194
302514.804081 4123896.629633 0.000000 -0.063887
302514.851587 4123896.618256 0.000000 -0.063605
302514.899632 4123896.606590 0.000000 -0.063357
302514.948230 4123896.594627 0.000000 -0.063154
302514.997399 4123896.582358 0.000000 -0.063005
302515.047153 4123896.569773 0.000000 -0.062920
302515.097512 4123896.556861 0.000000 -0.062908
302515.148496 4123896.543609 0.000000 -0.062979
302515.200127 4123896.530005 0.000000 -0.063142
302515.252430 4123896.516034 0.000000 -0.063395
302515.305433 4123896.501679 0.000000 -0.063745
302515.359168 4123896.486923 0.000000 -0.064189
302515.413670 4123896.471744 0.000000 -0.064718
302515.468980 4123896.456121 0.000000 -0.065326
302515.525141 4123896.440027 0.000000 -0.065996
302515.582205 4123896.423434 0.000000 -0.066710
302515.640229 4123896.406309 0.000000 -0.067445
302515.699278 4123896.388618 0.000000 -0.068173
302515.759423 4123896.370320 0.000000 -0.068860
302515.820745 4123896.351370 0.000000 -0.069474
302515.883334 4123896.331719 0.000000 -0.069976
302515.947290 4123896.311312 0.000000 -0.070327
302516.012724 4123896.290088 0.000000 -0.070490
302516.079759 4123896.267981 0.000000 -0.070428
302516.148531 4123896.244915 0.000000 -0.070109
302516.219191 4123896.220811 0.000000 -0.069503
302516.291904 4123896.195577 0.000000 -0.068592
302516.366850 4123896.169117 0.000000 -0.067363
302516.444229 4123896.141323 0.000000 -0.065813
302516.524255 4123896.112080 0.000000 -0.063947
302516.607167 4123896.081259 0.000000 -0.061782
302516.693219 4123896.048724 0.000000 -0.059343
302516.782692 4123896.014324 0.000000 -0.056662
302516.875886 4123895.977899 0.000000 -0.053780
302516.973129 4123895.939272 0.000000 -0.050740
302517.074773 4123895.898257 0.000000 -0.047589
302517.181198 4123895.854649 0.000000 -0.044375
302517.292812 4123895.808231 0.000000 -0.041144
302517.410055 4123895.758769 0.000000 -0.037939
302517.533397 4123895.706012 0.000000 -0.034800
302517.663344 4123895.649691 0.000000 -0.031759
302517.800433 4123895.589520 0.000000 -0.028846
302517.945241 4123895.525191 0.000000 -0.026082
302518.098382 4123895.456378 0.000000 -0.023484
302518.260511 4123895.382734 0.000000 -0.021061
302518.432323 4123895.303889 0.000000 -0.018820
302518.614557 4123895.219450 0.000000 -0.016761
