302518.808000 4123895.129000 0.000000 -0.002414
302519.059685 4123894.997348 0.000000 -0.002414
302519.296536 4123894.873255 0.000000 -0.002573
302519.519527 4123894.756233 0.000000 -0.002734
302519.729578 4123894.645823 0.000000 -0.002894
302519.927557 4123894.541590 0.000000 -0.003050
302520.114284 4123894.443122 0.000000 -0.003201
302520.290531 4123894.350034 0.000000 -0.003343
302520.457023 4123894.261959 0.000000 -0.003473
302520.614445 4123894.178554 0.000000 -0.003587
302520.763436 4123894.099497 0.000000 -0.003684
302520.904600 4123894.024484 0.000000 -0.003760
302521.038499 4123893.953231 0.000000 -0.003811
302521.165661 4123893.885471 0.000000 -0.003835
302521.286579 4123893.820954 0.000000 -0.003831
302521.401713 4123893.759448 0.000000 -0.003797
302521.511492 4123893.700734 0.000000 -0.003733
302521.616315 4123893.644609 0.000000 -0.003639
302521.716553 4123893.590885 0.000000 -0.003517
302521.812550 4123893.539385 0.000000 -0.003368
302521.904626 4123893.489946 0.000000 -0.003196
302521.993077 4123893.442416 0.000000 -0.003005
302522.078175 4123893.396656 0.000000 -0.002801
302522.160173 4123893.352534 0.000000 -0.002589
302522.239303 4123893.309932 0.000000 -0.002374
302522.315778 4123893.268738 0.000000 -0.002164
302522.389796 4123893.228850 0.000000 -0.001963
302522.461535 4123893.190175 0.000000 -0.001779
302522.531162 4123893.152626 0.000000 -0.001615
302522.598826 4123893.116124 0.000000 -0.001477
302522.664667 4123893.080597 0.000000 -0.001370
302522.728810 4123893.045977 0.000000 -0.001295
302522.791370 4123893.012205 0.000000 -0.001256
302522.852451 4123892.979223 0.000000 -0.001253
302522.912149 4123892.946982 0.000000 -0.001288
302522.970550 4123892.915434 0.000000 -0.001358
302523.027734 4123892.884538 0.000000 -0.001465
302523.083772 4123892.854254 0.000000 -0.001604
302523.138730 4123892.824546 0.000000 -0.001773
302523.192668 4123892.795382 0.000000 -0.001968
302523.245639 4123892.766733 0.000000 -0.002190
302523.297695 4123892.738570 0.000000 -0.002427
302523.348881 4123892.710868 0.000000 -0.002684
302523.399239 4123892.683604 0.000000 -0.002948
302523.448808 4123892.656756 0.000000 -0.003220
302523.497625 4123892.630304 0.000000 -0.003495
302523.545724 4123892.604230 0.000000 -0.003766
302523.593135 4123892.578516 0.000000 -0.004032
302523.639890 4123892.553145 0.000000 -0.004290
302523.686015 4123892.528102 0.000000 -0.004535
302523.731536 4123892.503372 0.000000 -0.004766
302523.776480 4123892.478942 0.000000 -0.004984
302523.820869 4123892.454800 0.000000 -0.005185
302523.864726 4123892.430931 0.000000 -0.005369
302523.908071 4123892.407327 0.000000 -0.005539
302523.950925 4123892.383974 0.000000 -0.005691
302523.993306 4123892.360865 0.000000 -0.005823
302524.035232 4123892.337988 0.000000 -0.005943
302524.076720 4123892.315335 0.000000 -0.006042
302524.117785 4123892.292898 0.000000 -0.006128
302524.158441 4123892.270669 0.000000 -0.006194
302524.198704 4123892.248640 0.000000 -0.006247
302524.238585 4123892.226805 0.000000 -0.006282
302524.278097 4123892.205158 0.000000 -0.006302
302524.317252 4123892.183692 0.000000 -0.006309
302524.356059 4123892.162402 0.000000 -0.006301
302524.394531 4123892.141283 0.000000 -0.006278
302524.432675 4123892.120329 0.000000 -0.006244
302524.470502 4123892.099537 0.000000 -0.006195
302524.508019 4123892.078902 0.000000 -0.006138
302524.545234 4123892.058421 0.000000 -0.006068
302524.582156 4123892.038088 0.000000 -0.005989
302524.618790 4123892.017902 0.000000 -0.005900
302524.655144 4123891.997859 0.000000 -0.005801
302524.691224 4123891.977955 0.000000 -0.005696
302524.727036 4123891.958189 0.000000 -0.005582
302524.762585 4123891.938556 0.000000 -0.005463
302524.797877 4123891.919056 0.000000 -0.005335
302524.832918 4123891.899685 0.000000 -0.005204
302524.867711 4123891.880441 0.000000 -0.005069
302524.902262 4123891.861322 0.000000 -0.004925
302524.936575 4123891.842325 0.000000 -0.004783
302524.970655 4123891.823450 0.000000 -0.004636
302525.004506 4123891.804694 0.000000 -0.004486
302525.038132 4123891.786054 0.000000 -0.004334
302525.071537 4123891.767530 0.000000 -0.004179
302525.104725 4123891.749119 0.000000 -0.004027
302525.137700 4123891.730820 0.000000 -0.003869
302525.170466 4123891.712631 0.000000 -0.003717
302525.203026 4123891.694550 0.000000 -0.003559
302525.235385 4123891.676575 0.000000 -0.003412
302525.267546 4123891.658705 0.000000 -0.003253
302525.299512 4123891.640938 0.000000 -0.003109
302525.331288 4123891.623272 0.000000 -0.002954
302525.362877 4123891.605706 0.000000 -0.002813
302525.394283 4123891.588237 0.000000 -0.002664
302525.425510 4123891.570864 0.000000 -0.002526
302525.456561 4123891.553585 0.000000 -0.002384
302525.487441 4123891.536398 0.000000 -0.002251
302525.518152 4123891.519301 0.000000 -0.002121
302525.548700 4123891.502293 0.000000 -0.001989
302525.579087 4123891.485371 0.000000 -0.001866
302525.609318 4123891.468534 0.000000 -0.001744
302525.639396 4123891.451779 0.000000 -0.001626
302525.669325 4123891.435105 0.000000 -0.001513
302525.699109 4123891.418510 0.000000 -0.001405
302525.728752 4123891.401992 0.000000 -0.001295
302525.758258 4123891.385548 0.000000 -0.001193
302525.787630 4123891.369178 0.000000 -0.001096
302525.816872 4123891.352878 0.000000 -0.000999
302525.845989 4123891.336648 0.000000 -0.000911
302525.874982 4123891.320484 0.000000 -0.000824
302525.903857 4123891.304386 0.000000 -0.000739
302525.932617 4123891.288351 0.000000 -0.000661
302525.961266 4123891.272377 0.000000 -0.000587
302525.989807 4123891.256462 0.000000 -0.000513
302526.018243 4123891.240606 0.000000 -0.000447
302526.046578 4123891.224805 0.000000 -0.000385
302526.074816 4123891.209057 0.000000 -0.000327
302526.102960 4123891.193362 0.000000 -0.000272
302526.131013 4123891.177717 0.000000 -0.000217
302526.158979 4123891.162121 0.000000 -0.000171
302526.186861 4123891.146572 0.000000 -0.000125
302526.214661 4123891.131067 0.000000 -0.000083
302526.242383 4123891.115606 0.000000 -0.000047
302526.270031 4123891.100187 0.000000 -0.000013
302526.297606 4123891.084807 0.000000 0.000019
302526.325113 4123891.069467 0.000000 0.000047
302526.352554 4123891.054163 0.000000 0.000072
302526.379931 4123891.038894 0.000000 0.000091
302526.407247 4123891.023660 0.000000 0.000114
302526.434506 4123891.008457 0.000000 0.000128
302526.461710 4123890.993286 0.000000 0.000140
302526.488860 4123890.978145 0.000000 0.000155
302526.515961 4123890.963031 0.000000 0.000164
302526.543014 4123890.947944 0.000000 0.000167
302526.570021 4123890.932883 0.000000 0.000177
302526.596985 4123890.917846 0.000000 0.000177
302526.623909 4123890.902832 0.000000 0.000177
302526.650793 4123890.887840 0.000000 0.000177
302526.677641 4123890.872869 0.000000 0.000174
302526.704455 4123890.857917 0.000000 0.000172
302526.731236 4123890.842983 0.000000 0.000165
302526.757986 4123890.828066 0.000000 0.000158
302526.784708 4123890.813166 0.000000 0.000153
302526.811403 4123890.798281 0.000000 0.000141
302526.838073 4123890.783410 0.000000 0.000133
302526.864719 4123890.768552 0.000000 0.000120
302526.891344 4123890.753706 0.000000 0.000109
302526.917950 4123890.738871 0.000000 0.000100
302526.944536 4123890.724047 0.000000 0.000090
302526.971106 4123890.709232 0.000000 0.000076
302526.997661 4123890.694426 0.000000 0.000063
302527.024202 4123890.679627 0.000000 0.000049
302527.050731 4123890.664835 0.000000 0.000039
302527.077248 4123890.650050 0.000000 0.000024
302527.103757 4123890.635270 0.000000 0.000016
302527.130257 4123890.620494 0.000000 0.000001
302527.156751 4123890.605722 0.000000 -0.000012
302527.183240 4123890.590952 0.000000 -0.000018
302527.209724 4123890.576185 0.000000 -0.000033
302527.236206 4123890.561420 0.000000 -0.000047
302527.262687 4123890.546655 0.000000 -0.000050
302527.289168 4123890.531890 0.000000 -0.000062
302527.315650 4123890.517124 0.000000 -0.000073
302527.342134 4123890.502357 0.000000 -0.000079
302527.368623 4123890.487587 0.000000 -0.000089
302527.395117 4123890.472815 0.000000 -0.000093
302527.421617 4123890.458039 0.000000 -0.000100
302527.448124 4123890.443258 0.000000 -0.000106
302527.474641 4123890.428472 0.000000 -0.000107
302527.501169 4123890.413681 0.000000 -0.000115
302527.527707 4123890.398882 0.000000 -0.000111
302527.554259 4123890.384077 0.000000 -0.000114
302527.580825 4123890.369263 0.000000 -0.000117
302527.607407 4123890.354441 0.000000 -0.000115
302527.634005 4123890.339609 0.000000 -0.000114
302527.660622 4123890.324766 0.000000 -0.000110
302527.687258 4123890.309913 0.000000 -0.000107
302527.713916 4123890.295048 0.000000 -0.000105
302527.740595 4123890.280170 0.000000 -0.000097
302527.767299 4123890.265279 0.000000 -0.000097
302527.794027 4123890.250374 0.000000 -0.000086
302527.820783 4123890.235453 0.000000 -0.000079
302527.847566 4123890.220517 0.000000 -0.000070
302527.874379 4123890.205565 0.000000 -0.000066
302527.901223 4123890.190595 0.000000 -0.000050
302527.928100 4123890.175607 0.000000 -0.000046
302527.955011 4123890.160599 0.000000 -0.000031
302527.981957 4123890.145572 0.000000 -0.000022
302528.008941 4123890.130524 0.000000 -0.000011
302528.035963 4123890.115455 0.000000 0.000002
302528.063026 4123890.100363 0.000000 0.000012
302528.090131 4123890.085247 0.000000 0.000025
302528.117280 4123890.070107 0.000000 0.000039
302528.144473 4123890.054942 0.000000 0.000051
302528.171714 4123890.039751 0.000000 0.000063
302528.199004 4123890.024533 0.000000 0.000076
302528.226344 4123890.009286 0.000000 0.000086
302528.253736 4123889.994011 0.000000 0.000098
302528.281181 4123889.978706 0.000000 0.000113
302528.308683 4123889.963370 0.000000 0.000121
302528.336242 4123889.948002 0.000000 0.000132
302528.363860 4123889.932601 0.000000 0.000141
302528.391539 4123889.917166 0.000000 0.000152
302528.419281 4123889.901697 0.000000 0.000162
302528.447087 4123889.886191 0.000000 0.000167
302528.474960 4123889.870649 0.000000 0.000175
302528.502901 4123889.855069 0.000000 0.000180
302528.530912 4123889.839450 0.000000 0.000187
302528.558996 4123889.823791 0.000000 0.000190
302528.587153 4123889.808092 0.000000 0.000192
302528.615386 4123889.792350 0.000000 0.000197
302528.643696 4123889.776565 0.000000 0.000195
302528.672086 4123889.760736 0.000000 0.000197
302528.700558 4123889.744862 0.000000 0.000193
302528.729113 4123889.728941 0.000000 0.000194
302528.757753 4123889.712974 0.000000 0.000188
302528.786480 4123889.696957 0.000000 0.000188
302528.815296 4123889.680892 0.000000 0.000176
302528.844204 4123889.664776 0.000000 0.000175
302528.873205 4123889.648608 0.000000 0.000165
302528.902300 4123889.632387 0.000000 0.000157
302528.931493 4123889.616113 0.000000 0.000151
302528.960785 4123889.599784 0.000000 0.000137
302528.990177 4123889.583398 0.000000 0.000125
302529.019673 4123889.566955 0.000000 0.000115
302529.049273 4123889.550454 0.000000 0.000104
302529.078981 4123889.533893 0.000000 0.000090
302529.108798 4123889.517272 0.000000 0.000074
302529.138726 4123889.500589 0.000000 0.000061
302529.168767 4123889.483842 0.000000 0.000045
302529.198923 4123889.467032 0.000000 0.000031
302529.229197 4123889.450156 0.000000 0.000015
302529.259590 4123889.433213 0.000000 -0.000001
302529.290105 4123889.416203 0.000000 -0.000018
302529.320744 4123889.399124 0.000000 -0.000033
302529.351509 4123889.381974 0.000000 -0.000050
302529.382402 4123889.364753 0.000000 -0.000067
302529.413425 4123889.347459 0.000000 -0.000083
302529.444581 4123889.330091 0.000000 -0.000100
302529.475872 4123889.312647 0.000000 -0.000116
302529.507301 4123889.295127 0.000000 -0.000133
302529.538869 4123889.277529 0.000000 -0.000148
302529.570578 4123889.259852 0.000000 -0.000161
302529.602432 4123889.242093 0.000000 -0.000175
302529.634433 4123889.224253 0.000000 -0.000189
302529.666583 4123889.206330 0.000000 -0.000203
302529.698885 4123889.188321 0.000000 -0.000214
302529.731340 4123889.170226 0.000000 -0.000227
302529.763953 4123889.152044 0.000000 -0.000236
302529.796725 4123889.133772 0.000000 -0.000245
302529.829659 4123889.115409 0.000000 -0.000254
302529.862758 4123889.096954 0.000000 -0.000261
302529.896024 4123889.078406 0.000000 -0.000267
302529.929460 4123889.059762 0.000000 -0.000272
302529.963070 4123889.041020 0.000000 -0.000275
302529.996856 4123889.022181 0.000000 -0.000276
302530.030820 4123889.003241 0.000000 -0.000279
302530.064967 4123888.984199 0.000000 -0.000278
302530.099299 4123888.965053 0.000000 -0.000277
302530.133819 4123888.945802 0.000000 -0.000272
302530.168531 4123888.926443 0.000000 -0.000270
302530.203438 4123888.906975 0.000000 -0.000264
302530.238544 4123888.887396 0.000000 -0.000258
302530.273851 4123888.867704 0.000000 -0.000251
302530.309363 4123888.847897 0.000000 -0.000243
302530.345085 4123888.827973 0.000000 -0.000234
302530.381020 4123888.807929 0.000000 -0.000223
302530.417172 4123888.787764 0.000000 -0.000212
302530.453545 4123888.767475 0.000000 -0.000200
302530.490143 4123888.747060 0.000000 -0.000188
302530.526971 4123888.726517 0.000000 -0.000177
302530.564033 4123888.705843 0.000000 -0.000161
302530.601333 4123888.685035 0.000000 -0.000150
302530.638877 4123888.664091 0.000000 -0.000135
302530.676669 4123888.643009 0.000000 -0.000121
302530.714715 4123888.621784 0.000000 -0.000106
302530.753020 4123888.600415 0.000000 -0.000094
302530.791589 4123888.578899 0.000000 -0.000081
302530.830428 4123888.557231 0.000000 -0.000066
302530.869543 4123888.535409 0.000000 -0.000053
302530.908941 4123888.513430 0.000000 -0.000040
302530.948626 4123888.491290 0.000000 -0.000028
302530.988607 4123888.468985 0.000000 -0.000018
302531.028890 4123888.446512 0.000000 -0.000007
302531.069481 4123888.423866 0.000000 0.000004
302531.110390 4123888.401044 0.000000 0.000012
302531.151622 4123888.378041 0.000000 0.000021
302531.193187 4123888.354852 0.000000 0.000027
302531.235091 4123888.331474 0.000000 0.000032
302531.277345 4123888.307901 0.000000 0.000037
302531.319957 4123888.284129 0.000000 0.000039
302531.362936 4123888.260152 0.000000 0.000041
302531.406292 4123888.235965 0.000000 0.000042
302531.450035 4123888.211562 0.000000 0.000041
302531.494175 4123888.186937 0.000000 0.000037
302531.538723 4123888.162085 0.000000 0.000032
302531.583691 4123888.136999 0.000000 0.000027
302531.629089 4123888.111673 0.000000 0.000018
302531.674930 4123888.086100 0.000000 0.000009
302531.721227 4123888.060272 0.000000 -0.000001
302531.767993 4123888.034184 0.000000 -0.000015
302531.815240 4123888.007826 0.000000 -0.000029
302531.862983 4123887.981192 0.000000 -0.000045
302531.911237 4123887.954272 0.000000 -0.000063
302531.960017 4123887.927059 0.000000 -0.000080
302532.009340 4123887.899543 0.000000 -0.000099
302532.059222 4123887.871714 0.000000 -0.000119
302532.109683 4123887.843562 0.000000 -0.000138
302532.160743 4123887.815076 0.000000 -0.000158
302532.212422 4123887.786243 0.000000 -0.000178
302532.264746 4123887.757050 0.000000 -0.000196
302532.317739 4123887.727482 0.000000 -0.000214
302532.371431 4123887.697524 0.000000 -0.000230
302532.425852 4123887.667158 0.000000 -0.000245
302532.481038 4123887.636364 0.000000 -0.000257
302532.537027 4123887.605120 0.000000 -0.000267
302532.593861 4123887.573404 0.000000 -0.000273
302532.651588 4123887.541188 0.000000 -0.000277
302532.710259 4123887.508444 0.000000 -0.000277
302532.769934 4123887.475138 0.000000 -0.000274
302532.830674 4123887.441236 0.000000 -0.000267
302532.892552 4123887.406698 0.000000 -0.000256
302532.955644 4123887.371480 0.000000 -0.000240
302533.020037 4123887.335535 0.000000 -0.000222
302533.085824 4123887.298810 0.000000 -0.000198
302533.153109 4123887.261247 0.000000 -0.000172
302533.222006 4123887.222784 0.000000 -0.000142
302533.292637 4123887.183351 0.000000 -0.000110
302533.365138 4123887.142873 0.000000 -0.000075
302533.439657 4123887.101269 0.000000 -0.000039
302533.516354 4123887.058448 0.000000 -0.000002
302533.595402 4123887.014314 0.000000 0.000036
302533.676990 4123886.968762 0.000000 0.000074
302533.761322 4123886.921680 0.000000 0.000110
302533.848618 4123886.872943 0.000000 0.000145
302533.939117 4123886.822420 0.000000 0.000178
302534.033075 4123886.769969 0.000000 0.000208
302534.130766 4123886.715436 0.000000 0.000236
302534.232486 4123886.658658 0.000000 0.000259
302534.338552 4123886.599458 0.000000 0.000280
302534.449304 4123886.537648 0.000000 0.000296
302534.565104 4123886.473027 0.000000 0.000309
302534.686340 4123886.405379 0.000000 0.000318
302534.813425 4123886.334474 0.000000 0.000324
302534.946799 4123886.260070 0.000000 0.000326
302535.086930 4123886.181904 0.000000 0.000326
302535.234317 4123886.099703 0.000000 0.000322
302535.389487 4123886.013172 0.000000 0.000317
