302535.553000 4123885.922000 0.000000 0.000002
302535.814103 4123885.792883 0.000000 0.000002
302536.062686 4123885.669958 0.000000 0.000009
302536.299571 4123885.552818 0.000000 0.000022
302536.525529 4123885.441083 0.000000 0.000042
302536.741291 4123885.334392 0.000000 0.000071
302536.947543 4123885.232408 0.000000 0.000110
302537.144931 4123885.134814 0.000000 0.000162
302537.334063 4123885.041310 0.000000 0.000229
302537.515506 4123884.951617 0.000000 0.000311
302537.689797 4123884.865474 0.000000 0.000411
302537.857434 4123884.782635 0.000000 0.000530
302538.018885 4123884.702873 0.000000 0.000671
302538.174588 4123884.625974 0.000000 0.000834
302538.324948 4123884.551740 0.000000 0.001022
302538.470347 4123884.479986 0.000000 0.001234
302538.611136 4123884.410541 0.000000 0.001472
302538.747643 4123884.343247 0.000000 0.001736
302538.880172 4123884.277957 0.000000 0.002027
302539.009006 4123884.214535 0.000000 0.002344
302539.134403 4123884.152856 0.000000 0.002688
302539.256605 4123884.092806 0.000000 0.003057
302539.375833 4123884.034277 0.000000 0.003452
302539.492291 4123883.977173 0.000000 0.003871
302539.606166 4123883.921406 0.000000 0.004315
302539.717632 4123883.866894 0.000000 0.004781
302539.826845 4123883.813563 0.000000 0.005270
302539.933950 4123883.761346 0.000000 0.005779
302540.039079 4123883.710181 0.000000 0.006309
302540.142352 4123883.660012 0.000000 0.006859
302540.243880 4123883.610789 0.000000 0.007427
302540.343762 4123883.562466 0.000000 0.008013
302540.442090 4123883.515002 0.000000 0.008616
302540.538946 4123883.468360 0.000000 0.009236
302540.634407 4123883.422506 0.000000 0.009873
302540.728542 4123883.377409 0.000000 0.010525
302540.821412 4123883.333043 0.000000 0.011192
302540.913075 4123883.289381 0.000000 0.011875
302541.003585 4123883.246402 0.000000 0.012571
302541.092988 4123883.204086 0.000000 0.013281
302541.181329 4123883.162413 0.000000 0.014003
302541.268649 4123883.121367 0.000000 0.014738
302541.354986 4123883.080932 0.000000 0.015483
302541.440375 4123883.041094 0.000000 0.016240
302541.524849 4123883.001839 0.000000 0.017005
302541.608439 4123882.963155 0.000000 0.017778
302541.691174 4123882.925029 0.000000 0.018559
302541.773083 4123882.887452 0.000000 0.019344
302541.854192 4123882.850411 0.000000 0.020134
302541.934528 4123882.813897 0.000000 0.020926
302542.014113 4123882.777900 0.000000 0.021721
302542.092973 4123882.742411 0.000000 0.022515
302542.171131 4123882.707419 0.000000 0.023310
302542.248608 4123882.672917 0.000000 0.024103
302542.325426 4123882.638895 0.000000 0.024894
302542.401605 4123882.605346 0.000000 0.025683
302542.477166 4123882.572261 0.000000 0.026469
302542.552126 4123882.539633 0.000000 0.027249
302542.626504 4123882.507455 0.000000 0.028027
302542.700319 4123882.475718 0.000000 0.028798
302542.773586 4123882.444416 0.000000 0.029564
302542.846321 4123882.413543 0.000000 0.030323
302542.918541 4123882.383092 0.000000 0.031076
302542.990260 4123882.353058 0.000000 0.031823
302543.061492 4123882.323433 0.000000 0.032562
302543.132250 4123882.294212 0.000000 0.033294
302543.202548 4123882.265391 0.000000 0.034019
302543.272398 4123882.236963 0.000000 0.034735
302543.341811 4123882.208923 0.000000 0.035445
302543.410800 4123882.181267 0.000000 0.036146
302543.479374 4123882.153991 0.000000 0.036841
302543.547544 4123882.127088 0.000000 0.037528
302543.615319 4123882.100556 0.000000 0.038207
302543.682709 4123882.074390 0.000000 0.038881
302543.749722 4123882.048586 0.000000 0.039546
302543.816366 4123882.023140 0.000000 0.040206
302543.882650 4123881.998049 0.000000 0.040859
302543.948580 4123881.973309 0.000000 0.041508
302544.014164 4123881.948917 0.000000 0.042149
302544.079408 4123881.924869 0.000000 0.042786
302544.144319 4123881.901163 0.000000 0.043420
302544.208901 4123881.877795 0.000000 0.044049
302544.273161 4123881.854763 0.000000 0.044674
302544.337104 4123881.832063 0.000000 0.045297
302544.400734 4123881.809694 0.000000 0.045917
302544.464057 4123881.787653 0.000000 0.046536
302544.527075 4123881.765937 0.000000 0.047153
302544.589793 4123881.744544 0.000000 0.047770
302544.652215 4123881.723472 0.000000 0.048385
302544.714344 4123881.702718 0.000000 0.049003
302544.776183 4123881.682281 0.000000 0.049620
302544.837735 4123881.662159 0.000000 0.050241
302544.899002 4123881.642350 0.000000 0.050861
302544.959988 4123881.622851 0.000000 0.051487
302545.020694 4123881.603662 0.000000 0.052114
302545.081123 4123881.584779 0.000000 0.052747
302545.141276 4123881.566203 0.000000 0.053381
302545.201156 4123881.547931 0.000000 0.054024
302545.260763 4123881.529961 0.000000 0.054669
302545.320100 4123881.512293 0.000000 0.055322
302545.379167 4123881.494923 0.000000 0.055982
302545.437967 4123881.477853 0.000000 0.056647
302545.496500 4123881.461078 0.000000 0.057320
302545.554768 4123881.444599 0.000000 0.058001
302545.612771 4123881.428414 0.000000 0.058690
302545.670510 4123881.412522 0.000000 0.059385
302545.727987 4123881.396921 0.000000 0.060093
302545.785203 4123881.381610 0.000000 0.060805
302545.842158 4123881.366588 0.000000 0.061528
302545.898853 4123881.351854 0.000000 0.062260
302545.955289 4123881.337405 0.000000 0.062998
302546.011466 4123881.323242 0.000000 0.063747
302546.067387 4123881.309362 0.000000 0.064505
302546.123051 4123881.295765 0.000000 0.065270
302546.178459 4123881.282449 0.000000 0.066043
302546.233613 4123881.269413 0.000000 0.066824
302546.288514 4123881.256655 0.000000 0.067612
302546.343161 4123881.244175 0.000000 0.068409
302546.397557 4123881.231971 0.000000 0.069210
302546.451703 4123881.220042 0.000000 0.070017
302546.505599 4123881.208387 0.000000 0.070831
302546.559247 4123881.197004 0.000000 0.071648
302546.612648 4123881.185891 0.000000 0.072470
302546.665803 4123881.175048 0.000000 0.073292
302546.718715 4123881.164474 0.000000 0.074118
302546.771384 4123881.154166 0.000000 0.074944
302546.823812 4123881.144123 0.000000 0.075771
302546.876001 4123881.134345 0.000000 0.076598
302546.927952 4123881.124828 0.000000 0.077420
302546.979667 4123881.115573 0.000000 0.078238
302547.031149 4123881.106578 0.000000 0.079053
302547.082398 4123881.097840 0.000000 0.079860
302547.133419 4123881.089359 0.000000 0.080660
302547.184211 4123881.081132 0.000000 0.081452
302547.234779 4123881.073159 0.000000 0.082233
302547.285124 4123881.065438 0.000000 0.082999
302547.335248 4123881.057966 0.000000 0.083756
302547.385155 4123881.050743 0.000000 0.084494
302547.434846 4123881.043766 0.000000 0.085218
302547.484325 4123881.037035 0.000000 0.085923
302547.533595 4123881.030546 0.000000 0.086607
302547.582658 4123881.024299 0.000000 0.087273
302547.631517 4123881.018292 0.000000 0.087912
302547.680176 4123881.012522 0.000000 0.088530
302547.728637 4123881.006989 0.000000 0.089124
302547.776903 4123881.001689 0.000000 0.089687
302547.824978 4123880.996622 0.000000 0.090224
302547.872866 4123880.991785 0.000000 0.090734
302547.920569 4123880.987177 0.000000 0.091211
302547.968091 4123880.982796 0.000000 0.091657
302548.015434 4123880.978639 0.000000 0.092074
302548.062604 4123880.974705 0.000000 0.092455
302548.109603 4123880.970992 0.000000 0.092806
302548.156434 4123880.967498 0.000000 0.093123
302548.203102 4123880.964221 0.000000 0.093405
302548.249609 4123880.961158 0.000000 0.093654
302548.295960 4123880.958309 0.000000 0.093871
302548.342157 4123880.955672 0.000000 0.094051
302548.388204 4123880.953243 0.000000 0.094199
302548.434105 4123880.951021 0.000000 0.094315
302548.479863 4123880.949005 0.000000 0.094399
302548.525481 4123880.947193 0.000000 0.094449
302548.570963 4123880.945582 0.000000 0.094471
302548.616312 4123880.944170 0.000000 0.094461
302548.661532 4123880.942956 0.000000 0.094422
302548.706625 4123880.941938 0.000000 0.094358
302548.751596 4123880.941114 0.000000 0.094264
302548.796446 4123880.940482 0.000000 0.094147
302548.841179 4123880.940041 0.000000 0.094004
302548.885799 4123880.939788 0.000000 0.093839
302548.930307 4123880.939722 0.000000 0.093656
302548.974708 4123880.939840 0.000000 0.093449
302549.019003 4123880.940142 0.000000 0.093230
302549.063196 4123880.940626 0.000000 0.092992
302549.107289 4123880.941290 0.000000 0.092742
302549.151285 4123880.942132 0.000000 0.092479
302549.195186 4123880.943150 0.000000 0.092207
302549.238994 4123880.944344 0.000000 0.091927
302549.282713 4123880.945712 0.000000 0.091642
302549.326344 4123880.947251 0.000000 0.091351
302549.369890 4123880.948962 0.000000 0.091063
302549.413352 4123880.950842 0.000000 0.090772
302549.456733 4123880.952889 0.000000 0.090482
302549.500034 4123880.955104 0.000000 0.090200
302549.543258 4123880.957484 0.000000 0.089924
302549.586406 4123880.960028 0.000000 0.089652
302549.629480 4123880.962735 0.000000 0.089395
302549.672482 4123880.965604 0.000000 0.089151
302549.715412 4123880.968634 0.000000 0.088920
302549.758273 4123880.971824 0.000000 0.088704
302549.801066 4123880.975172 0.000000 0.088508
302549.843792 4123880.978679 0.000000 0.088331
302549.886452 4123880.982343 0.000000 0.088178
302549.929048 4123880.986163 0.000000 0.088046
302549.971580 4123880.990139 0.000000 0.087942
302550.014050 4123880.994270 0.000000 0.087860
302550.056458 4123880.998556 0.000000 0.087810
302550.098806 4123881.002996 0.000000 0.087790
302550.141094 4123881.007589 0.000000 0.087798
302550.183324 4123881.012335 0.000000 0.087841
302550.225495 4123881.017234 0.000000 0.087915
302550.267608 4123881.022286 0.000000 0.088026
302550.309665 4123881.027490 0.000000 0.088172
302550.351665 4123881.032847 0.000000 0.088352
302550.393610 4123881.038356 0.000000 0.088570
302550.435499 4123881.044017 0.000000 0.088829
302550.477334 4123881.049831 0.000000 0.089122
302550.519115 4123881.055798 0.000000 0.089455
302550.560842 4123881.061918 0.000000 0.089826
302550.602516 4123881.068191 0.000000 0.090238
302550.644138 4123881.074619 0.000000 0.090686
302550.685707 4123881.081201 0.000000 0.091174
302550.727225 4123881.087938 0.000000 0.091699
302550.768691 4123881.094831 0.000000 0.092262
302550.810106 4123881.101881 0.000000 0.092863
302550.851471 4123881.109088 0.000000 0.093499
302550.892786 4123881.116453 0.000000 0.094175
302550.934051 4123881.123979 0.000000 0.094880
302550.975268 4123881.131665 0.000000 0.095623
302551.016436 4123881.139512 0.000000 0.096394
302551.057556 4123881.147523 0.000000 0.097199
302551.098628 4123881.155698 0.000000 0.098035
302551.139654 4123881.164039 0.000000 0.098895
302551.180633 4123881.172548 0.000000 0.099788
302551.221567 4123881.181225 0.000000 0.100699
302551.262455 4123881.190073 0.000000 0.101637
302551.303299 4123881.199094 0.000000 0.102596
302551.344098 4123881.208288 0.000000 0.103574
302551.384855 4123881.217659 0.000000 0.104566
302551.425569 4123881.227207 0.000000 0.105574
302551.466241 4123881.236935 0.000000 0.106596
302551.506872 4123881.246845 0.000000 0.107626
302551.547463 4123881.256939 0.000000 0.108664
302551.588014 4123881.267219 0.000000 0.109706
302551.628526 4123881.277687 0.000000 0.110749
302551.669000 4123881.288346 0.000000 0.111794
302551.709437 4123881.299197 0.000000 0.112835
302551.749838 4123881.310244 0.000000 0.113868
302551.790203 4123881.321488 0.000000 0.114893
302551.830534 4123881.332933 0.000000 0.115906
302551.870832 4123881.344579 0.000000 0.116904
302551.911096 4123881.356431 0.000000 0.117886
302551.951329 4123881.368490 0.000000 0.118845
302551.991532 4123881.380759 0.000000 0.119781
302552.031704 4123881.393240 0.000000 0.120693
302552.071848 4123881.405936 0.000000 0.121574
302552.111964 4123881.418850 0.000000 0.122423
302552.152053 4123881.431984 0.000000 0.123240
302552.192117 4123881.445341 0.000000 0.124018
302552.232155 4123881.458923 0.000000 0.124758
302552.272170 4123881.472733 0.000000 0.125456
302552.312161 4123881.486773 0.000000 0.126108
302552.352131 4123881.501046 0.000000 0.126716
302552.392080 4123881.515554 0.000000 0.127275
302552.432008 4123881.530301 0.000000 0.127785
302552.471918 4123881.545287 0.000000 0.128243
302552.511809 4123881.560516 0.000000 0.128650
302552.551683 4123881.575991 0.000000 0.129005
302552.591540 4123881.591712 0.000000 0.129303
302552.631381 4123881.607684 0.000000 0.129552
302552.671208 4123881.623907 0.000000 0.129743
302552.711020 4123881.640384 0.000000 0.129883
302552.750818 4123881.657117 0.000000 0.129969
302552.790604 4123881.674109 0.000000 0.130002
302552.830378 4123881.691360 0.000000 0.129983
302552.870140 4123881.708874 0.000000 0.129911
302552.909891 4123881.726652 0.000000 0.129792
302552.949631 4123881.744696 0.000000 0.129623
302552.989362 4123881.763007 0.000000 0.129407
302553.029083 4123881.781588 0.000000 0.129141
302553.068795 4123881.800439 0.000000 0.128835
302553.108498 4123881.819564 0.000000 0.128483
302553.148194 4123881.838962 0.000000 0.128089
302553.187881 4123881.858636 0.000000 0.127658
302553.227561 4123881.878586 0.000000 0.127187
302553.267235 4123881.898816 0.000000 0.126681
302553.306901 4123881.919325 0.000000 0.126139
302553.346561 4123881.940114 0.000000 0.125567
302553.386214 4123881.961186 0.000000 0.124964
302553.425862 4123881.982542 0.000000 0.124330
302553.465503 4123882.004182 0.000000 0.123672
302553.505140 4123882.026108 0.000000 0.122989
302553.544771 4123882.048320 0.000000 0.122283
302553.584397 4123882.070821 0.000000 0.121555
302553.624019 4123882.093610 0.000000 0.120808
302553.663636 4123882.116689 0.000000 0.120043
302553.703249 4123882.140059 0.000000 0.119263
302553.742858 4123882.163722 0.000000 0.118468
302553.782464 4123882.187677 0.000000 0.117660
302553.822066 4123882.211927 0.000000 0.116841
302553.861666 4123882.236472 0.000000 0.116010
302553.901264 4123882.261313 0.000000 0.115171
302553.940860 4123882.286451 0.000000 0.114324
302553.980455 4123882.311889 0.000000 0.113469
302554.020049 4123882.337626 0.000000 0.112612
302554.059643 4123882.363665 0.000000 0.111746
302554.099239 4123882.390006 0.000000 0.110878
302554.138836 4123882.416651 0.000000 0.110004
302554.178436 4123882.443601 0.000000 0.109129
302554.218040 4123882.470859 0.000000 0.108252
302554.257649 4123882.498426 0.000000 0.107371
302554.297264 4123882.526303 0.000000 0.106489
302554.336886 4123882.554494 0.000000 0.105605
302554.376519 4123882.582999 0.000000 0.104719
302554.416161 4123882.611821 0.000000 0.103831
302554.455817 4123882.640962 0.000000 0.102943
302554.495488 4123882.670426 0.000000 0.102052
302554.535175 4123882.700215 0.000000 0.101160
302554.574882 4123882.730332 0.000000 0.100266
302554.614610 4123882.760779 0.000000 0.099371
302554.654362 4123882.791561 0.000000 0.098474
302554.694142 4123882.822682 0.000000 0.097577
302554.733952 4123882.854144 0.000000 0.096677
302554.773795 4123882.885951 0.000000 0.095778
302554.813675 4123882.918109 0.000000 0.094878
302554.853595 4123882.950622 0.000000 0.093978
302554.893559 4123882.983494 0.000000 0.093079
302554.933571 4123883.016730 0.000000 0.092182
302554.973634 4123883.050336 0.000000 0.091285
302555.013753 4123883.084318 0.000000 0.090391
302555.053932 4123883.118681 0.000000 0.089501
302555.094176 4123883.153431 0.000000 0.088615
302555.134489 4123883.188574 0.000000 0.087735
302555.174877 4123883.224118 0.000000 0.086861
302555.215343 4123883.260070 0.000000 0.085996
302555.255892 4123883.296436 0.000000 0.085138
302555.296531 4123883.333225 0.000000 0.084292
302555.337264 4123883.370443 0.000000 0.083457
302555.378096 4123883.408100 0.000000 0.082635
302555.419033 4123883.446204 0.000000 0.081827
302555.460080 4123883.484763 0.000000 0.081037
302555.501242 4123883.523788 0.000000 0.080264
302555.542525 4123883.563287 0.000000 0.079510
302555.583934 4123883.603269 0.000000 0.078777
302555.625475 4123883.643746 0.000000 0.078067
302555.667153 4123883.684728 0.000000 0.077379
302555.708974 4123883.726225 0.000000 0.076719
302555.750942 4123883.768248 0.000000 0.076084
302555.793064 4123883.810809 0.000000 0.075479
302555.835344 4123883.853919 0.000000 0.074904
302555.877787 4123883.897591 0.000000 0.074359
302555.920397 4123883.941837 0.000000 0.073848
302555.963181 4123883.986669 0.000000 0.073371
302556.006142 4123884.032100 0.000000 0.072929
302556.049285 4123884.078144 0.000000 0.072524
302556.092613 4123884.124815 0.000000 0.072156
302556.136130 4123884.172125 0.000000 0.071826
302556.179840 4123884.220090 0.000000 0.071536
302556.223746 4123884.268723 0.000000 0.071287
302556.267851 4123884.318040 0.000000 0.071078
302556.312156 4123884.368055 0.000000 0.070912
302556.356665 4123884.418784 0.000000 0.070787
302556.401379 4123884.470243 0.000000 0.070706
302556.446298 4123884.522448 0.000000 0.070668
302556.491424 4123884.575414 0.000000 0.070672
302556.536757 4123884.629159 0.000000 0.070718
302556.582296 4123884.683699 0.000000 0.070804
302556.628041 4123884.739053 0.000000 0.070925
302556.673992 4123884.795240 0.000000 0.071076
302556.720148 4123884.852279 0.000000 0.071251
302556.766510 4123884.910191 0.000000 0.071441
302556.813077 4123884.969000 0.000000 0.071636
302556.859850 4123885.028729 0.000000 0.071823
302556.906832 4123885.089407 0.000000 0.071987
302556.954024 4123885.151062 0.000000 0.072111
302557.001433 4123885.213727 0.000000 0.072178
302557.049064 4123885.277438 0.000000 0.072165
302557.096926 4123885.342236 0.000000 0.072052
302557.145030 4123885.408164 0.000000 0.071813
302557.193392 4123885.475273 0.000000 0.071424
302557.242029 4123885.543618 0.000000 0.070861
302557.290963 4123885.613260 0.000000 0.070096
302557.340223 4123885.684268 0.000000 0.069107
302557.389839 4123885.756718 0.000000 0.067870
302557.439849 4123885.830693 0.000000 0.066367
302557.490298 4123885.906287 0.000000 0.064581
302557.541237 4123885.983603 0.000000 0.062502
302557.592724 4123886.062755 0.000000 0.060125
302557.644827 4123886.143867 0.000000 0.057453
302557.697622 4123886.227078 0.000000 0.054494
302557.751194 4123886.312537 0.000000 0.051266
302557.805641 4123886.400410 0.000000 0.047795
302557.861071 4123886.490877 0.000000 0.044115
302557.917602 4123886.584134 0.000000 0.040266
302557.975370 4123886.680395 0.000000 0.036295
302558.034521 4123886.779891 0.000000 0.032252
302558.095217 4123886.882874 0.000000 0.028193
302558.157636 4123886.989616 0.000000 0.024172
302558.221973 4123887.100410 0.000000 0.020242
302558.288442 4123887.215573 0.000000 0.016456
302558.357272 4123887.335447 0.000000 0.012859
302558.428717 4123887.460397 0.000000 0.009490
302558.503048 4123887.590817 0.000000 0.006382
302558.580560 4123887.727128 0.000000 0.003558
302558.661570 4123887.869782 0.000000 0.001034
302558.746422 4123888.019261 0.000000 -0.001183
302558.835484 4123888.176078 0.000000 -0.003093
302558.929149 4123888.340784 0.000000 -0.004704
302559.027842 4123888.513960 0.000000 -0.006029
302559.132014 4123888.696229 0.000000 -0.007086
