302473.222000 4123810.113000 0.000000 -0.017995
302473.066059 4123810.211527 0.000000 -0.017996
302472.919847 4123810.304567 0.000000 -0.019953
302472.782688 4123810.392494 0.000000 -0.022066
302472.653945 4123810.475660 0.000000 -0.024331
302472.533020 4123810.554398 0.000000 -0.026745
302472.419349 4123810.629022 0.000000 -0.029295
302472.312400 4123810.699825 0.000000 -0.031969
302472.211677 4123810.767087 0.000000 -0.034745
302472.116713 4123810.831066 0.000000 -0.037600
302472.027072 4123810.892007 0.000000 -0.040503
302471.942344 4123810.950138 0.000000 -0.043421
302471.862149 4123811.005674 0.000000 -0.046317
302471.786132 4123811.058815 0.000000 -0.049150
302471.713960 4123811.109746 0.000000 -0.051881
302471.645328 4123811.158642 0.000000 -0.054468
302471.579948 4123811.205665 0.000000 -0.056873
302471.517556 4123811.250963 0.000000 -0.059065
302471.457909 4123811.294677 0.000000 -0.061014
302471.400779 4123811.336936 0.000000 -0.062700
302471.345958 4123811.377859 0.000000 -0.064111
302471.293255 4123811.417556 0.000000 -0.065243
302471.242494 4123811.456127 0.000000 -0.066102
302471.193513 4123811.493668 0.000000 -0.066698
302471.146165 4123811.530262 0.000000 -0.067059
302471.100315 4123811.565990 0.000000 -0.067205
302471.055840 4123811.600922 0.000000 -0.067174
302471.012629 4123811.635124 0.000000 -0.066996
302470.970580 4123811.668657 0.000000 -0.066710
302470.929602 4123811.701574 0.000000 -0.066352
302470.889612 4123811.733925 0.000000 -0.065953
302470.850535 4123811.765755 0.000000 -0.065547
302470.812304 4123811.797105 0.000000 -0.065160
302470.774858 4123811.828011 0.000000 -0.064814
302470.738143 4123811.858508 0.000000 -0.064525
302470.702110 4123811.888623 0.000000 -0.064309
302470.666716 4123811.918386 0.000000 -0.064167
302470.631921 4123811.947820 0.000000 -0.064108
302470.597691 4123811.976948 0.000000 -0.064124
302470.563993 4123812.005789 0.000000 -0.064212
302470.530800 4123812.034362 0.000000 -0.064356
302470.498086 4123812.062682 0.000000 -0.064555
302470.465828 4123812.090764 0.000000 -0.064782
302470.434004 4123812.118623 0.000000 -0.065030
302470.402596 4123812.146270 0.000000 -0.065278
302470.371586 4123812.173717 0.000000 -0.065509
302470.340957 4123812.200974 0.000000 -0.065710
302470.310694 4123812.228051 0.000000 -0.065866
302470.280783 4123812.254957 0.000000 -0.065965
302470.251211 4123812.281700 0.000000 -0.066000
302470.221964 4123812.308288 0.000000 -0.065967
302470.193031 4123812.334729 0.000000 -0.065863
302470.164400 4123812.361028 0.000000 -0.065697
302470.136060 4123812.387194 0.000000 -0.065475
302470.108001 4123812.413232 0.000000 -0.065194
302470.080213 4123812.439147 0.000000 -0.064865
302470.052686 4123812.464945 0.000000 -0.064491
302470.025413 4123812.490630 0.000000 -0.064072
302469.998384 4123812.516207 0.000000 -0.063621
302469.971592 4123812.541680 0.000000 -0.063136
302469.945029 4123812.567053 0.000000 -0.062626
302469.918688 4123812.592329 0.000000 -0.062088
302469.892564 4123812.617512 0.000000 -0.061536
302469.866649 4123812.642605 0.000000 -0.060969
302469.840938 4123812.667609 0.000000 -0.060387
302469.815425 4123812.692528 0.000000 -0.059800
302469.790106 4123812.717363 0.000000 -0.059210
302469.764975 4123812.742117 0.000000 -0.058615
302469.740029 4123812.766791 0.000000 -0.058030
302469.715263 4123812.791387 0.000000 -0.057445
302469.690672 4123812.815905 0.000000 -0.056870
302469.666255 4123812.840348 0.000000 -0.056303
302469.642006 4123812.864715 0.000000 -0.055751
302469.617924 4123812.889009 0.000000 -0.055217
302469.594005 4123812.913229 0.000000 -0.054692
302469.570246 4123812.937376 0.000000 -0.054193
302469.546645 4123812.961450 0.000000 -0.053711
302469.523200 4123812.985452 0.000000 -0.053251
302469.499909 4123813.009382 0.000000 -0.052818
302469.476770 4123813.033240 0.000000 -0.052401
302469.453780 4123813.057026 0.000000 -0.052018
302469.430939 4123813.080740 0.000000 -0.051655
302469.408244 4123813.104381 0.000000 -0.051318
302469.385695 4123813.127950 0.000000 -0.051013
302469.363289 4123813.151447 0.000000 -0.050731
302469.341027 4123813.174871 0.000000 -0.050481
302469.318907 4123813.198221 0.000000 -0.050256
302469.296927 4123813.221498 0.000000 -0.050066
302469.275087 4123813.244701 0.000000 -0.049894
302469.253386 4123813.267830 0.000000 -0.049763
302469.231824 4123813.290884 0.000000 -0.049651
302469.210399 4123813.313863 0.000000 -0.049575
302469.189111 4123813.336766 0.000000 -0.049520
302469.167959 4123813.359593 0.000000 -0.049504
302469.146943 4123813.382344 0.000000 -0.049503
302469.126062 4123813.405018 0.000000 -0.049544
302469.105315 4123813.427616 0.000000 -0.049600
302469.084703 4123813.450135 0.000000 -0.049691
302469.064224 4123813.472577 0.000000 -0.049810
302469.043878 4123813.494941 0.000000 -0.049949
302469.023665 4123813.517226 0.000000 -0.050122
302469.003583 4123813.539432 0.000000 -0.050315
302468.983634 4123813.561560 0.000000 -0.050534
302468.963816 4123813.583608 0.000000 -0.050782
302468.944129 4123813.605578 0.000000 -0.051050
302468.924572 4123813.627467 0.000000 -0.051343
302468.905145 4123813.649277 0.000000 -0.051665
302468.885848 4123813.671008 0.000000 -0.052002
302468.866680 4123813.692659 0.000000 -0.052366
302468.847640 4123813.714230 0.000000 -0.052751
302468.828728 4123813.735722 0.000000 -0.053157
302468.809944 4123813.757134 0.000000 -0.053583
302468.791287 4123813.778466 0.000000 -0.054029
302468.772757 4123813.799720 0.000000 -0.054495
302468.754352 4123813.820894 0.000000 -0.054976
302468.736073 4123813.841989 0.000000 -0.055478
302468.717919 4123813.863006 0.000000 -0.055993
302468.699889 4123813.883945 0.000000 -0.056526
302468.681983 4123813.904805 0.000000 -0.057069
302468.664200 4123813.925588 0.000000 -0.057629
302468.646539 4123813.946294 0.000000 -0.058204
302468.629000 4123813.966923 0.000000 -0.058786
302468.611581 4123813.987476 0.000000 -0.059381
302468.594283 4123814.007954 0.000000 -0.059985
302468.577104 4123814.028357 0.000000 -0.060596
302468.560043 4123814.048685 0.000000 -0.061214
302468.543101 4123814.068939 0.000000 -0.061838
302468.526275 4123814.089121 0.000000 -0.062469
302468.509565 4123814.109231 0.000000 -0.063101
302468.492970 4123814.129269 0.000000 -0.063731
302468.476488 4123814.149236 0.000000 -0.064371
302468.460120 4123814.169134 0.000000 -0.065002
302468.443865 4123814.188963 0.000000 -0.065634
302468.427720 4123814.208725 0.000000 -0.066265
302468.411685 4123814.228419 0.000000 -0.066893
302468.395758 4123814.248047 0.000000 -0.067507
302468.379940 4123814.267611 0.000000 -0.068122
302468.364228 4123814.287111 0.000000 -0.068727
302468.348622 4123814.306549 0.000000 -0.069321
302468.333120 4123814.325924 0.000000 -0.069909
302468.317721 4123814.345240 0.000000 -0.070480
302468.302423 4123814.364496 0.000000 -0.071046
302468.287227 4123814.383695 0.000000 -0.071585
302468.272129 4123814.402836 0.000000 -0.072121
302468.257130 4123814.421923 0.000000 -0.072640
302468.242227 4123814.440955 0.000000 -0.073140
302468.227419 4123814.459934 0.000000 -0.073623
302468.212706 4123814.478862 0.000000 -0.074093
302468.198085 4123814.497739 0.000000 -0.074540
302468.183556 4123814.516567 0.000000 -0.074971
302468.169116 4123814.535348 0.000000 -0.075385
302468.154765 4123814.554083 0.000000 -0.075777
302468.140502 4123814.572773 0.000000 -0.076152
302468.126324 4123814.591419 0.000000 -0.076508
302468.112231 4123814.610023 0.000000 -0.076845
302468.098220 4123814.628587 0.000000 -0.077169
302468.084292 4123814.647111 0.000000 -0.077472
302468.070444 4123814.665596 0.000000 -0.077751
302468.056675 4123814.684046 0.000000 -0.078019
302468.042984 4123814.702459 0.000000 -0.078275
302468.029369 4123814.720839 0.000000 -0.078503
302468.015829 4123814.739186 0.000000 -0.078719
302468.002364 4123814.757502 0.000000 -0.078930
302467.988970 4123814.775788 0.000000 -0.079116
302467.975648 4123814.794044 0.000000 -0.079295
302467.962396 4123814.812273 0.000000 -0.079456
302467.949213 4123814.830476 0.000000 -0.079606
302467.936098 4123814.848654 0.000000 -0.079748
302467.923049 4123814.866807 0.000000 -0.079876
302467.910065 4123814.884938 0.000000 -0.079992
302467.897146 4123814.903048 0.000000 -0.080109
302467.884289 4123814.921137 0.000000 -0.080206
302467.871495 4123814.939206 0.000000 -0.080307
302467.858762 4123814.957257 0.000000 -0.080400
302467.846089 4123814.975291 0.000000 -0.080480
302467.833475 4123814.993309 0.000000 -0.080564
302467.820918 4123815.011312 0.000000 -0.080641
302467.808419 4123815.029301 0.000000 -0.080722
302467.795976 4123815.047276 0.000000 -0.080795
302467.783589 4123815.065239 0.000000 -0.080868
302467.771256 4123815.083190 0.000000 -0.080950
302467.758977 4123815.101131 0.000000 -0.081024
302467.746751 4123815.119062 0.000000 -0.081106
302467.734576 4123815.136985 0.000000 -0.081192
302467.722454 4123815.154899 0.000000 -0.081280
302467.710382 4123815.172806 0.000000 -0.081366
302467.698360 4123815.190706 0.000000 -0.081471
302467.686388 4123815.208600 0.000000 -0.081569
302467.674465 4123815.226489 0.000000 -0.081680
302467.662590 4123815.244373 0.000000 -0.081798
302467.650763 4123815.262254 0.000000 -0.081924
302467.638983 4123815.280131 0.000000 -0.082057
302467.627250 4123815.298005 0.000000 -0.082196
302467.615563 4123815.315877 0.000000 -0.082346
302467.603922 4123815.333747 0.000000 -0.082504
302467.592327 4123815.351616 0.000000 -0.082672
302467.580777 4123815.369485 0.000000 -0.082844
302467.569271 4123815.387353 0.000000 -0.083030
302467.557810 4123815.405222 0.000000 -0.083221
302467.546393 4123815.423091 0.000000 -0.083419
302467.535019 4123815.440961 0.000000 -0.083629
302467.523689 4123815.458833 0.000000 -0.083843
302467.512403 4123815.476707 0.000000 -0.084066
302467.501159 4123815.494583 0.000000 -0.084291
302467.489957 4123815.512462 0.000000 -0.084526
302467.478798 4123815.530344 0.000000 -0.084763
302467.467682 4123815.548229 0.000000 -0.085008
302467.456607 4123815.566118 0.000000 -0.085250
302467.445574 4123815.584011 0.000000 -0.085499
302467.434582 4123815.601909 0.000000 -0.085757
302467.423632 4123815.619812 0.000000 -0.086003
302467.412723 4123815.637720 0.000000 -0.086261
302467.401855 4123815.655634 0.000000 -0.086519
302467.391028 4123815.673553 0.000000 -0.086766
302467.380241 4123815.691479 0.000000 -0.087027
302467.369494 4123815.709412 0.000000 -0.087271
302467.358788 4123815.727352 0.000000 -0.087523
302467.348122 4123815.745299 0.000000 -0.087768
302467.337495 4123815.763254 0.000000 -0.088014
302467.326908 4123815.781218 0.000000 -0.088245
302467.316361 4123815.799190 0.000000 -0.088481
302467.305852 4123815.817171 0.000000 -0.088709
302467.295383 4123815.835162 0.000000 -0.088926
302467.284953 4123815.853162 0.000000 -0.089146
302467.274561 4123815.871173 0.000000 -0.089346
302467.264207 4123815.889195 0.000000 -0.089545
302467.253891 4123815.907228 0.000000 -0.089733
302467.243613 4123815.925273 0.000000 -0.089915
302467.233373 4123815.943330 0.000000 -0.090083
302467.223171 4123815.961399 0.000000 -0.090244
302467.213005 4123815.979482 0.000000 -0.090392
302467.202876 4123815.997579 0.000000 -0.090531
302467.192784 4123816.015690 0.000000 -0.090659
302467.182728 4123816.033816 0.000000 -0.090775
302467.172708 4123816.051958 0.000000 -0.090886
302467.162724 4123816.070115 0.000000 -0.090970
302467.152776 4123816.088289 0.000000 -0.091055
302467.142862 4123816.106480 0.000000 -0.091124
302467.132983 4123816.124689 0.000000 -0.091182
302467.123139 4123816.142917 0.000000 -0.091222
302467.113329 4123816.161163 0.000000 -0.091256
302467.103553 4123816.179429 0.000000 -0.091280
302467.093811 4123816.197716 0.000000 -0.091284
302467.084102 4123816.216024 0.000000 -0.091286
302467.074425 4123816.234353 0.000000 -0.091272
302467.064781 4123816.252705 0.000000 -0.091253
302467.055169 4123816.271079 0.000000 -0.091215
302467.045590 4123816.289478 0.000000 -0.091176
302467.036041 4123816.307901 0.000000 -0.091127
302467.026524 4123816.326349 0.000000 -0.091067
302467.017037 4123816.344824 0.000000 -0.091003
302467.007582 4123816.363325 0.000000 -0.090933
302466.998156 4123816.381853 0.000000 -0.090855
302466.988759 4123816.400409 0.000000 -0.090774
302466.979393 4123816.418995 0.000000 -0.090689
302466.970055 4123816.437610 0.000000 -0.090601
302466.960746 4123816.456255 0.000000 -0.090518
302466.951466 4123816.474932 0.000000 -0.090426
302466.942214 4123816.493640 0.000000 -0.090337
302466.932989 4123816.512381 0.000000 -0.090248
302466.923792 4123816.531156 0.000000 -0.090162
302466.914623 4123816.549964 0.000000 -0.090077
302466.905480 4123816.568807 0.000000 -0.089997
302466.896364 4123816.587686 0.000000 -0.089918
302466.887275 4123816.606601 0.000000 -0.089843
302466.878211 4123816.625553 0.000000 -0.089775
302466.869174 4123816.644543 0.000000 -0.089714
302466.860162 4123816.663571 0.000000 -0.089654
302466.851176 4123816.682638 0.000000 -0.089605
302466.842216 4123816.701745 0.000000 -0.089558
302466.833280 4123816.720892 0.000000 -0.089523
302466.824370 4123816.740080 0.000000 -0.089493
302466.815484 4123816.759310 0.000000 -0.089473
302466.806623 4123816.778583 0.000000 -0.089462
302466.797787 4123816.797898 0.000000 -0.089455
302466.788976 4123816.817257 0.000000 -0.089460
302466.780188 4123816.836660 0.000000 -0.089475
302466.771425 4123816.856109 0.000000 -0.089500
302466.762687 4123816.875602 0.000000 -0.089529
302466.753972 4123816.895142 0.000000 -0.089570
302466.745282 4123816.914728 0.000000 -0.089623
302466.736616 4123816.934361 0.000000 -0.089679
302466.727975 4123816.954042 0.000000 -0.089752
302466.719357 4123816.973771 0.000000 -0.089830
302466.710764 4123816.993548 0.000000 -0.089917
302466.702195 4123817.013375 0.000000 -0.090009
302466.693651 4123817.033251 0.000000 -0.090118
302466.685131 4123817.053178 0.000000 -0.090229
302466.676636 4123817.073154 0.000000 -0.090350
302466.668166 4123817.093182 0.000000 -0.090477
302466.659720 4123817.113261 0.000000 -0.090612
302466.651300 4123817.133391 0.000000 -0.090753
302466.642904 4123817.153574 0.000000 -0.090902
302466.634534 4123817.173809 0.000000 -0.091056
302466.626190 4123817.194097 0.000000 -0.091218
302466.617872 4123817.214437 0.000000 -0.091383
302466.609579 4123817.234831 0.000000 -0.091548
302466.601313 4123817.255279 0.000000 -0.091723
302466.593073 4123817.275780 0.000000 -0.091897
302466.584860 4123817.296336 0.000000 -0.092073
302466.576674 4123817.316946 0.000000 -0.092254
302466.568515 4123817.337610 0.000000 -0.092432
302466.560384 4123817.358330 0.000000 -0.092610
302466.552280 4123817.379104 0.000000 -0.092792
302466.544205 4123817.399933 0.000000 -0.092965
302466.536158 4123817.420817 0.000000 -0.093143
302466.528140 4123817.441757 0.000000 -0.093315
302466.520152 4123817.462752 0.000000 -0.093483
302466.512192 4123817.483803 0.000000 -0.093646
302466.504263 4123817.504909 0.000000 -0.093808
302466.496364 4123817.526071 0.000000 -0.093962
302466.488495 4123817.547289 0.000000 -0.094112
302466.480657 4123817.568562 0.000000 -0.094257
302466.472851 4123817.589892 0.000000 -0.094396
302466.465076 4123817.611276 0.000000 -0.094527
302466.457333 4123817.632717 0.000000 -0.094650
302466.449622 4123817.654213 0.000000 -0.094770
302466.441944 4123817.675765 0.000000 -0.094879
302466.434299 4123817.697372 0.000000 -0.094984
302466.426688 4123817.719035 0.000000 -0.095076
302466.419110 4123817.740752 0.000000 -0.095165
302466.411567 4123817.762525 0.000000 -0.095243
302466.404058 4123817.784354 0.000000 -0.095314
302466.396584 4123817.806237 0.000000 -0.095378
302466.389146 4123817.828174 0.000000 -0.095430
302466.381743 4123817.850166 0.000000 -0.095476
302466.374377 4123817.872213 0.000000 -0.095512
302466.367047 4123817.894313 0.000000 -0.095543
302466.359753 4123817.916468 0.000000 -0.095563
302466.352497 4123817.938676 0.000000 -0.095573
302466.345279 4123817.960937 0.000000 -0.095578
302466.338099 4123817.983252 0.000000 -0.095570
302466.330956 4123818.005619 0.000000 -0.095560
302466.323853 4123818.028039 0.000000 -0.095539
302466.316788 4123818.050511 0.000000 -0.095511
302466.309763 4123818.073034 0.000000 -0.095471
302466.302778 4123818.095610 0.000000 -0.095429
302466.295833 4123818.118236 0.000000 -0.095376
302466.288928 4123818.140913 0.000000 -0.095318
302466.282064 4123818.163641 0.000000 -0.095252
302466.275241 4123818.186419 0.000000 -0.095179
302466.268459 4123818.209246 0.000000 -0.095101
302466.261720 4123818.232123 0.000000 -0.095015
302466.255022 4123818.255048 0.000000 -0.094924
302466.248367 4123818.278022 0.000000 -0.094827
302466.241754 4123818.301043 0.000000 -0.094726
302466.235185 4123818.324113 0.000000 -0.094616
302466.228659 4123818.347229 0.000000 -0.094507
302466.222176 4123818.370391 0.000000 -0.094388
302466.215737 4123818.393600 0.000000 -0.094269
302466.209343 4123818.416854 0.000000 -0.094146
302466.202993 4123818.440153 0.000000 -0.094018
302466.196688 4123818.463497 0.000000 -0.093889
302466.190428 4123818.486885 0.000000 -0.093758
302466.184214 4123818.510316 0.000000 -0.093622
302466.178045 4123818.533791 0.000000 -0.093488
302466.171921 4123818.557307 0.000000 -0.093353
302466.165845 4123818.580866 0.000000 -0.093213
302466.159814 4123818.604466 0.000000 -0.093075
302466.153830 4123818.628107 0.000000 -0.092940
302466.147893 4123818.651788 0.000000 -0.092801
302466.142004 4123818.675508 0.000000 -0.092665
302466.136161 4123818.699268 0.000000 -0.092531
302466.130367 4123818.723066 0.000000 -0.092396
302466.124620 4123818.746902 0.000000 -0.092266
302466.118921 4123818.770775 0.000000 -0.092137
302466.113271 4123818.794686 0.000000 -0.092012
302466.107669 4123818.818632 0.000000 -0.091889
302466.102117 4123818.842614 0.000000 -0.091769
302466.096613 4123818.866631 0.000000 -0.091653
302466.091158 4123818.890683 0.000000 -0.091542
302466.085753 4123818.914768 0.000000 -0.091435
302466.080398 4123818.938887 0.000000 -0.091332
302466.075093 4123818.963039 0.000000 -0.091237
302466.069837 4123818.987223 0.000000 -0.091144
302466.064632 4123819.011439 0.000000 -0.091058
302466.059478 4123819.035686 0.000000 -0.090978
302466.054374 4123819.059964 0.000000 -0.090905
302466.049321 4123819.084272 0.000000 -0.090837
302466.044319 4123819.108610 0.000000 -0.090776
302466.039368 4123819.132977 0.000000 -0.090723
302466.034469 4123819.157372 0.000000 -0.090674
302466.029622 4123819.181797 0.000000 -0.090636
302466.024826 4123819.206249 0.000000 -0.090603
302466.020082 4123819.230728 0.000000 -0.090578
302466.015390 4123819.255235 0.000000 -0.090560
302466.010751 4123819.279769 0.000000 -0.090550
302466.006164 4123819.304329 0.000000 -0.090547
302466.001630 4123819.328915 0.000000 -0.090553
302465.997149 4123819.353527 0.000000 -0.090565
302465.992721 4123819.378165 0.000000 -0.090585
302465.988345 4123819.402828 0.000000 -0.090614
302465.984024 4123819.427517 0.000000 -0.090649
302465.979755 4123819.452231 0.000000 -0.090692
302465.975540 4123819.476969 0.000000 -0.090742
302465.971379 4123819.501733 0.000000 -0.090799
302465.967272 4123819.526522 0.000000 -0.090862
302465.963219 4123819.551336 0.000000 -0.090933
302465.959221 4123819.576175 0.000000 -0.091009
302465.955276 4123819.601039 0.000000 -0.091091
302465.951386 4123819.625928 0.000000 -0.091180
302465.947551 4123819.650843 0.000000 -0.091272
302465.943770 4123819.675783 0.000000 -0.091371
302465.940045 4123819.700750 0.000000 -0.091473
302465.936374 4123819.725743 0.000000 -0.091578
302465.932759 4123819.750763 0.000000 -0.091687
302465.929198 4123819.775811 0.000000 -0.091796
302465.925694 4123819.800887 0.000000 -0.091907
302465.922245 4123819.825991 0.000000 -0.092017
302465.918851 4123819.851125 0.000000 -0.092128
302465.915514 4123819.876288 0.000000 -0.092234
302465.912232 4123819.901483 0.000000 -0.092339
302465.909006 4123819.926709 0.000000 -0.092438
302465.905837 4123819.951968 0.000000 -0.092530
302465.902724 4123819.977261 0.000000 -0.092616
302465.899667 4123820.002588 0.000000 -0.092694
302465.896667 4123820.027952 0.000000 -0.092762
302465.893723 4123820.053352 0.000000 -0.092818
302465.890836 4123820.078791 0.000000 -0.092862
302465.888006 4123820.104270 0.000000 -0.092893
302465.885233 4123820.129790 0.000000 -0.092906
302465.882518 4123820.155352 0.000000 -0.092905
302465.879859 4123820.180959 0.000000 -0.092886
302465.877258 4123820.206611 0.000000 -0.092847
302465.874714 4123820.232310 0.000000 -0.092788
302465.872227 4123820.258058 0.000000 -0.092708
302465.869798 4123820.283856 0.000000 -0.092605
302465.867427 4123820.309707 0.000000 -0.092478
302465.865114 4123820.335612 0.000000 -0.092329
302465.862858 4123820.361572 0.000000 -0.092152
302465.860661 4123820.387591 0.000000 -0.091950
302465.858522 4123820.413669 0.000000 -0.091720
302465.856440 4123820.439808 0.000000 -0.091464
302465.854417 4123820.466011 0.000000 -0.091180
302465.852453 4123820.492279 0.000000 -0.090867
302465.850547 4123820.518615 0.000000 -0.090525
302465.848699 4123820.545020 0.000000 -0.090155
302465.846910 4123820.571496 0.000000 -0.089756
302465.845179 4123820.598045 0.000000 -0.089328
302465.843508 4123820.624670 0.000000 -0.088872
302465.841895 4123820.651372 0.000000 -0.088387
302465.840340 4123820.678152 0.000000 -0.087875
302465.838845 4123820.705014 0.000000 -0.087334
302465.837409 4123820.731959 0.000000 -0.086768
302465.836032 4123820.758989 0.000000 -0.086174
302465.834714 4123820.786105 0.000000 -0.085558
302465.833455 4123820.813309 0.000000 -0.084915
302465.832255 4123820.840604 0.000000 -0.084251
302465.831114 4123820.867990 0.000000 -0.083564
302465.830033 4123820.895469 0.000000 -0.082857
302465.829011 4123820.923043 0.000000 -0.082132
302465.828048 4123820.950713 0.000000 -0.081388
302465.827145 4123820.978481 0.000000 -0.080629
302465.826301 4123821.006347 0.000000 -0.079854
302465.825517 4123821.034313 0.000000 -0.079068
302465.824792 4123821.062379 0.000000 -0.078272
302465.824126 4123821.090548 0.000000 -0.077466
302465.823520 4123821.118818 0.000000 -0.076654
302465.822973 4123821.147191 0.000000 -0.075837
302465.822485 4123821.175668 0.000000 -0.075018
302465.822058 4123821.204249 0.000000 -0.074198
302465.821689 4123821.232933 0.000000 -0.073380
302465.821380 4123821.261721 0.000000 -0.072564
302465.821130 4123821.290613 0.000000 -0.071755
302465.820939 4123821.319608 0.000000 -0.070953
302465.820808 4123821.348707 0.000000 -0.070160
302465.820736 4123821.377907 0.000000 -0.069378
302465.820724 4123821.407210 0.000000 -0.068609
302465.820770 4123821.436612 0.000000 -0.067854
302465.820875 4123821.466115 0.000000 -0.067117
302465.821040 4123821.495715 0.000000 -0.066396
302465.821264 4123821.525412 0.000000 -0.065696
302465.821546 4123821.555205 0.000000 -0.065016
302465.821888 4123821.585091 0.000000 -0.064358
302465.822288 4123821.615068 0.000000 -0.063724
302465.822747 4123821.645134 0.000000 -0.063115
302465.823265 4123821.675287 0.000000 -0.062531
302465.823841 4123821.705525 0.000000 -0.061975
302465.824475 4123821.735844 0.000000 -0.061448
302465.825168 4123821.766243 0.000000 -0.060948
302465.825920 4123821.796718 0.000000 -0.060480
302465.826729 4123821.827266 0.000000 -0.060042
302465.827597 4123821.857883 0.000000 -0.059636
302465.828523 4123821.888568 0.000000 -0.059263
302465.829507 4123821.919316 0.000000 -0.058922
302465.830548 4123821.950123 0.000000 -0.058616
302465.831648 4123821.980986 0.000000 -0.058344
302465.832805 4123822.011902 0.000000 -0.058108
302465.834020 4123822.042865 0.000000 -0.057907
302465.835292 4123822.073873 0.000000 -0.057742
302465.836621 4123822.104920 0.000000 -0.057614
302465.838008 4123822.136004 0.000000 -0.057523
302465.839453 4123822.167119 0.000000 -0.057469
302465.840954 4123822.198261 0.000000 -0.057453
302465.842512 4123822.229426 0.000000 -0.057475
302465.844128 4123822.260610 0.000000 -0.057535
302465.845800 4123822.291807 0.000000 -0.057633
302465.847529 4123822.323015 0.000000 -0.057770
302465.849316 4123822.354227 0.000000 -0.057945
302465.851158 4123822.385440 0.000000 -0.058159
302465.853058 4123822.416649 0.000000 -0.058411
302465.855014 4123822.447851 0.000000 -0.058701
302465.857027 4123822.479039 0.000000 -0.059028
302465.859097 4123822.510211 0.000000 -0.059393
302465.861223 4123822.541361 0.000000 -0.059796
302465.863406 4123822.572486 0.000000 -0.060234
302465.865646 4123822.603582 0.000000 -0.060709
302465.867942 4123822.634644 0.000000 -0.061218
302465.870295 4123822.665669 0.000000 -0.061762
302465.872705 4123822.696654 0.000000 -0.062340
302465.875171 4123822.727593 0.000000 -0.062950
302465.877694 4123822.758485 0.000000 -0.063592
302465.880275 4123822.789325 0.000000 -0.064264
302465.882912 4123822.820110 0.000000 -0.064965
302465.885607 4123822.850838 0.000000 -0.065693
302465.888359 4123822.881506 0.000000 -0.066449
302465.891168 4123822.912111 0.000000 -0.067228
302465.894035 4123822.942651 0.000000 -0.068030
302465.896959 4123822.973123 0.000000 -0.068855
302465.899942 4123823.003525 0.000000 -0.069697
302465.902982 4123823.033856 0.000000 -0.070557
302465.906081 4123823.064113 0.000000 -0.071432
302465.909239 4123823.094297 0.000000 -0.072318
302465.912455 4123823.124404 0.000000 -0.073215
302465.915731 4123823.154435 0.000000 -0.074119
302465.919066 4123823.184388 0.000000 -0.075027
302465.922460 4123823.214264 0.000000 -0.075938
302465.925915 4123823.244061 0.000000 -0.076846
302465.929429 4123823.273779 0.000000 -0.077750
302465.933005 4123823.303419 0.000000 -0.078645
302465.936641 4123823.332982 0.000000 -0.079530
302465.940339 4123823.362467 0.000000 -0.080400
302465.944098 4123823.391876 0.000000 -0.081251
302465.947919 4123823.421209 0.000000 -0.082081
302465.951803 4123823.450468 0.000000 -0.082886
302465.955750 4123823.479654 0.000000 -0.083660
302465.959761 4123823.508769 0.000000 -0.084402
302465.963835 4123823.537815 0.000000 -0.085109
302465.967973 4123823.566794 0.000000 -0.085775
302465.972176 4123823.595708 0.000000 -0.086398
302465.976445 4123823.624560 0.000000 -0.086973
302465.980779 4123823.653352 0.000000 -0.087500
302465.985180 4123823.682088 0.000000 -0.087972
302465.989647 4123823.710770 0.000000 -0.088389
302465.994182 4123823.739402 0.000000 -0.088747
302465.998785 4123823.767986 0.000000 -0.089044
302466.003456 4123823.796528 0.000000 -0.089279
302466.008196 4123823.825029 0.000000 -0.089447
302466.013006 4123823.853495 0.000000 -0.089550
302466.017886 4123823.881928 0.000000 -0.089585
302466.022837 4123823.910334 0.000000 -0.089551
302466.027860 4123823.938716 0.000000 -0.089450
302466.032954 4123823.967079 0.000000 -0.089279
302466.038121 4123823.995427 0.000000 -0.089042
302466.043361 4123824.023764 0.000000 -0.088737
302466.048675 4123824.052095 0.000000 -0.088367
302466.054064 4123824.080425 0.000000 -0.087934
302466.059527 4123824.108758 0.000000 -0.087438
302466.065067 4123824.137099 0.000000 -0.086884
302466.070683 4123824.165452 0.000000 -0.086272
302466.076376 4123824.193823 0.000000 -0.085608
302466.082146 4123824.222215 0.000000 -0.084892
302466.087995 4123824.250635 0.000000 -0.084130
302466.093923 4123824.279086 0.000000 -0.083324
302466.099930 4123824.307573 0.000000 -0.082479
302466.106018 4123824.336102 0.000000 -0.081598
302466.112187 4123824.364676 0.000000 -0.080687
302466.118437 4123824.393301 0.000000 -0.079746
302466.124770 4123824.421981 0.000000 -0.078784
302466.131186 4123824.450722 0.000000 -0.077802
302466.137686 4123824.479526 0.000000 -0.076805
302466.144270 4123824.508401 0.000000 -0.075797
302466.150940 4123824.537349 0.000000 -0.074782
302466.157696 4123824.566376 0.000000 -0.073765
302466.164539 4123824.595486 0.000000 -0.072749
302466.171470 4123824.624684 0.000000 -0.071737
302466.178490 4123824.653974 0.000000 -0.070733
302466.185599 4123824.683362 0.000000 -0.069743
302466.192798 4123824.712850 0.000000 -0.068765
302466.200089 4123824.742445 0.000000 -0.067807
302466.207473 4123824.772150 0.000000 -0.066869
302466.214950 4123824.801970 0.000000 -0.065955
302466.222522 4123824.831909 0.000000 -0.065065
302466.230190 4123824.861972 0.000000 -0.064205
302466.237954 4123824.892164 0.000000 -0.063375
302466.245817 4123824.922488 0.000000 -0.062576
302466.253779 4123824.952950 0.000000 -0.061810
302466.261843 4123824.983554 0.000000 -0.061079
302466.270008 4123825.014304 0.000000 -0.060382
302466.278278 4123825.045206 0.000000 -0.059723
302466.286653 4123825.076263 0.000000 -0.059099
302466.295135 4123825.107481 0.000000 -0.058513
302466.303726 4123825.138864 0.000000 -0.057965
302466.312428 4123825.170417 0.000000 -0.057451
302466.321243 4123825.202146 0.000000 -0.056977
302466.330172 4123825.234055 0.000000 -0.056536
302466.339218 4123825.266149 0.000000 -0.056132
302466.348384 4123825.298433 0.000000 -0.055761
302466.357671 4123825.330914 0.000000 -0.055423
302466.367082 4123825.363597 0.000000 -0.055117
302466.376620 4123825.396486 0.000000 -0.054839
302466.386288 4123825.429589 0.000000 -0.054590
302466.396088 4123825.462912 0.000000 -0.054366
302466.406024 4123825.496460 0.000000 -0.054167
302466.416098 4123825.530240 0.000000 -0.053988
302466.426314 4123825.564259 0.000000 -0.053825
302466.436676 4123825.598524 0.000000 -0.053679
302466.447187 4123825.633043 0.000000 -0.053544
302466.457851 4123825.667821 0.000000 -0.053416
302466.468672 4123825.702869 0.000000 -0.053294
302466.479655 4123825.738192 0.000000 -0.053173
302466.490803 4123825.773800 0.000000 -0.053051
302466.502122 4123825.809701 0.000000 -0.052923
302466.513615 4123825.845904 0.000000 -0.052787
302466.525288 4123825.882418 0.000000 -0.052638
302466.537146 4123825.919252 0.000000 -0.052476
302466.549194 4123825.956415 0.000000 -0.052296
302466.561437 4123825.993919 0.000000 -0.052096
302466.573880 4123826.031772 0.000000 -0.051874
302466.586530 4123826.069984 0.000000 -0.051628
302466.599392 4123826.108567 0.000000 -0.051356
302466.612472 4123826.147531 0.000000 -0.051057
302466.625776 4123826.186887 0.000000 -0.050728
302466.639310 4123826.226645 0.000000 -0.050371
302466.653080 4123826.266818 0.000000 -0.049983
302466.667094 4123826.307416 0.000000 -0.049565
302466.681356 4123826.348450 0.000000 -0.049115
302466.695874 4123826.389933 0.000000 -0.048636
302466.710654 4123826.431876 0.000000 -0.048127
302466.725703 4123826.474290 0.000000 -0.047589
302466.741028 4123826.517187 0.000000 -0.047023
302466.756634 4123826.560579 0.000000 -0.046431
302466.772530 4123826.604478 0.000000 -0.045813
302466.788722 4123826.648894 0.000000 -0.045172
302466.805216 4123826.693840 0.000000 -0.044510
302466.822020 4123826.739326 0.000000 -0.043827
302466.839139 4123826.785364 0.000000 -0.043127
302466.856580 4123826.831965 0.000000 -0.042411
302466.874351 4123826.879139 0.000000 -0.041683
302466.892457 4123826.926897 0.000000 -0.040944
302466.910904 4123826.975249 0.000000 -0.040195
302466.929699 4123827.024204 0.000000 -0.039441
302466.948848 4123827.073772 0.000000 -0.038683
302466.968357 4123827.123961 0.000000 -0.037923
302466.988230 4123827.174780 0.000000 -0.037164
302467.008475 4123827.226236 0.000000 -0.036408
302467.029094 4123827.278337 0.000000 -0.035657
302467.050095 4123827.331090 0.000000 -0.034912
302467.071480 4123827.384499 0.000000 -0.034177
302467.093254 4123827.438569 0.000000 -0.033452
302467.115422 4123827.493306 0.000000 -0.032741
302467.137987 4123827.548712 0.000000 -0.032044
302467.160951 4123827.604790 0.000000 -0.031363
302467.184317 4123827.661540 0.000000 -0.030702
302467.208088 4123827.718964 0.000000 -0.030062
302467.232266 4123827.777060 0.000000 -0.029447
302467.256851 4123827.835827 0.000000 -0.028859
302467.281845 4123827.895263 0.000000 -0.028301
302467.307249 4123827.955363 0.000000 -0.027776
302467.333063 4123828.016124 0.000000 -0.027286
302467.359287 4123828.077542 0.000000 -0.026835
302467.385921 4123828.139610 0.000000 -0.026422
302467.412966 4123828.202323 0.000000 -0.026051
302467.440421 4123828.265677 0.000000 -0.025723
302467.468287 4123828.329664 0.000000 -0.025438
302467.496564 4123828.394282 0.000000 -0.025197
302467.525254 4123828.459525 0.000000 -0.025001
302467.554358 4123828.525390 0.000000 -0.024848
302467.583880 4123828.591875 0.000000 -0.024738
302467.613823 4123828.658981 0.000000 -0.024670
302467.644191 4123828.726709 0.000000 -0.024641
302467.674991 4123828.795064 0.000000 -0.024648
302467.706232 4123828.864054 0.000000 -0.024689
302467.737923 4123828.933689 0.000000 -0.024758
302467.770075 4123829.003984 0.000000 -0.024851
302467.802705 4123829.074958 0.000000 -0.024962
302467.835828 4123829.146636 0.000000 -0.025083
302467.869465 4123829.219047 0.000000 -0.025208
302467.903640 4123829.292228 0.000000 -0.025326
302467.938380 4123829.366220 0.000000 -0.025428
302467.973715 4123829.441074 0.000000 -0.025505
302468.009682 4123829.516847 0.000000 -0.025545
302468.046320 4123829.593607 0.000000 -0.025537
302468.083674 4123829.671429 0.000000 -0.025470
302468.121795 4123829.750400 0.000000 -0.025334
302468.160740 4123829.830617 0.000000 -0.025117
302468.200571 4123829.912189 0.000000 -0.024811
302468.241357 4123829.995238 0.000000 -0.024409
302468.283174 4123830.079898 0.000000 -0.023905
302468.326107 4123830.166320 0.000000 -0.023296
302468.370247 4123830.254667 0.000000 -0.022583
302468.415695 4123830.345120 0.000000 -0.021766
302468.462560 4123830.437877 0.000000 -0.020853
302468.510961 4123830.533153 0.000000 -0.019850
302468.561027 4123830.631184 0.000000 -0.018771
302468.612898 4123830.732222 0.000000 -0.017627
302468.666723 4123830.836546 0.000000 -0.016435
302468.722665 4123830.944452 0.000000 -0.015210
302468.780898 4123831.056262 0.000000 -0.013970
302468.841610 4123831.172321 0.000000 -0.012731
