302468.905000 4123831.293000 0.000000 -0.004544
302468.986790 4123831.446830 0.000000 -0.004544
302469.064810 4123831.593295 0.000000 -0.004772
302469.139302 4123831.732877 0.000000 -0.004989
302469.210494 4123831.866029 0.000000 -0.005192
302469.278603 4123831.993180 0.000000 -0.005375
302469.343832 4123832.114733 0.000000 -0.005537
302469.406373 4123832.231067 0.000000 -0.005671
302469.466406 4123832.342540 0.000000 -0.005776
302469.524099 4123832.449485 0.000000 -0.005849
302469.579612 4123832.552217 0.000000 -0.005886
302469.633093 4123832.651029 0.000000 -0.005887
302469.684681 4123832.746197 0.000000 -0.005849
302469.734506 4123832.837975 0.000000 -0.005773
302469.782689 4123832.926604 0.000000 -0.005658
302469.829344 4123833.012307 0.000000 -0.005508
302469.874575 4123833.095291 0.000000 -0.005323
302469.918481 4123833.175749 0.000000 -0.005106
302469.961153 4123833.253858 0.000000 -0.004863
302470.002674 4123833.329784 0.000000 -0.004595
302470.043122 4123833.403681 0.000000 -0.004308
302470.082571 4123833.475689 0.000000 -0.004006
302470.121085 4123833.545937 0.000000 -0.003695
302470.158727 4123833.614547 0.000000 -0.003379
302470.195553 4123833.681628 0.000000 -0.003062
302470.231614 4123833.747280 0.000000 -0.002750
302470.266959 4123833.811596 0.000000 -0.002445
302470.301630 4123833.874661 0.000000 -0.002151
302470.335669 4123833.936552 0.000000 -0.001872
302470.369110 4123833.997338 0.000000 -0.001608
302470.401989 4123834.057085 0.000000 -0.001364
302470.434334 4123834.115851 0.000000 -0.001139
302470.466174 4123834.173688 0.000000 -0.000935
302470.497534 4123834.230645 0.000000 -0.000752
302470.528437 4123834.286766 0.000000 -0.000590
302470.558904 4123834.342090 0.000000 -0.000448
302470.588955 4123834.396655 0.000000 -0.000326
302470.618606 4123834.450492 0.000000 -0.000222
302470.647875 4123834.503632 0.000000 -0.000136
302470.676775 4123834.556102 0.000000 -0.000064
302470.705321 4123834.607928 0.000000 -0.000009
302470.733524 4123834.659133 0.000000 0.000036
302470.761397 4123834.709737 0.000000 0.000069
302470.788951 4123834.759762 0.000000 0.000094
302470.816194 4123834.809226 0.000000 0.000111
302470.843138 4123834.858145 0.000000 0.000122
302470.869790 4123834.906537 0.000000 0.000130
302470.896160 4123834.954416 0.000000 0.000133
302470.922256 4123835.001798 0.000000 0.000135
302470.948085 4123835.048698 0.000000 0.000135
302470.973655 4123835.095127 0.000000 0.000136
302470.998974 4123835.141101 0.000000 0.000134
302471.024048 4123835.186630 0.000000 0.000133
302471.048883 4123835.231728 0.000000 0.000132
302471.073487 4123835.276406 0.000000 0.000129
302471.097866 4123835.320676 0.000000 0.000126
302471.122025 4123835.364548 0.000000 0.000124
302471.145970 4123835.408032 0.000000 0.000120
302471.169708 4123835.451139 0.000000 0.000116
302471.193242 4123835.493879 0.000000 0.000112
302471.216579 4123835.536260 0.000000 0.000108
302471.239724 4123835.578292 0.000000 0.000102
302471.262680 4123835.619983 0.000000 0.000097
302471.285453 4123835.661341 0.000000 0.000092
302471.308047 4123835.702375 0.000000 0.000086
302471.330467 4123835.743092 0.000000 0.000080
302471.352716 4123835.783500 0.000000 0.000074
302471.374798 4123835.823605 0.000000 0.000067
302471.396717 4123835.863415 0.000000 0.000062
302471.418477 4123835.902935 0.000000 0.000054
302471.440082 4123835.942173 0.000000 0.000048
302471.461533 4123835.981135 0.000000 0.000041
302471.482836 4123836.019826 0.000000 0.000035
302471.503993 4123836.058252 0.000000 0.000028
302471.525007 4123836.096418 0.000000 0.000021
302471.545881 4123836.134330 0.000000 0.000015
302471.566618 4123836.171994 0.000000 0.000008
302471.587221 4123836.209413 0.000000 0.000002
302471.607691 4123836.246593 0.000000 -0.000004
302471.628033 4123836.283538 0.000000 -0.000011
302471.648247 4123836.320253 0.000000 -0.000017
302471.668338 4123836.356742 0.000000 -0.000023
302471.688306 4123836.393009 0.000000 -0.000029
302471.708155 4123836.429059 0.000000 -0.000034
302471.727886 4123836.464895 0.000000 -0.000040
302471.747501 4123836.500521 0.000000 -0.000044
302471.767004 4123836.535942 0.000000 -0.000050
302471.786395 4123836.571160 0.000000 -0.000055
302471.805676 4123836.606179 0.000000 -0.000060
302471.824851 4123836.641003 0.000000 -0.000063
302471.843920 4123836.675636 0.000000 -0.000068
302471.862885 4123836.710080 0.000000 -0.000071
302471.881748 4123836.744338 0.000000 -0.000077
302471.900511 4123836.778415 0.000000 -0.000078
302471.919176 4123836.812313 0.000000 -0.000085
302471.937745 4123836.846036 0.000000 -0.000086
302471.956218 4123836.879585 0.000000 -0.000091
302471.974599 4123836.912966 0.000000 -0.000093
302471.992887 4123836.946179 0.000000 -0.000097
302472.011086 4123836.979229 0.000000 -0.000101
302472.029197 4123837.012118 0.000000 -0.000103
302472.047220 4123837.044850 0.000000 -0.000107
302472.065159 4123837.077426 0.000000 -0.000112
302472.083014 4123837.109850 0.000000 -0.000114
302472.100786 4123837.142125 0.000000 -0.000118
302472.118479 4123837.174253 0.000000 -0.000124
302472.136092 4123837.206237 0.000000 -0.000127
302472.153627 4123837.238080 0.000000 -0.000133
302472.171087 4123837.269785 0.000000 -0.000139
302472.188472 4123837.301353 0.000000 -0.000144
302472.205784 4123837.332789 0.000000 -0.000151
302472.223024 4123837.364094 0.000000 -0.000157
302472.240194 4123837.395272 0.000000 -0.000165
302472.257296 4123837.426324 0.000000 -0.000173
302472.274330 4123837.457254 0.000000 -0.000182
302472.291298 4123837.488064 0.000000 -0.000191
302472.308203 4123837.518757 0.000000 -0.000202
302472.325044 4123837.549335 0.000000 -0.000212
302472.341824 4123837.579802 0.000000 -0.000224
302472.358544 4123837.610159 0.000000 -0.000236
302472.375206 4123837.640409 0.000000 -0.000248
302472.391811 4123837.670555 0.000000 -0.000263
302472.408360 4123837.700600 0.000000 -0.000277
302472.424855 4123837.730546 0.000000 -0.000292
302472.441298 4123837.760396 0.000000 -0.000309
302472.457689 4123837.790152 0.000000 -0.000325
302472.474031 4123837.819818 0.000000 -0.000344
302472.490325 4123837.849396 0.000000 -0.000362
302472.506573 4123837.878888 0.000000 -0.000382
302472.522775 4123837.908297 0.000000 -0.000403
302472.538934 4123837.937627 0.000000 -0.000424
302472.555050 4123837.966879 0.000000 -0.000446
302472.571126 4123837.996057 0.000000 -0.000469
302472.587164 4123838.025163 0.000000 -0.000490
302472.603164 4123838.054200 0.000000 -0.000515
302472.619128 4123838.083171 0.000000 -0.000542
302472.635057 4123838.112078 0.000000 -0.000564
302472.650955 4123838.140925 0.000000 -0.000591
302472.666821 4123838.169714 0.000000 -0.000618
302472.682657 4123838.198449 0.000000 -0.000643
302472.698466 4123838.227131 0.000000 -0.000671
302472.714249 4123838.255765 0.000000 -0.000697
302472.730007 4123838.284352 0.000000 -0.000726
302472.745742 4123838.312896 0.000000 -0.000753
302472.761456 4123838.341400 0.000000 -0.000780
302472.777150 4123838.369867 0.000000 -0.000807
302472.792827 4123838.398300 0.000000 -0.000837
302472.808487 4123838.426701 0.000000 -0.000863
302472.824133 4123838.455075 0.000000 -0.000892
302472.839766 4123838.483423 0.000000 -0.000917
302472.855388 4123838.511750 0.000000 -0.000942
302472.871001 4123838.540057 0.000000 -0.000970
302472.886606 4123838.568349 0.000000 -0.000994
302472.902205 4123838.596628 0.000000 -0.001019
302472.917801 4123838.624898 0.000000 -0.001042
302472.933394 4123838.653162 0.000000 -0.001065
302472.948987 4123838.681422 0.000000 -0.001085
302472.964582 4123838.709683 0.000000 -0.001106
302472.980180 4123838.737948 0.000000 -0.001126
302472.995782 4123838.766219 0.000000 -0.001143
302473.011392 4123838.794500 0.000000 -0.001161
302473.027010 4123838.822795 0.000000 -0.001175
302473.042639 4123838.851106 0.000000 -0.001189
302473.058281 4123838.879437 0.000000 -0.001200
302473.073936 4123838.907791 0.000000 -0.001212
302473.089608 4123838.936173 0.000000 -0.001221
302473.105298 4123838.964584 0.000000 -0.001228
302473.121008 4123838.993029 0.000000 -0.001234
302473.136740 4123839.021511 0.000000 -0.001239
302473.152496 4123839.050033 0.000000 -0.001241
302473.168278 4123839.078599 0.000000 -0.001241
302473.184087 4123839.107212 0.000000 -0.001242
302473.199926 4123839.135877 0.000000 -0.001238
302473.215796 4123839.164595 0.000000 -0.001234
302473.231700 4123839.193372 0.000000 -0.001229
302473.247639 4123839.222209 0.000000 -0.001222
302473.263616 4123839.251112 0.000000 -0.001214
302473.279632 4123839.280084 0.000000 -0.001202
302473.295689 4123839.309127 0.000000 -0.001190
302473.311790 4123839.338247 0.000000 -0.001180
302473.327937 4123839.367445 0.000000 -0.001163
302473.344130 4123839.396727 0.000000 -0.001148
302473.360374 4123839.426095 0.000000 -0.001132
302473.376668 4123839.455554 0.000000 -0.001112
302473.393016 4123839.485107 0.000000 -0.001093
302473.409420 4123839.514757 0.000000 -0.001074
302473.425881 4123839.544509 0.000000 -0.001052
302473.442402 4123839.574367 0.000000 -0.001029
302473.458984 4123839.604333 0.000000 -0.001007
302473.475630 4123839.634412 0.000000 -0.000983
302473.492342 4123839.664607 0.000000 -0.000958
302473.509122 4123839.694923 0.000000 -0.000933
302473.525972 4123839.725363 0.000000 -0.000909
302473.542894 4123839.755931 0.000000 -0.000882
302473.559890 4123839.786631 0.000000 -0.000856
302473.576963 4123839.817467 0.000000 -0.000831
302473.594114 4123839.848442 0.000000 -0.000804
302473.611345 4123839.879560 0.000000 -0.000778
302473.628660 4123839.910826 0.000000 -0.000752
302473.646059 4123839.942244 0.000000 -0.000727
302473.663545 4123839.973816 0.000000 -0.000701
302473.681121 4123840.005548 0.000000 -0.000675
302473.698788 4123840.037443 0.000000 -0.000650
302473.716549 4123840.069505 0.000000 -0.000627
302473.734405 4123840.101739 0.000000 -0.000604
302473.752360 4123840.134148 0.000000 -0.000579
302473.770414 4123840.166736 0.000000 -0.000557
302473.788572 4123840.199507 0.000000 -0.000535
302473.806834 4123840.232466 0.000000 -0.000514
302473.825203 4123840.265616 0.000000 -0.000493
302473.843681 4123840.298962 0.000000 -0.000474
302473.862270 4123840.332508 0.000000 -0.000454
302473.880974 4123840.366258 0.000000 -0.000436
302473.899794 4123840.400216 0.000000 -0.000418
302473.918732 4123840.434387 0.000000 -0.000401
302473.937791 4123840.468774 0.000000 -0.000384
302473.956973 4123840.503382 0.000000 -0.000368
302473.976280 4123840.538215 0.000000 -0.000352
302473.995716 4123840.573278 0.000000 -0.000337
302474.015281 4123840.608575 0.000000 -0.000321
302474.034980 4123840.644110 0.000000 -0.000307
302474.054813 4123840.679888 0.000000 -0.000291
302474.074785 4123840.715914 0.000000 -0.000277
302474.094896 4123840.752191 0.000000 -0.000261
302474.115150 4123840.788724 0.000000 -0.000247
302474.135550 4123840.825519 0.000000 -0.000233
302474.156097 4123840.862580 0.000000 -0.000218
302474.176794 4123840.899910 0.000000 -0.000202
302474.197645 4123840.937517 0.000000 -0.000187
302474.218651 4123840.975403 0.000000 -0.000171
302474.239816 4123841.013575 0.000000 -0.000154
302474.261142 4123841.052036 0.000000 -0.000137
302474.282632 4123841.090793 0.000000 -0.000119
302474.304289 4123841.129850 0.000000 -0.000101
302474.326116 4123841.169213 0.000000 -0.000082
302474.348115 4123841.208887 0.000000 -0.000062
302474.370289 4123841.248877 0.000000 -0.000041
302474.392643 4123841.289188 0.000000 -0.000019
302474.415177 4123841.329827 0.000000 0.000004
302474.437897 4123841.370799 0.000000 0.000028
302474.460804 4123841.412111 0.000000 0.000052
302474.483902 4123841.453766 0.000000 0.000079
302474.507195 4123841.495773 0.000000 0.000106
302474.530685 4123841.538137 0.000000 0.000135
302474.554377 4123841.580864 0.000000 0.000165
302474.578273 4123841.623960 0.000000 0.000196
302474.602377 4123841.667433 0.000000 0.000228
302474.626692 4123841.711289 0.000000 0.000263
302474.651223 4123841.755534 0.000000 0.000297
302474.675973 4123841.800177 0.000000 0.000333
302474.700946 4123841.845223 0.000000 0.000371
302474.726146 4123841.890680 0.000000 0.000410
302474.751577 4123841.936557 0.000000 0.000451
302474.777242 4123841.982859 0.000000 0.000493
302474.803147 4123842.029596 0.000000 0.000537
302474.829296 4123842.076776 0.000000 0.000583
302474.855692 4123842.124407 0.000000 0.000631
302474.882342 4123842.172499 0.000000 0.000682
302474.909251 4123842.221063 0.000000 0.000737
302474.936425 4123842.270110 0.000000 0.000795
302474.963871 4123842.319653 0.000000 0.000857
302474.991597 4123842.369707 0.000000 0.000924
302475.019612 4123842.420289 0.000000 0.000995
302475.047926 4123842.471418 0.000000 0.001072
302475.076551 4123842.523118 0.000000 0.001153
302475.105502 4123842.575414 0.000000 0.001239
302475.134795 4123842.628336 0.000000 0.001330
302475.164448 4123842.681919 0.000000 0.001427
302475.194482 4123842.736203 0.000000 0.001527
302475.224923 4123842.791233 0.000000 0.001629
302475.255798 4123842.847062 0.000000 0.001735
302475.287139 4123842.903750 0.000000 0.001841
302475.318983 4123842.961362 0.000000 0.001947
302475.351370 4123843.019977 0.000000 0.002050
302475.384348 4123843.079679 0.000000 0.002148
302475.417967 4123843.140564 0.000000 0.002240
302475.452287 4123843.202740 0.000000 0.002324
302475.487372 4123843.266328 0.000000 0.002397
302475.523294 4123843.331460 0.000000 0.002456
302475.560133 4123843.398283 0.000000 0.002501
302475.597977 4123843.466962 0.000000 0.002529
302475.636923 4123843.537674 0.000000 0.002539
302475.677078 4123843.610617 0.000000 0.002531
302475.718559 4123843.686007 0.000000 0.002503
302475.761494 4123843.764080 0.000000 0.002457
302475.806022 4123843.845093 0.000000 0.002393
302475.852295 4123843.929325 0.000000 0.002313
302475.900477 4123844.017080 0.000000 0.002218
302475.950748 4123844.108687 0.000000 0.002111
302476.003298 4123844.204501 0.000000 0.001994
302476.058338 4123844.304906 0.000000 0.001869
302476.116090 4123844.410315 0.000000 0.001740
302476.176796 4123844.521171 0.000000 0.001608
302476.240716 4123844.637953 0.000000 0.001476
302476.308125 4123844.761171 0.000000 0.001346
302476.379322 4123844.891372 0.000000 0.001221
302476.454625 4123845.029141 0.000000 0.001100
302476.534370 4123845.175101 0.000000 0.000986
302476.618921 4123845.329919 0.000000 0.000880
302476.708662 4123845.494301 0.000000 0.000781
