302493.617590 4123852.090370 0.000000 -0.001277
302493.747251 4123852.019153 0.000000 -0.001277
302493.871848 4123851.950687 0.000000 -0.001270
302493.991661 4123851.884823 0.000000 -0.001258
302494.106956 4123851.821416 0.000000 -0.001240
302494.217985 4123851.760333 0.000000 -0.001217
302494.324984 4123851.701446 0.000000 -0.001188
302494.428180 4123851.644632 0.000000 -0.001154
302494.527785 4123851.589778 0.000000 -0.001116
302494.624001 4123851.536775 0.000000 -0.001073
302494.717018 4123851.485520 0.000000 -0.001028
302494.807015 4123851.435917 0.000000 -0.000979
302494.894160 4123851.387874 0.000000 -0.000929
302494.978613 4123851.341306 0.000000 -0.000878
302495.060523 4123851.296130 0.000000 -0.000828
302495.140032 4123851.252271 0.000000 -0.000778
302495.217271 4123851.209658 0.000000 -0.000732
302495.292365 4123851.168221 0.000000 -0.000688
302495.365430 4123851.127898 0.000000 -0.000649
302495.436576 4123851.088630 0.000000 -0.000615
302495.505905 4123851.050359 0.000000 -0.000588
302495.573513 4123851.013035 0.000000 -0.000567
302495.639490 4123850.976608 0.000000 -0.000555
302495.703920 4123850.941031 0.000000 -0.000551
302495.766882 4123850.906261 0.000000 -0.000555
302495.828449 4123850.872259 0.000000 -0.000570
302495.888690 4123850.838986 0.000000 -0.000593
302495.947669 4123850.806407 0.000000 -0.000626
302496.005446 4123850.774489 0.000000 -0.000669
302496.062078 4123850.743200 0.000000 -0.000721
302496.117616 4123850.712511 0.000000 -0.000783
302496.172111 4123850.682396 0.000000 -0.000852
302496.225609 4123850.652829 0.000000 -0.000930
302496.278151 4123850.623785 0.000000 -0.001013
302496.329780 4123850.595243 0.000000 -0.001105
302496.380533 4123850.567180 0.000000 -0.001201
302496.430445 4123850.539577 0.000000 -0.001303
302496.479551 4123850.512416 0.000000 -0.001407
302496.527883 4123850.485678 0.000000 -0.001514
302496.575471 4123850.459347 0.000000 -0.001621
302496.622343 4123850.433406 0.000000 -0.001731
302496.668527 4123850.407840 0.000000 -0.001836
302496.714049 4123850.382636 0.000000 -0.001942
302496.758933 4123850.357778 0.000000 -0.002042
302496.803203 4123850.333254 0.000000 -0.002138
302496.846883 4123850.309052 0.000000 -0.002230
302496.889994 4123850.285158 0.000000 -0.002312
302496.932557 4123850.261562 0.000000 -0.002388
302496.974592 4123850.238252 0.000000 -0.002456
302497.016121 4123850.215216 0.000000 -0.002515
302497.057161 4123850.192445 0.000000 -0.002562
302497.097731 4123850.169929 0.000000 -0.002602
302497.137850 4123850.147657 0.000000 -0.002631
302497.177534 4123850.125619 0.000000 -0.002648
302497.216801 4123850.103808 0.000000 -0.002660
302497.255666 4123850.082213 0.000000 -0.002659
302497.294146 4123850.060826 0.000000 -0.002647
302497.332256 4123850.039640 0.000000 -0.002630
302497.370010 4123850.018646 0.000000 -0.002600
302497.407423 4123849.997836 0.000000 -0.002564
302497.444508 4123849.977202 0.000000 -0.002517
302497.481278 4123849.956739 0.000000 -0.002466
302497.517747 4123849.936439 0.000000 -0.002403
302497.553926 4123849.916296 0.000000 -0.002337
302497.589827 4123849.896302 0.000000 -0.002262
302497.625461 4123849.876453 0.000000 -0.002182
302497.660840 4123849.856742 0.000000 -0.002097
302497.695973 4123849.837164 0.000000 -0.002010
302497.730872 4123849.817713 0.000000 -0.001914
302497.765544 4123849.798384 0.000000 -0.001818
302497.800001 4123849.779173 0.000000 -0.001718
302497.834249 4123849.760075 0.000000 -0.001618
302497.868299 4123849.741084 0.000000 -0.001515
302497.902157 4123849.722198 0.000000 -0.001408
302497.935832 4123849.703412 0.000000 -0.001307
302497.969331 4123849.684721 0.000000 -0.001202
302498.002662 4123849.666123 0.000000 -0.001100
302498.035829 4123849.647614 0.000000 -0.000997
302498.068841 4123849.629190 0.000000 -0.000899
302498.101703 4123849.610848 0.000000 -0.000805
302498.134420 4123849.592586 0.000000 -0.000708
302498.166999 4123849.574399 0.000000 -0.000620
302498.199444 4123849.556287 0.000000 -0.000535
302498.231760 4123849.538245 0.000000 -0.000451
302498.263952 4123849.520273 0.000000 -0.000374
302498.296024 4123849.502366 0.000000 -0.000299
302498.327981 4123849.484524 0.000000 -0.000234
302498.359825 4123849.466744 0.000000 -0.000168
302498.391561 4123849.449024 0.000000 -0.000115
302498.423192 4123849.431363 0.000000 -0.000058
302498.454721 4123849.413758 0.000000 -0.000017
302498.486151 4123849.396209 0.000000 0.000027
302498.517486 4123849.378713 0.000000 0.000058
302498.548726 4123849.361269 0.000000 0.000093
302498.579875 4123849.343877 0.000000 0.000109
302498.610936 4123849.326535 0.000000 0.000133
302498.641909 4123849.309241 0.000000 0.000141
302498.672797 4123849.291995 0.000000 0.000153
302498.703602 4123849.274796 0.000000 0.000153
302498.734325 4123849.257642 0.000000 0.000150
302498.764968 4123849.240534 0.000000 0.000145
302498.795532 4123849.223470 0.000000 0.000133
302498.826018 4123849.206450 0.000000 0.000119
302498.856427 4123849.189472 0.000000 0.000101
302498.886761 4123849.172537 0.000000 0.000080
302498.917020 4123849.155644 0.000000 0.000056
302498.947205 4123849.138792 0.000000 0.000031
302498.977317 4123849.121981 0.000000 0.000002
302499.007357 4123849.105210 0.000000 -0.000027
302499.037325 4123849.088480 0.000000 -0.000056
302499.067221 4123849.071789 0.000000 -0.000091
302499.097047 4123849.055138 0.000000 -0.000125
302499.126802 4123849.038525 0.000000 -0.000154
302499.156488 4123849.021952 0.000000 -0.000190
302499.186103 4123849.005417 0.000000 -0.000224
302499.215650 4123848.988920 0.000000 -0.000254
302499.245128 4123848.972462 0.000000 -0.000290
302499.274537 4123848.956041 0.000000 -0.000320
302499.303878 4123848.939658 0.000000 -0.000351
302499.333152 4123848.923313 0.000000 -0.000379
302499.362357 4123848.907005 0.000000 -0.000404
302499.391495 4123848.890734 0.000000 -0.000431
302499.420566 4123848.874500 0.000000 -0.000453
302499.449570 4123848.858303 0.000000 -0.000471
302499.478508 4123848.842142 0.000000 -0.000493
302499.507379 4123848.826017 0.000000 -0.000506
302499.536185 4123848.809929 0.000000 -0.000519
302499.564925 4123848.793877 0.000000 -0.000526
302499.593600 4123848.777860 0.000000 -0.000534
302499.622210 4123848.761879 0.000000 -0.000536
302499.650755 4123848.745934 0.000000 -0.000532
302499.679237 4123848.730023 0.000000 -0.000532
302499.707655 4123848.714147 0.000000 -0.000521
302499.736011 4123848.698306 0.000000 -0.000508
302499.764304 4123848.682499 0.000000 -0.000490
302499.792535 4123848.666725 0.000000 -0.000474
302499.820705 4123848.650986 0.000000 -0.000444
302499.848814 4123848.635280 0.000000 -0.000417
302499.876864 4123848.619606 0.000000 -0.000385
302499.904854 4123848.603966 0.000000 -0.000348
302499.932786 4123848.588357 0.000000 -0.000307
302499.960661 4123848.572781 0.000000 -0.000259
302499.988478 4123848.557236 0.000000 -0.000213
302500.016240 4123848.541722 0.000000 -0.000159
302500.043947 4123848.526238 0.000000 -0.000099
302500.071599 4123848.510784 0.000000 -0.000039
302500.099199 4123848.495361 0.000000 0.000026
302500.126746 4123848.479966 0.000000 0.000095
302500.154242 4123848.464600 0.000000 0.000165
302500.181688 4123848.449262 0.000000 0.000242
302500.209086 4123848.433952 0.000000 0.000321
302500.236435 4123848.418669 0.000000 0.000400
302500.263738 4123848.403412 0.000000 0.000483
302500.290995 4123848.388181 0.000000 0.000570
302500.318207 4123848.372976 0.000000 0.000656
302500.345377 4123848.357796 0.000000 0.000747
302500.372504 4123848.342640 0.000000 0.000839
302500.399591 4123848.327508 0.000000 0.000929
302500.426638 4123848.312399 0.000000 0.001022
302500.453646 4123848.297313 0.000000 0.001118
302500.480617 4123848.282248 0.000000 0.001212
302500.507553 4123848.267205 0.000000 0.001304
302500.534453 4123848.252183 0.000000 0.001405
302500.561320 4123848.237181 0.000000 0.001498
302500.588155 4123848.222199 0.000000 0.001593
302500.614959 4123848.207235 0.000000 0.001687
302500.641733 4123848.192291 0.000000 0.001779
302500.668479 4123848.177364 0.000000 0.001876
302500.695197 4123848.162454 0.000000 0.001966
302500.721890 4123848.147560 0.000000 0.002054
302500.748557 4123848.132683 0.000000 0.002147
302500.775202 4123848.117821 0.000000 0.002230
302500.801825 4123848.102973 0.000000 0.002319
302500.828427 4123848.088140 0.000000 0.002401
302500.855009 4123848.073320 0.000000 0.002481
302500.881574 4123848.058512 0.000000 0.002560
302500.908121 4123848.043717 0.000000 0.002636
302500.934654 4123848.028933 0.000000 0.002710
302500.961173 4123848.014159 0.000000 0.002782
302500.987680 4123847.999395 0.000000 0.002845
302501.014175 4123847.984640 0.000000 0.002912
302501.040661 4123847.969894 0.000000 0.002971
302501.067140 4123847.955155 0.000000 0.003029
302501.093612 4123847.940423 0.000000 0.003081
302501.120080 4123847.925696 0.000000 0.003136
302501.146544 4123847.910974 0.000000 0.003179
302501.173008 4123847.896257 0.000000 0.003222
302501.199472 4123847.881542 0.000000 0.003259
302501.225938 4123847.866830 0.000000 0.003295
302501.252409 4123847.852118 0.000000 0.003324
302501.278887 4123847.837407 0.000000 0.003349
302501.305373 4123847.822694 0.000000 0.003373
302501.331869 4123847.807979 0.000000 0.003387
302501.358378 4123847.793260 0.000000 0.003401
302501.384903 4123847.778536 0.000000 0.003410
302501.411445 4123847.763806 0.000000 0.003410
302501.438008 4123847.749069 0.000000 0.003406
302501.464594 4123847.734322 0.000000 0.003403
302501.491205 4123847.719565 0.000000 0.003389
302501.517845 4123847.704795 0.000000 0.003374
302501.544516 4123847.690011 0.000000 0.003351
302501.571223 4123847.675212 0.000000 0.003324
302501.597968 4123847.660395 0.000000 0.003294
302501.624755 4123847.645558 0.000000 0.003257
302501.651587 4123847.630700 0.000000 0.003215
302501.678468 4123847.615817 0.000000 0.003170
302501.705403 4123847.600909 0.000000 0.003119
302501.732396 4123847.585972 0.000000 0.003064
302501.759450 4123847.571004 0.000000 0.003001
302501.786571 4123847.556003 0.000000 0.002941
302501.813764 4123847.540965 0.000000 0.002868
302501.841033 4123847.525888 0.000000 0.002797
302501.868383 4123847.510770 0.000000 0.002719
302501.895820 4123847.495606 0.000000 0.002636
302501.923350 4123847.480394 0.000000 0.002554
302501.950978 4123847.465131 0.000000 0.002461
302501.978710 4123847.449813 0.000000 0.002372
302502.006552 4123847.434437 0.000000 0.002276
302502.034511 4123847.418999 0.000000 0.002175
302502.062593 4123847.403496 0.000000 0.002075
302502.090805 4123847.387924 0.000000 0.001971
302502.119154 4123847.372278 0.000000 0.001867
302502.147646 4123847.356555 0.000000 0.001759
302502.176290 4123847.340751 0.000000 0.001654
302502.205092 4123847.324862 0.000000 0.001543
302502.234059 4123847.308883 0.000000 0.001434
302502.263201 4123847.292811 0.000000 0.001323
302502.292523 4123847.276639 0.000000 0.001214
302502.322035 4123847.260366 0.000000 0.001108
302502.351744 4123847.243984 0.000000 0.000996
302502.381659 4123847.227491 0.000000 0.000890
302502.411787 4123847.210882 0.000000 0.000783
302502.442137 4123847.194151 0.000000 0.000681
302502.472718 4123847.177293 0.000000 0.000578
302502.503537 4123847.160306 0.000000 0.000478
302502.534603 4123847.143182 0.000000 0.000381
302502.565925 4123847.125918 0.000000 0.000288
302502.597511 4123847.108509 0.000000 0.000197
302502.629370 4123847.090951 0.000000 0.000111
302502.661510 4123847.073237 0.000000 0.000024
302502.693940 4123847.055364 0.000000 -0.000056
302502.726667 4123847.037326 0.000000 -0.000131
302502.759700 4123847.019120 0.000000 -0.000205
302502.793048 4123847.000740 0.000000 -0.000272
302502.826718 4123846.982182 0.000000 -0.000337
302502.860718 4123846.963442 0.000000 -0.000397
302502.895056 4123846.944514 0.000000 -0.000454
302502.929739 4123846.925396 0.000000 -0.000505
302502.964775 4123846.906082 0.000000 -0.000555
302503.000171 4123846.886568 0.000000 -0.000598
302503.035934 4123846.866852 0.000000 -0.000637
302503.072070 4123846.846928 0.000000 -0.000673
302503.108585 4123846.826794 0.000000 -0.000706
302503.145485 4123846.806446 0.000000 -0.000735
302503.182777 4123846.785881 0.000000 -0.000758
302503.220464 4123846.765096 0.000000 -0.000781
302503.258552 4123846.744088 0.000000 -0.000797
302503.297045 4123846.722855 0.000000 -0.000814
302503.335948 4123846.701394 0.000000 -0.000825
302503.375262 4123846.679705 0.000000 -0.000834
302503.414992 4123846.657784 0.000000 -0.000841
302503.455140 4123846.635630 0.000000 -0.000842
302503.495708 4123846.613243 0.000000 -0.000846
302503.536697 4123846.590621 0.000000 -0.000844
302503.578109 4123846.567764 0.000000 -0.000843
302503.619944 4123846.544671 0.000000 -0.000838
302503.662201 4123846.521342 0.000000 -0.000832
302503.704882 4123846.497778 0.000000 -0.000825
302503.747983 4123846.473979 0.000000 -0.000816
302503.791505 4123846.449946 0.000000 -0.000807
302503.835445 4123846.425680 0.000000 -0.000795
302503.879800 4123846.401181 0.000000 -0.000785
302503.924568 4123846.376453 0.000000 -0.000772
302503.969745 4123846.351496 0.000000 -0.000758
302504.015327 4123846.326313 0.000000 -0.000745
302504.061310 4123846.300906 0.000000 -0.000730
302504.107690 4123846.275278 0.000000 -0.000716
302504.154460 4123846.249432 0.000000 -0.000701
302504.201616 4123846.223370 0.000000 -0.000687
302504.249151 4123846.197097 0.000000 -0.000672
302504.297059 4123846.170614 0.000000 -0.000656
302504.345334 4123846.143927 0.000000 -0.000642
302504.393969 4123846.117039 0.000000 -0.000626
302504.442956 4123846.089953 0.000000 -0.000612
302504.492288 4123846.062675 0.000000 -0.000597
302504.541957 4123846.035208 0.000000 -0.000583
302504.591956 4123846.007557 0.000000 -0.000568
302504.642276 4123845.979725 0.000000 -0.000556
302504.692911 4123845.951718 0.000000 -0.000542
302504.743850 4123845.923540 0.000000 -0.000529
302504.795087 4123845.895196 0.000000 -0.000517
302504.846613 4123845.866689 0.000000 -0.000504
302504.898419 4123845.838025 0.000000 -0.000493
302504.950499 4123845.809208 0.000000 -0.000483
302505.002845 4123845.780242 0.000000 -0.000473
302505.055447 4123845.751132 0.000000 -0.000463
302505.108301 4123845.721881 0.000000 -0.000455
302505.161397 4123845.692494 0.000000 -0.000446
302505.214730 4123845.662974 0.000000 -0.000440
302505.268293 4123845.633324 0.000000 -0.000433
302505.322081 4123845.603549 0.000000 -0.000428
302505.376088 4123845.573650 0.000000 -0.000423
302505.430310 4123845.543630 0.000000 -0.000420
302505.484742 4123845.513492 0.000000 -0.000417
302505.539382 4123845.483238 0.000000 -0.000414
302505.594227 4123845.452867 0.000000 -0.000412
302505.649277 4123845.422382 0.000000 -0.000410
302505.704531 4123845.391781 0.000000 -0.000408
302505.759992 4123845.361064 0.000000 -0.000405
302505.815664 4123845.330229 0.000000 -0.000400
302505.871553 4123845.299271 0.000000 -0.000393
302505.927670 4123845.268185 0.000000 -0.000384
302505.984025 4123845.236965 0.000000 -0.000369
302506.040636 4123845.205602 0.000000 -0.000352
302506.097523 4123845.174084 0.000000 -0.000330
302506.154711 4123845.142398 0.000000 -0.000299
302506.212231 4123845.110527 0.000000 -0.000264
302506.270119 4123845.078450 0.000000 -0.000220
302506.328419 4123845.046144 0.000000 -0.000167
302506.387180 4123845.013581 0.000000 -0.000107
302506.446463 4123844.980729 0.000000 -0.000036
302506.506335 4123844.947550 0.000000 0.000043
302506.566874 4123844.914002 0.000000 0.000131
302506.628167 4123844.880036 0.000000 0.000228
302506.690316 4123844.845598 0.000000 0.000332
302506.753431 4123844.810626 0.000000 0.000442
302506.817640 4123844.775051 0.000000 0.000557
302506.883084 4123844.738795 0.000000 0.000672
302506.949917 4123844.701774 0.000000 0.000787
302507.018314 4123844.663892 0.000000 0.000899
302507.088465 4123844.625045 0.000000 0.001006
302507.160580 4123844.585118 0.000000 0.001103
302507.234891 4123844.543985 0.000000 0.001189
302507.311649 4123844.501507 0.000000 0.001261
302507.391129 4123844.457535 0.000000 0.001319
302507.473630 4123844.411904 0.000000 0.001360
302507.559479 4123844.364436 0.000000 0.001384
302507.649026 4123844.314940 0.000000 0.001392
302507.742653 4123844.263206 0.000000 0.001384
302507.840771 4123844.209010 0.000000 0.001362
302507.943822 4123844.152111 0.000000 0.001326
302508.052282 4123844.092247 0.000000 0.001278
302508.166663 4123844.029140 0.000000 0.001222
302508.287511 4123843.962491 0.000000 0.001159
302508.415412 4123843.891979 0.000000 0.001090
302508.550991 4123843.817263 0.000000 0.001019
302508.694917 4123843.737979 0.000000 0.000946
302508.847900 4123843.653736 0.000000 0.000873
302509.010698 4123843.564123 0.000000 0.000802
302509.184113 4123843.468700 0.000000 0.000733
