302596.636000 4123989.653000 0.000000 0.000093
302596.638869 4123989.862600 0.000000 0.000093
302596.641601 4123990.062432 0.000000 0.000095
302596.644204 4123990.253137 0.000000 0.000094
302596.646688 4123990.435317 0.000000 0.000088
302596.649061 4123990.609543 0.000000 0.000077
302596.651330 4123990.776350 0.000000 0.000058
302596.653504 4123990.936243 0.000000 0.000032
302596.655590 4123991.089696 0.000000 -0.000002
302596.657594 4123991.237153 0.000000 -0.000046
302596.659523 4123991.379033 0.000000 -0.000101
302596.661384 4123991.515726 0.000000 -0.000166
302596.663182 4123991.647597 0.000000 -0.000243
302596.664923 4123991.774987 0.000000 -0.000332
302596.666612 4123991.898215 0.000000 -0.000434
302596.668254 4123992.017578 0.000000 -0.000547
302596.669855 4123992.133351 0.000000 -0.000673
302596.671418 4123992.245791 0.000000 -0.000811
302596.672947 4123992.355134 0.000000 -0.000959
302596.674448 4123992.461602 0.000000 -0.001119
302596.675923 4123992.565398 0.000000 -0.001288
302596.677376 4123992.666709 0.000000 -0.001466
302596.678811 4123992.765709 0.000000 -0.001651
302596.680230 4123992.862557 0.000000 -0.001843
302596.681637 4123992.957399 0.000000 -0.002040
302596.683033 4123993.050371 0.000000 -0.002242
302596.684422 4123993.141594 0.000000 -0.002446
302596.685806 4123993.231182 0.000000 -0.002652
302596.687187 4123993.319237 0.000000 -0.002860
302596.688568 4123993.405853 0.000000 -0.003067
302596.689949 4123993.491115 0.000000 -0.003272
302596.691332 4123993.575102 0.000000 -0.003476
302596.692720 4123993.657883 0.000000 -0.003676
302596.694114 4123993.739524 0.000000 -0.003873
302596.695514 4123993.820081 0.000000 -0.004066
302596.696922 4123993.899610 0.000000 -0.004253
302596.698339 4123993.978156 0.000000 -0.004435
302596.699766 4123994.055765 0.000000 -0.004610
302596.701204 4123994.132476 0.000000 -0.004778
302596.702654 4123994.208326 0.000000 -0.004939
302596.704116 4123994.283347 0.000000 -0.005092
302596.705590 4123994.357571 0.000000 -0.005236
302596.707078 4123994.431026 0.000000 -0.005371
302596.708579 4123994.503739 0.000000 -0.005496
302596.710093 4123994.575732 0.000000 -0.005611
302596.711622 4123994.647030 0.000000 -0.005715
302596.713165 4123994.717654 0.000000 -0.005809
302596.714723 4123994.787623 0.000000 -0.005891
302596.716294 4123994.856959 0.000000 -0.005961
302596.717880 4123994.925678 0.000000 -0.006020
302596.719481 4123994.993799 0.000000 -0.006066
302596.721095 4123995.061338 0.000000 -0.006101
302596.722724 4123995.128313 0.000000 -0.006124
302596.724366 4123995.194738 0.000000 -0.006135
302596.726022 4123995.260629 0.000000 -0.006134
302596.727691 4123995.326000 0.000000 -0.006123
302596.729373 4123995.390865 0.000000 -0.006101
302596.731068 4123995.455238 0.000000 -0.006068
302596.732775 4123995.519131 0.000000 -0.006025
302596.734494 4123995.582557 0.000000 -0.005972
302596.736224 4123995.645527 0.000000 -0.005910
302596.737965 4123995.708053 0.000000 -0.005839
302596.739717 4123995.770146 0.000000 -0.005759
302596.741479 4123995.831816 0.000000 -0.005671
302596.743251 4123995.893074 0.000000 -0.005575
302596.745031 4123995.953928 0.000000 -0.005472
302596.746820 4123996.014389 0.000000 -0.005362
302596.748618 4123996.074465 0.000000 -0.005246
302596.750422 4123996.134165 0.000000 -0.005125
302596.752234 4123996.193496 0.000000 -0.004997
302596.754052 4123996.252468 0.000000 -0.004866
302596.755876 4123996.311087 0.000000 -0.004729
302596.757706 4123996.369362 0.000000 -0.004589
302596.759540 4123996.427298 0.000000 -0.004446
302596.761379 4123996.484903 0.000000 -0.004299
302596.763222 4123996.542183 0.000000 -0.004150
302596.765068 4123996.599146 0.000000 -0.004000
302596.766916 4123996.655796 0.000000 -0.003847
302596.768767 4123996.712140 0.000000 -0.003694
302596.770620 4123996.768183 0.000000 -0.003540
302596.772474 4123996.823932 0.000000 -0.003386
302596.774328 4123996.879390 0.000000 -0.003232
302596.776184 4123996.934565 0.000000 -0.003078
302596.778039 4123996.989460 0.000000 -0.002926
302596.779893 4123997.044081 0.000000 -0.002775
302596.781747 4123997.098433 0.000000 -0.002625
302596.783599 4123997.152519 0.000000 -0.002478
302596.785450 4123997.206345 0.000000 -0.002332
302596.787299 4123997.259916 0.000000 -0.002190
302596.789145 4123997.313234 0.000000 -0.002050
302596.790988 4123997.366305 0.000000 -0.001914
302596.792828 4123997.419133 0.000000 -0.001780
302596.794665 4123997.471722 0.000000 -0.001651
302596.796498 4123997.524076 0.000000 -0.001525
302596.798328 4123997.576199 0.000000 -0.001403
302596.800153 4123997.628094 0.000000 -0.001285
302596.801973 4123997.679765 0.000000 -0.001171
302596.803789 4123997.731217 0.000000 -0.001062
302596.805601 4123997.782453 0.000000 -0.000957
302596.807407 4123997.833476 0.000000 -0.000856
302596.809208 4123997.884290 0.000000 -0.000760
302596.811004 4123997.934899 0.000000 -0.000667
302596.812794 4123997.985306 0.000000 -0.000579
302596.814578 4123998.035514 0.000000 -0.000496
302596.816357 4123998.085527 0.000000 -0.000416
302596.818131 4123998.135349 0.000000 -0.000340
302596.819898 4123998.184982 0.000000 -0.000269
302596.821659 4123998.234430 0.000000 -0.000201
302596.823415 4123998.283696 0.000000 -0.000137
302596.825164 4123998.332784 0.000000 -0.000077
302596.826907 4123998.381696 0.000000 -0.000020
302596.828645 4123998.430436 0.000000 0.000033
302596.830376 4123998.479006 0.000000 0.000082
302596.832101 4123998.527411 0.000000 0.000129
302596.833819 4123998.575652 0.000000 0.000172
302596.835532 4123998.623733 0.000000 0.000211
302596.837239 4123998.671657 0.000000 0.000248
302596.838940 4123998.719427 0.000000 0.000282
302596.840634 4123998.767046 0.000000 0.000313
302596.842323 4123998.814517 0.000000 0.000341
302596.844005 4123998.861842 0.000000 0.000366
302596.845682 4123998.909024 0.000000 0.000389
302596.847353 4123998.956067 0.000000 0.000410
302596.849018 4123999.002973 0.000000 0.000428
302596.850678 4123999.049745 0.000000 0.000445
302596.852332 4123999.096386 0.000000 0.000459
302596.853980 4123999.142898 0.000000 0.000471
302596.855623 4123999.189284 0.000000 0.000481
302596.857260 4123999.235547 0.000000 0.000490
302596.858892 4123999.281689 0.000000 0.000497
302596.860519 4123999.327714 0.000000 0.000503
302596.862141 4123999.373624 0.000000 0.000507
302596.863758 4123999.419421 0.000000 0.000510
302596.865370 4123999.465109 0.000000 0.000512
302596.866977 4123999.510689 0.000000 0.000512
302596.868579 4123999.556165 0.000000 0.000512
302596.870176 4123999.601538 0.000000 0.000511
302596.871769 4123999.646813 0.000000 0.000509
302596.873358 4123999.691990 0.000000 0.000506
302596.874942 4123999.737072 0.000000 0.000503
302596.876522 4123999.782063 0.000000 0.000499
302596.878098 4123999.826964 0.000000 0.000495
302596.879669 4123999.871779 0.000000 0.000490
302596.881237 4123999.916509 0.000000 0.000486
302596.882801 4123999.961157 0.000000 0.000480
302596.884361 4124000.005725 0.000000 0.000475
302596.885918 4124000.050216 0.000000 0.000470
302596.887471 4124000.094632 0.000000 0.000464
302596.889020 4124000.138976 0.000000 0.000459
302596.890567 4124000.183250 0.000000 0.000453
302596.892110 4124000.227456 0.000000 0.000448
302596.893649 4124000.271597 0.000000 0.000442
302596.895186 4124000.315675 0.000000 0.000437
302596.896720 4124000.359692 0.000000 0.000432
302596.898251 4124000.403650 0.000000 0.000427
302596.899779 4124000.447553 0.000000 0.000422
302596.901304 4124000.491401 0.000000 0.000418
302596.902827 4124000.535198 0.000000 0.000414
302596.904347 4124000.578945 0.000000 0.000409
302596.905865 4124000.622645 0.000000 0.000405
302596.907381 4124000.666300 0.000000 0.000402
302596.908894 4124000.709912 0.000000 0.000399
302596.910405 4124000.753483 0.000000 0.000396
302596.911914 4124000.797015 0.000000 0.000393
302596.913421 4124000.840510 0.000000 0.000390
302596.914926 4124000.883971 0.000000 0.000388
302596.916429 4124000.927399 0.000000 0.000387
302596.917931 4124000.970796 0.000000 0.000385
302596.919431 4124001.014165 0.000000 0.000384
302596.920929 4124001.057507 0.000000 0.000384
302596.922425 4124001.100825 0.000000 0.000383
302596.923920 4124001.144120 0.000000 0.000383
302596.925413 4124001.187394 0.000000 0.000384
302596.926906 4124001.230648 0.000000 0.000384
302596.928396 4124001.273886 0.000000 0.000386
302596.929886 4124001.317108 0.000000 0.000387
302596.931374 4124001.360317 0.000000 0.000389
302596.932862 4124001.403514 0.000000 0.000391
302596.934348 4124001.446700 0.000000 0.000393
302596.935833 4124001.489879 0.000000 0.000396
302596.937317 4124001.533050 0.000000 0.000399
302596.938800 4124001.576216 0.000000 0.000403
302596.940283 4124001.619379 0.000000 0.000406
302596.941764 4124001.662540 0.000000 0.000410
302596.943245 4124001.705700 0.000000 0.000414
302596.944725 4124001.748862 0.000000 0.000419
302596.946204 4124001.792026 0.000000 0.000423
302596.947683 4124001.835194 0.000000 0.000428
302596.949161 4124001.878367 0.000000 0.000433
302596.950639 4124001.921547 0.000000 0.000438
302596.952115 4124001.964735 0.000000 0.000443
302596.953592 4124002.007933 0.000000 0.000448
302596.955068 4124002.051141 0.000000 0.000454
302596.956543 4124002.094361 0.000000 0.000459
302596.958019 4124002.137595 0.000000 0.000464
302596.959493 4124002.180842 0.000000 0.000470
302596.960968 4124002.224105 0.000000 0.000475
302596.962442 4124002.267384 0.000000 0.000480
302596.963915 4124002.310680 0.000000 0.000485
302596.965389 4124002.353995 0.000000 0.000490
302596.966862 4124002.397329 0.000000 0.000495
302596.968335 4124002.440683 0.000000 0.000499
302596.969808 4124002.484058 0.000000 0.000503
302596.971280 4124002.527455 0.000000 0.000507
302596.972752 4124002.570875 0.000000 0.000511
302596.974224 4124002.614318 0.000000 0.000514
302596.975696 4124002.657785 0.000000 0.000517
302596.977168 4124002.701276 0.000000 0.000519
302596.978640 4124002.744793 0.000000 0.000521
302596.980111 4124002.788335 0.000000 0.000523
302596.981583 4124002.831903 0.000000 0.000524
302596.983054 4124002.875498 0.000000 0.000524
302596.984525 4124002.919120 0.000000 0.000524
302596.985997 4124002.962769 0.000000 0.000523
302596.987468 4124003.006445 0.000000 0.000522
302596.988939 4124003.050149 0.000000 0.000520
302596.990410 4124003.093881 0.000000 0.000517
302596.991881 4124003.137641 0.000000 0.000514
302596.993352 4124003.181429 0.000000 0.000510
302596.994822 4124003.225245 0.000000 0.000505
302596.996293 4124003.269088 0.000000 0.000499
302596.997764 4124003.312960 0.000000 0.000493
302596.999235 4124003.356859 0.000000 0.000486
302597.000705 4124003.400785 0.000000 0.000478
302597.002176 4124003.444738 0.000000 0.000470
302597.003647 4124003.488718 0.000000 0.000460
302597.005117 4124003.532724 0.000000 0.000450
302597.006588 4124003.576756 0.000000 0.000439
302597.008059 4124003.620813 0.000000 0.000426
302597.009529 4124003.664895 0.000000 0.000413
302597.011000 4124003.709000 0.000000 0.000399
302597.012471 4124003.753129 0.000000 0.000385
302597.013941 4124003.797280 0.000000 0.000369
302597.015412 4124003.841453 0.000000 0.000352
302597.016882 4124003.885646 0.000000 0.000334
302597.018353 4124003.929859 0.000000 0.000316
302597.019824 4124003.974090 0.000000 0.000296
302597.021294 4124004.018339 0.000000 0.000275
302597.022765 4124004.062604 0.000000 0.000253
302597.024235 4124004.106884 0.000000 0.000230
302597.025706 4124004.151177 0.000000 0.000206
302597.027176 4124004.195483 0.000000 0.000181
302597.028647 4124004.239799 0.000000 0.000155
302597.030118 4124004.284125 0.000000 0.000128
302597.031588 4124004.328458 0.000000 0.000099
302597.033059 4124004.372797 0.000000 0.000070
302597.034529 4124004.417140 0.000000 0.000039
302597.036000 4124004.461486 0.000000 0.000007
302597.037471 4124004.505832 0.000000 -0.000026
302597.038941 4124004.550176 0.000000 -0.000061
302597.040412 4124004.594517 0.000000 -0.000096
302597.041882 4124004.638852 0.000000 -0.000133
302597.043353 4124004.683179 0.000000 -0.000172
302597.044824 4124004.727496 0.000000 -0.000211
302597.046294 4124004.771800 0.000000 -0.000253
302597.047765 4124004.816090 0.000000 -0.000295
302597.049235 4124004.860362 0.000000 -0.000339
302597.050706 4124004.904614 0.000000 -0.000384
302597.052176 4124004.948843 0.000000 -0.000431
302597.053647 4124004.993047 0.000000 -0.000479
302597.055118 4124005.037223 0.000000 -0.000529
302597.056588 4124005.081367 0.000000 -0.000581
302597.058059 4124005.125478 0.000000 -0.000634
302597.059529 4124005.169552 0.000000 -0.000688
302597.061000 4124005.213586 0.000000 -0.000745
302597.062471 4124005.257576 0.000000 -0.000803
302597.063941 4124005.301520 0.000000 -0.000862
302597.065412 4124005.345415 0.000000 -0.000924
302597.066882 4124005.389256 0.000000 -0.000987
302597.068353 4124005.433041 0.000000 -0.001052
302597.069824 4124005.476766 0.000000 -0.001119
302597.071294 4124005.520428 0.000000 -0.001188
302597.072765 4124005.564023 0.000000 -0.001258
302597.074235 4124005.607547 0.000000 -0.001331
302597.075706 4124005.650997 0.000000 -0.001406
302597.077177 4124005.694369 0.000000 -0.001482
302597.078647 4124005.737660 0.000000 -0.001561
302597.080118 4124005.780865 0.000000 -0.001642
302597.081589 4124005.823981 0.000000 -0.001725
302597.083060 4124005.867003 0.000000 -0.001811
302597.084530 4124005.909929 0.000000 -0.001898
302597.086001 4124005.952753 0.000000 -0.001988
302597.087472 4124005.995473 0.000000 -0.002081
302597.088943 4124006.038084 0.000000 -0.002175
302597.090414 4124006.080582 0.000000 -0.002272
302597.091885 4124006.122963 0.000000 -0.002372
302597.093356 4124006.165224 0.000000 -0.002474
302597.094827 4124006.207360 0.000000 -0.002579
302597.096298 4124006.249368 0.000000 -0.002687
302597.097769 4124006.291243 0.000000 -0.002797
302597.099241 4124006.332981 0.000000 -0.002910
302597.100712 4124006.374579 0.000000 -0.003025
302597.102184 4124006.416033 0.000000 -0.003144
302597.103656 4124006.457339 0.000000 -0.003265
302597.105127 4124006.498492 0.000000 -0.003390
302597.106599 4124006.539491 0.000000 -0.003517
302597.108072 4124006.580329 0.000000 -0.003647
302597.109544 4124006.621005 0.000000 -0.003780
302597.111017 4124006.661514 0.000000 -0.003916
302597.112489 4124006.701854 0.000000 -0.004055
302597.113962 4124006.742019 0.000000 -0.004197
302597.115436 4124006.782008 0.000000 -0.004342
302597.116909 4124006.821817 0.000000 -0.004490
302597.118383 4124006.861442 0.000000 -0.004641
302597.119857 4124006.900881 0.000000 -0.004794
302597.121332 4124006.940131 0.000000 -0.004951
302597.122806 4124006.979188 0.000000 -0.005110
302597.124282 4124007.018051 0.000000 -0.005272
302597.125757 4124007.056717 0.000000 -0.005436
302597.127234 4124007.095183 0.000000 -0.005603
302597.128710 4124007.133447 0.000000 -0.005773
302597.130187 4124007.171506 0.000000 -0.005945
302597.131665 4124007.209360 0.000000 -0.006119
302597.133143 4124007.247005 0.000000 -0.006295
302597.134622 4124007.284441 0.000000 -0.006473
302597.136102 4124007.321665 0.000000 -0.006653
302597.137582 4124007.358676 0.000000 -0.006835
302597.139063 4124007.395473 0.000000 -0.007018
302597.140545 4124007.432055 0.000000 -0.007202
302597.142028 4124007.468421 0.000000 -0.007387
302597.143511 4124007.504570 0.000000 -0.007573
302597.144996 4124007.540502 0.000000 -0.007760
302597.146481 4124007.576215 0.000000 -0.007947
302597.147967 4124007.611710 0.000000 -0.008134
302597.149455 4124007.646987 0.000000 -0.008320
302597.150943 4124007.682045 0.000000 -0.008506
302597.152433 4124007.716885 0.000000 -0.008691
302597.153924 4124007.751507 0.000000 -0.008875
302597.155416 4124007.785911 0.000000 -0.009056
302597.156909 4124007.820098 0.000000 -0.009236
302597.158403 4124007.854068 0.000000 -0.009414
302597.159899 4124007.887823 0.000000 -0.009588
302597.161396 4124007.921364 0.000000 -0.009759
302597.162894 4124007.954690 0.000000 -0.009926
302597.164394 4124007.987805 0.000000 -0.010089
302597.165896 4124008.020708 0.000000 -0.010248
302597.167398 4124008.053402 0.000000 -0.010401
302597.168903 4124008.085888 0.000000 -0.010549
302597.170408 4124008.118167 0.000000 -0.010691
302597.171916 4124008.150242 0.000000 -0.010826
302597.173424 4124008.182113 0.000000 -0.010955
302597.174935 4124008.213784 0.000000 -0.011076
302597.176447 4124008.245255 0.000000 -0.011190
302597.177960 4124008.276529 0.000000 -0.011295
302597.179475 4124008.307608 0.000000 -0.011393
302597.180991 4124008.338494 0.000000 -0.011481
302597.182509 4124008.369188 0.000000 -0.011560
302597.184029 4124008.399694 0.000000 -0.011630
302597.185550 4124008.430012 0.000000 -0.011690
302597.187072 4124008.460145 0.000000 -0.011741
302597.188596 4124008.490096 0.000000 -0.011782
302597.190121 4124008.519866 0.000000 -0.011812
302597.191647 4124008.549457 0.000000 -0.011833
302597.193174 4124008.578870 0.000000 -0.011843
302597.194703 4124008.608109 0.000000 -0.011843
302597.196233 4124008.637174 0.000000 -0.011833
302597.197763 4124008.666068 0.000000 -0.011813
302597.199294 4124008.694792 0.000000 -0.011783
302597.200826 4124008.723347 0.000000 -0.011743
302597.202359 4124008.751734 0.000000 -0.011694
302597.203892 4124008.779956 0.000000 -0.011635
302597.205425 4124008.808012 0.000000 -0.011567
302597.206958 4124008.835905 0.000000 -0.011491
302597.208491 4124008.863634 0.000000 -0.011404
302597.210024 4124008.891200 0.000000 -0.011311
302597.211557 4124008.918605 0.000000 -0.011209
302597.213089 4124008.945848 0.000000 -0.011099
302597.214620 4124008.972929 0.000000 -0.010981
302597.216149 4124008.999849 0.000000 -0.010857
302597.217678 4124009.026608 0.000000 -0.010725
302597.219205 4124009.053205 0.000000 -0.010586
302597.220730 4124009.079639 0.000000 -0.010441
302597.222253 4124009.105911 0.000000 -0.010290
302597.223773 4124009.132019 0.000000 -0.010133
302597.225291 4124009.157962 0.000000 -0.009970
302597.226806 4124009.183740 0.000000 -0.009801
302597.228318 4124009.209351 0.000000 -0.009627
302597.229825 4124009.234794 0.000000 -0.009448
302597.231329 4124009.260068 0.000000 -0.009264
302597.232829 4124009.285170 0.000000 -0.009074
302597.234324 4124009.310099 0.000000 -0.008879
302597.235814 4124009.334853 0.000000 -0.008678
302597.237298 4124009.359430 0.000000 -0.008473
302597.238777 4124009.383829 0.000000 -0.008262
302597.240250 4124009.408046 0.000000 -0.008045
302597.241716 4124009.432079 0.000000 -0.007821
302597.243176 4124009.455927 0.000000 -0.007592
302597.244628 4124009.479587 0.000000 -0.007356
302597.246073 4124009.503055 0.000000 -0.007112
302597.247509 4124009.526331 0.000000 -0.006860
302597.248938 4124009.549411 0.000000 -0.006600
302597.250357 4124009.572292 0.000000 -0.006329
302597.251767 4124009.594973 0.000000 -0.006049
302597.253168 4124009.617450 0.000000 -0.005756
302597.254559 4124009.639721 0.000000 -0.005451
302597.255939 4124009.661784 0.000000 -0.005132
302597.257309 4124009.683636 0.000000 -0.004797
302597.258668 4124009.705275 0.000000 -0.004446
302597.260015 4124009.726699 0.000000 -0.004074
302597.261350 4124009.747906 0.000000 -0.003683
302597.262673 4124009.768893 0.000000 -0.003268
302597.263984 4124009.789659 0.000000 -0.002827
302597.265282 4124009.810203 0.000000 -0.002360
302597.266567 4124009.830523 0.000000 -0.001860
302597.267838 4124009.850618 0.000000 -0.001329
302597.269095 4124009.870487 0.000000 -0.000760
302597.270339 4124009.890129 0.000000 -0.000153
302597.271568 4124009.909544 0.000000 0.000496
302597.272782 4124009.928732 0.000000 0.001191
302597.273982 4124009.947694 0.000000 0.001933
302597.275167 4124009.966429 0.000000 0.002729
302597.276336 4124009.984940 0.000000 0.003578
302597.277491 4124010.003226 0.000000 0.004486
302597.278629 4124010.021290 0.000000 0.005454
302597.279753 4124010.039134 0.000000 0.006485
302597.280860 4124010.056760 0.000000 0.007584
302597.281951 4124010.074171 0.000000 0.008749
302597.283027 4124010.091370 0.000000 0.009985
302597.284087 4124010.108361 0.000000 0.011292
302597.285130 4124010.125148 0.000000 0.012670
302597.286158 4124010.141735 0.000000 0.014120
302597.287170 4124010.158127 0.000000 0.015639
302597.288166 4124010.174329 0.000000 0.017227
302597.289146 4124010.190347 0.000000 0.018880
302597.290110 4124010.206186 0.000000 0.020591
302597.291059 4124010.221854 0.000000 0.022360
302597.291993 4124010.237358 0.000000 0.024174
302597.292911 4124010.252703 0.000000 0.026027
302597.293814 4124010.267899 0.000000 0.027908
302597.294703 4124010.282953 0.000000 0.029806
302597.295577 4124010.297874 0.000000 0.031706
302597.296436 4124010.312670 0.000000 0.033596
302597.297282 4124010.327351 0.000000 0.035458
302597.298114 4124010.341927 0.000000 0.037274
302597.298932 4124010.356406 0.000000 0.039029
302597.299738 4124010.370800 0.000000 0.040700
302597.300530 4124010.385118 0.000000 0.042274
302597.301311 4124010.399372 0.000000 0.043727
302597.302080 4124010.413574 0.000000 0.045043
302597.302838 4124010.427733 0.000000 0.046206
302597.303584 4124010.441863 0.000000 0.047198
302597.304321 4124010.455974 0.000000 0.048008
302597.305047 4124010.470079 0.000000 0.048622
302597.305764 4124010.484191 0.000000 0.049031
302597.306472 4124010.498321 0.000000 0.049232
302597.307172 4124010.512483 0.000000 0.049217
302597.307864 4124010.526689 0.000000 0.048990
302597.308549 4124010.540953 0.000000 0.048554
302597.309227 4124010.555286 0.000000 0.047913
302597.309899 4124010.569702 0.000000 0.047079
302597.310566 4124010.584214 0.000000 0.046063
302597.311228 4124010.598835 0.000000 0.044878
302597.311885 4124010.613579 0.000000 0.043543
302597.312539 4124010.628457 0.000000 0.042073
302597.313191 4124010.643482 0.000000 0.040490
302597.313839 4124010.658668 0.000000 0.038810
302597.314486 4124010.674027 0.000000 0.037054
302597.315132 4124010.689571 0.000000 0.035240
302597.315777 4124010.705312 0.000000 0.033390
302597.316423 4124010.721263 0.000000 0.031515
302597.317069 4124010.737434 0.000000 0.029637
302597.317717 4124010.753837 0.000000 0.027766
302597.318366 4124010.770484 0.000000 0.025919
302597.319018 4124010.787384 0.000000 0.024104
302597.319673 4124010.804550 0.000000 0.022334
302597.320332 4124010.821989 0.000000 0.020614
302597.320995 4124010.839713 0.000000 0.018953
302597.321663 4124010.857730 0.000000 0.017355
302597.322337 4124010.876051 0.000000 0.015825
302597.323016 4124010.894682 0.000000 0.014364
302597.323702 4124010.913632 0.000000 0.012975
302597.324395 4124010.932910 0.000000 0.011658
302597.325096 4124010.952522 0.000000 0.010412
302597.325805 4124010.972475 0.000000 0.009238
302597.326522 4124010.992775 0.000000 0.008131
302597.327248 4124011.013429 0.000000 0.007094
302597.327984 4124011.034442 0.000000 0.006119
302597.328730 4124011.055820 0.000000 0.005208
302597.329486 4124011.077565 0.000000 0.004355
302597.330253 4124011.099684 0.000000 0.003558
302597.331031 4124011.122179 0.000000 0.002814
302597.331821 4124011.145054 0.000000 0.002119
302597.332623 4124011.168312 0.000000 0.001472
302597.333438 4124011.191954 0.000000 0.000867
302597.334265 4124011.215982 0.000000 0.000303
302597.335106 4124011.240399 0.000000 -0.000224
302597.335960 4124011.265205 0.000000 -0.000716
302597.336827 4124011.290400 0.000000 -0.001177
302597.337709 4124011.315985 0.000000 -0.001608
302597.338606 4124011.341960 0.000000 -0.002013
302597.339517 4124011.368323 0.000000 -0.002394
302597.340444 4124011.395074 0.000000 -0.002752
302597.341386 4124011.422212 0.000000 -0.003091
302597.342343 4124011.449734 0.000000 -0.003411
302597.343317 4124011.477638 0.000000 -0.003715
302597.344307 4124011.505923 0.000000 -0.004005
302597.345313 4124011.534585 0.000000 -0.004281
302597.346336 4124011.563621 0.000000 -0.004547
302597.347376 4124011.593029 0.000000 -0.004802
302597.348433 4124011.622804 0.000000 -0.005048
302597.349508 4124011.652943 0.000000 -0.005287
302597.350600 4124011.683443 0.000000 -0.005518
302597.351711 4124011.714298 0.000000 -0.005745
302597.352839 4124011.745506 0.000000 -0.005966
302597.353986 4124011.777061 0.000000 -0.006184
302597.355152 4124011.808959 0.000000 -0.006397
302597.356337 4124011.841196 0.000000 -0.006609
302597.357541 4124011.873767 0.000000 -0.006818
302597.358765 4124011.906668 0.000000 -0.007025
302597.360009 4124011.939895 0.000000 -0.007231
302597.361272 4124011.973442 0.000000 -0.007435
302597.362556 4124012.007305 0.000000 -0.007640
302597.363861 4124012.041481 0.000000 -0.007843
302597.365187 4124012.075964 0.000000 -0.008046
302597.366534 4124012.110750 0.000000 -0.008250
302597.367903 4124012.145835 0.000000 -0.008453
302597.369294 4124012.181215 0.000000 -0.008656
302597.370708 4124012.216887 0.000000 -0.008860
302597.372144 4124012.252846 0.000000 -0.009063
302597.373604 4124012.289088 0.000000 -0.009267
302597.375087 4124012.325611 0.000000 -0.009471
302597.376594 4124012.362411 0.000000 -0.009674
302597.378126 4124012.399485 0.000000 -0.009878
302597.379682 4124012.436829 0.000000 -0.010082
302597.381264 4124012.474442 0.000000 -0.010285
302597.382872 4124012.512320 0.000000 -0.010488
302597.384507 4124012.550462 0.000000 -0.010690
302597.386168 4124012.588865 0.000000 -0.010891
302597.387857 4124012.627526 0.000000 -0.011091
302597.389574 4124012.666446 0.000000 -0.011290
302597.391320 4124012.705621 0.000000 -0.011488
302597.393094 4124012.745051 0.000000 -0.011684
302597.394899 4124012.784735 0.000000 -0.011878
302597.396734 4124012.824671 0.000000 -0.012069
302597.398600 4124012.864860 0.000000 -0.012259
302597.400498 4124012.905300 0.000000 -0.012446
302597.402428 4124012.945992 0.000000 -0.012630
302597.404391 4124012.986935 0.000000 -0.012811
302597.406388 4124013.028130 0.000000 -0.012988
302597.408420 4124013.069576 0.000000 -0.013163
302597.410487 4124013.111275 0.000000 -0.013333
302597.412590 4124013.153228 0.000000 -0.013500
302597.414730 4124013.195434 0.000000 -0.013663
302597.416907 4124013.237895 0.000000 -0.013822
302597.419123 4124013.280613 0.000000 -0.013977
302597.421378 4124013.323588 0.000000 -0.014127
302597.423673 4124013.366821 0.000000 -0.014273
302597.426008 4124013.410316 0.000000 -0.014416
302597.428386 4124013.454071 0.000000 -0.014553
302597.430806 4124013.498091 0.000000 -0.014687
302597.433269 4124013.542376 0.000000 -0.014816
302597.435777 4124013.586928 0.000000 -0.014941
302597.438330 4124013.631748 0.000000 -0.015063
302597.440929 4124013.676839 0.000000 -0.015181
302597.443575 4124013.722203 0.000000 -0.015295
302597.446269 4124013.767840 0.000000 -0.015406
302597.449012 4124013.813753 0.000000 -0.015514
302597.451805 4124013.859943 0.000000 -0.015619
302597.454648 4124013.906412 0.000000 -0.015721
302597.457543 4124013.953161 0.000000 -0.015820
302597.460490 4124014.000192 0.000000 -0.015918
302597.463491 4124014.047505 0.000000 -0.016013
302597.466546 4124014.095103 0.000000 -0.016106
302597.469657 4124014.142986 0.000000 -0.016198
302597.472824 4124014.191155 0.000000 -0.016288
302597.476048 4124014.239611 0.000000 -0.016376
302597.479330 4124014.288355 0.000000 -0.016464
302597.482672 4124014.337388 0.000000 -0.016550
302597.486073 4124014.386709 0.000000 -0.016635
302597.489536 4124014.436320 0.000000 -0.016719
302597.493061 4124014.486221 0.000000 -0.016802
302597.496649 4124014.536412 0.000000 -0.016884
302597.500300 4124014.586893 0.000000 -0.016965
302597.504017 4124014.637665 0.000000 -0.017045
302597.507800 4124014.688728 0.000000 -0.017123
302597.511649 4124014.740082 0.000000 -0.017201
302597.515567 4124014.791726 0.000000 -0.017277
302597.519554 4124014.843662 0.000000 -0.017351
302597.523610 4124014.895888 0.000000 -0.017423
302597.527738 4124014.948406 0.000000 -0.017493
302597.531937 4124015.001214 0.000000 -0.017560
302597.536210 4124015.054315 0.000000 -0.017624
302597.540556 4124015.107707 0.000000 -0.017685
302597.544978 4124015.161391 0.000000 -0.017741
302597.549476 4124015.215368 0.000000 -0.017793
302597.554051 4124015.269639 0.000000 -0.017840
302597.558704 4124015.324204 0.000000 -0.017882
302597.563437 4124015.379065 0.000000 -0.017916
302597.568251 4124015.434223 0.000000 -0.017944
302597.573147 4124015.489680 0.000000 -0.017963
302597.578125 4124015.545439 0.000000 -0.017974
302597.583187 4124015.601500 0.000000 -0.017974
302597.588335 4124015.657869 0.000000 -0.017964
302597.593570 4124015.714547 0.000000 -0.017942
302597.598892 4124015.771538 0.000000 -0.017907
302597.604303 4124015.828847 0.000000 -0.017858
302597.609805 4124015.886480 0.000000 -0.017795
302597.615398 4124015.944440 0.000000 -0.017715
302597.621085 4124016.002735 0.000000 -0.017617
302597.626866 4124016.061371 0.000000 -0.017501
302597.632744 4124016.120356 0.000000 -0.017365
302597.638718 4124016.179699 0.000000 -0.017209
302597.644792 4124016.239408 0.000000 -0.017030
302597.650967 4124016.299495 0.000000 -0.016829
302597.657243 4124016.359969 0.000000 -0.016603
302597.663624 4124016.420844 0.000000 -0.016353
302597.670110 4124016.482133 0.000000 -0.016079
302597.676703 4124016.543850 0.000000 -0.015779
302597.683406 4124016.606012 0.000000 -0.015454
302597.690220 4124016.668635 0.000000 -0.015103
302597.697148 4124016.731738 0.000000 -0.014726
302597.704190 4124016.795342 0.000000 -0.014325
302597.711351 4124016.859469 0.000000 -0.013898
302597.718631 4124016.924142 0.000000 -0.013448
302597.726034 4124016.989388 0.000000 -0.012974
302597.733562 4124017.055233 0.000000 -0.012477
302597.741218 4124017.121710 0.000000 -0.011960
302597.749005 4124017.188849 0.000000 -0.011422
302597.756926 4124017.256686 0.000000 -0.010866
302597.764986 4124017.325259 0.000000 -0.010294
302597.773186 4124017.394609 0.000000 -0.009708
302597.781533 4124017.464778 0.000000 -0.009111
302597.790029 4124017.535815 0.000000 -0.008503
302597.798679 4124017.607768 0.000000 -0.007890
302597.807489 4124017.680692 0.000000 -0.007272
302597.816463 4124017.754645 0.000000 -0.006654
302597.825608 4124017.829688 0.000000 -0.006038
302597.834929 4124017.905887 0.000000 -0.005429
302597.844433 4124017.983311 0.000000 -0.004828
302597.854127 4124018.062037 0.000000 -0.004240
302597.864018 4124018.142143 0.000000 -0.003667
302597.874116 4124018.223714 0.000000 -0.003114
302597.884428 4124018.306841 0.000000 -0.002582
302597.894963 4124018.391619 0.000000 -0.002075
302597.905732 4124018.478150 0.000000 -0.001594
302597.916745 4124018.566542 0.000000 -0.001144
302597.928013 4124018.656908 0.000000 -0.000724
302597.939550 4124018.749370 0.000000 -0.000338
302597.951366 4124018.844055 0.000000 0.000015
302597.963477 4124018.941099 0.000000 0.000333
302597.975896 4124019.040643 0.000000 0.000616
302597.988640 4124019.142839 0.000000 0.000864
302598.001725 4124019.247844 0.000000 0.001078
302598.015168 4124019.355826 0.000000 0.001258
302598.028987 4124019.466960 0.000000 0.001406
302598.043203 4124019.581432 0.000000 0.001523
302598.057836 4124019.699435 0.000000 0.001611
302598.072909 4124019.821174 0.000000 0.001673
302598.088444 4124019.946863 0.000000 0.001709
302598.104465 4124020.076726 0.000000 0.001724
