302598.121000 4124020.211000 0.000000 0.000004
302598.162473 4124020.555814 0.000000 0.000004
302598.201358 4124020.879108 0.000000 -0.000046
302598.237860 4124021.182559 0.000000 -0.000108
302598.272174 4124021.467741 0.000000 -0.000184
302598.304481 4124021.736123 0.000000 -0.000276
302598.334949 4124021.989079 0.000000 -0.000384
302598.363737 4124022.227890 0.000000 -0.000509
302598.390990 4124022.453750 0.000000 -0.000651
302598.416846 4124022.667766 0.000000 -0.000810
302598.441430 4124022.870969 0.000000 -0.000986
302598.464860 4124023.064309 0.000000 -0.001177
302598.487243 4124023.248666 0.000000 -0.001381
302598.508679 4124023.424853 0.000000 -0.001596
302598.529260 4124023.593615 0.000000 -0.001819
302598.549068 4124023.755636 0.000000 -0.002046
302598.568180 4124023.911543 0.000000 -0.002274
302598.586666 4124024.061907 0.000000 -0.002499
302598.604590 4124024.207250 0.000000 -0.002719
302598.622009 4124024.348042 0.000000 -0.002930
302598.638975 4124024.484711 0.000000 -0.003129
302598.655533 4124024.617640 0.000000 -0.003316
302598.671727 4124024.747173 0.000000 -0.003489
302598.687592 4124024.873620 0.000000 -0.003647
302598.703162 4124024.997254 0.000000 -0.003790
302598.718466 4124025.118317 0.000000 -0.003919
302598.733529 4124025.237022 0.000000 -0.004034
302598.748373 4124025.353557 0.000000 -0.004137
302598.763017 4124025.468083 0.000000 -0.004230
302598.777478 4124025.580741 0.000000 -0.004314
302598.791769 4124025.691650 0.000000 -0.004392
302598.805902 4124025.800913 0.000000 -0.004464
302598.819887 4124025.908616 0.000000 -0.004533
302598.833732 4124026.014829 0.000000 -0.004600
302598.847442 4124026.119611 0.000000 -0.004667
302598.861022 4124026.223010 0.000000 -0.004735
302598.874477 4124026.325064 0.000000 -0.004805
302598.887808 4124026.425801 0.000000 -0.004878
302598.901019 4124026.525245 0.000000 -0.004956
302598.914109 4124026.623413 0.000000 -0.005038
302598.927079 4124026.720317 0.000000 -0.005125
302598.939930 4124026.815966 0.000000 -0.005218
302598.952661 4124026.910367 0.000000 -0.005315
302598.965272 4124027.003523 0.000000 -0.005418
302598.977763 4124027.095440 0.000000 -0.005525
302598.990133 4124027.186119 0.000000 -0.005637
302599.002381 4124027.275564 0.000000 -0.005752
302599.014506 4124027.363779 0.000000 -0.005871
302599.026510 4124027.450768 0.000000 -0.005993
302599.038390 4124027.536538 0.000000 -0.006116
302599.050149 4124027.621095 0.000000 -0.006241
302599.061784 4124027.704448 0.000000 -0.006367
302599.073298 4124027.786608 0.000000 -0.006494
302599.084690 4124027.867585 0.000000 -0.006620
302599.095961 4124027.947392 0.000000 -0.006746
302599.107112 4124028.026043 0.000000 -0.006871
302599.118144 4124028.103551 0.000000 -0.006994
302599.129058 4124028.179933 0.000000 -0.007116
302599.139856 4124028.255205 0.000000 -0.007235
302599.150538 4124028.329383 0.000000 -0.007351
302599.161106 4124028.402487 0.000000 -0.007462
302599.171561 4124028.474534 0.000000 -0.007570
302599.181905 4124028.545544 0.000000 -0.007673
302599.192141 4124028.615535 0.000000 -0.007770
302599.202269 4124028.684529 0.000000 -0.007860
302599.212291 4124028.752546 0.000000 -0.007944
302599.222209 4124028.819606 0.000000 -0.008020
302599.232026 4124028.885731 0.000000 -0.008089
302599.241743 4124028.950942 0.000000 -0.008148
302599.251361 4124029.015260 0.000000 -0.008199
302599.260884 4124029.078707 0.000000 -0.008240
302599.270313 4124029.141305 0.000000 -0.008270
302599.279651 4124029.203075 0.000000 -0.008290
302599.288898 4124029.264039 0.000000 -0.008299
302599.298058 4124029.324218 0.000000 -0.008297
302599.307132 4124029.383635 0.000000 -0.008283
302599.316122 4124029.442309 0.000000 -0.008257
302599.325031 4124029.500262 0.000000 -0.008219
302599.333861 4124029.557516 0.000000 -0.008169
302599.342612 4124029.614090 0.000000 -0.008107
302599.351289 4124029.670006 0.000000 -0.008033
302599.359892 4124029.725282 0.000000 -0.007947
302599.368423 4124029.779939 0.000000 -0.007849
302599.376884 4124029.833996 0.000000 -0.007739
302599.385278 4124029.887471 0.000000 -0.007619
302599.393605 4124029.940384 0.000000 -0.007488
302599.401868 4124029.992753 0.000000 -0.007346
302599.410069 4124030.044594 0.000000 -0.007194
302599.418209 4124030.095925 0.000000 -0.007032
302599.426289 4124030.146763 0.000000 -0.006861
302599.434312 4124030.197124 0.000000 -0.006682
302599.442278 4124030.247024 0.000000 -0.006495
302599.450190 4124030.296478 0.000000 -0.006301
302599.458049 4124030.345500 0.000000 -0.006099
302599.465856 4124030.394104 0.000000 -0.005892
302599.473612 4124030.442305 0.000000 -0.005677
302599.481319 4124030.490116 0.000000 -0.005459
302599.488978 4124030.537549 0.000000 -0.005235
302599.496590 4124030.584617 0.000000 -0.005006
302599.504156 4124030.631331 0.000000 -0.004773
302599.511678 4124030.677702 0.000000 -0.004537
302599.519156 4124030.723742 0.000000 -0.004296
302599.526591 4124030.769461 0.000000 -0.004052
302599.533984 4124030.814868 0.000000 -0.003805
302599.541336 4124030.859974 0.000000 -0.003554
302599.548647 4124030.904787 0.000000 -0.003300
302599.555920 4124030.949316 0.000000 -0.003042
302599.563153 4124030.993570 0.000000 -0.002781
302599.570348 4124031.037556 0.000000 -0.002518
302599.577506 4124031.081283 0.000000 -0.002251
302599.584628 4124031.124757 0.000000 -0.001981
302599.591712 4124031.167987 0.000000 -0.001708
302599.598761 4124031.210978 0.000000 -0.001432
302599.605775 4124031.253738 0.000000 -0.001153
302599.612754 4124031.296272 0.000000 -0.000872
302599.619699 4124031.338586 0.000000 -0.000586
302599.626610 4124031.380687 0.000000 -0.000298
302599.633487 4124031.422580 0.000000 -0.000007
302599.640330 4124031.464269 0.000000 0.000288
302599.647141 4124031.505761 0.000000 0.000586
302599.653919 4124031.547060 0.000000 0.000887
302599.660664 4124031.588170 0.000000 0.001191
302599.667378 4124031.629097 0.000000 0.001499
302599.674059 4124031.669845 0.000000 0.001811
302599.680708 4124031.710417 0.000000 0.002125
302599.687326 4124031.750817 0.000000 0.002443
302599.693912 4124031.791051 0.000000 0.002764
302599.700467 4124031.831120 0.000000 0.003089
302599.706990 4124031.871030 0.000000 0.003417
302599.713483 4124031.910782 0.000000 0.003748
302599.719944 4124031.950382 0.000000 0.004082
302599.726373 4124031.989832 0.000000 0.004419
302599.732772 4124032.029134 0.000000 0.004760
302599.739140 4124032.068293 0.000000 0.005103
302599.745477 4124032.107310 0.000000 0.005449
302599.751783 4124032.146190 0.000000 0.005797
302599.758058 4124032.184934 0.000000 0.006148
302599.764301 4124032.223546 0.000000 0.006500
302599.770514 4124032.262028 0.000000 0.006855
302599.776696 4124032.300382 0.000000 0.007211
302599.782846 4124032.338611 0.000000 0.007569
302599.788966 4124032.376718 0.000000 0.007927
302599.795054 4124032.414704 0.000000 0.008285
302599.801111 4124032.452573 0.000000 0.008644
302599.807136 4124032.490326 0.000000 0.009003
302599.813131 4124032.527965 0.000000 0.009360
302599.819093 4124032.565493 0.000000 0.009717
302599.825025 4124032.602913 0.000000 0.010071
302599.830925 4124032.640225 0.000000 0.010423
302599.836793 4124032.677432 0.000000 0.010772
302599.842629 4124032.714536 0.000000 0.011118
302599.848434 4124032.751538 0.000000 0.011459
302599.854207 4124032.788442 0.000000 0.011795
302599.859948 4124032.825248 0.000000 0.012126
302599.865657 4124032.861958 0.000000 0.012450
302599.871335 4124032.898574 0.000000 0.012768
302599.876980 4124032.935098 0.000000 0.013078
302599.882594 4124032.971531 0.000000 0.013380
302599.888175 4124033.007876 0.000000 0.013674
302599.893724 4124033.044133 0.000000 0.013959
302599.899241 4124033.080303 0.000000 0.014234
302599.904726 4124033.116390 0.000000 0.014499
302599.910179 4124033.152393 0.000000 0.014755
302599.915600 4124033.188314 0.000000 0.014999
302599.920989 4124033.224155 0.000000 0.015232
302599.926345 4124033.259916 0.000000 0.015455
302599.931670 4124033.295600 0.000000 0.015665
302599.936963 4124033.331207 0.000000 0.015863
302599.942223 4124033.366738 0.000000 0.016050
302599.947452 4124033.402194 0.000000 0.016224
302599.952649 4124033.437576 0.000000 0.016386
302599.957814 4124033.472887 0.000000 0.016535
302599.962947 4124033.508125 0.000000 0.016672
302599.968049 4124033.543292 0.000000 0.016795
302599.973119 4124033.578390 0.000000 0.016906
302599.978158 4124033.613418 0.000000 0.017004
302599.983165 4124033.648378 0.000000 0.017090
302599.988142 4124033.683271 0.000000 0.017163
302599.993087 4124033.718096 0.000000 0.017224
302599.998002 4124033.752855 0.000000 0.017271
302600.002885 4124033.787548 0.000000 0.017307
302600.007739 4124033.822177 0.000000 0.017331
302600.012561 4124033.856740 0.000000 0.017343
302600.017354 4124033.891240 0.000000 0.017343
302600.022117 4124033.925676 0.000000 0.017333
302600.026849 4124033.960048 0.000000 0.017311
302600.031552 4124033.994358 0.000000 0.017279
302600.036226 4124034.028606 0.000000 0.017237
302600.040871 4124034.062791 0.000000 0.017185
302600.045486 4124034.096915 0.000000 0.017125
302600.050073 4124034.130977 0.000000 0.017056
302600.054631 4124034.164978 0.000000 0.016978
302600.059161 4124034.198918 0.000000 0.016894
302600.063663 4124034.232797 0.000000 0.016802
302600.068138 4124034.266616 0.000000 0.016705
302600.072584 4124034.300374 0.000000 0.016602
302600.077004 4124034.334072 0.000000 0.016494
302600.081396 4124034.367710 0.000000 0.016382
302600.085761 4124034.401288 0.000000 0.016268
302600.090100 4124034.434807 0.000000 0.016151
302600.094413 4124034.468266 0.000000 0.016033
302600.098700 4124034.501665 0.000000 0.015914
302600.102961 4124034.535004 0.000000 0.015796
302600.107196 4124034.568285 0.000000 0.015679
302600.111406 4124034.601506 0.000000 0.015565
302600.115591 4124034.634668 0.000000 0.015454
302600.119752 4124034.667771 0.000000 0.015347
302600.123887 4124034.700815 0.000000 0.015244
302600.127999 4124034.733800 0.000000 0.015147
302600.132086 4124034.766726 0.000000 0.015057
302600.136149 4124034.799594 0.000000 0.014973
302600.140189 4124034.832403 0.000000 0.014897
302600.144205 4124034.865154 0.000000 0.014830
302600.148197 4124034.897847 0.000000 0.014771
302600.152167 4124034.930482 0.000000 0.014722
302600.156113 4124034.963059 0.000000 0.014683
302600.160037 4124034.995578 0.000000 0.014654
302600.163938 4124035.028040 0.000000 0.014636
302600.167816 4124035.060445 0.000000 0.014630
302600.171672 4124035.092793 0.000000 0.014635
302600.175505 4124035.125085 0.000000 0.014652
302600.179317 4124035.157320 0.000000 0.014682
302600.183106 4124035.189499 0.000000 0.014724
302600.186873 4124035.221623 0.000000 0.014779
302600.190618 4124035.253691 0.000000 0.014848
302600.194341 4124035.285705 0.000000 0.014928
302600.198042 4124035.317664 0.000000 0.015023
302600.201721 4124035.349569 0.000000 0.015131
302600.205379 4124035.381420 0.000000 0.015252
302600.209015 4124035.413218 0.000000 0.015386
302600.212628 4124035.444964 0.000000 0.015534
302600.216220 4124035.476657 0.000000 0.015694
302600.219790 4124035.508299 0.000000 0.015868
302600.223338 4124035.539890 0.000000 0.016053
302600.226865 4124035.571431 0.000000 0.016251
302600.230369 4124035.602922 0.000000 0.016461
302600.233851 4124035.634363 0.000000 0.016682
302600.237311 4124035.665757 0.000000 0.016915
302600.240749 4124035.697102 0.000000 0.017158
302600.244164 4124035.728401 0.000000 0.017410
302600.247558 4124035.759653 0.000000 0.017672
302600.250928 4124035.790859 0.000000 0.017942
302600.254276 4124035.822021 0.000000 0.018221
302600.257602 4124035.853138 0.000000 0.018507
302600.260904 4124035.884213 0.000000 0.018798
302600.264184 4124035.915245 0.000000 0.019095
302600.267441 4124035.946235 0.000000 0.019397
302600.270674 4124035.977185 0.000000 0.019701
302600.273884 4124036.008094 0.000000 0.020008
302600.277071 4124036.038965 0.000000 0.020317
302600.280234 4124036.069797 0.000000 0.020624
302600.283373 4124036.100593 0.000000 0.020932
302600.286489 4124036.131352 0.000000 0.021235
302600.289581 4124036.162075 0.000000 0.021536
302600.292648 4124036.192764 0.000000 0.021832
302600.295692 4124036.223419 0.000000 0.022121
302600.298711 4124036.254042 0.000000 0.022404
302600.301705 4124036.284632 0.000000 0.022678
302600.304675 4124036.315192 0.000000 0.022944
302600.307621 4124036.345722 0.000000 0.023199
302600.310542 4124036.376223 0.000000 0.023444
302600.313438 4124036.406696 0.000000 0.023677
302600.316309 4124036.437141 0.000000 0.023897
302600.319155 4124036.467560 0.000000 0.024104
302600.321977 4124036.497954 0.000000 0.024298
302600.324773 4124036.528323 0.000000 0.024477
302600.327544 4124036.558668 0.000000 0.024641
302600.330291 4124036.588990 0.000000 0.024789
302600.333012 4124036.619291 0.000000 0.024922
302600.335708 4124036.649570 0.000000 0.025038
302600.338379 4124036.679830 0.000000 0.025138
302600.341026 4124036.710070 0.000000 0.025220
302600.343647 4124036.740291 0.000000 0.025286
302600.346244 4124036.770495 0.000000 0.025335
302600.348815 4124036.800681 0.000000 0.025365
302600.351362 4124036.830852 0.000000 0.025379
302600.353885 4124036.861008 0.000000 0.025375
302600.356382 4124036.891148 0.000000 0.025354
302600.358856 4124036.921276 0.000000 0.025315
302600.361305 4124036.951390 0.000000 0.025260
302600.363730 4124036.981493 0.000000 0.025188
302600.366131 4124037.011584 0.000000 0.025099
302600.368509 4124037.041664 0.000000 0.024994
302600.370863 4124037.071735 0.000000 0.024874
302600.373193 4124037.101797 0.000000 0.024738
302600.375500 4124037.131850 0.000000 0.024587
302600.377785 4124037.161896 0.000000 0.024423
302600.380046 4124037.191936 0.000000 0.024244
302600.382285 4124037.221969 0.000000 0.024053
302600.384502 4124037.251998 0.000000 0.023849
302600.386697 4124037.282022 0.000000 0.023635
302600.388870 4124037.312042 0.000000 0.023409
302600.391021 4124037.342060 0.000000 0.023174
302600.393152 4124037.372076 0.000000 0.022930
302600.395261 4124037.402090 0.000000 0.022678
302600.397350 4124037.432104 0.000000 0.022420
302600.399419 4124037.462119 0.000000 0.022155
302600.401467 4124037.492135 0.000000 0.021886
302600.403496 4124037.522153 0.000000 0.021614
302600.405506 4124037.552174 0.000000 0.021339
302600.407496 4124037.582199 0.000000 0.021063
302600.409468 4124037.612229 0.000000 0.020788
302600.411421 4124037.642265 0.000000 0.020514
302600.413356 4124037.672308 0.000000 0.020243
302600.415273 4124037.702358 0.000000 0.019975
302600.417172 4124037.732418 0.000000 0.019713
302600.419054 4124037.762487 0.000000 0.019457
302600.420919 4124037.792568 0.000000 0.019208
302600.422768 4124037.822660 0.000000 0.018967
302600.424600 4124037.852766 0.000000 0.018734
302600.426415 4124037.882887 0.000000 0.018511
302600.428215 4124037.913024 0.000000 0.018298
302600.429999 4124037.943178 0.000000 0.018096
302600.431768 4124037.973350 0.000000 0.017905
302600.433521 4124038.003542 0.000000 0.017726
302600.435260 4124038.033756 0.000000 0.017560
302600.436983 4124038.063992 0.000000 0.017406
302600.438692 4124038.094253 0.000000 0.017265
302600.440387 4124038.124540 0.000000 0.017138
302600.442067 4124038.154854 0.000000 0.017023
302600.443733 4124038.185197 0.000000 0.016923
302600.445385 4124038.215571 0.000000 0.016836
302600.447024 4124038.245978 0.000000 0.016762
302600.448648 4124038.276419 0.000000 0.016702
302600.450259 4124038.306896 0.000000 0.016655
302600.451856 4124038.337411 0.000000 0.016622
302600.453440 4124038.367966 0.000000 0.016601
302600.455011 4124038.398563 0.000000 0.016593
302600.456568 4124038.429203 0.000000 0.016597
302600.458111 4124038.459889 0.000000 0.016613
302600.459642 4124038.490623 0.000000 0.016641
302600.461159 4124038.521406 0.000000 0.016678
302600.462662 4124038.552242 0.000000 0.016726
302600.464153 4124038.583131 0.000000 0.016784
302600.465630 4124038.614076 0.000000 0.016850
302600.467093 4124038.645080 0.000000 0.016925
302600.468543 4124038.676144 0.000000 0.017006
302600.469979 4124038.707270 0.000000 0.017095
302600.471402 4124038.738461 0.000000 0.017188
302600.472811 4124038.769720 0.000000 0.017287
302600.474206 4124038.801047 0.000000 0.017390
302600.475587 4124038.832446 0.000000 0.017495
302600.476954 4124038.863919 0.000000 0.017602
302600.478306 4124038.895467 0.000000 0.017710
302600.479644 4124038.927093 0.000000 0.017818
302600.480968 4124038.958800 0.000000 0.017926
302600.482277 4124038.990589 0.000000 0.018031
302600.483571 4124039.022463 0.000000 0.018132
302600.484850 4124039.054424 0.000000 0.018230
302600.486114 4124039.086473 0.000000 0.018323
302600.487363 4124039.118613 0.000000 0.018409
302600.488596 4124039.150847 0.000000 0.018488
302600.489813 4124039.183175 0.000000 0.018559
302600.491015 4124039.215601 0.000000 0.018621
302600.492200 4124039.248125 0.000000 0.018672
302600.493369 4124039.280750 0.000000 0.018714
302600.494522 4124039.313478 0.000000 0.018744
302600.495658 4124039.346310 0.000000 0.018762
302600.496778 4124039.379248 0.000000 0.018768
302600.497881 4124039.412294 0.000000 0.018761
302600.498967 4124039.445449 0.000000 0.018741
302600.500035 4124039.478714 0.000000 0.018709
302600.501087 4124039.512091 0.000000 0.018662
302600.502121 4124039.545582 0.000000 0.018603
302600.503137 4124039.579187 0.000000 0.018530
302600.504136 4124039.612907 0.000000 0.018444
302600.505118 4124039.646744 0.000000 0.018345
302600.506082 4124039.680699 0.000000 0.018232
302600.507027 4124039.714772 0.000000 0.018107
302600.507955 4124039.748963 0.000000 0.017968
302600.508865 4124039.783275 0.000000 0.017818
302600.509758 4124039.817706 0.000000 0.017655
302600.510632 4124039.852258 0.000000 0.017480
302600.511488 4124039.886931 0.000000 0.017294
302600.512327 4124039.921726 0.000000 0.017096
302600.513147 4124039.956641 0.000000 0.016888
302600.513950 4124039.991677 0.000000 0.016670
302600.514735 4124040.026834 0.000000 0.016442
302600.515502 4124040.062113 0.000000 0.016205
302600.516251 4124040.097511 0.000000 0.015959
302600.516983 4124040.133030 0.000000 0.015704
302600.517697 4124040.168668 0.000000 0.015442
302600.518394 4124040.204424 0.000000 0.015173
302600.519074 4124040.240299 0.000000 0.014896
302600.519737 4124040.276290 0.000000 0.014613
302600.520383 4124040.312397 0.000000 0.014325
302600.521012 4124040.348619 0.000000 0.014031
302600.521624 4124040.384955 0.000000 0.013733
302600.522220 4124040.421403 0.000000 0.013431
302600.522801 4124040.457962 0.000000 0.013124
302600.523365 4124040.494630 0.000000 0.012815
302600.523913 4124040.531405 0.000000 0.012503
302600.524447 4124040.568286 0.000000 0.012190
302600.524965 4124040.605271 0.000000 0.011874
302600.525468 4124040.642358 0.000000 0.011558
302600.525956 4124040.679545 0.000000 0.011241
302600.526431 4124040.716830 0.000000 0.010924
302600.526891 4124040.754210 0.000000 0.010608
302600.527337 4124040.791683 0.000000 0.010293
302600.527770 4124040.829246 0.000000 0.009980
302600.528190 4124040.866898 0.000000 0.009668
302600.528597 4124040.904636 0.000000 0.009360
302600.528992 4124040.942456 0.000000 0.009055
302600.529374 4124040.980357 0.000000 0.008753
302600.529745 4124041.018334 0.000000 0.008456
302600.530104 4124041.056387 0.000000 0.008163
302600.530452 4124041.094510 0.000000 0.007875
302600.530789 4124041.132703 0.000000 0.007593
302600.531115 4124041.170961 0.000000 0.007316
302600.531432 4124041.209281 0.000000 0.007044
302600.531738 4124041.247660 0.000000 0.006779
302600.532035 4124041.286095 0.000000 0.006520
302600.532323 4124041.324584 0.000000 0.006268
302600.532601 4124041.363121 0.000000 0.006023
302600.532872 4124041.401705 0.000000 0.005784
302600.533133 4124041.440331 0.000000 0.005552
302600.533387 4124041.478997 0.000000 0.005328
302600.533633 4124041.517699 0.000000 0.005110
302600.533872 4124041.556434 0.000000 0.004900
302600.534103 4124041.595197 0.000000 0.004698
302600.534327 4124041.633986 0.000000 0.004502
302600.534545 4124041.672798 0.000000 0.004315
302600.534757 4124041.711628 0.000000 0.004135
302600.534962 4124041.750473 0.000000 0.003962
302600.535161 4124041.789329 0.000000 0.003797
302600.535355 4124041.828194 0.000000 0.003640
302600.535543 4124041.867063 0.000000 0.003490
302600.535726 4124041.905934 0.000000 0.003348
302600.535904 4124041.944802 0.000000 0.003213
302600.536077 4124041.983664 0.000000 0.003086
302600.536245 4124042.022517 0.000000 0.002966
302600.536408 4124042.061356 0.000000 0.002854
302600.536568 4124042.100180 0.000000 0.002749
302600.536723 4124042.138984 0.000000 0.002652
302600.536874 4124042.177765 0.000000 0.002561
302600.537021 4124042.216519 0.000000 0.002478
302600.537164 4124042.255243 0.000000 0.002401
302600.537304 4124042.293935 0.000000 0.002332
302600.537440 4124042.332590 0.000000 0.002269
302600.537572 4124042.371206 0.000000 0.002213
302600.537701 4124042.409778 0.000000 0.002163
302600.537827 4124042.448305 0.000000 0.002120
302600.537949 4124042.486784 0.000000 0.002083
302600.538068 4124042.525210 0.000000 0.002051
302600.538184 4124042.563581 0.000000 0.002026
302600.538296 4124042.601894 0.000000 0.002006
302600.538406 4124042.640147 0.000000 0.001991
302600.538512 4124042.678336 0.000000 0.001981
302600.538616 4124042.716459 0.000000 0.001977
302600.538716 4124042.754513 0.000000 0.001976
302600.538814 4124042.792495 0.000000 0.001980
302600.538908 4124042.830404 0.000000 0.001988
302600.538999 4124042.868236 0.000000 0.001998
302600.539087 4124042.905990 0.000000 0.002013
302600.539172 4124042.943662 0.000000 0.002030
302600.539255 4124042.981251 0.000000 0.002049
302600.539334 4124043.018755 0.000000 0.002071
302600.539410 4124043.056171 0.000000 0.002094
302600.539482 4124043.093498 0.000000 0.002120
302600.539552 4124043.130734 0.000000 0.002146
302600.539619 4124043.167877 0.000000 0.002174
302600.539682 4124043.204926 0.000000 0.002202
302600.539742 4124043.241879 0.000000 0.002230
302600.539799 4124043.278734 0.000000 0.002259
302600.539853 4124043.315491 0.000000 0.002288
302600.539904 4124043.352147 0.000000 0.002316
302600.539951 4124043.388702 0.000000 0.002343
302600.539995 4124043.425156 0.000000 0.002370
302600.540036 4124043.461506 0.000000 0.002395
302600.540074 4124043.497753 0.000000 0.002419
302600.540108 4124043.533895 0.000000 0.002442
302600.540139 4124043.569932 0.000000 0.002462
302600.540167 4124043.605864 0.000000 0.002480
302600.540191 4124043.641691 0.000000 0.002496
302600.540213 4124043.677412 0.000000 0.002509
302600.540231 4124043.713026 0.000000 0.002519
302600.540246 4124043.748536 0.000000 0.002526
302600.540257 4124043.783939 0.000000 0.002530
302600.540265 4124043.819238 0.000000 0.002530
302600.540271 4124043.854432 0.000000 0.002527
302600.540273 4124043.889522 0.000000 0.002519
302600.540272 4124043.924508 0.000000 0.002508
302600.540268 4124043.959393 0.000000 0.002492
302600.540260 4124043.994175 0.000000 0.002473
302600.540250 4124044.028858 0.000000 0.002448
302600.540237 4124044.063442 0.000000 0.002420
302600.540222 4124044.097928 0.000000 0.002386
302600.540203 4124044.132319 0.000000 0.002347
302600.540182 4124044.166615 0.000000 0.002304
302600.540158 4124044.200819 0.000000 0.002256
302600.540131 4124044.234932 0.000000 0.002203
302600.540102 4124044.268958 0.000000 0.002145
302600.540071 4124044.302898 0.000000 0.002082
302600.540037 4124044.336754 0.000000 0.002014
302600.540001 4124044.370529 0.000000 0.001942
302600.539963 4124044.404227 0.000000 0.001864
302600.539923 4124044.437849 0.000000 0.001783
302600.539881 4124044.471400 0.000000 0.001697
302600.539837 4124044.504881 0.000000 0.001606
302600.539792 4124044.538297 0.000000 0.001512
302600.539745 4124044.571651 0.000000 0.001414
302600.539696 4124044.604947 0.000000 0.001312
302600.539646 4124044.638187 0.000000 0.001207
302600.539595 4124044.671378 0.000000 0.001100
302600.539543 4124044.704521 0.000000 0.000989
302600.539489 4124044.737623 0.000000 0.000877
302600.539435 4124044.770686 0.000000 0.000763
302600.539380 4124044.803716 0.000000 0.000647
302600.539324 4124044.836718 0.000000 0.000530
302600.539268 4124044.869695 0.000000 0.000412
302600.539211 4124044.902654 0.000000 0.000294
302600.539154 4124044.935599 0.000000 0.000175
302600.539097 4124044.968536 0.000000 0.000057
302600.539040 4124045.001470 0.000000 -0.000061
302600.538983 4124045.034406 0.000000 -0.000178
302600.538926 4124045.067351 0.000000 -0.000293
302600.538869 4124045.100309 0.000000 -0.000407
302600.538813 4124045.133288 0.000000 -0.000519
302600.538757 4124045.166293 0.000000 -0.000628
302600.538702 4124045.199330 0.000000 -0.000735
302600.538648 4124045.232406 0.000000 -0.000838
302600.538594 4124045.265526 0.000000 -0.000938
302600.538542 4124045.298698 0.000000 -0.001035
302600.538490 4124045.331929 0.000000 -0.001127
302600.538440 4124045.365224 0.000000 -0.001216
302600.538391 4124045.398591 0.000000 -0.001301
302600.538343 4124045.432036 0.000000 -0.001380
302600.538296 4124045.465567 0.000000 -0.001455
302600.538252 4124045.499190 0.000000 -0.001525
302600.538208 4124045.532914 0.000000 -0.001590
302600.538167 4124045.566744 0.000000 -0.001650
302600.538127 4124045.600688 0.000000 -0.001705
302600.538089 4124045.634753 0.000000 -0.001754
302600.538053 4124045.668948 0.000000 -0.001798
302600.538019 4124045.703278 0.000000 -0.001836
302600.537987 4124045.737751 0.000000 -0.001869
302600.537957 4124045.772376 0.000000 -0.001897
302600.537929 4124045.807159 0.000000 -0.001920
302600.537903 4124045.842107 0.000000 -0.001937
302600.537880 4124045.877228 0.000000 -0.001950
302600.537859 4124045.912529 0.000000 -0.001957
302600.537840 4124045.948018 0.000000 -0.001960
302600.537824 4124045.983702 0.000000 -0.001958
302600.537810 4124046.019588 0.000000 -0.001953
302600.537798 4124046.055683 0.000000 -0.001942
302600.537789 4124046.091994 0.000000 -0.001928
302600.537783 4124046.128529 0.000000 -0.001910
302600.537779 4124046.165294 0.000000 -0.001889
302600.537778 4124046.202297 0.000000 -0.001864
302600.537779 4124046.239543 0.000000 -0.001837
302600.537783 4124046.277039 0.000000 -0.001806
302600.537789 4124046.314793 0.000000 -0.001774
302600.537798 4124046.352809 0.000000 -0.001739
302600.537810 4124046.391095 0.000000 -0.001702
302600.537824 4124046.429656 0.000000 -0.001664
302600.537841 4124046.468498 0.000000 -0.001624
302600.537860 4124046.507627 0.000000 -0.001582
302600.537882 4124046.547048 0.000000 -0.001540
302600.537907 4124046.586765 0.000000 -0.001497
302600.537934 4124046.626785 0.000000 -0.001454
302600.537963 4124046.667111 0.000000 -0.001410
302600.537996 4124046.707748 0.000000 -0.001365
302600.538030 4124046.748701 0.000000 -0.001321
302600.538068 4124046.789973 0.000000 -0.001277
302600.538108 4124046.831568 0.000000 -0.001232
302600.538150 4124046.873489 0.000000 -0.001189
302600.538194 4124046.915740 0.000000 -0.001145
302600.538242 4124046.958323 0.000000 -0.001102
302600.538291 4124047.001240 0.000000 -0.001060
302600.538343 4124047.044496 0.000000 -0.001018
302600.538397 4124047.088090 0.000000 -0.000977
302600.538454 4124047.132025 0.000000 -0.000937
302600.538513 4124047.176302 0.000000 -0.000898
302600.538574 4124047.220923 0.000000 -0.000860
302600.538637 4124047.265888 0.000000 -0.000823
302600.538702 4124047.311198 0.000000 -0.000786
302600.538770 4124047.356853 0.000000 -0.000751
302600.538839 4124047.402853 0.000000 -0.000717
302600.538911 4124047.449197 0.000000 -0.000684
302600.538985 4124047.495885 0.000000 -0.000651
302600.539060 4124047.542916 0.000000 -0.000620
302600.539138 4124047.590289 0.000000 -0.000590
302600.539218 4124047.638002 0.000000 -0.000561
302600.539299 4124047.686053 0.000000 -0.000533
302600.539382 4124047.734441 0.000000 -0.000507
302600.539467 4124047.783162 0.000000 -0.000480
302600.539554 4124047.832215 0.000000 -0.000456
302600.539642 4124047.881595 0.000000 -0.000432
302600.539732 4124047.931301 0.000000 -0.000409
302600.539824 4124047.981329 0.000000 -0.000387
302600.539917 4124048.031675 0.000000 -0.000366
302600.540012 4124048.082335 0.000000 -0.000346
302600.540108 4124048.133305 0.000000 -0.000326
302600.540205 4124048.184580 0.000000 -0.000308
302600.540304 4124048.236157 0.000000 -0.000290
302600.540405 4124048.288030 0.000000 -0.000273
302600.540506 4124048.340195 0.000000 -0.000257
302600.540609 4124048.392646 0.000000 -0.000242
302600.540713 4124048.445378 0.000000 -0.000227
302600.540819 4124048.498386 0.000000 -0.000213
302600.540925 4124048.551664 0.000000 -0.000200
302600.541033 4124048.605206 0.000000 -0.000187
302600.541141 4124048.659007 0.000000 -0.000175
302600.541251 4124048.713060 0.000000 -0.000164
302600.541361 4124048.767360 0.000000 -0.000153
302600.541473 4124048.821901 0.000000 -0.000143
302600.541585 4124048.876675 0.000000 -0.000133
302600.541699 4124048.931678 0.000000 -0.000124
302600.541813 4124048.986903 0.000000 -0.000115
302600.541928 4124049.042344 0.000000 -0.000107
302600.542044 4124049.097994 0.000000 -0.000099
302600.542160 4124049.153847 0.000000 -0.000091
302600.542277 4124049.209896 0.000000 -0.000084
302600.542395 4124049.266136 0.000000 -0.000078
302600.542513 4124049.322561 0.000000 -0.000071
302600.542632 4124049.379163 0.000000 -0.000065
302600.542752 4124049.435937 0.000000 -0.000060
302600.542872 4124049.492876 0.000000 -0.000055
302600.542993 4124049.549975 0.000000 -0.000050
302600.543114 4124049.607227 0.000000 -0.000045
302600.543236 4124049.664627 0.000000 -0.000041
302600.543358 4124049.722168 0.000000 -0.000037
302600.543480 4124049.779844 0.000000 -0.000034
302600.543603 4124049.837651 0.000000 -0.000030
302600.543726 4124049.895581 0.000000 -0.000027
302600.543850 4124049.953630 0.000000 -0.000024
302600.543974 4124050.011792 0.000000 -0.000022
302600.544098 4124050.070061 0.000000 -0.000019
302600.544222 4124050.128432 0.000000 -0.000017
302600.544347 4124050.186900 0.000000 -0.000015
302600.544472 4124050.245460 0.000000 -0.000013
302600.544597 4124050.304107 0.000000 -0.000012
302600.544723 4124050.362835 0.000000 -0.000010
302600.544849 4124050.421640 0.000000 -0.000009
302600.544974 4124050.480517 0.000000 -0.000008
302600.545100 4124050.539461 0.000000 -0.000007
302600.545226 4124050.598468 0.000000 -0.000007
302600.545353 4124050.657534 0.000000 -0.000006
302600.545479 4124050.716653 0.000000 -0.000006
302600.545606 4124050.775822 0.000000 -0.000006
302600.545732 4124050.835037 0.000000 -0.000006
302600.545859 4124050.894293 0.000000 -0.000006
302600.545986 4124050.953586 0.000000 -0.000006
302600.546113 4124051.012913 0.000000 -0.000007
302600.546240 4124051.072269 0.000000 -0.000007
302600.546367 4124051.131650 0.000000 -0.000008
302600.546495 4124051.191054 0.000000 -0.000008
302600.546622 4124051.250476 0.000000 -0.000009
302600.546749 4124051.309912 0.000000 -0.000010
302600.546877 4124051.369359 0.000000 -0.000011
302600.547004 4124051.428814 0.000000 -0.000012
302600.547132 4124051.488272 0.000000 -0.000013
302600.547259 4124051.547731 0.000000 -0.000014
302600.547387 4124051.607186 0.000000 -0.000015
302600.547515 4124051.666634 0.000000 -0.000016
302600.547642 4124051.726072 0.000000 -0.000018
302600.547770 4124051.785497 0.000000 -0.000019
302600.547898 4124051.844903 0.000000 -0.000020
302600.548025 4124051.904289 0.000000 -0.000021
302600.548153 4124051.963650 0.000000 -0.000023
302600.548281 4124052.022983 0.000000 -0.000024
302600.548409 4124052.082283 0.000000 -0.000025
302600.548537 4124052.141548 0.000000 -0.000026
302600.548665 4124052.200773 0.000000 -0.000028
302600.548792 4124052.259955 0.000000 -0.000029
302600.548920 4124052.319090 0.000000 -0.000030
302600.549048 4124052.378173 0.000000 -0.000031
302600.549176 4124052.437200 0.000000 -0.000032
302600.549304 4124052.496169 0.000000 -0.000033
302600.549432 4124052.555073 0.000000 -0.000035
302600.549559 4124052.613910 0.000000 -0.000035
302600.549687 4124052.672674 0.000000 -0.000036
302600.549815 4124052.731362 0.000000 -0.000037
302600.549942 4124052.789969 0.000000 -0.000038
302600.550070 4124052.848489 0.000000 -0.000039
302600.550197 4124052.906920 0.000000 -0.000040
302600.550325 4124052.965255 0.000000 -0.000041
302600.550452 4124053.023491 0.000000 -0.000041
302600.550580 4124053.081622 0.000000 -0.000042
302600.550707 4124053.139643 0.000000 -0.000042
302600.550834 4124053.197550 0.000000 -0.000043
302600.550961 4124053.255337 0.000000 -0.000043
302600.551088 4124053.312999 0.000000 -0.000043
302600.551214 4124053.370531 0.000000 -0.000044
302600.551341 4124053.427928 0.000000 -0.000044
302600.551467 4124053.485184 0.000000 -0.000044
302600.551593 4124053.542295 0.000000 -0.000044
302600.551719 4124053.599255 0.000000 -0.000044
302600.551845 4124053.656057 0.000000 -0.000044
302600.551971 4124053.712698 0.000000 -0.000044
302600.552096 4124053.769171 0.000000 -0.000044
302600.552221 4124053.825471 0.000000 -0.000043
302600.552346 4124053.881593 0.000000 -0.000043
302600.552470 4124053.937530 0.000000 -0.000043
302600.552595 4124053.993278 0.000000 -0.000042
302600.552719 4124054.048830 0.000000 -0.000041
302600.552842 4124054.104182 0.000000 -0.000041
302600.552966 4124054.159328 0.000000 -0.000040
302600.553089 4124054.214262 0.000000 -0.000039
302600.553211 4124054.268980 0.000000 -0.000038
302600.553333 4124054.323475 0.000000 -0.000037
302600.553455 4124054.377743 0.000000 -0.000036
302600.553577 4124054.431778 0.000000 -0.000035
302600.553697 4124054.485575 0.000000 -0.000034
302600.553818 4124054.539129 0.000000 -0.000033
302600.553938 4124054.592436 0.000000 -0.000032
302600.554058 4124054.645490 0.000000 -0.000030
302600.554177 4124054.698288 0.000000 -0.000029
302600.554295 4124054.750823 0.000000 -0.000028
302600.554413 4124054.803093 0.000000 -0.000026
302600.554531 4124054.855092 0.000000 -0.000025
302600.554648 4124054.906816 0.000000 -0.000023
302600.554764 4124054.958263 0.000000 -0.000021
302600.554880 4124055.009427 0.000000 -0.000020
302600.554995 4124055.060306 0.000000 -0.000018
302600.555110 4124055.110896 0.000000 -0.000016
302600.555224 4124055.161193 0.000000 -0.000014
302600.555337 4124055.211196 0.000000 -0.000012
302600.555450 4124055.260900 0.000000 -0.000010
302600.555562 4124055.310304 0.000000 -0.000009
302600.555673 4124055.359404 0.000000 -0.000006
302600.555784 4124055.408200 0.000000 -0.000004
302600.555894 4124055.456688 0.000000 -0.000002
302600.556003 4124055.504867 0.000000 -0.000000
302600.556111 4124055.552735 0.000000 0.000002
302600.556219 4124055.600292 0.000000 0.000004
302600.556327 4124055.647536 0.000000 0.000007
302600.556433 4124055.694466 0.000000 0.000009
302600.556539 4124055.741081 0.000000 0.000011
302600.556644 4124055.787381 0.000000 0.000014
302600.556748 4124055.833366 0.000000 0.000016
302600.556851 4124055.879036 0.000000 0.000019
302600.556954 4124055.924390 0.000000 0.000021
302600.557056 4124055.969430 0.000000 0.000024
302600.557157 4124056.014156 0.000000 0.000026
302600.557258 4124056.058569 0.000000 0.000029
302600.557357 4124056.102670 0.000000 0.000031
302600.557456 4124056.146460 0.000000 0.000034
302600.557554 4124056.189941 0.000000 0.000036
302600.557652 4124056.233115 0.000000 0.000039
302600.557749 4124056.275983 0.000000 0.000042
302600.557844 4124056.318547 0.000000 0.000044
302600.557940 4124056.360810 0.000000 0.000047
302600.558034 4124056.402774 0.000000 0.000050
302600.558127 4124056.444442 0.000000 0.000052
302600.558220 4124056.485817 0.000000 0.000055
302600.558312 4124056.526902 0.000000 0.000057
302600.558404 4124056.567699 0.000000 0.000060
302600.558495 4124056.608212 0.000000 0.000063
302600.558584 4124056.648445 0.000000 0.000065
302600.558674 4124056.688401 0.000000 0.000067
302600.558762 4124056.728084 0.000000 0.000070
302600.558850 4124056.767498 0.000000 0.000072
302600.558937 4124056.806646 0.000000 0.000075
302600.559023 4124056.845533 0.000000 0.000077
302600.559109 4124056.884162 0.000000 0.000079
302600.559194 4124056.922539 0.000000 0.000082
302600.559278 4124056.960666 0.000000 0.000084
302600.559362 4124056.998550 0.000000 0.000086
302600.559445 4124057.036193 0.000000 0.000088
302600.559527 4124057.073601 0.000000 0.000090
302600.559609 4124057.110778 0.000000 0.000092
302600.559690 4124057.147728 0.000000 0.000094
302600.559771 4124057.184457 0.000000 0.000096
302600.559851 4124057.220968 0.000000 0.000097
302600.559930 4124057.257267 0.000000 0.000099
302600.560009 4124057.293358 0.000000 0.000100
302600.560087 4124057.329246 0.000000 0.000102
302600.560164 4124057.364935 0.000000 0.000103
302600.560241 4124057.400430 0.000000 0.000104
302600.560318 4124057.435736 0.000000 0.000105
302600.560394 4124057.470857 0.000000 0.000106
302600.560469 4124057.505798 0.000000 0.000107
302600.560544 4124057.540564 0.000000 0.000108
302600.560619 4124057.575159 0.000000 0.000109
302600.560693 4124057.609588 0.000000 0.000109
302600.560766 4124057.643855 0.000000 0.000110
302600.560839 4124057.677964 0.000000 0.000110
302600.560912 4124057.711921 0.000000 0.000110
302600.560984 4124057.745729 0.000000 0.000110
302600.561056 4124057.779393 0.000000 0.000110
302600.561127 4124057.812916 0.000000 0.000111
302600.561198 4124057.846305 0.000000 0.000110
302600.561268 4124057.879561 0.000000 0.000110
302600.561338 4124057.912690 0.000000 0.000110
302600.561408 4124057.945696 0.000000 0.000109
302600.561477 4124057.978582 0.000000 0.000109
302600.561546 4124058.011353 0.000000 0.000108
302600.561615 4124058.044012 0.000000 0.000107
302600.561683 4124058.076563 0.000000 0.000107
302600.561751 4124058.109010 0.000000 0.000106
302600.561818 4124058.141356 0.000000 0.000105
302600.561886 4124058.173606 0.000000 0.000104
302600.561953 4124058.205762 0.000000 0.000103
302600.562019 4124058.237828 0.000000 0.000102
302600.562086 4124058.269808 0.000000 0.000100
302600.562152 4124058.301704 0.000000 0.000099
302600.562218 4124058.333520 0.000000 0.000098
302600.562283 4124058.365259 0.000000 0.000097
302600.562349 4124058.396925 0.000000 0.000095
302600.562414 4124058.428519 0.000000 0.000094
302600.562479 4124058.460046 0.000000 0.000093
302600.562543 4124058.491508 0.000000 0.000091
302600.562608 4124058.522909 0.000000 0.000090
302600.562672 4124058.554249 0.000000 0.000088
302600.562736 4124058.585534 0.000000 0.000088
302600.562800 4124058.616765 0.000000 0.000086
302600.562864 4124058.647944 0.000000 0.000085
302600.562927 4124058.679075 0.000000 0.000084
302600.562990 4124058.710160 0.000000 0.000083
302600.563053 4124058.741202 0.000000 0.000081
302600.563116 4124058.772202 0.000000 0.000080
302600.563179 4124058.803164 0.000000 0.000079
302600.563242 4124058.834090 0.000000 0.000078
302600.563304 4124058.864982 0.000000 0.000078
302600.563367 4124058.895842 0.000000 0.000077
302600.563429 4124058.926673 0.000000 0.000077
302600.563491 4124058.957477 0.000000 0.000077
302600.563553 4124058.988256 0.000000 0.000077
302600.563615 4124059.019013 0.000000 0.000077
302600.563677 4124059.049749 0.000000 0.000077
302600.563738 4124059.080468 0.000000 0.000078
302600.563800 4124059.111170 0.000000 0.000079
302600.563861 4124059.141859 0.000000 0.000080
302600.563923 4124059.172536 0.000000 0.000082
302600.563984 4124059.203204 0.000000 0.000084
302600.564045 4124059.233865 0.000000 0.000086
302600.564106 4124059.264521 0.000000 0.000089
302600.564167 4124059.295174 0.000000 0.000091
302600.564228 4124059.325826 0.000000 0.000095
302600.564289 4124059.356481 0.000000 0.000099
302600.564350 4124059.387139 0.000000 0.000103
302600.564410 4124059.417804 0.000000 0.000108
302600.564471 4124059.448478 0.000000 0.000114
302600.564531 4124059.479163 0.000000 0.000120
302600.564592 4124059.509862 0.000000 0.000126
302600.564652 4124059.540576 0.000000 0.000133
302600.564712 4124059.571309 0.000000 0.000141
302600.564772 4124059.602064 0.000000 0.000150
302600.564832 4124059.632842 0.000000 0.000159
302600.564892 4124059.663647 0.000000 0.000169
302600.564952 4124059.694482 0.000000 0.000179
302600.565012 4124059.725349 0.000000 0.000190
302600.565071 4124059.756251 0.000000 0.000202
302600.565131 4124059.787191 0.000000 0.000215
302600.565190 4124059.818173 0.000000 0.000228
302600.565249 4124059.849200 0.000000 0.000242
302600.565308 4124059.880275 0.000000 0.000258
302600.565367 4124059.911402 0.000000 0.000273
302600.565426 4124059.942583 0.000000 0.000290
302600.565485 4124059.973824 0.000000 0.000308
302600.565543 4124060.005127 0.000000 0.000326
302600.565601 4124060.036497 0.000000 0.000345
302600.565659 4124060.067937 0.000000 0.000365
302600.565717 4124060.099453 0.000000 0.000385
302600.565775 4124060.131048 0.000000 0.000407
302600.565832 4124060.162727 0.000000 0.000429
302600.565889 4124060.194494 0.000000 0.000452
302600.565946 4124060.226356 0.000000 0.000476
302600.566002 4124060.258315 0.000000 0.000500
302600.566058 4124060.290379 0.000000 0.000525
302600.566114 4124060.322552 0.000000 0.000550
302600.566169 4124060.354839 0.000000 0.000575
302600.566224 4124060.387246 0.000000 0.000602
302600.566279 4124060.419780 0.000000 0.000628
302600.566333 4124060.452446 0.000000 0.000654
302600.566386 4124060.485250 0.000000 0.000681
302600.566440 4124060.518199 0.000000 0.000708
302600.566492 4124060.551299 0.000000 0.000734
302600.566544 4124060.584556 0.000000 0.000761
302600.566596 4124060.617979 0.000000 0.000786
302600.566646 4124060.651572 0.000000 0.000812
302600.566697 4124060.685344 0.000000 0.000838
302600.566746 4124060.719302 0.000000 0.000863
302600.566795 4124060.753452 0.000000 0.000887
302600.566843 4124060.787803 0.000000 0.000911
302600.566890 4124060.822361 0.000000 0.000933
302600.566936 4124060.857135 0.000000 0.000955
302600.566982 4124060.892132 0.000000 0.000976
302600.567027 4124060.927360 0.000000 0.000996
302600.567070 4124060.962827 0.000000 0.001015
302600.567113 4124060.998540 0.000000 0.001033
302600.567154 4124061.034508 0.000000 0.001050
302600.567195 4124061.070738 0.000000 0.001065
302600.567234 4124061.107239 0.000000 0.001079
302600.567273 4124061.144018 0.000000 0.001092
302600.567310 4124061.181083 0.000000 0.001103
302600.567346 4124061.218443 0.000000 0.001114
302600.567380 4124061.256105 0.000000 0.001122
302600.567414 4124061.294078 0.000000 0.001130
302600.567445 4124061.332369 0.000000 0.001136
302600.567476 4124061.370985 0.000000 0.001140
302600.567505 4124061.409934 0.000000 0.001144
302600.567532 4124061.449225 0.000000 0.001145
302600.567558 4124061.488863 0.000000 0.001146
302600.567583 4124061.528857 0.000000 0.001145
302600.567605 4124061.569213 0.000000 0.001143
302600.567627 4124061.609939 0.000000 0.001140
302600.567646 4124061.651040 0.000000 0.001136
302600.567663 4124061.692523 0.000000 0.001130
302600.567679 4124061.734394 0.000000 0.001124
302600.567693 4124061.776660 0.000000 0.001116
302600.567705 4124061.819324 0.000000 0.001108
302600.567715 4124061.862393 0.000000 0.001098
302600.567723 4124061.905872 0.000000 0.001088
302600.567729 4124061.949764 0.000000 0.001077
302600.567733 4124061.994073 0.000000 0.001065
302600.567735 4124062.038804 0.000000 0.001052
302600.567735 4124062.083960 0.000000 0.001039
302600.567733 4124062.129542 0.000000 0.001025
302600.567728 4124062.175553 0.000000 0.001011
302600.567722 4124062.221996 0.000000 0.000997
302600.567713 4124062.268871 0.000000 0.000982
302600.567702 4124062.316178 0.000000 0.000967
302600.567688 4124062.363919 0.000000 0.000952
302600.567672 4124062.412093 0.000000 0.000936
302600.567654 4124062.460698 0.000000 0.000920
302600.567634 4124062.509735 0.000000 0.000905
302600.567611 4124062.559199 0.000000 0.000889
302600.567585 4124062.609090 0.000000 0.000874
302600.567558 4124062.659404 0.000000 0.000858
302600.567528 4124062.710138 0.000000 0.000843
302600.567495 4124062.761286 0.000000 0.000827
302600.567460 4124062.812845 0.000000 0.000812
302600.567422 4124062.864809 0.000000 0.000797
302600.567382 4124062.917172 0.000000 0.000783
302600.567340 4124062.969928 0.000000 0.000768
302600.567295 4124063.023069 0.000000 0.000754
302600.567248 4124063.076588 0.000000 0.000740
302600.567198 4124063.130478 0.000000 0.000726
302600.567145 4124063.184728 0.000000 0.000713
302600.567091 4124063.239331 0.000000 0.000700
302600.567033 4124063.294275 0.000000 0.000687
302600.566974 4124063.349552 0.000000 0.000675
302600.566912 4124063.405149 0.000000 0.000663
302600.566847 4124063.461057 0.000000 0.000651
302600.566780 4124063.517263 0.000000 0.000640
302600.566711 4124063.573754 0.000000 0.000629
302600.566639 4124063.630519 0.000000 0.000619
302600.566565 4124063.687544 0.000000 0.000608
302600.566489 4124063.744816 0.000000 0.000599
302600.566410 4124063.802320 0.000000 0.000589
302600.566330 4124063.860043 0.000000 0.000580
302600.566247 4124063.917970 0.000000 0.000571
302600.566161 4124063.976085 0.000000 0.000563
302600.566074 4124064.034374 0.000000 0.000555
302600.565984 4124064.092821 0.000000 0.000547
302600.565893 4124064.151411 0.000000 0.000539
302600.565799 4124064.210126 0.000000 0.000532
302600.565703 4124064.268951 0.000000 0.000526
302600.565606 4124064.327869 0.000000 0.000519
302600.565506 4124064.386865 0.000000 0.000513
302600.565404 4124064.445920 0.000000 0.000507
302600.565301 4124064.505019 0.000000 0.000502
302600.565196 4124064.564144 0.000000 0.000496
302600.565089 4124064.623279 0.000000 0.000492
302600.564980 4124064.682407 0.000000 0.000487
302600.564870 4124064.741511 0.000000 0.000482
302600.564758 4124064.800574 0.000000 0.000478
302600.564645 4124064.859580 0.000000 0.000474
302600.564530 4124064.918512 0.000000 0.000470
302600.564413 4124064.977354 0.000000 0.000467
302600.564296 4124065.036090 0.000000 0.000464
302600.564176 4124065.094702 0.000000 0.000461
302600.564056 4124065.153177 0.000000 0.000458
302600.563934 4124065.211498 0.000000 0.000455
302600.563811 4124065.269649 0.000000 0.000452
302600.563687 4124065.327617 0.000000 0.000450
302600.563562 4124065.385385 0.000000 0.000448
302600.563436 4124065.442940 0.000000 0.000446
302600.563309 4124065.500268 0.000000 0.000444
302600.563181 4124065.557354 0.000000 0.000442
302600.563052 4124065.614186 0.000000 0.000440
302600.562923 4124065.670751 0.000000 0.000439
302600.562792 4124065.727035 0.000000 0.000437
302600.562661 4124065.783028 0.000000 0.000435
302600.562529 4124065.838716 0.000000 0.000434
302600.562397 4124065.894090 0.000000 0.000433
302600.562264 4124065.949137 0.000000 0.000431
302600.562131 4124066.003849 0.000000 0.000430
302600.561997 4124066.058214 0.000000 0.000428
302600.561863 4124066.112224 0.000000 0.000427
302600.561728 4124066.165870 0.000000 0.000425
302600.561594 4124066.219143 0.000000 0.000424
302600.561458 4124066.272036 0.000000 0.000422
302600.561323 4124066.324542 0.000000 0.000421
302600.561188 4124066.376653 0.000000 0.000419
302600.561053 4124066.428363 0.000000 0.000417
302600.560917 4124066.479668 0.000000 0.000415
302600.560782 4124066.530561 0.000000 0.000413
302600.560646 4124066.581038 0.000000 0.000410
302600.560511 4124066.631095 0.000000 0.000408
302600.560376 4124066.680729 0.000000 0.000405
302600.560241 4124066.729937 0.000000 0.000402
302600.560106 4124066.778717 0.000000 0.000398
302600.559972 4124066.827066 0.000000 0.000395
302600.559837 4124066.874984 0.000000 0.000391
302600.559704 4124066.922469 0.000000 0.000387
302600.559570 4124066.969523 0.000000 0.000382
302600.559437 4124067.016145 0.000000 0.000377
302600.559304 4124067.062336 0.000000 0.000372
302600.559172 4124067.108098 0.000000 0.000367
302600.559040 4124067.153433 0.000000 0.000361
302600.558909 4124067.198344 0.000000 0.000355
302600.558778 4124067.242833 0.000000 0.000348
302600.558648 4124067.286905 0.000000 0.000341
302600.558518 4124067.330564 0.000000 0.000334
302600.558389 4124067.373813 0.000000 0.000326
302600.558261 4124067.416659 0.000000 0.000318
302600.558133 4124067.459108 0.000000 0.000310
302600.558006 4124067.501164 0.000000 0.000301
302600.557879 4124067.542836 0.000000 0.000292
302600.557753 4124067.584129 0.000000 0.000283
302600.557628 4124067.625052 0.000000 0.000273
302600.557503 4124067.665613 0.000000 0.000263
302600.557379 4124067.705819 0.000000 0.000253
302600.557256 4124067.745680 0.000000 0.000243
302600.557133 4124067.785206 0.000000 0.000232
302600.557011 4124067.824404 0.000000 0.000221
302600.556890 4124067.863287 0.000000 0.000210
302600.556769 4124067.901863 0.000000 0.000199
302600.556649 4124067.940145 0.000000 0.000187
302600.556530 4124067.978142 0.000000 0.000176
302600.556411 4124068.015867 0.000000 0.000165
302600.556293 4124068.053330 0.000000 0.000153
302600.556175 4124068.090546 0.000000 0.000142
302600.556058 4124068.127524 0.000000 0.000131
302600.555941 4124068.164279 0.000000 0.000121
302600.555825 4124068.200824 0.000000 0.000110
302600.555710 4124068.237171 0.000000 0.000100
302600.555594 4124068.273333 0.000000 0.000090
302600.555480 4124068.309326 0.000000 0.000081
302600.555365 4124068.345161 0.000000 0.000072
302600.555251 4124068.380854 0.000000 0.000063
302600.555138 4124068.416419 0.000000 0.000055
302600.555024 4124068.451869 0.000000 0.000048
302600.554911 4124068.487220 0.000000 0.000041
302600.554799 4124068.522487 0.000000 0.000035
302600.554686 4124068.557683 0.000000 0.000030
302600.554573 4124068.592823 0.000000 0.000026
302600.554461 4124068.627923 0.000000 0.000022
302600.554348 4124068.662998 0.000000 0.000019
302600.554236 4124068.698061 0.000000 0.000017
302600.554124 4124068.733129 0.000000 0.000015
302600.554011 4124068.768216 0.000000 0.000014
302600.553899 4124068.803337 0.000000 0.000014
302600.553786 4124068.838507 0.000000 0.000014
302600.553673 4124068.873740 0.000000 0.000015
302600.553560 4124068.909051 0.000000 0.000017
302600.553446 4124068.944456 0.000000 0.000019
302600.553332 4124068.979967 0.000000 0.000022
302600.553218 4124069.015599 0.000000 0.000025
302600.553103 4124069.051366 0.000000 0.000029
302600.552987 4124069.087283 0.000000 0.000033
302600.552871 4124069.123362 0.000000 0.000037
302600.552755 4124069.159616 0.000000 0.000042
302600.552638 4124069.196060 0.000000 0.000047
302600.552520 4124069.232704 0.000000 0.000052
302600.552401 4124069.269563 0.000000 0.000057
302600.552282 4124069.306647 0.000000 0.000062
302600.552161 4124069.343969 0.000000 0.000067
302600.552040 4124069.381540 0.000000 0.000072
302600.551918 4124069.419371 0.000000 0.000078
302600.551795 4124069.457472 0.000000 0.000083
302600.551671 4124069.495853 0.000000 0.000088
302600.551545 4124069.534525 0.000000 0.000093
302600.551419 4124069.573496 0.000000 0.000098
302600.551291 4124069.612775 0.000000 0.000102
302600.551163 4124069.652371 0.000000 0.000107
302600.551033 4124069.692291 0.000000 0.000111
302600.550902 4124069.732543 0.000000 0.000115
302600.550769 4124069.773135 0.000000 0.000119
302600.550635 4124069.814071 0.000000 0.000123
302600.550500 4124069.855359 0.000000 0.000126
302600.550364 4124069.897005 0.000000 0.000129
302600.550226 4124069.939012 0.000000 0.000133
302600.550086 4124069.981385 0.000000 0.000135
302600.549945 4124070.024129 0.000000 0.000138
302600.549803 4124070.067247 0.000000 0.000141
302600.549659 4124070.110742 0.000000 0.000143
302600.549514 4124070.154617 0.000000 0.000145
302600.549367 4124070.198873 0.000000 0.000147
302600.549218 4124070.243512 0.000000 0.000149
302600.549068 4124070.288535 0.000000 0.000150
302600.548917 4124070.333943 0.000000 0.000152
302600.548763 4124070.379736 0.000000 0.000153
302600.548609 4124070.425914 0.000000 0.000154
302600.548452 4124070.472475 0.000000 0.000155
302600.548294 4124070.519418 0.000000 0.000156
302600.548134 4124070.566742 0.000000 0.000157
302600.547973 4124070.614444 0.000000 0.000158
302600.547810 4124070.662522 0.000000 0.000158
302600.547645 4124070.710973 0.000000 0.000159
302600.547479 4124070.759793 0.000000 0.000159
302600.547311 4124070.808979 0.000000 0.000160
302600.547141 4124070.858527 0.000000 0.000160
302600.546970 4124070.908431 0.000000 0.000160
302600.546797 4124070.958687 0.000000 0.000160
302600.546623 4124071.009291 0.000000 0.000160
302600.546447 4124071.060236 0.000000 0.000160
302600.546269 4124071.111517 0.000000 0.000160
302600.546090 4124071.163127 0.000000 0.000160
302600.545910 4124071.215061 0.000000 0.000160
302600.545727 4124071.267312 0.000000 0.000159
302600.545544 4124071.319874 0.000000 0.000159
302600.545358 4124071.372739 0.000000 0.000159
302600.545172 4124071.425901 0.000000 0.000159
302600.544984 4124071.479352 0.000000 0.000158
302600.544794 4124071.533086 0.000000 0.000158
302600.544603 4124071.587094 0.000000 0.000157
302600.544410 4124071.641370 0.000000 0.000157
302600.544217 4124071.695906 0.000000 0.000156
302600.544021 4124071.750695 0.000000 0.000156
302600.543825 4124071.805728 0.000000 0.000155
302600.543627 4124071.860998 0.000000 0.000154
302600.543428 4124071.916497 0.000000 0.000154
302600.543227 4124071.972219 0.000000 0.000153
302600.543026 4124072.028154 0.000000 0.000152
302600.542823 4124072.084297 0.000000 0.000152
302600.542618 4124072.140638 0.000000 0.000151
302600.542413 4124072.197170 0.000000 0.000150
302600.542207 4124072.253887 0.000000 0.000149
302600.541999 4124072.310780 0.000000 0.000148
302600.541790 4124072.367842 0.000000 0.000147
302600.541581 4124072.425067 0.000000 0.000146
302600.541370 4124072.482445 0.000000 0.000145
302600.541158 4124072.539972 0.000000 0.000144
302600.540945 4124072.597638 0.000000 0.000143
302600.540731 4124072.655439 0.000000 0.000141
302600.540517 4124072.713366 0.000000 0.000140
302600.540301 4124072.771413 0.000000 0.000139
302600.540085 4124072.829574 0.000000 0.000137
302600.539867 4124072.887841 0.000000 0.000136
302600.539649 4124072.946210 0.000000 0.000134
302600.539430 4124073.004672 0.000000 0.000133
302600.539210 4124073.063222 0.000000 0.000131
302600.538989 4124073.121855 0.000000 0.000130
302600.538768 4124073.180563 0.000000 0.000128
302600.538546 4124073.239342 0.000000 0.000126
302600.538323 4124073.298186 0.000000 0.000125
302600.538100 4124073.357088 0.000000 0.000123
302600.537876 4124073.416044 0.000000 0.000121
302600.537651 4124073.475047 0.000000 0.000119
302600.537426 4124073.534093 0.000000 0.000117
302600.537201 4124073.593177 0.000000 0.000115
302600.536974 4124073.652292 0.000000 0.000113
302600.536748 4124073.711435 0.000000 0.000111
302600.536520 4124073.770600 0.000000 0.000109
302600.536293 4124073.829781 0.000000 0.000107
302600.536065 4124073.888975 0.000000 0.000105
302600.535836 4124073.948175 0.000000 0.000102
302600.535607 4124074.007378 0.000000 0.000100
302600.535378 4124074.066577 0.000000 0.000098
302600.535149 4124074.125769 0.000000 0.000096
302600.534919 4124074.184949 0.000000 0.000093
302600.534689 4124074.244111 0.000000 0.000091
302600.534458 4124074.303250 0.000000 0.000089
302600.534228 4124074.362362 0.000000 0.000086
302600.533997 4124074.421441 0.000000 0.000084
302600.533767 4124074.480482 0.000000 0.000082
302600.533536 4124074.539480 0.000000 0.000080
302600.533305 4124074.598431 0.000000 0.000077
302600.533074 4124074.657327 0.000000 0.000075
302600.532842 4124074.716165 0.000000 0.000073
302600.532611 4124074.774938 0.000000 0.000071
302600.532380 4124074.833642 0.000000 0.000069
302600.532149 4124074.892269 0.000000 0.000067
302600.531918 4124074.950815 0.000000 0.000064
302600.531688 4124075.009274 0.000000 0.000062
302600.531457 4124075.067639 0.000000 0.000061
302600.531227 4124075.125904 0.000000 0.000059
302600.530996 4124075.184064 0.000000 0.000056
302600.530766 4124075.242112 0.000000 0.000055
302600.530537 4124075.300042 0.000000 0.000053
302600.530307 4124075.357846 0.000000 0.000051
302600.530078 4124075.415520 0.000000 0.000049
302600.529850 4124075.473054 0.000000 0.000048
302600.529622 4124075.530444 0.000000 0.000046
302600.529394 4124075.587682 0.000000 0.000045
302600.529166 4124075.644760 0.000000 0.000043
302600.528940 4124075.701673 0.000000 0.000042
302600.528714 4124075.758413 0.000000 0.000040
302600.528488 4124075.814971 0.000000 0.000039
302600.528263 4124075.871343 0.000000 0.000038
302600.528039 4124075.927519 0.000000 0.000037
302600.527815 4124075.983492 0.000000 0.000036
302600.527592 4124076.039256 0.000000 0.000035
302600.527370 4124076.094801 0.000000 0.000034
302600.527149 4124076.150122 0.000000 0.000033
302600.526928 4124076.205210 0.000000 0.000033
302600.526709 4124076.260059 0.000000 0.000032
302600.526490 4124076.314659 0.000000 0.000032
302600.526272 4124076.369004 0.000000 0.000031
302600.526055 4124076.423086 0.000000 0.000031
302600.525839 4124076.476899 0.000000 0.000031
302600.525624 4124076.530433 0.000000 0.000031
302600.525411 4124076.583683 0.000000 0.000031
302600.525198 4124076.636640 0.000000 0.000031
302600.524986 4124076.689298 0.000000 0.000031
302600.524776 4124076.741649 0.000000 0.000032
302600.524567 4124076.793687 0.000000 0.000033
302600.524359 4124076.845405 0.000000 0.000033
302600.524152 4124076.896797 0.000000 0.000034
302600.523946 4124076.947855 0.000000 0.000035
302600.523742 4124076.998573 0.000000 0.000037
302600.523539 4124077.048947 0.000000 0.000038
302600.523337 4124077.098969 0.000000 0.000040
302600.523137 4124077.148634 0.000000 0.000041
302600.522938 4124077.197937 0.000000 0.000043
302600.522740 4124077.246874 0.000000 0.000046
302600.522544 4124077.295438 0.000000 0.000048
302600.522349 4124077.343627 0.000000 0.000051
302600.522156 4124077.391435 0.000000 0.000053
302600.521964 4124077.438858 0.000000 0.000056
302600.521773 4124077.485895 0.000000 0.000060
302600.521584 4124077.532540 0.000000 0.000063
302600.521397 4124077.578792 0.000000 0.000067
302600.521211 4124077.624648 0.000000 0.000071
302600.521026 4124077.670106 0.000000 0.000075
302600.520843 4124077.715163 0.000000 0.000080
302600.520661 4124077.759820 0.000000 0.000085
302600.520481 4124077.804074 0.000000 0.000090
302600.520302 4124077.847925 0.000000 0.000096
302600.520125 4124077.891373 0.000000 0.000102
302600.519949 4124077.934417 0.000000 0.000108
302600.519774 4124077.977059 0.000000 0.000115
302600.519601 4124078.019299 0.000000 0.000122
302600.519430 4124078.061138 0.000000 0.000129
302600.519260 4124078.102579 0.000000 0.000136
302600.519091 4124078.143622 0.000000 0.000144
302600.518923 4124078.184271 0.000000 0.000152
302600.518757 4124078.224527 0.000000 0.000161
302600.518593 4124078.264395 0.000000 0.000170
302600.518429 4124078.303877 0.000000 0.000180
302600.518267 4124078.342977 0.000000 0.000189
302600.518107 4124078.381700 0.000000 0.000200
302600.517947 4124078.420050 0.000000 0.000210
302600.517789 4124078.458031 0.000000 0.000220
302600.517632 4124078.495649 0.000000 0.000232
302600.517476 4124078.532909 0.000000 0.000243
302600.517321 4124078.569817 0.000000 0.000254
302600.517168 4124078.606379 0.000000 0.000266
302600.517015 4124078.642601 0.000000 0.000278
302600.516864 4124078.678490 0.000000 0.000290
302600.516713 4124078.714052 0.000000 0.000303
302600.516564 4124078.749295 0.000000 0.000315
302600.516415 4124078.784226 0.000000 0.000327
302600.516267 4124078.818852 0.000000 0.000340
302600.516120 4124078.853182 0.000000 0.000352
302600.515974 4124078.887222 0.000000 0.000365
302600.515829 4124078.920981 0.000000 0.000377
302600.515685 4124078.954466 0.000000 0.000389
302600.515541 4124078.987687 0.000000 0.000401
302600.515398 4124079.020652 0.000000 0.000412
302600.515255 4124079.053369 0.000000 0.000423
302600.515114 4124079.085846 0.000000 0.000434
302600.514972 4124079.118092 0.000000 0.000444
302600.514831 4124079.150116 0.000000 0.000454
302600.514691 4124079.181926 0.000000 0.000463
302600.514551 4124079.213531 0.000000 0.000472
302600.514412 4124079.244939 0.000000 0.000479
302600.514273 4124079.276160 0.000000 0.000487
302600.514134 4124079.307200 0.000000 0.000493
302600.513996 4124079.338069 0.000000 0.000499
302600.513857 4124079.368775 0.000000 0.000503
302600.513719 4124079.399327 0.000000 0.000507
302600.513582 4124079.429732 0.000000 0.000510
302600.513444 4124079.459999 0.000000 0.000512
302600.513306 4124079.490134 0.000000 0.000513
302600.513169 4124079.520147 0.000000 0.000513
302600.513032 4124079.550045 0.000000 0.000513
302600.512894 4124079.579835 0.000000 0.000511
302600.512757 4124079.609525 0.000000 0.000508
302600.512620 4124079.639121 0.000000 0.000505
302600.512482 4124079.668631 0.000000 0.000500
302600.512345 4124079.698062 0.000000 0.000495
302600.512208 4124079.727419 0.000000 0.000489
302600.512070 4124079.756710 0.000000 0.000482
302600.511932 4124079.785940 0.000000 0.000474
302600.511794 4124079.815116 0.000000 0.000465
302600.511656 4124079.844244 0.000000 0.000456
302600.511518 4124079.873328 0.000000 0.000446
302600.511380 4124079.902374 0.000000 0.000435
302600.511241 4124079.931388 0.000000 0.000424
302600.511102 4124079.960374 0.000000 0.000412
302600.510963 4124079.989337 0.000000 0.000400
302600.510824 4124080.018281 0.000000 0.000387
302600.510684 4124080.047211 0.000000 0.000374
302600.510544 4124080.076130 0.000000 0.000361
302600.510404 4124080.105042 0.000000 0.000347
302600.510264 4124080.133951 0.000000 0.000333
302600.510123 4124080.162860 0.000000 0.000318
302600.509982 4124080.191773 0.000000 0.000304
302600.509841 4124080.220691 0.000000 0.000289
302600.509699 4124080.249618 0.000000 0.000275
302600.509558 4124080.278557 0.000000 0.000260
302600.509416 4124080.307509 0.000000 0.000246
302600.509273 4124080.336476 0.000000 0.000231
302600.509131 4124080.365461 0.000000 0.000217
302600.508988 4124080.394465 0.000000 0.000202
302600.508844 4124080.423489 0.000000 0.000188
302600.508701 4124080.452535 0.000000 0.000174
302600.508557 4124080.481604 0.000000 0.000161
302600.508413 4124080.510697 0.000000 0.000147
302600.508269 4124080.539815 0.000000 0.000134
302600.508125 4124080.568959 0.000000 0.000122
302600.507980 4124080.598129 0.000000 0.000109
302600.507835 4124080.627325 0.000000 0.000097
302600.507690 4124080.656549 0.000000 0.000086
302600.507544 4124080.685799 0.000000 0.000075
302600.507399 4124080.715077 0.000000 0.000064
302600.507253 4124080.744383 0.000000 0.000054
302600.507107 4124080.773715 0.000000 0.000044
302600.506961 4124080.803075 0.000000 0.000035
302600.506815 4124080.832462 0.000000 0.000026
302600.506668 4124080.861876 0.000000 0.000018
302600.506522 4124080.891316 0.000000 0.000010
302600.506375 4124080.920781 0.000000 0.000003
302600.506228 4124080.950273 0.000000 -0.000004
302600.506081 4124080.979789 0.000000 -0.000010
302600.505934 4124081.009330 0.000000 -0.000016
302600.505787 4124081.038894 0.000000 -0.000021
302600.505640 4124081.068482 0.000000 -0.000025
302600.505492 4124081.098092 0.000000 -0.000029
302600.505345 4124081.127724 0.000000 -0.000033
302600.505198 4124081.157377 0.000000 -0.000036
302600.505050 4124081.187050 0.000000 -0.000039
302600.504902 4124081.216743 0.000000 -0.000040
302600.504755 4124081.246455 0.000000 -0.000042
302600.504607 4124081.276185 0.000000 -0.000043
302600.504459 4124081.305933 0.000000 -0.000044
302600.504311 4124081.335697 0.000000 -0.000044
302600.504163 4124081.365478 0.000000 -0.000044
302600.504015 4124081.395273 0.000000 -0.000043
302600.503867 4124081.425083 0.000000 -0.000041
302600.503719 4124081.454906 0.000000 -0.000040
302600.503571 4124081.484743 0.000000 -0.000037
302600.503423 4124081.514592 0.000000 -0.000035
302600.503275 4124081.544453 0.000000 -0.000032
302600.503127 4124081.574324 0.000000 -0.000028
302600.502979 4124081.604206 0.000000 -0.000025
302600.502831 4124081.634098 0.000000 -0.000021
302600.502683 4124081.663998 0.000000 -0.000016
302600.502534 4124081.693908 0.000000 -0.000012
302600.502386 4124081.723825 0.000000 -0.000007
302600.502238 4124081.753750 0.000000 -0.000001
302600.502089 4124081.783682 0.000000 0.000004
302600.501941 4124081.813620 0.000000 0.000010
302600.501793 4124081.843564 0.000000 0.000017
302600.501644 4124081.873514 0.000000 0.000023
302600.501496 4124081.903469 0.000000 0.000029
302600.501347 4124081.933429 0.000000 0.000036
302600.501199 4124081.963394 0.000000 0.000042
302600.501050 4124081.993363 0.000000 0.000049
302600.500901 4124082.023335 0.000000 0.000056
302600.500753 4124082.053311 0.000000 0.000063
302600.500604 4124082.083290 0.000000 0.000070
302600.500455 4124082.113272 0.000000 0.000076
302600.500306 4124082.143257 0.000000 0.000083
302600.500157 4124082.173245 0.000000 0.000090
302600.500008 4124082.203235 0.000000 0.000097
302600.499858 4124082.233226 0.000000 0.000104
302600.499709 4124082.263220 0.000000 0.000110
302600.499559 4124082.293216 0.000000 0.000117
302600.499410 4124082.323213 0.000000 0.000123
302600.499260 4124082.353211 0.000000 0.000129
302600.499110 4124082.383211 0.000000 0.000135
302600.498960 4124082.413212 0.000000 0.000141
302600.498810 4124082.443214 0.000000 0.000146
302600.498660 4124082.473217 0.000000 0.000152
302600.498510 4124082.503221 0.000000 0.000157
302600.498359 4124082.533226 0.000000 0.000162
302600.498208 4124082.563231 0.000000 0.000167
302600.498058 4124082.593237 0.000000 0.000171
302600.497907 4124082.623243 0.000000 0.000175
302600.497755 4124082.653251 0.000000 0.000179
302600.497604 4124082.683258 0.000000 0.000183
302600.497453 4124082.713266 0.000000 0.000186
302600.497301 4124082.743274 0.000000 0.000189
302600.497149 4124082.773283 0.000000 0.000192
302600.496997 4124082.803292 0.000000 0.000194
302600.496845 4124082.833301 0.000000 0.000197
302600.496693 4124082.863310 0.000000 0.000199
302600.496540 4124082.893320 0.000000 0.000200
302600.496387 4124082.923330 0.000000 0.000202
302600.496235 4124082.953340 0.000000 0.000203
302600.496082 4124082.983350 0.000000 0.000203
302600.495928 4124083.013360 0.000000 0.000203
302600.495775 4124083.043370 0.000000 0.000204
302600.495621 4124083.073381 0.000000 0.000204
302600.495467 4124083.103391 0.000000 0.000203
302600.495313 4124083.133402 0.000000 0.000202
302600.495159 4124083.163413 0.000000 0.000202
302600.495005 4124083.193423 0.000000 0.000200
302600.494850 4124083.223434 0.000000 0.000199
302600.494696 4124083.253445 0.000000 0.000197
302600.494541 4124083.283456 0.000000 0.000195
302600.494386 4124083.313467 0.000000 0.000193
302600.494230 4124083.343478 0.000000 0.000191
302600.494075 4124083.373489 0.000000 0.000188
302600.493919 4124083.403500 0.000000 0.000185
302600.493764 4124083.433511 0.000000 0.000182
302600.493608 4124083.463522 0.000000 0.000179
302600.493452 4124083.493533 0.000000 0.000176
302600.493295 4124083.523544 0.000000 0.000172
302600.493139 4124083.553555 0.000000 0.000169
302600.492983 4124083.583566 0.000000 0.000165
302600.492826 4124083.613577 0.000000 0.000161
302600.492669 4124083.643587 0.000000 0.000157
302600.492512 4124083.673598 0.000000 0.000153
302600.492355 4124083.703609 0.000000 0.000149
302600.492198 4124083.733619 0.000000 0.000145
302600.492040 4124083.763630 0.000000 0.000141
302600.491883 4124083.793640 0.000000 0.000137
302600.491725 4124083.823651 0.000000 0.000132
302600.491567 4124083.853661 0.000000 0.000129
302600.491410 4124083.883671 0.000000 0.000124
302600.491252 4124083.913681 0.000000 0.000120
302600.491094 4124083.943691 0.000000 0.000116
302600.490935 4124083.973701 0.000000 0.000112
302600.490777 4124084.003712 0.000000 0.000108
302600.490619 4124084.033722 0.000000 0.000103
302600.490460 4124084.063732 0.000000 0.000100
302600.490302 4124084.093742 0.000000 0.000096
302600.490143 4124084.123752 0.000000 0.000092
302600.489984 4124084.153762 0.000000 0.000088
302600.489825 4124084.183772 0.000000 0.000084
302600.489667 4124084.213783 0.000000 0.000080
302600.489508 4124084.243794 0.000000 0.000076
302600.489349 4124084.273805 0.000000 0.000073
302600.489189 4124084.303817 0.000000 0.000069
302600.489030 4124084.333829 0.000000 0.000066
302600.488871 4124084.363841 0.000000 0.000062
302600.488712 4124084.393855 0.000000 0.000059
302600.488552 4124084.423869 0.000000 0.000056
302600.488393 4124084.453884 0.000000 0.000053
302600.488234 4124084.483900 0.000000 0.000050
302600.488074 4124084.513917 0.000000 0.000047
302600.487915 4124084.543935 0.000000 0.000045
302600.487755 4124084.573955 0.000000 0.000042
302600.487595 4124084.603977 0.000000 0.000039
302600.487436 4124084.634001 0.000000 0.000036
302600.487276 4124084.664026 0.000000 0.000035
302600.487116 4124084.694054 0.000000 0.000032
302600.486956 4124084.724085 0.000000 0.000030
302600.486796 4124084.754118 0.000000 0.000028
302600.486636 4124084.784154 0.000000 0.000026
302600.486476 4124084.814194 0.000000 0.000024
302600.486317 4124084.844238 0.000000 0.000023
302600.486156 4124084.874286 0.000000 0.000021
302600.485996 4124084.904338 0.000000 0.000019
302600.485836 4124084.934395 0.000000 0.000018
302600.485676 4124084.964457 0.000000 0.000017
302600.485516 4124084.994525 0.000000 0.000015
302600.485356 4124085.024599 0.000000 0.000014
302600.485195 4124085.054680 0.000000 0.000013
302600.485035 4124085.084768 0.000000 0.000012
302600.484875 4124085.114864 0.000000 0.000010
302600.484714 4124085.144968 0.000000 0.000010
302600.484554 4124085.175081 0.000000 0.000009
302600.484393 4124085.205204 0.000000 0.000008
302600.484232 4124085.235337 0.000000 0.000007
302600.484072 4124085.265481 0.000000 0.000006
302600.483911 4124085.295636 0.000000 0.000006
302600.483750 4124085.325804 0.000000 0.000005
302600.483589 4124085.355986 0.000000 0.000005
302600.483428 4124085.386181 0.000000 0.000004
302600.483267 4124085.416391 0.000000 0.000003
302600.483106 4124085.446618 0.000000 0.000003
302600.482945 4124085.476861 0.000000 0.000002
302600.482783 4124085.507122 0.000000 0.000001
302600.482622 4124085.537401 0.000000 0.000001
302600.482460 4124085.567701 0.000000 0.000001
302600.482299 4124085.598021 0.000000 0.000000
302600.482137 4124085.628363 0.000000 -0.000001
302600.481975 4124085.658729 0.000000 -0.000001
302600.481813 4124085.689119 0.000000 -0.000002
302600.481651 4124085.719534 0.000000 -0.000002
302600.481488 4124085.749977 0.000000 -0.000003
302600.481326 4124085.780447 0.000000 -0.000003
302600.481163 4124085.810947 0.000000 -0.000004
302600.481000 4124085.841477 0.000000 -0.000005
302600.480837 4124085.872040 0.000000 -0.000006
302600.480674 4124085.902637 0.000000 -0.000006
302600.480511 4124085.933268 0.000000 -0.000007
302600.480347 4124085.963936 0.000000 -0.000008
302600.480184 4124085.994643 0.000000 -0.000009
302600.480020 4124086.025389 0.000000 -0.000010
302600.479856 4124086.056176 0.000000 -0.000011
302600.479691 4124086.087006 0.000000 -0.000013
302600.479527 4124086.117880 0.000000 -0.000014
302600.479362 4124086.148801 0.000000 -0.000016
302600.479197 4124086.179770 0.000000 -0.000017
302600.479032 4124086.210788 0.000000 -0.000018
302600.478866 4124086.241858 0.000000 -0.000020
302600.478701 4124086.272981 0.000000 -0.000022
302600.478534 4124086.304159 0.000000 -0.000023
302600.478368 4124086.335394 0.000000 -0.000025
302600.478201 4124086.366688 0.000000 -0.000027
302600.478035 4124086.398042 0.000000 -0.000029
302600.477867 4124086.429459 0.000000 -0.000032
302600.477700 4124086.460941 0.000000 -0.000034
302600.477532 4124086.492489 0.000000 -0.000037
302600.477364 4124086.524106 0.000000 -0.000039
302600.477195 4124086.555793 0.000000 -0.000043
302600.477026 4124086.587553 0.000000 -0.000045
302600.476857 4124086.619387 0.000000 -0.000048
302600.476688 4124086.651298 0.000000 -0.000051
302600.476518 4124086.683288 0.000000 -0.000054
302600.476347 4124086.715358 0.000000 -0.000058
302600.476177 4124086.747511 0.000000 -0.000061
302600.476005 4124086.779749 0.000000 -0.000065
302600.475834 4124086.812075 0.000000 -0.000068
302600.475662 4124086.844489 0.000000 -0.000072
302600.475490 4124086.876995 0.000000 -0.000076
302600.475317 4124086.909595 0.000000 -0.000080
302600.475144 4124086.942290 0.000000 -0.000083
302600.474970 4124086.975083 0.000000 -0.000088
302600.474796 4124087.007976 0.000000 -0.000092
302600.474622 4124087.040972 0.000000 -0.000096
302600.474447 4124087.074072 0.000000 -0.000100
302600.474272 4124087.107279 0.000000 -0.000104
302600.474096 4124087.140594 0.000000 -0.000108
302600.473920 4124087.174021 0.000000 -0.000112
302600.473743 4124087.207562 0.000000 -0.000116
302600.473566 4124087.241219 0.000000 -0.000120
302600.473388 4124087.274993 0.000000 -0.000124
302600.473210 4124087.308888 0.000000 -0.000128
302600.473031 4124087.342906 0.000000 -0.000132
302600.472852 4124087.377049 0.000000 -0.000136
302600.472672 4124087.411319 0.000000 -0.000140
302600.472492 4124087.445719 0.000000 -0.000143
302600.472311 4124087.480251 0.000000 -0.000147
302600.472130 4124087.514918 0.000000 -0.000150
302600.471948 4124087.549722 0.000000 -0.000153
302600.471766 4124087.584666 0.000000 -0.000156
302600.471583 4124087.619751 0.000000 -0.000159
302600.471400 4124087.654981 0.000000 -0.000162
302600.471216 4124087.690359 0.000000 -0.000164
302600.471031 4124087.725885 0.000000 -0.000166
302600.470846 4124087.761564 0.000000 -0.000168
302600.470660 4124087.797397 0.000000 -0.000169
302600.470474 4124087.833388 0.000000 -0.000171
302600.470287 4124087.869539 0.000000 -0.000172
302600.470099 4124087.905853 0.000000 -0.000173
302600.469911 4124087.942332 0.000000 -0.000173
302600.469722 4124087.978979 0.000000 -0.000173
302600.469533 4124088.015797 0.000000 -0.000173
302600.469343 4124088.052790 0.000000 -0.000173
302600.469152 4124088.089959 0.000000 -0.000172
302600.468960 4124088.127308 0.000000 -0.000171
302600.468768 4124088.164839 0.000000 -0.000169
302600.468575 4124088.202557 0.000000 -0.000167
302600.468382 4124088.240463 0.000000 -0.000165
302600.468187 4124088.278561 0.000000 -0.000162
302600.467992 4124088.316854 0.000000 -0.000159
302600.467796 4124088.355346 0.000000 -0.000155
302600.467599 4124088.394040 0.000000 -0.000152
302600.467402 4124088.432939 0.000000 -0.000147
302600.467204 4124088.472046 0.000000 -0.000142
302600.467004 4124088.511366 0.000000 -0.000137
302600.466804 4124088.550902 0.000000 -0.000132
302600.466603 4124088.590657 0.000000 -0.000126
302600.466401 4124088.630635 0.000000 -0.000120
302600.466199 4124088.670841 0.000000 -0.000114
302600.465995 4124088.711278 0.000000 -0.000107
302600.465790 4124088.751950 0.000000 -0.000100
302600.465584 4124088.792862 0.000000 -0.000093
302600.465377 4124088.834018 0.000000 -0.000085
302600.465169 4124088.875423 0.000000 -0.000077
302600.464960 4124088.917080 0.000000 -0.000069
302600.464749 4124088.958996 0.000000 -0.000061
302600.464538 4124089.001174 0.000000 -0.000053
302600.464325 4124089.043620 0.000000 -0.000044
302600.464111 4124089.086340 0.000000 -0.000035
302600.463895 4124089.129338 0.000000 -0.000027
302600.463678 4124089.172620 0.000000 -0.000018
302600.463460 4124089.216193 0.000000 -0.000009
302600.463240 4124089.260062 0.000000 -0.000000
302600.463019 4124089.304233 0.000000 0.000009
302600.462796 4124089.348713 0.000000 0.000017
302600.462572 4124089.393509 0.000000 0.000026
302600.462346 4124089.438628 0.000000 0.000034
302600.462118 4124089.484077 0.000000 0.000043
302600.461888 4124089.529864 0.000000 0.000051
302600.461657 4124089.575996 0.000000 0.000059
302600.461423 4124089.622481 0.000000 0.000067
302600.461188 4124089.669329 0.000000 0.000075
302600.460951 4124089.716547 0.000000 0.000082
302600.460711 4124089.764146 0.000000 0.000089
302600.460470 4124089.812133 0.000000 0.000096
302600.460226 4124089.860521 0.000000 0.000103
302600.459980 4124089.909317 0.000000 0.000109
302600.459731 4124089.958535 0.000000 0.000114
302600.459480 4124090.008183 0.000000 0.000120
302600.459227 4124090.058274 0.000000 0.000125
302600.458971 4124090.108820 0.000000 0.000129
302600.458712 4124090.159833 0.000000 0.000133
302600.458450 4124090.211325 0.000000 0.000137
302600.458186 4124090.263311 0.000000 0.000140
302600.457918 4124090.315805 0.000000 0.000142
302600.457648 4124090.368820 0.000000 0.000144
302600.457374 4124090.422371 0.000000 0.000145
302600.457097 4124090.476474 0.000000 0.000146
302600.456817 4124090.531146 0.000000 0.000147
302600.456533 4124090.586403 0.000000 0.000146
302600.456246 4124090.642263 0.000000 0.000145
302600.455955 4124090.698745 0.000000 0.000143
302600.455660 4124090.755870 0.000000 0.000139
302600.455362 4124090.813660 0.000000 0.000135
302600.455059 4124090.872140 0.000000 0.000130
302600.454752 4124090.931335 0.000000 0.000123
302600.454441 4124090.991275 0.000000 0.000115
302600.454126 4124091.051993 0.000000 0.000105
302600.453806 4124091.113525 0.000000 0.000093
302600.453481 4124091.175912 0.000000 0.000080
302600.453151 4124091.239199 0.000000 0.000065
302600.452815 4124091.303438 0.000000 0.000048
302600.452475 4124091.368684 0.000000 0.000029
302600.452128 4124091.435004 0.000000 0.000009
302600.451776 4124091.502467 0.000000 -0.000013
302600.451417 4124091.571153 0.000000 -0.000037
302600.451052 4124091.641152 0.000000 -0.000062
302600.450680 4124091.712563 0.000000 -0.000088
302600.450300 4124091.785496 0.000000 -0.000114
302600.449912 4124091.860072 0.000000 -0.000141
302600.449515 4124091.936426 0.000000 -0.000168
302600.449110 4124092.014708 0.000000 -0.000194
302600.448695 4124092.095080 0.000000 -0.000219
302600.448270 4124092.177723 0.000000 -0.000243
302600.447834 4124092.262834 0.000000 -0.000265
302600.447386 4124092.350628 0.000000 -0.000285
302600.446926 4124092.441340 0.000000 -0.000302
302600.446452 4124092.535227 0.000000 -0.000316
302600.445964 4124092.632567 0.000000 -0.000327
302600.445460 4124092.733663 0.000000 -0.000335
302600.444939 4124092.838840 0.000000 -0.000340
302600.444401 4124092.948454 0.000000 -0.000341
302600.443843 4124093.062886 0.000000 -0.000339
302600.443264 4124093.182546 0.000000 -0.000334
302600.442663 4124093.307878 0.000000 -0.000326
302600.442039 4124093.439356 0.000000 -0.000317
302600.441388 4124093.577490 0.000000 -0.000305
302600.440710 4124093.722825 0.000000 -0.000291
302600.440002 4124093.875944 0.000000 -0.000277
302600.439262 4124094.037470 0.000000 -0.000261
302600.438488 4124094.208067 0.000000 -0.000245
302600.437678 4124094.388443 0.000000 -0.000229
302600.436828 4124094.579349 0.000000 -0.000213
302600.435937 4124094.781585 0.000000 -0.000197
