302530.867000 4124339.292000 0.000000 -0.006349
302530.618343 4124339.397422 0.000000 -0.006349
302530.386061 4124339.496357 0.000000 -0.007225
302530.168911 4124339.589300 0.000000 -0.008184
302529.965724 4124339.676717 0.000000 -0.009226
302529.775405 4124339.759044 0.000000 -0.010345
302529.596931 4124339.836688 0.000000 -0.011533
302529.429345 4124339.910030 0.000000 -0.012778
302529.271754 4124339.979424 0.000000 -0.014065
302529.123328 4124340.045200 0.000000 -0.015374
302528.983293 4124340.107664 0.000000 -0.016683
302528.850934 4124340.167099 0.000000 -0.017966
302528.725585 4124340.223770 0.000000 -0.019194
302528.606633 4124340.277918 0.000000 -0.020340
302528.493511 4124340.329767 0.000000 -0.021375
302528.385697 4124340.379522 0.000000 -0.022276
302528.282712 4124340.427372 0.000000 -0.023020
302528.184118 4124340.473490 0.000000 -0.023590
302528.089513 4124340.518032 0.000000 -0.023976
302527.998530 4124340.561142 0.000000 -0.024176
302527.910838 4124340.602951 0.000000 -0.024191
302527.826135 4124340.643574 0.000000 -0.024031
302527.744148 4124340.683120 0.000000 -0.023711
302527.664633 4124340.721682 0.000000 -0.023253
302527.587368 4124340.759347 0.000000 -0.022679
302527.512156 4124340.796189 0.000000 -0.022016
302527.438823 4124340.832277 0.000000 -0.021290
302527.367212 4124340.867671 0.000000 -0.020527
302527.297187 4124340.902423 0.000000 -0.019752
302527.228624 4124340.936579 0.000000 -0.018988
302527.161420 4124340.970180 0.000000 -0.018255
302527.095481 4124341.003261 0.000000 -0.017568
302527.030727 4124341.035851 0.000000 -0.016944
302526.967089 4124341.067976 0.000000 -0.016389
302526.904507 4124341.099659 0.000000 -0.015913
302526.842930 4124341.130920 0.000000 -0.015522
302526.782316 4124341.161773 0.000000 -0.015213
302526.722626 4124341.192232 0.000000 -0.014991
302526.663829 4124341.222310 0.000000 -0.014852
302526.605899 4124341.252015 0.000000 -0.014792
302526.548811 4124341.281358 0.000000 -0.014805
302526.492547 4124341.310345 0.000000 -0.014889
302526.437087 4124341.338982 0.000000 -0.015033
302526.382417 4124341.367277 0.000000 -0.015233
302526.328522 4124341.395234 0.000000 -0.015479
302526.275387 4124341.422859 0.000000 -0.015764
302526.223000 4124341.450159 0.000000 -0.016080
302526.171346 4124341.477138 0.000000 -0.016421
302526.120413 4124341.503803 0.000000 -0.016778
302526.070186 4124341.530159 0.000000 -0.017145
302526.020651 4124341.556213 0.000000 -0.017520
302525.971793 4124341.581971 0.000000 -0.017897
302525.923597 4124341.607442 0.000000 -0.018275
302525.876047 4124341.632631 0.000000 -0.018654
302525.829125 4124341.657547 0.000000 -0.019028
302525.782817 4124341.682197 0.000000 -0.019398
302525.737105 4124341.706589 0.000000 -0.019763
302525.691972 4124341.730732 0.000000 -0.020115
302525.647401 4124341.754632 0.000000 -0.020458
302525.603374 4124341.778299 0.000000 -0.020785
302525.559873 4124341.801741 0.000000 -0.021099
302525.516882 4124341.824966 0.000000 -0.021393
302525.474383 4124341.847982 0.000000 -0.021669
302525.432358 4124341.870798 0.000000 -0.021923
302525.390791 4124341.893422 0.000000 -0.022152
302525.349663 4124341.915863 0.000000 -0.022358
302525.308957 4124341.938127 0.000000 -0.022538
302525.268658 4124341.960225 0.000000 -0.022687
302525.228748 4124341.982162 0.000000 -0.022811
302525.189211 4124342.003948 0.000000 -0.022906
302525.150031 4124342.025590 0.000000 -0.022971
302525.111192 4124342.047096 0.000000 -0.023004
302525.072678 4124342.068472 0.000000 -0.023011
302525.034475 4124342.089727 0.000000 -0.022986
302524.996569 4124342.110866 0.000000 -0.022932
302524.958944 4124342.131897 0.000000 -0.022851
302524.921588 4124342.152827 0.000000 -0.022739
302524.884486 4124342.173660 0.000000 -0.022606
302524.847627 4124342.194405 0.000000 -0.022445
302524.810997 4124342.215066 0.000000 -0.022259
302524.774585 4124342.235649 0.000000 -0.022056
302524.738379 4124342.256159 0.000000 -0.021827
302524.702369 4124342.276601 0.000000 -0.021582
302524.666545 4124342.296981 0.000000 -0.021324
302524.630897 4124342.317301 0.000000 -0.021048
302524.595414 4124342.337568 0.000000 -0.020763
302524.560090 4124342.357784 0.000000 -0.020464
302524.524915 4124342.377953 0.000000 -0.020163
302524.489882 4124342.398079 0.000000 -0.019849
302524.454985 4124342.418164 0.000000 -0.019539
302524.420215 4124342.438212 0.000000 -0.019219
302524.385568 4124342.458225 0.000000 -0.018909
302524.351038 4124342.478206 0.000000 -0.018592
302524.316620 4124342.498155 0.000000 -0.018285
302524.282309 4124342.518076 0.000000 -0.017978
302524.248101 4124342.537969 0.000000 -0.017683
302524.213993 4124342.557836 0.000000 -0.017388
302524.179982 4124342.577678 0.000000 -0.017109
302524.146065 4124342.597496 0.000000 -0.016838
302524.112240 4124342.617290 0.000000 -0.016577
302524.078504 4124342.637061 0.000000 -0.016331
302524.044856 4124342.656810 0.000000 -0.016095
302524.011296 4124342.676535 0.000000 -0.015872
302523.977822 4124342.696238 0.000000 -0.015663
302523.944433 4124342.715917 0.000000 -0.015468
302523.911130 4124342.735573 0.000000 -0.015286
302523.877911 4124342.755206 0.000000 -0.015122
302523.844778 4124342.774814 0.000000 -0.014968
302523.811731 4124342.794397 0.000000 -0.014830
302523.778770 4124342.813954 0.000000 -0.014708
302523.745895 4124342.833485 0.000000 -0.014596
302523.713108 4124342.852989 0.000000 -0.014503
302523.680409 4124342.872465 0.000000 -0.014423
302523.647800 4124342.891912 0.000000 -0.014355
302523.615281 4124342.911328 0.000000 -0.014300
302523.582853 4124342.930714 0.000000 -0.014260
302523.550518 4124342.950069 0.000000 -0.014232
302523.518277 4124342.969390 0.000000 -0.014219
302523.486131 4124342.988678 0.000000 -0.014215
302523.454082 4124343.007931 0.000000 -0.014224
302523.422129 4124343.027149 0.000000 -0.014247
302523.390275 4124343.046331 0.000000 -0.014276
302523.358521 4124343.065476 0.000000 -0.014320
302523.326867 4124343.084583 0.000000 -0.014372
302523.295315 4124343.103651 0.000000 -0.014434
302523.263866 4124343.122680 0.000000 -0.014504
302523.232520 4124343.141670 0.000000 -0.014583
302523.201278 4124343.160619 0.000000 -0.014671
302523.170142 4124343.179527 0.000000 -0.014764
302523.139110 4124343.198394 0.000000 -0.014865
302523.108184 4124343.217220 0.000000 -0.014974
302523.077365 4124343.236004 0.000000 -0.015084
302523.046652 4124343.254746 0.000000 -0.015204
302523.016045 4124343.273446 0.000000 -0.015322
302522.985545 4124343.292104 0.000000 -0.015450
302522.955151 4124343.310719 0.000000 -0.015572
302522.924863 4124343.329293 0.000000 -0.015705
302522.894681 4124343.347826 0.000000 -0.015837
302522.864604 4124343.366317 0.000000 -0.015964
302522.834631 4124343.384767 0.000000 -0.016096
302522.804762 4124343.403177 0.000000 -0.016224
302522.774996 4124343.421546 0.000000 -0.016354
302522.745331 4124343.439877 0.000000 -0.016478
302522.715767 4124343.458168 0.000000 -0.016602
302522.686302 4124343.476422 0.000000 -0.016722
302522.656935 4124343.494639 0.000000 -0.016835
302522.627665 4124343.512819 0.000000 -0.016943
302522.598489 4124343.530964 0.000000 -0.017049
302522.569407 4124343.549074 0.000000 -0.017146
302522.540416 4124343.567152 0.000000 -0.017236
302522.511515 4124343.585197 0.000000 -0.017323
302522.482701 4124343.603210 0.000000 -0.017399
302522.453974 4124343.621194 0.000000 -0.017466
302522.425330 4124343.639148 0.000000 -0.017529
302522.396769 4124343.657075 0.000000 -0.017582
302522.368288 4124343.674975 0.000000 -0.017628
302522.339885 4124343.692849 0.000000 -0.017665
302522.311557 4124343.710699 0.000000 -0.017691
302522.283304 4124343.728526 0.000000 -0.017709
302522.255123 4124343.746330 0.000000 -0.017725
302522.227012 4124343.764113 0.000000 -0.017722
302522.198969 4124343.781877 0.000000 -0.017715
302522.170993 4124343.799621 0.000000 -0.017702
302522.143081 4124343.817347 0.000000 -0.017680
302522.115232 4124343.835057 0.000000 -0.017648
302522.087444 4124343.852750 0.000000 -0.017608
302522.059716 4124343.870428 0.000000 -0.017562
302522.032045 4124343.888091 0.000000 -0.017510
302522.004431 4124343.905741 0.000000 -0.017449
302521.976872 4124343.923378 0.000000 -0.017383
302521.949366 4124343.941002 0.000000 -0.017313
302521.921913 4124343.958615 0.000000 -0.017230
302521.894511 4124343.976217 0.000000 -0.017150
302521.867160 4124343.993808 0.000000 -0.017063
302521.839857 4124344.011388 0.000000 -0.016969
302521.812604 4124344.028959 0.000000 -0.016875
302521.785398 4124344.046520 0.000000 -0.016775
302521.758239 4124344.064071 0.000000 -0.016673
302521.731127 4124344.081613 0.000000 -0.016569
302521.704062 4124344.099145 0.000000 -0.016462
302521.677042 4124344.116668 0.000000 -0.016358
302521.650068 4124344.134181 0.000000 -0.016249
302521.623140 4124344.151685 0.000000 -0.016139
302521.596258 4124344.169178 0.000000 -0.016034
302521.569423 4124344.186661 0.000000 -0.015929
302521.542633 4124344.204133 0.000000 -0.015818
302521.515890 4124344.221595 0.000000 -0.015718
302521.489195 4124344.239044 0.000000 -0.015615
302521.462548 4124344.256481 0.000000 -0.015517
302521.435949 4124344.273905 0.000000 -0.015423
302521.409399 4124344.291315 0.000000 -0.015330
302521.382900 4124344.308711 0.000000 -0.015242
302521.356453 4124344.326091 0.000000 -0.015160
302521.330057 4124344.343454 0.000000 -0.015081
302521.303716 4124344.360801 0.000000 -0.015011
302521.277430 4124344.378129 0.000000 -0.014941
302521.251199 4124344.395437 0.000000 -0.014879
302521.225027 4124344.412725 0.000000 -0.014827
302521.198914 4124344.429991 0.000000 -0.014777
302521.172861 4124344.447235 0.000000 -0.014740
302521.146871 4124344.464454 0.000000 -0.014706
302521.120945 4124344.481648 0.000000 -0.014680
302521.095085 4124344.498815 0.000000 -0.014665
302521.069293 4124344.515955 0.000000 -0.014654
302521.043569 4124344.533065 0.000000 -0.014653
302521.017917 4124344.550145 0.000000 -0.014665
302520.992337 4124344.567193 0.000000 -0.014681
302520.966832 4124344.584208 0.000000 -0.014709
302520.941404 4124344.601188 0.000000 -0.014743
302520.916053 4124344.618133 0.000000 -0.014789
302520.890783 4124344.635040 0.000000 -0.014845
302520.865594 4124344.651910 0.000000 -0.014912
302520.840489 4124344.668740 0.000000 -0.014989
302520.815469 4124344.685529 0.000000 -0.015073
302520.790536 4124344.702276 0.000000 -0.015171
302520.765691 4124344.718981 0.000000 -0.015276
302520.740936 4124344.735641 0.000000 -0.015399
302520.716273 4124344.752256 0.000000 -0.015526
302520.691703 4124344.768824 0.000000 -0.015667
302520.667228 4124344.785346 0.000000 -0.015818
302520.642849 4124344.801819 0.000000 -0.015979
302520.618567 4124344.818243 0.000000 -0.016151
302520.594384 4124344.834617 0.000000 -0.016337
302520.570300 4124344.850940 0.000000 -0.016539
302520.546317 4124344.867212 0.000000 -0.016742
302520.522436 4124344.883432 0.000000 -0.016966
302520.498658 4124344.899598 0.000000 -0.017195
302520.474983 4124344.915712 0.000000 -0.017439
302520.451413 4124344.931771 0.000000 -0.017694
302520.427948 4124344.947776 0.000000 -0.017958
302520.404589 4124344.963727 0.000000 -0.018237
302520.381336 4124344.979622 0.000000 -0.018522
302520.358189 4124344.995462 0.000000 -0.018828
302520.335150 4124345.011247 0.000000 -0.019134
302520.312218 4124345.026976 0.000000 -0.019460
302520.289393 4124345.042650 0.000000 -0.019788
302520.266675 4124345.058269 0.000000 -0.020135
302520.244065 4124345.073832 0.000000 -0.020486
302520.221562 4124345.089340 0.000000 -0.020852
302520.199165 4124345.104793 0.000000 -0.021225
302520.176875 4124345.120192 0.000000 -0.021607
302520.154691 4124345.135537 0.000000 -0.022001
302520.132613 4124345.150828 0.000000 -0.022400
302520.110639 4124345.166066 0.000000 -0.022812
302520.088769 4124345.181252 0.000000 -0.023229
302520.067002 4124345.196386 0.000000 -0.023652
302520.045337 4124345.211469 0.000000 -0.024081
302520.023773 4124345.226503 0.000000 -0.024521
302520.002309 4124345.241487 0.000000 -0.024959
302519.980943 4124345.256423 0.000000 -0.025405
302519.959675 4124345.271312 0.000000 -0.025856
302519.938502 4124345.286156 0.000000 -0.026311
302519.917424 4124345.300955 0.000000 -0.026770
302519.896438 4124345.315710 0.000000 -0.027222
302519.875542 4124345.330424 0.000000 -0.027684
302519.854736 4124345.345096 0.000000 -0.028138
302519.834017 4124345.359730 0.000000 -0.028602
302519.813382 4124345.374326 0.000000 -0.029054
302519.792831 4124345.388885 0.000000 -0.029502
302519.772361 4124345.403410 0.000000 -0.029953
302519.751970 4124345.417903 0.000000 -0.030392
302519.731654 4124345.432364 0.000000 -0.030829
302519.711413 4124345.446796 0.000000 -0.031259
302519.691244 4124345.461200 0.000000 -0.031674
302519.671144 4124345.475579 0.000000 -0.032086
302519.651111 4124345.489934 0.000000 -0.032479
302519.631142 4124345.504267 0.000000 -0.032867
302519.611234 4124345.518581 0.000000 -0.033240
302519.591385 4124345.532877 0.000000 -0.033596
302519.571592 4124345.547157 0.000000 -0.033930
302519.551853 4124345.561423 0.000000 -0.034260
302519.532164 4124345.575678 0.000000 -0.034562
302519.512522 4124345.589924 0.000000 -0.034847
302519.492925 4124345.604162 0.000000 -0.035115
302519.473370 4124345.618396 0.000000 -0.035356
302519.453854 4124345.632627 0.000000 -0.035577
302519.434373 4124345.646858 0.000000 -0.035771
302519.414925 4124345.661090 0.000000 -0.035948
302519.395507 4124345.675326 0.000000 -0.036097
302519.376115 4124345.689569 0.000000 -0.036217
302519.356747 4124345.703821 0.000000 -0.036318
302519.337400 4124345.718084 0.000000 -0.036385
302519.318070 4124345.732359 0.000000 -0.036428
302519.298754 4124345.746651 0.000000 -0.036443
302519.279449 4124345.760960 0.000000 -0.036433
302519.260152 4124345.775290 0.000000 -0.036389
302519.240860 4124345.789642 0.000000 -0.036323
302519.221571 4124345.804019 0.000000 -0.036226
302519.202280 4124345.818423 0.000000 -0.036103
302519.182984 4124345.832856 0.000000 -0.035951
302519.163682 4124345.847321 0.000000 -0.035768
302519.144370 4124345.861819 0.000000 -0.035568
302519.125044 4124345.876354 0.000000 -0.035329
302519.105702 4124345.890926 0.000000 -0.035078
302519.086341 4124345.905538 0.000000 -0.034793
302519.066959 4124345.920193 0.000000 -0.034486
302519.047551 4124345.934892 0.000000 -0.034153
302519.028117 4124345.949637 0.000000 -0.033804
302519.008652 4124345.964430 0.000000 -0.033425
302518.989155 4124345.979273 0.000000 -0.033031
302518.969622 4124345.994168 0.000000 -0.032614
302518.950052 4124346.009117 0.000000 -0.032179
302518.930442 4124346.024121 0.000000 -0.031730
302518.910789 4124346.039181 0.000000 -0.031254
302518.891091 4124346.054301 0.000000 -0.030778
302518.871346 4124346.069480 0.000000 -0.030276
302518.851553 4124346.084721 0.000000 -0.029769
302518.831708 4124346.100025 0.000000 -0.029245
302518.811811 4124346.115393 0.000000 -0.028711
302518.791859 4124346.130826 0.000000 -0.028174
302518.771851 4124346.146325 0.000000 -0.027622
302518.751784 4124346.161892 0.000000 -0.027070
302518.731659 4124346.177527 0.000000 -0.026511
302518.711472 4124346.193231 0.000000 -0.025947
302518.691224 4124346.209005 0.000000 -0.025384
302518.670913 4124346.224849 0.000000 -0.024812
302518.650537 4124346.240765 0.000000 -0.024246
302518.630097 4124346.256752 0.000000 -0.023679
302518.609590 4124346.272810 0.000000 -0.023110
302518.589017 4124346.288941 0.000000 -0.022546
302518.568378 4124346.305144 0.000000 -0.021988
302518.547670 4124346.321419 0.000000 -0.021431
302518.526895 4124346.337767 0.000000 -0.020876
302518.506052 4124346.354187 0.000000 -0.020337
302518.485141 4124346.370678 0.000000 -0.019790
302518.464163 4124346.387241 0.000000 -0.019260
302518.443116 4124346.403875 0.000000 -0.018733
302518.422002 4124346.420580 0.000000 -0.018219
302518.400821 4124346.437355 0.000000 -0.017707
302518.379573 4124346.454199 0.000000 -0.017203
302518.358260 4124346.471112 0.000000 -0.016713
302518.336881 4124346.488092 0.000000 -0.016230
302518.315438 4124346.505139 0.000000 -0.015758
302518.293931 4124346.522251 0.000000 -0.015298
302518.272362 4124346.539428 0.000000 -0.014845
302518.250732 4124346.556668 0.000000 -0.014400
302518.229042 4124346.573970 0.000000 -0.013975
302518.207294 4124346.591333 0.000000 -0.013549
302518.185488 4124346.608754 0.000000 -0.013144
302518.163626 4124346.626234 0.000000 -0.012743
302518.141711 4124346.643769 0.000000 -0.012354
302518.119743 4124346.661359 0.000000 -0.011977
302518.097724 4124346.679002 0.000000 -0.011613
302518.075656 4124346.696696 0.000000 -0.011255
302518.053542 4124346.714439 0.000000 -0.010914
302518.031382 4124346.732229 0.000000 -0.010582
302518.009179 4124346.750065 0.000000 -0.010258
302517.986935 4124346.767945 0.000000 -0.009951
302517.964652 4124346.785867 0.000000 -0.009649
302517.942332 4124346.803828 0.000000 -0.009361
302517.919978 4124346.821828 0.000000 -0.009084
302517.897590 4124346.839863 0.000000 -0.008819
302517.875173 4124346.857932 0.000000 -0.008565
302517.852726 4124346.876034 0.000000 -0.008319
302517.830254 4124346.894165 0.000000 -0.008086
302517.807758 4124346.912324 0.000000 -0.007863
302517.785239 4124346.930510 0.000000 -0.007653
302517.762701 4124346.948719 0.000000 -0.007451
302517.740146 4124346.966952 0.000000 -0.007260
302517.717574 4124346.985204 0.000000 -0.007082
302517.694989 4124347.003475 0.000000 -0.006912
302517.672393 4124347.021763 0.000000 -0.006754
302517.649787 4124347.040067 0.000000 -0.006605
302517.627173 4124347.058383 0.000000 -0.006469
302517.604553 4124347.076712 0.000000 -0.006341
302517.581929 4124347.095050 0.000000 -0.006225
302517.559303 4124347.113398 0.000000 -0.006122
302517.536676 4124347.131753 0.000000 -0.006022
302517.514050 4124347.150113 0.000000 -0.005941
302517.491426 4124347.168478 0.000000 -0.005863
302517.468807 4124347.186846 0.000000 -0.005799
302517.446193 4124347.205217 0.000000 -0.005745
302517.423585 4124347.223588 0.000000 -0.005701
302517.400985 4124347.241959 0.000000 -0.005669
302517.378394 4124347.260329 0.000000 -0.005646
302517.355814 4124347.278697 0.000000 -0.005632
302517.333244 4124347.297062 0.000000 -0.005628
302517.310687 4124347.315423 0.000000 -0.005638
302517.288142 4124347.333780 0.000000 -0.005655
302517.265611 4124347.352132 0.000000 -0.005680
302517.243095 4124347.370478 0.000000 -0.005720
302517.220593 4124347.388819 0.000000 -0.005768
302517.198107 4124347.407153 0.000000 -0.005828
302517.175637 4124347.425480 0.000000 -0.005899
302517.153183 4124347.443801 0.000000 -0.005978
302517.130745 4124347.462115 0.000000 -0.006066
302517.108325 4124347.480421 0.000000 -0.006164
302517.085921 4124347.498720 0.000000 -0.006274
302517.063534 4124347.517013 0.000000 -0.006397
302517.041164 4124347.535298 0.000000 -0.006526
302517.018812 4124347.553576 0.000000 -0.006662
302516.996476 4124347.571848 0.000000 -0.006816
302516.974156 4124347.590113 0.000000 -0.006970
302516.951854 4124347.608373 0.000000 -0.007141
302516.929567 4124347.626627 0.000000 -0.007321
302516.907296 4124347.644875 0.000000 -0.007507
302516.885041 4124347.663120 0.000000 -0.007703
302516.862800 4124347.681360 0.000000 -0.007914
302516.840575 4124347.699596 0.000000 -0.008126
302516.818363 4124347.717830 0.000000 -0.008353
302516.796165 4124347.736061 0.000000 -0.008588
302516.773981 4124347.754291 0.000000 -0.008826
302516.751809 4124347.772519 0.000000 -0.009082
302516.729649 4124347.790748 0.000000 -0.009338
302516.707501 4124347.808976 0.000000 -0.009605
302516.685364 4124347.827206 0.000000 -0.009888
302516.663237 4124347.845437 0.000000 -0.010167
302516.641121 4124347.863671 0.000000 -0.010463
302516.619015 4124347.881908 0.000000 -0.010762
302516.596917 4124347.900149 0.000000 -0.011072
302516.574829 4124347.918394 0.000000 -0.011388
302516.552750 4124347.936645 0.000000 -0.011708
302516.530678 4124347.954900 0.000000 -0.012041
302516.508615 4124347.973163 0.000000 -0.012377
302516.486559 4124347.991431 0.000000 -0.012724
302516.464511 4124348.009708 0.000000 -0.013072
302516.442471 4124348.027991 0.000000 -0.013431
302516.420437 4124348.046284 0.000000 -0.013795
302516.398412 4124348.064584 0.000000 -0.014162
302516.376393 4124348.082894 0.000000 -0.014541
302516.354382 4124348.101213 0.000000 -0.014917
302516.332379 4124348.119541 0.000000 -0.015304
302516.310384 4124348.137879 0.000000 -0.015698
302516.288397 4124348.156227 0.000000 -0.016095
302516.266418 4124348.174585 0.000000 -0.016498
302516.244449 4124348.192953 0.000000 -0.016907
302516.222489 4124348.211331 0.000000 -0.017318
302516.200540 4124348.229719 0.000000 -0.017734
302516.178601 4124348.248117 0.000000 -0.018158
302516.156674 4124348.266525 0.000000 -0.018580
302516.134759 4124348.284942 0.000000 -0.019010
302516.112857 4124348.303369 0.000000 -0.019442
302516.090969 4124348.321804 0.000000 -0.019881
302516.069096 4124348.340249 0.000000 -0.020320
302516.047239 4124348.358701 0.000000 -0.020766
302516.025400 4124348.377161 0.000000 -0.021208
302516.003578 4124348.395629 0.000000 -0.021660
302515.981776 4124348.414103 0.000000 -0.022110
302515.959995 4124348.432583 0.000000 -0.022566
302515.938236 4124348.451069 0.000000 -0.023023
302515.916501 4124348.469559 0.000000 -0.023481
302515.894790 4124348.488053 0.000000 -0.023940
302515.873106 4124348.506550 0.000000 -0.024398
302515.851450 4124348.525049 0.000000 -0.024863
302515.829823 4124348.543550 0.000000 -0.025318
302515.808228 4124348.562051 0.000000 -0.025784
302515.786665 4124348.580552 0.000000 -0.026241
302515.765136 4124348.599051 0.000000 -0.026698
302515.743643 4124348.617548 0.000000 -0.027153
302515.722187 4124348.636041 0.000000 -0.027605
302515.700771 4124348.654529 0.000000 -0.028057
302515.679395 4124348.673012 0.000000 -0.028498
302515.658062 4124348.691488 0.000000 -0.028940
302515.636774 4124348.709956 0.000000 -0.029369
302515.615531 4124348.728416 0.000000 -0.029793
302515.594335 4124348.746865 0.000000 -0.030213
302515.573188 4124348.765303 0.000000 -0.030615
302515.552092 4124348.783729 0.000000 -0.031015
302515.531048 4124348.802142 0.000000 -0.031399
302515.510058 4124348.820541 0.000000 -0.031774
302515.489123 4124348.838924 0.000000 -0.032135
302515.468244 4124348.857291 0.000000 -0.032480
302515.447422 4124348.875640 0.000000 -0.032812
302515.426660 4124348.893971 0.000000 -0.033126
302515.405958 4124348.912282 0.000000 -0.033426
302515.385318 4124348.930573 0.000000 -0.033702
302515.364739 4124348.948843 0.000000 -0.033966
302515.344225 4124348.967091 0.000000 -0.034206
302515.323775 4124348.985316 0.000000 -0.034424
302515.303390 4124349.003517 0.000000 -0.034626
302515.283071 4124349.021693 0.000000 -0.034796
302515.262820 4124349.039844 0.000000 -0.034946
302515.242635 4124349.057970 0.000000 -0.035076
302515.222519 4124349.076068 0.000000 -0.035168
302515.202471 4124349.094140 0.000000 -0.035243
302515.182493 4124349.112184 0.000000 -0.035283
302515.162583 4124349.130200 0.000000 -0.035301
302515.142743 4124349.148187 0.000000 -0.035284
302515.122972 4124349.166145 0.000000 -0.035244
302515.103271 4124349.184074 0.000000 -0.035159
302515.083640 4124349.201973 0.000000 -0.035057
302515.064078 4124349.219842 0.000000 -0.034910
302515.044585 4124349.237681 0.000000 -0.034740
302515.025161 4124349.255490 0.000000 -0.034530
302515.005805 4124349.273268 0.000000 -0.034292
302514.986517 4124349.291017 0.000000 -0.034013
302514.967296 4124349.308735 0.000000 -0.033705
302514.948142 4124349.326422 0.000000 -0.033359
302514.929054 4124349.344080 0.000000 -0.032978
302514.910031 4124349.361708 0.000000 -0.032568
302514.891071 4124349.379306 0.000000 -0.032119
302514.872175 4124349.396876 0.000000 -0.031639
302514.853341 4124349.414416 0.000000 -0.031124
302514.834567 4124349.431928 0.000000 -0.030587
302514.815853 4124349.449411 0.000000 -0.030005
302514.797197 4124349.466867 0.000000 -0.029407
302514.778597 4124349.484297 0.000000 -0.028769
302514.760053 4124349.501700 0.000000 -0.028115
302514.741563 4124349.519077 0.000000 -0.027429
302514.723125 4124349.536430 0.000000 -0.026726
302514.704737 4124349.553758 0.000000 -0.026000
302514.686399 4124349.571063 0.000000 -0.025253
302514.668107 4124349.588346 0.000000 -0.024498
302514.649861 4124349.605607 0.000000 -0.023723
302514.631658 4124349.622848 0.000000 -0.022939
302514.613497 4124349.640069 0.000000 -0.022154
302514.595376 4124349.657271 0.000000 -0.021354
302514.577292 4124349.674456 0.000000 -0.020558
302514.559244 4124349.691625 0.000000 -0.019761
302514.541230 4124349.708778 0.000000 -0.018968
302514.523248 4124349.725916 0.000000 -0.018173
302514.505296 4124349.743042 0.000000 -0.017396
302514.487372 4124349.760156 0.000000 -0.016621
302514.469473 4124349.777260 0.000000 -0.015859
302514.451598 4124349.794354 0.000000 -0.015117
302514.433745 4124349.811441 0.000000 -0.014387
302514.415912 4124349.828520 0.000000 -0.013676
302514.398096 4124349.845595 0.000000 -0.012992
302514.380295 4124349.862665 0.000000 -0.012321
302514.362509 4124349.879733 0.000000 -0.011686
302514.344733 4124349.896800 0.000000 -0.011070
302514.326967 4124349.913866 0.000000 -0.010488
302514.309209 4124349.930935 0.000000 -0.009936
302514.291456 4124349.948007 0.000000 -0.009405
302514.273706 4124349.965083 0.000000 -0.008922
302514.255957 4124349.982166 0.000000 -0.008459
302514.238209 4124349.999256 0.000000 -0.008040
302514.220457 4124350.016356 0.000000 -0.007648
302514.202702 4124350.033466 0.000000 -0.007305
302514.184939 4124350.050588 0.000000 -0.006987
302514.167169 4124350.067725 0.000000 -0.006711
302514.149389 4124350.084876 0.000000 -0.006466
302514.131597 4124350.102045 0.000000 -0.006268
302514.113791 4124350.119232 0.000000 -0.006101
302514.095969 4124350.136439 0.000000 -0.005973
302514.078131 4124350.153668 0.000000 -0.005879
302514.060273 4124350.170920 0.000000 -0.005826
302514.042395 4124350.188198 0.000000 -0.005804
302514.024494 4124350.205501 0.000000 -0.005822
302514.006570 4124350.222834 0.000000 -0.005869
302513.988619 4124350.240196 0.000000 -0.005951
302513.970642 4124350.257589 0.000000 -0.006065
302513.952635 4124350.275016 0.000000 -0.006208
302513.934599 4124350.292478 0.000000 -0.006385
302513.916530 4124350.309976 0.000000 -0.006580
302513.898428 4124350.327513 0.000000 -0.006815
302513.880290 4124350.345089 0.000000 -0.007060
302513.862117 4124350.362707 0.000000 -0.007336
302513.843906 4124350.380368 0.000000 -0.007634
302513.825655 4124350.398074 0.000000 -0.007944
302513.807364 4124350.415826 0.000000 -0.008279
302513.789031 4124350.433627 0.000000 -0.008621
302513.770654 4124350.451478 0.000000 -0.008985
302513.752233 4124350.469381 0.000000 -0.009351
302513.733765 4124350.487337 0.000000 -0.009731
302513.715250 4124350.505348 0.000000 -0.010118
302513.696687 4124350.523417 0.000000 -0.010508
302513.678073 4124350.541543 0.000000 -0.010904
302513.659408 4124350.559730 0.000000 -0.011298
302513.640690 4124350.577979 0.000000 -0.011695
302513.621919 4124350.596292 0.000000 -0.012087
302513.603092 4124350.614671 0.000000 -0.012483
302513.584209 4124350.633116 0.000000 -0.012869
302513.565268 4124350.651631 0.000000 -0.013250
302513.546268 4124350.670216 0.000000 -0.013629
302513.527207 4124350.688874 0.000000 -0.013992
302513.508086 4124350.707606 0.000000 -0.014351
302513.488901 4124350.726414 0.000000 -0.014699
302513.469653 4124350.745300 0.000000 -0.015034
302513.450340 4124350.764264 0.000000 -0.015362
302513.430960 4124350.783310 0.000000 -0.015671
302513.411512 4124350.802439 0.000000 -0.015969
302513.391996 4124350.821652 0.000000 -0.016256
302513.372409 4124350.840952 0.000000 -0.016521
302513.352752 4124350.860339 0.000000 -0.016777
302513.333022 4124350.879816 0.000000 -0.017015
302513.313218 4124350.899384 0.000000 -0.017240
302513.293339 4124350.919045 0.000000 -0.017442
302513.273385 4124350.938800 0.000000 -0.017636
302513.253353 4124350.958651 0.000000 -0.017805
302513.233244 4124350.978600 0.000000 -0.017964
302513.213055 4124350.998647 0.000000 -0.018099
302513.192785 4124351.018796 0.000000 -0.018224
302513.172434 4124351.039047 0.000000 -0.018328
302513.152000 4124351.059401 0.000000 -0.018418
302513.131483 4124351.079860 0.000000 -0.018489
302513.110881 4124351.100426 0.000000 -0.018549
302513.090194 4124351.121100 0.000000 -0.018585
302513.069420 4124351.141883 0.000000 -0.018613
302513.048558 4124351.162776 0.000000 -0.018624
302513.027608 4124351.183781 0.000000 -0.018619
302513.006568 4124351.204899 0.000000 -0.018599
302512.985439 4124351.226131 0.000000 -0.018567
302512.964219 4124351.247479 0.000000 -0.018524
302512.942906 4124351.268942 0.000000 -0.018461
302512.921502 4124351.290523 0.000000 -0.018397
302512.900004 4124351.312221 0.000000 -0.018312
302512.878413 4124351.334039 0.000000 -0.018221
302512.856728 4124351.355977 0.000000 -0.018120
302512.834948 4124351.378035 0.000000 -0.018009
302512.813072 4124351.400214 0.000000 -0.017889
302512.791101 4124351.422515 0.000000 -0.017761
302512.769035 4124351.444938 0.000000 -0.017627
302512.746872 4124351.467484 0.000000 -0.017482
302512.724613 4124351.490153 0.000000 -0.017338
302512.702258 4124351.512945 0.000000 -0.017187
302512.679806 4124351.535861 0.000000 -0.017028
302512.657258 4124351.558900 0.000000 -0.016868
302512.634614 4124351.582063 0.000000 -0.016704
302512.611874 4124351.605348 0.000000 -0.016540
302512.589039 4124351.628757 0.000000 -0.016370
302512.566108 4124351.652289 0.000000 -0.016203
302512.543083 4124351.675943 0.000000 -0.016031
302512.519964 4124351.699719 0.000000 -0.015859
302512.496751 4124351.723616 0.000000 -0.015690
302512.473446 4124351.747634 0.000000 -0.015518
302512.450049 4124351.771771 0.000000 -0.015349
302512.426562 4124351.796026 0.000000 -0.015181
302512.402985 4124351.820399 0.000000 -0.015015
302512.379320 4124351.844889 0.000000 -0.014852
302512.355568 4124351.869493 0.000000 -0.014689
302512.331731 4124351.894211 0.000000 -0.014530
302512.307809 4124351.919041 0.000000 -0.014376
302512.283804 4124351.943981 0.000000 -0.014219
302512.259719 4124351.969030 0.000000 -0.014072
302512.235555 4124351.994186 0.000000 -0.013928
302512.211314 4124352.019446 0.000000 -0.013787
302512.186998 4124352.044809 0.000000 -0.013649
302512.162609 4124352.070273 0.000000 -0.013520
302512.138149 4124352.095836 0.000000 -0.013390
302512.113620 4124352.121494 0.000000 -0.013269
302512.089026 4124352.147246 0.000000 -0.013150
302512.064368 4124352.173088 0.000000 -0.013039
302512.039648 4124352.199019 0.000000 -0.012932
302512.014871 4124352.225035 0.000000 -0.012831
302511.990038 4124352.251134 0.000000 -0.012732
302511.965151 4124352.277312 0.000000 -0.012644
302511.940215 4124352.303567 0.000000 -0.012558
302511.915233 4124352.329895 0.000000 -0.012480
302511.890206 4124352.356293 0.000000 -0.012404
302511.865138 4124352.382758 0.000000 -0.012338
302511.840033 4124352.409287 0.000000 -0.012276
302511.814894 4124352.435876 0.000000 -0.012220
302511.789724 4124352.462521 0.000000 -0.012171
302511.764527 4124352.489220 0.000000 -0.012126
302511.739305 4124352.515967 0.000000 -0.012090
302511.714063 4124352.542761 0.000000 -0.012057
302511.688804 4124352.569596 0.000000 -0.012030
302511.663531 4124352.596469 0.000000 -0.012012
302511.638248 4124352.623377 0.000000 -0.011999
302511.612960 4124352.650315 0.000000 -0.011991
302511.587669 4124352.677280 0.000000 -0.011990
302511.562379 4124352.704268 0.000000 -0.011995
302511.537094 4124352.731274 0.000000 -0.012002
302511.511817 4124352.758295 0.000000 -0.012020
302511.486554 4124352.785327 0.000000 -0.012044
302511.461306 4124352.812365 0.000000 -0.012070
302511.436078 4124352.839407 0.000000 -0.012106
302511.410874 4124352.866447 0.000000 -0.012144
302511.385697 4124352.893483 0.000000 -0.012192
302511.360551 4124352.920510 0.000000 -0.012241
302511.335439 4124352.947524 0.000000 -0.012301
302511.310366 4124352.974521 0.000000 -0.012363
302511.285335 4124353.001497 0.000000 -0.012432
302511.260350 4124353.028450 0.000000 -0.012507
302511.235413 4124353.055374 0.000000 -0.012588
302511.210530 4124353.082266 0.000000 -0.012675
302511.185702 4124353.109123 0.000000 -0.012768
302511.160933 4124353.135940 0.000000 -0.012865
302511.136228 4124353.162715 0.000000 -0.012973
302511.111588 4124353.189443 0.000000 -0.013082
302511.087018 4124353.216122 0.000000 -0.013198
302511.062520 4124353.242748 0.000000 -0.013323
302511.038098 4124353.269317 0.000000 -0.013450
302511.013754 4124353.295826 0.000000 -0.013588
302510.989492 4124353.322273 0.000000 -0.013729
302510.965314 4124353.348653 0.000000 -0.013877
302510.941223 4124353.374965 0.000000 -0.014031
302510.917223 4124353.401204 0.000000 -0.014194
302510.893315 4124353.427369 0.000000 -0.014359
302510.869502 4124353.453457 0.000000 -0.014534
302510.845787 4124353.479464 0.000000 -0.014713
302510.822171 4124353.505389 0.000000 -0.014901
302510.798658 4124353.531228 0.000000 -0.015095
302510.775249 4124353.556980 0.000000 -0.015296
302510.751947 4124353.582642 0.000000 -0.015500
302510.728753 4124353.608213 0.000000 -0.015720
302510.705669 4124353.633689 0.000000 -0.015935
302510.682697 4124353.659070 0.000000 -0.016165
302510.659839 4124353.684353 0.000000 -0.016399
302510.637096 4124353.709538 0.000000 -0.016642
302510.614470 4124353.734621 0.000000 -0.016890
302510.591962 4124353.759602 0.000000 -0.017144
302510.569573 4124353.784479 0.000000 -0.017407
302510.547305 4124353.809252 0.000000 -0.017676
302510.525157 4124353.833919 0.000000 -0.017955
302510.503132 4124353.858479 0.000000 -0.018237
302510.481230 4124353.882931 0.000000 -0.018527
302510.459451 4124353.907276 0.000000 -0.018828
302510.437797 4124353.931511 0.000000 -0.019130
302510.416267 4124353.955637 0.000000 -0.019444
302510.394861 4124353.979654 0.000000 -0.019758
302510.373581 4124354.003561 0.000000 -0.020086
302510.352426 4124354.027358 0.000000 -0.020417
302510.331396 4124354.051046 0.000000 -0.020753
302510.310490 4124354.074624 0.000000 -0.021099
302510.289709 4124354.098094 0.000000 -0.021446
302510.269052 4124354.121454 0.000000 -0.021804
302510.248518 4124354.144707 0.000000 -0.022162
302510.228107 4124354.167853 0.000000 -0.022530
302510.207818 4124354.190893 0.000000 -0.022896
302510.187650 4124354.213827 0.000000 -0.023270
302510.167603 4124354.236658 0.000000 -0.023646
302510.147674 4124354.259386 0.000000 -0.024024
302510.127863 4124354.282012 0.000000 -0.024404
302510.108168 4124354.304539 0.000000 -0.024785
302510.088589 4124354.326968 0.000000 -0.025165
302510.069122 4124354.349301 0.000000 -0.025544
302510.049768 4124354.371539 0.000000 -0.025921
302510.030523 4124354.393686 0.000000 -0.026297
302510.011387 4124354.415742 0.000000 -0.026670
302509.992356 4124354.437710 0.000000 -0.027034
302509.973430 4124354.459593 0.000000 -0.027398
302509.954605 4124354.481393 0.000000 -0.027747
302509.935880 4124354.503113 0.000000 -0.028092
302509.917252 4124354.524754 0.000000 -0.028429
302509.898720 4124354.546321 0.000000 -0.028752
302509.880279 4124354.567816 0.000000 -0.029060
302509.861929 4124354.589242 0.000000 -0.029364
302509.843665 4124354.610602 0.000000 -0.029640
302509.825486 4124354.631898 0.000000 -0.029910
302509.807389 4124354.653135 0.000000 -0.030157
302509.789371 4124354.674316 0.000000 -0.030387
302509.771428 4124354.695443 0.000000 -0.030599
302509.753559 4124354.716520 0.000000 -0.030790
302509.735760 4124354.737551 0.000000 -0.030955
302509.718027 4124354.758539 0.000000 -0.031100
302509.700359 4124354.779488 0.000000 -0.031219
302509.682752 4124354.800400 0.000000 -0.031315
302509.665202 4124354.821280 0.000000 -0.031383
302509.647707 4124354.842132 0.000000 -0.031428
302509.630263 4124354.862958 0.000000 -0.031442
302509.612868 4124354.883763 0.000000 -0.031427
302509.595517 4124354.904549 0.000000 -0.031390
302509.578209 4124354.925321 0.000000 -0.031319
302509.560939 4124354.946083 0.000000 -0.031226
302509.543705 4124354.966837 0.000000 -0.031097
302509.526504 4124354.987587 0.000000 -0.030945
302509.509332 4124355.008337 0.000000 -0.030764
302509.492186 4124355.029090 0.000000 -0.030554
302509.475064 4124355.049850 0.000000 -0.030317
302509.457962 4124355.070619 0.000000 -0.030054
302509.440877 4124355.091402 0.000000 -0.029766
302509.423808 4124355.112201 0.000000 -0.029453
302509.406749 4124355.133018 0.000000 -0.029113
302509.389701 4124355.153858 0.000000 -0.028755
302509.372658 4124355.174723 0.000000 -0.028373
302509.355620 4124355.195616 0.000000 -0.027972
302509.338583 4124355.216539 0.000000 -0.027552
302509.321545 4124355.237495 0.000000 -0.027114
302509.304505 4124355.258485 0.000000 -0.026659
302509.287459 4124355.279513 0.000000 -0.026194
302509.270406 4124355.300581 0.000000 -0.025711
302509.253344 4124355.321689 0.000000 -0.025221
302509.236271 4124355.342841 0.000000 -0.024720
302509.219186 4124355.364037 0.000000 -0.024212
302509.202087 4124355.385279 0.000000 -0.023695
302509.184973 4124355.406568 0.000000 -0.023174
302509.167842 4124355.427906 0.000000 -0.022648
302509.150694 4124355.449292 0.000000 -0.022124
302509.133527 4124355.470729 0.000000 -0.021590
302509.116340 4124355.492216 0.000000 -0.021065
302509.099133 4124355.513754 0.000000 -0.020541
302509.081906 4124355.535342 0.000000 -0.020013
302509.064657 4124355.556982 0.000000 -0.019497
302509.047387 4124355.578673 0.000000 -0.018977
302509.030096 4124355.600414 0.000000 -0.018472
302509.012783 4124355.622205 0.000000 -0.017963
302508.995449 4124355.644045 0.000000 -0.017472
302508.978093 4124355.665934 0.000000 -0.016981
302508.960717 4124355.687870 0.000000 -0.016504
302508.943321 4124355.709853 0.000000 -0.016030
302508.925906 4124355.731880 0.000000 -0.015572
302508.908472 4124355.753950 0.000000 -0.015125
302508.891020 4124355.776063 0.000000 -0.014686
302508.873552 4124355.798215 0.000000 -0.014256
302508.856069 4124355.820404 0.000000 -0.013843
302508.838572 4124355.842629 0.000000 -0.013437
302508.821062 4124355.864888 0.000000 -0.013046
302508.803541 4124355.887177 0.000000 -0.012666
302508.786011 4124355.909495 0.000000 -0.012301
302508.768474 4124355.931838 0.000000 -0.011946
302508.750930 4124355.954205 0.000000 -0.011606
302508.733383 4124355.976591 0.000000 -0.011277
302508.715835 4124355.998994 0.000000 -0.010959
302508.698287 4124356.021411 0.000000 -0.010661
302508.680741 4124356.043839 0.000000 -0.010368
302508.663200 4124356.066274 0.000000 -0.010092
302508.645667 4124356.088713 0.000000 -0.009829
302508.628143 4124356.111153 0.000000 -0.009580
302508.610631 4124356.133590 0.000000 -0.009342
302508.593133 4124356.156021 0.000000 -0.009117
302508.575652 4124356.178443 0.000000 -0.008907
302508.558190 4124356.200852 0.000000 -0.008709
302508.540751 4124356.223244 0.000000 -0.008526
302508.523335 4124356.245615 0.000000 -0.008352
302508.505946 4124356.267964 0.000000 -0.008194
302508.488587 4124356.290285 0.000000 -0.008048
302508.471259 4124356.312576 0.000000 -0.007914
302508.453966 4124356.334834 0.000000 -0.007795
302508.436709 4124356.357054 0.000000 -0.007688
302508.419491 4124356.379234 0.000000 -0.007590
302508.402314 4124356.401371 0.000000 -0.007510
302508.385181 4124356.423462 0.000000 -0.007441
302508.368093 4124356.445502 0.000000 -0.007386
302508.351053 4124356.467491 0.000000 -0.007340
302508.334064 4124356.489424 0.000000 -0.007309
302508.317126 4124356.511299 0.000000 -0.007292
302508.300242 4124356.533114 0.000000 -0.007286
302508.283414 4124356.554866 0.000000 -0.007289
302508.266643 4124356.576552 0.000000 -0.007312
302508.249932 4124356.598171 0.000000 -0.007346
302508.233281 4124356.619720 0.000000 -0.007387
302508.216693 4124356.641197 0.000000 -0.007447
302508.200168 4124356.662601 0.000000 -0.007519
302508.183709 4124356.683929 0.000000 -0.007602
302508.167315 4124356.705181 0.000000 -0.007700
302508.150990 4124356.726354 0.000000 -0.007807
302508.134732 4124356.747447 0.000000 -0.007931
302508.118544 4124356.768460 0.000000 -0.008065
302508.102426 4124356.789391 0.000000 -0.008214
302508.086379 4124356.810239 0.000000 -0.008368
302508.070404 4124356.831004 0.000000 -0.008545
302508.054500 4124356.851684 0.000000 -0.008731
302508.038669 4124356.872281 0.000000 -0.008926
302508.022910 4124356.892793 0.000000 -0.009134
302508.007224 4124356.913220 0.000000 -0.009357
302507.991611 4124356.933562 0.000000 -0.009590
302507.976071 4124356.953819 0.000000 -0.009831
302507.960603 4124356.973992 0.000000 -0.010089
302507.945208 4124356.994082 0.000000 -0.010351
302507.929886 4124357.014088 0.000000 -0.010631
302507.914635 4124357.034011 0.000000 -0.010912
302507.899455 4124357.053852 0.000000 -0.011212
302507.884346 4124357.073612 0.000000 -0.011512
302507.869307 4124357.093293 0.000000 -0.011824
302507.854337 4124357.112895 0.000000 -0.012144
302507.839436 4124357.132419 0.000000 -0.012474
302507.824602 4124357.151867 0.000000 -0.012803
302507.809835 4124357.171240 0.000000 -0.013146
302507.795133 4124357.190540 0.000000 -0.013490
302507.780496 4124357.209769 0.000000 -0.013839
302507.765922 4124357.228928 0.000000 -0.014190
302507.751410 4124357.248019 0.000000 -0.014546
302507.736959 4124357.267043 0.000000 -0.014907
302507.722567 4124357.286004 0.000000 -0.015259
302507.708233 4124357.304901 0.000000 -0.015621
302507.693956 4124357.323739 0.000000 -0.015979
302507.679735 4124357.342518 0.000000 -0.016333
302507.665568 4124357.361241 0.000000 -0.016691
302507.651453 4124357.379909 0.000000 -0.017045
302507.637389 4124357.398525 0.000000 -0.017388
302507.623376 4124357.417091 0.000000 -0.017737
302507.609410 4124357.435608 0.000000 -0.018076
302507.595491 4124357.454080 0.000000 -0.018411
302507.581618 4124357.472508 0.000000 -0.018740
302507.567789 4124357.490894 0.000000 -0.019059
302507.554002 4124357.509240 0.000000 -0.019375
302507.540256 4124357.527548 0.000000 -0.019682
302507.526550 4124357.545821 0.000000 -0.019974
302507.512882 4124357.564060 0.000000 -0.020270
302507.499251 4124357.582267 0.000000 -0.020551
302507.485655 4124357.600445 0.000000 -0.020816
302507.472094 4124357.618594 0.000000 -0.021078
302507.458565 4124357.636718 0.000000 -0.021329
302507.445068 4124357.654818 0.000000 -0.021566
302507.431602 4124357.672895 0.000000 -0.021795
302507.418164 4124357.690952 0.000000 -0.022014
302507.404754 4124357.708990 0.000000 -0.022216
302507.391371 4124357.727011 0.000000 -0.022414
302507.378014 4124357.745016 0.000000 -0.022593
302507.364681 4124357.763008 0.000000 -0.022765
302507.351372 4124357.780987 0.000000 -0.022926
302507.338084 4124357.798955 0.000000 -0.023073
302507.324819 4124357.816913 0.000000 -0.023210
302507.311573 4124357.834863 0.000000 -0.023331
302507.298347 4124357.852807 0.000000 -0.023444
302507.285140 4124357.870745 0.000000 -0.023552
302507.271951 4124357.888678 0.000000 -0.023638
302507.258778 4124357.906608 0.000000 -0.023714
302507.245621 4124357.924536 0.000000 -0.023786
302507.232480 4124357.942463 0.000000 -0.023841
302507.219354 4124357.960390 0.000000 -0.023884
302507.206242 4124357.978317 0.000000 -0.023921
302507.193143 4124357.996246 0.000000 -0.023942
302507.180056 4124358.014178 0.000000 -0.023952
302507.166982 4124358.032113 0.000000 -0.023957
302507.153919 4124358.050053 0.000000 -0.023948
302507.140868 4124358.067997 0.000000 -0.023926
302507.127827 4124358.085947 0.000000 -0.023894
302507.114796 4124358.103903 0.000000 -0.023858
302507.101774 4124358.121866 0.000000 -0.023803
302507.088762 4124358.139836 0.000000 -0.023741
302507.075758 4124358.157814 0.000000 -0.023669
302507.062763 4124358.175801 0.000000 -0.023590
302507.049775 4124358.193797 0.000000 -0.023490
302507.036795 4124358.211802 0.000000 -0.023386
302507.023821 4124358.229817 0.000000 -0.023274
302507.010855 4124358.247843 0.000000 -0.023146
302506.997894 4124358.265880 0.000000 -0.023010
302506.984939 4124358.283928 0.000000 -0.022863
302506.971990 4124358.301988 0.000000 -0.022705
302506.959046 4124358.320061 0.000000 -0.022539
302506.946106 4124358.338146 0.000000 -0.022358
302506.933170 4124358.356244 0.000000 -0.022171
302506.920238 4124358.374356 0.000000 -0.021971
302506.907310 4124358.392482 0.000000 -0.021762
302506.894384 4124358.410623 0.000000 -0.021545
302506.881461 4124358.428778 0.000000 -0.021315
302506.868540 4124358.446949 0.000000 -0.021071
302506.855620 4124358.465136 0.000000 -0.020830
302506.842701 4124358.483339 0.000000 -0.020573
302506.829783 4124358.501559 0.000000 -0.020302
302506.816866 4124358.519797 0.000000 -0.020029
302506.803947 4124358.538052 0.000000 -0.019749
302506.791028 4124358.556326 0.000000 -0.019456
302506.778108 4124358.574618 0.000000 -0.019159
302506.765185 4124358.592931 0.000000 -0.018853
302506.752260 4124358.611263 0.000000 -0.018540
302506.739332 4124358.629616 0.000000 -0.018223
302506.726400 4124358.647990 0.000000 -0.017900
302506.713464 4124358.666385 0.000000 -0.017566
302506.700523 4124358.684804 0.000000 -0.017236
302506.687576 4124358.703245 0.000000 -0.016899
302506.674624 4124358.721710 0.000000 -0.016556
302506.661664 4124358.740199 0.000000 -0.016211
302506.648698 4124358.758713 0.000000 -0.015865
302506.635723 4124358.777253 0.000000 -0.015521
302506.622740 4124358.795818 0.000000 -0.015170
302506.609747 4124358.814411 0.000000 -0.014821
302506.596744 4124358.833032 0.000000 -0.014477
302506.583731 4124358.851680 0.000000 -0.014130
302506.570707 4124358.870358 0.000000 -0.013786
302506.557670 4124358.889065 0.000000 -0.013451
302506.544621 4124358.907803 0.000000 -0.013115
302506.531559 4124358.926571 0.000000 -0.012784
302506.518483 4124358.945371 0.000000 -0.012467
302506.505392 4124358.964204 0.000000 -0.012147
302506.492287 4124358.983069 0.000000 -0.011840
302506.479165 4124359.001968 0.000000 -0.011543
302506.466028 4124359.020901 0.000000 -0.011258
302506.452873 4124359.039869 0.000000 -0.010976
302506.439701 4124359.058873 0.000000 -0.010714
302506.426511 4124359.077912 0.000000 -0.010464
302506.413303 4124359.096988 0.000000 -0.010226
302506.400076 4124359.116101 0.000000 -0.010003
302506.386829 4124359.135251 0.000000 -0.009796
302506.373563 4124359.154440 0.000000 -0.009610
302506.360276 4124359.173666 0.000000 -0.009431
302506.346970 4124359.192932 0.000000 -0.009279
302506.333642 4124359.212236 0.000000 -0.009143
302506.320293 4124359.231580 0.000000 -0.009020
302506.306923 4124359.250963 0.000000 -0.008921
302506.293531 4124359.270387 0.000000 -0.008840
302506.280118 4124359.289850 0.000000 -0.008778
302506.266684 4124359.309353 0.000000 -0.008731
302506.253227 4124359.328897 0.000000 -0.008713
302506.239749 4124359.348481 0.000000 -0.008708
302506.226249 4124359.368105 0.000000 -0.008725
302506.212727 4124359.387769 0.000000 -0.008756
302506.199184 4124359.407473 0.000000 -0.008819
302506.185620 4124359.427217 0.000000 -0.008894
302506.172035 4124359.447001 0.000000 -0.008985
302506.158428 4124359.466824 0.000000 -0.009102
302506.144802 4124359.486687 0.000000 -0.009238
302506.131155 4124359.506588 0.000000 -0.009390
302506.117489 4124359.526527 0.000000 -0.009566
302506.103804 4124359.546505 0.000000 -0.009754
302506.090099 4124359.566519 0.000000 -0.009963
302506.076377 4124359.586571 0.000000 -0.010191
302506.062638 4124359.606659 0.000000 -0.010439
302506.048881 4124359.626782 0.000000 -0.010696
302506.035109 4124359.646940 0.000000 -0.010980
302506.021321 4124359.667133 0.000000 -0.011274
302506.007518 4124359.687358 0.000000 -0.011587
302505.993701 4124359.707617 0.000000 -0.011912
302505.979872 4124359.727907 0.000000 -0.012259
302505.966031 4124359.748228 0.000000 -0.012615
302505.952178 4124359.768578 0.000000 -0.012985
302505.938315 4124359.788958 0.000000 -0.013371
302505.924443 4124359.809366 0.000000 -0.013770
302505.910563 4124359.829800 0.000000 -0.014179
302505.896676 4124359.850261 0.000000 -0.014600
302505.882783 4124359.870746 0.000000 -0.015036
302505.868885 4124359.891255 0.000000 -0.015474
302505.854983 4124359.911787 0.000000 -0.015929
302505.841078 4124359.932340 0.000000 -0.016389
302505.827172 4124359.952913 0.000000 -0.016862
302505.813265 4124359.973506 0.000000 -0.017336
302505.799360 4124359.994117 0.000000 -0.017819
302505.785456 4124360.014744 0.000000 -0.018308
302505.771555 4124360.035388 0.000000 -0.018800
302505.757658 4124360.056046 0.000000 -0.019295
302505.743767 4124360.076717 0.000000 -0.019793
302505.729882 4124360.097401 0.000000 -0.020293
302505.716005 4124360.118096 0.000000 -0.020788
302505.702136 4124360.138801 0.000000 -0.021288
302505.688278 4124360.159515 0.000000 -0.021786
302505.674430 4124360.180236 0.000000 -0.022278
302505.660595 4124360.200965 0.000000 -0.022769
302505.646772 4124360.221700 0.000000 -0.023254
302505.632964 4124360.242440 0.000000 -0.023735
302505.619170 4124360.263184 0.000000 -0.024209
302505.605393 4124360.283931 0.000000 -0.024674
302505.591632 4124360.304680 0.000000 -0.025135
302505.577889 4124360.325431 0.000000 -0.025585
302505.564164 4124360.346182 0.000000 -0.026024
302505.550459 4124360.366934 0.000000 -0.026455
302505.536774 4124360.387685 0.000000 -0.026873
302505.523110 4124360.408435 0.000000 -0.027277
302505.509467 4124360.429182 0.000000 -0.027674
302505.495845 4124360.449928 0.000000 -0.028052
302505.482247 4124360.470670 0.000000 -0.028413
302505.468671 4124360.491409 0.000000 -0.028763
302505.455119 4124360.512145 0.000000 -0.029096
302505.441591 4124360.532877 0.000000 -0.029412
302505.428087 4124360.553604 0.000000 -0.029707
302505.414608 4124360.574327 0.000000 -0.029986
302505.401154 4124360.595045 0.000000 -0.030246
302505.387724 4124360.615758 0.000000 -0.030485
302505.374320 4124360.636467 0.000000 -0.030706
302505.360941 4124360.657171 0.000000 -0.030899
302505.347588 4124360.677871 0.000000 -0.031080
302505.334259 4124360.698565 0.000000 -0.031233
302505.320957 4124360.719256 0.000000 -0.031363
302505.307679 4124360.739942 0.000000 -0.031474
302505.294427 4124360.760624 0.000000 -0.031560
302505.281199 4124360.781303 0.000000 -0.031622
302505.267996 4124360.801978 0.000000 -0.031657
302505.254817 4124360.822651 0.000000 -0.031675
302505.241663 4124360.843321 0.000000 -0.031666
302505.228532 4124360.863989 0.000000 -0.031632
302505.215425 4124360.884656 0.000000 -0.031574
302505.202340 4124360.905322 0.000000 -0.031497
302505.189278 4124360.925988 0.000000 -0.031392
302505.176238 4124360.946655 0.000000 -0.031267
302505.163219 4124360.967323 0.000000 -0.031119
302505.150220 4124360.987992 0.000000 -0.030949
302505.137242 4124361.008665 0.000000 -0.030756
302505.124283 4124361.029341 0.000000 -0.030547
302505.111343 4124361.050021 0.000000 -0.030317
302505.098421 4124361.070706 0.000000 -0.030069
302505.085517 4124361.091397 0.000000 -0.029802
302505.072629 4124361.112095 0.000000 -0.029523
302505.059757 4124361.132800 0.000000 -0.029226
302505.046900 4124361.153514 0.000000 -0.028912
302505.034058 4124361.174237 0.000000 -0.028590
302505.021230 4124361.194970 0.000000 -0.028257
302505.008414 4124361.215714 0.000000 -0.027908
302504.995611 4124361.236470 0.000000 -0.027554
302504.982819 4124361.257239 0.000000 -0.027192
302504.970038 4124361.278021 0.000000 -0.026816
302504.957267 4124361.298818 0.000000 -0.026442
302504.944505 4124361.319629 0.000000 -0.026058
302504.931751 4124361.340457 0.000000 -0.025672
302504.919005 4124361.361301 0.000000 -0.025279
302504.906267 4124361.382163 0.000000 -0.024889
302504.893534 4124361.403043 0.000000 -0.024494
302504.880808 4124361.423941 0.000000 -0.024101
302504.868086 4124361.444859 0.000000 -0.023704
302504.855369 4124361.465798 0.000000 -0.023312
302504.842655 4124361.486757 0.000000 -0.022926
302504.829945 4124361.507737 0.000000 -0.022533
302504.817237 4124361.528740 0.000000 -0.022152
302504.804531 4124361.549764 0.000000 -0.021770
302504.791827 4124361.570812 0.000000 -0.021398
302504.779124 4124361.591882 0.000000 -0.021028
302504.766422 4124361.612977 0.000000 -0.020663
302504.753720 4124361.634095 0.000000 -0.020307
302504.741018 4124361.655238 0.000000 -0.019957
302504.728315 4124361.676405 0.000000 -0.019616
302504.715611 4124361.697597 0.000000 -0.019278
302504.702906 4124361.718814 0.000000 -0.018954
302504.690199 4124361.740056 0.000000 -0.018637
302504.677491 4124361.761323 0.000000 -0.018327
302504.664781 4124361.782615 0.000000 -0.018025
302504.652068 4124361.803933 0.000000 -0.017734
302504.639354 4124361.825276 0.000000 -0.017453
302504.626637 4124361.846644 0.000000 -0.017175
302504.613917 4124361.868037 0.000000 -0.016913
302504.601195 4124361.889455 0.000000 -0.016657
302504.588470 4124361.910897 0.000000 -0.016410
302504.575743 4124361.932363 0.000000 -0.016169
302504.563014 4124361.953854 0.000000 -0.015943
302504.550282 4124361.975368 0.000000 -0.015721
302504.537547 4124361.996905 0.000000 -0.015506
302504.524811 4124362.018465 0.000000 -0.015303
302504.512072 4124362.040048 0.000000 -0.015104
302504.499332 4124362.061651 0.000000 -0.014911
302504.486590 4124362.083277 0.000000 -0.014727
302504.473847 4124362.104922 0.000000 -0.014550
302504.461103 4124362.126588 0.000000 -0.014375
302504.448358 4124362.148272 0.000000 -0.014207
302504.435613 4124362.169975 0.000000 -0.014044
302504.422868 4124362.191696 0.000000 -0.013887
302504.410123 4124362.213434 0.000000 -0.013725
302504.397378 4124362.235188 0.000000 -0.013576
302504.384635 4124362.256956 0.000000 -0.013425
302504.371894 4124362.278740 0.000000 -0.013277
302504.359154 4124362.300536 0.000000 -0.013133
302504.346417 4124362.322345 0.000000 -0.012988
302504.333682 4124362.344165 0.000000 -0.012843
302504.320952 4124362.365996 0.000000 -0.012703
302504.308225 4124362.387836 0.000000 -0.012561
302504.295502 4124362.409684 0.000000 -0.012421
302504.282785 4124362.431540 0.000000 -0.012279
302504.270073 4124362.453402 0.000000 -0.012139
302504.257367 4124362.475269 0.000000 -0.012001
302504.244668 4124362.497139 0.000000 -0.011858
302504.231976 4124362.519013 0.000000 -0.011715
302504.219291 4124362.540888 0.000000 -0.011577
302504.206615 4124362.562763 0.000000 -0.011433
302504.193948 4124362.584638 0.000000 -0.011288
302504.181290 4124362.606511 0.000000 -0.011144
302504.168643 4124362.628380 0.000000 -0.011000
302504.156006 4124362.650245 0.000000 -0.010853
302504.143380 4124362.672105 0.000000 -0.010707
302504.130766 4124362.693957 0.000000 -0.010558
302504.118165 4124362.715802 0.000000 -0.010408
302504.105576 4124362.737637 0.000000 -0.010259
302504.093001 4124362.759461 0.000000 -0.010111
302504.080441 4124362.781274 0.000000 -0.009954
302504.067895 4124362.803074 0.000000 -0.009807
302504.055364 4124362.824859 0.000000 -0.009654
302504.042850 4124362.846629 0.000000 -0.009501
302504.030352 4124362.868383 0.000000 -0.009348
302504.017870 4124362.890119 0.000000 -0.009197
302504.005407 4124362.911835 0.000000 -0.009047
302503.992962 4124362.933531 0.000000 -0.008893
302503.980535 4124362.955206 0.000000 -0.008746
302503.968127 4124362.976859 0.000000 -0.008599
302503.955739 4124362.998487 0.000000 -0.008452
302503.943372 4124363.020092 0.000000 -0.008306
302503.931025 4124363.041670 0.000000 -0.008168
302503.918699 4124363.063221 0.000000 -0.008027
302503.906395 4124363.084744 0.000000 -0.007895
302503.894113 4124363.106239 0.000000 -0.007767
302503.881854 4124363.127703 0.000000 -0.007642
302503.869617 4124363.149137 0.000000 -0.007520
302503.857404 4124363.170539 0.000000 -0.007409
302503.845215 4124363.191908 0.000000 -0.007304
302503.833050 4124363.213244 0.000000 -0.007204
302503.820910 4124363.234546 0.000000 -0.007111
302503.808794 4124363.255812 0.000000 -0.007033
302503.796704 4124363.277043 0.000000 -0.006964
302503.784639 4124363.298237 0.000000 -0.006899
302503.772600 4124363.319394 0.000000 -0.006854
302503.760587 4124363.340513 0.000000 -0.006816
302503.748601 4124363.361594 0.000000 -0.006791
302503.736641 4124363.382636 0.000000 -0.006781
302503.724708 4124363.403640 0.000000 -0.006785
302503.712802 4124363.424603 0.000000 -0.006798
302503.700923 4124363.445527 0.000000 -0.006833
302503.689072 4124363.466410 0.000000 -0.006883
302503.677248 4124363.487253 0.000000 -0.006946
302503.665451 4124363.508055 0.000000 -0.007027
302503.653683 4124363.528817 0.000000 -0.007127
302503.641942 4124363.549538 0.000000 -0.007243
302503.630229 4124363.570218 0.000000 -0.007377
302503.618543 4124363.590858 0.000000 -0.007527
302503.606886 4124363.611457 0.000000 -0.007700
302503.595256 4124363.632016 0.000000 -0.007892
302503.583654 4124363.652534 0.000000 -0.008096
302503.572080 4124363.673013 0.000000 -0.008328
302503.560533 4124363.693453 0.000000 -0.008576
302503.549013 4124363.713853 0.000000 -0.008841
302503.537521 4124363.734215 0.000000 -0.009133
302503.526056 4124363.754540 0.000000 -0.009436
302503.514618 4124363.774827 0.000000 -0.009765
302503.503206 4124363.795078 0.000000 -0.010110
302503.491820 4124363.815293 0.000000 -0.010480
302503.480461 4124363.835473 0.000000 -0.010860
302503.469128 4124363.855619 0.000000 -0.011267
302503.457819 4124363.875733 0.000000 -0.011687
302503.446536 4124363.895814 0.000000 -0.012128
302503.435278 4124363.915865 0.000000 -0.012584
302503.424043 4124363.935887 0.000000 -0.013058
302503.412833 4124363.955880 0.000000 -0.013550
302503.401645 4124363.975846 0.000000 -0.014052
302503.390481 4124363.995787 0.000000 -0.014569
302503.379338 4124364.015704 0.000000 -0.015106
302503.368217 4124364.035598 0.000000 -0.015648
302503.357117 4124364.055471 0.000000 -0.016204
302503.346038 4124364.075324 0.000000 -0.016769
302503.334978 4124364.095160 0.000000 -0.017344
302503.323938 4124364.114981 0.000000 -0.017925
302503.312915 4124364.134787 0.000000 -0.018511
302503.301911 4124364.154581 0.000000 -0.019105
302503.290923 4124364.174365 0.000000 -0.019696
302503.279951 4124364.194141 0.000000 -0.020292
302503.268994 4124364.213911 0.000000 -0.020887
302503.258052 4124364.233677 0.000000 -0.021475
302503.247123 4124364.253442 0.000000 -0.022062
302503.236207 4124364.273207 0.000000 -0.022640
302503.225302 4124364.292975 0.000000 -0.023214
302503.214408 4124364.312748 0.000000 -0.023768
302503.203523 4124364.332529 0.000000 -0.024322
302503.192647 4124364.352320 0.000000 -0.024858
302503.181779 4124364.372124 0.000000 -0.025374
302503.170917 4124364.391943 0.000000 -0.025879
302503.160060 4124364.411779 0.000000 -0.026363
302503.149207 4124364.431637 0.000000 -0.026821
302503.138358 4124364.451517 0.000000 -0.027265
302503.127510 4124364.471424 0.000000 -0.027682
302503.116663 4124364.491359 0.000000 -0.028076
302503.105815 4124364.511326 0.000000 -0.028443
302503.094965 4124364.531327 0.000000 -0.028781
302503.084112 4124364.551365 0.000000 -0.029094
302503.073254 4124364.571443 0.000000 -0.029377
302503.062391 4124364.591565 0.000000 -0.029625
302503.051521 4124364.611732 0.000000 -0.029850
302503.040642 4124364.631948 0.000000 -0.030043
302503.029753 4124364.652216 0.000000 -0.030195
302503.018853 4124364.672539 0.000000 -0.030326
302503.007940 4124364.692919 0.000000 -0.030420
302502.997014 4124364.713361 0.000000 -0.030483
302502.986072 4124364.733866 0.000000 -0.030512
302502.975113 4124364.754437 0.000000 -0.030507
302502.964136 4124364.775079 0.000000 -0.030474
302502.953139 4124364.795793 0.000000 -0.030406
302502.942121 4124364.816583 0.000000 -0.030312
302502.931080 4124364.837451 0.000000 -0.030178
302502.920016 4124364.858401 0.000000 -0.030026
302502.908926 4124364.879435 0.000000 -0.029837
302502.897809 4124364.900557 0.000000 -0.029624
302502.886664 4124364.921768 0.000000 -0.029380
302502.875490 4124364.943072 0.000000 -0.029114
302502.864285 4124364.964471 0.000000 -0.028823
302502.853047 4124364.985969 0.000000 -0.028506
302502.841776 4124365.007567 0.000000 -0.028168
302502.830470 4124365.029268 0.000000 -0.027812
302502.819128 4124365.051076 0.000000 -0.027436
302502.807748 4124365.072991 0.000000 -0.027036
302502.796330 4124365.095017 0.000000 -0.026627
302502.784872 4124365.117155 0.000000 -0.026201
302502.773372 4124365.139409 0.000000 -0.025763
302502.761831 4124365.161779 0.000000 -0.025311
302502.750247 4124365.184268 0.000000 -0.024852
302502.738618 4124365.206878 0.000000 -0.024379
302502.726945 4124365.229610 0.000000 -0.023903
302502.715225 4124365.252467 0.000000 -0.023421
302502.703458 4124365.275449 0.000000 -0.022936
302502.691644 4124365.298558 0.000000 -0.022448
302502.679781 4124365.321795 0.000000 -0.021956
302502.667870 4124365.345161 0.000000 -0.021469
302502.655908 4124365.368658 0.000000 -0.020977
302502.643897 4124365.392286 0.000000 -0.020494
302502.631834 4124365.416045 0.000000 -0.020012
302502.619721 4124365.439936 0.000000 -0.019535
302502.607557 4124365.463960 0.000000 -0.019066
302502.595341 4124365.488116 0.000000 -0.018602
302502.583073 4124365.512404 0.000000 -0.018145
302502.570754 4124365.536825 0.000000 -0.017698
302502.558383 4124365.561377 0.000000 -0.017259
302502.545961 4124365.586061 0.000000 -0.016833
302502.533488 4124365.610875 0.000000 -0.016415
302502.520964 4124365.635819 0.000000 -0.016008
302502.508390 4124365.660891 0.000000 -0.015614
302502.495766 4124365.686090 0.000000 -0.015231
302502.483092 4124365.711414 0.000000 -0.014858
302502.470370 4124365.736863 0.000000 -0.014504
302502.457600 4124365.762433 0.000000 -0.014158
302502.444783 4124365.788124 0.000000 -0.013823
302502.431921 4124365.813932 0.000000 -0.013505
302502.419013 4124365.839855 0.000000 -0.013200
302502.406062 4124365.865892 0.000000 -0.012908
302502.393068 4124365.892038 0.000000 -0.012630
302502.380033 4124365.918291 0.000000 -0.012364
302502.366959 4124365.944649 0.000000 -0.012113
302502.353846 4124365.971107 0.000000 -0.011876
302502.340697 4124365.997663 0.000000 -0.011654
302502.327512 4124366.024312 0.000000 -0.011441
302502.314294 4124366.051052 0.000000 -0.011244
302502.301045 4124366.077878 0.000000 -0.011062
302502.287766 4124366.104787 0.000000 -0.010893
302502.274459 4124366.131774 0.000000 -0.010735
302502.261127 4124366.158835 0.000000 -0.010593
302502.247771 4124366.185967 0.000000 -0.010463
302502.234393 4124366.213163 0.000000 -0.010344
302502.220996 4124366.240421 0.000000 -0.010240
302502.207582 4124366.267735 0.000000 -0.010152
302502.194153 4124366.295101 0.000000 -0.010072
302502.180712 4124366.322514 0.000000 -0.010006
302502.167260 4124366.349969 0.000000 -0.009954
302502.153800 4124366.377461 0.000000 -0.009913
302502.140334 4124366.404986 0.000000 -0.009884
302502.126866 4124366.432539 0.000000 -0.009870
302502.113397 4124366.460114 0.000000 -0.009866
302502.099929 4124366.487707 0.000000 -0.009873
302502.086465 4124366.515313 0.000000 -0.009895
302502.073008 4124366.542926 0.000000 -0.009927
302502.059560 4124366.570543 0.000000 -0.009970
302502.046123 4124366.598159 0.000000 -0.010025
302502.032700 4124366.625767 0.000000 -0.010092
302502.019293 4124366.653365 0.000000 -0.010171
302502.005904 4124366.680947 0.000000 -0.010257
302501.992535 4124366.708509 0.000000 -0.010360
302501.979189 4124366.736046 0.000000 -0.010471
302501.965868 4124366.763555 0.000000 -0.010590
302501.952574 4124366.791031 0.000000 -0.010723
302501.939309 4124366.818470 0.000000 -0.010866
302501.926075 4124366.845868 0.000000 -0.011016
302501.912873 4124366.873222 0.000000 -0.011178
302501.899706 4124366.900527 0.000000 -0.011350
302501.886575 4124366.927782 0.000000 -0.011530
302501.873482 4124366.954982 0.000000 -0.011719
302501.860428 4124366.982125 0.000000 -0.011919
302501.847416 4124367.009208 0.000000 -0.012124
302501.834445 4124367.036228 0.000000 -0.012340
302501.821518 4124367.063183 0.000000 -0.012561
302501.808636 4124367.090071 0.000000 -0.012791
302501.795799 4124367.116889 0.000000 -0.013029
302501.783010 4124367.143636 0.000000 -0.013269
302501.770267 4124367.170311 0.000000 -0.013520
302501.757573 4124367.196912 0.000000 -0.013772
302501.744929 4124367.223438 0.000000 -0.014031
302501.732333 4124367.249888 0.000000 -0.014295
302501.719788 4124367.276261 0.000000 -0.014560
302501.707293 4124367.302557 0.000000 -0.014829
302501.694849 4124367.328776 0.000000 -0.015102
302501.682455 4124367.354917 0.000000 -0.015375
302501.670112 4124367.380982 0.000000 -0.015647
302501.657820 4124367.406969 0.000000 -0.015921
302501.645578 4124367.432880 0.000000 -0.016192
302501.633387 4124367.458716 0.000000 -0.016462
302501.621246 4124367.484477 0.000000 -0.016730
302501.609154 4124367.510164 0.000000 -0.016993
302501.597111 4124367.535780 0.000000 -0.017252
302501.585117 4124367.561325 0.000000 -0.017503
302501.573170 4124367.586802 0.000000 -0.017750
302501.561270 4124367.612211 0.000000 -0.017989
302501.549416 4124367.637556 0.000000 -0.018220
302501.537607 4124367.662838 0.000000 -0.018441
302501.525842 4124367.688060 0.000000 -0.018651
302501.514119 4124367.713224 0.000000 -0.018850
302501.502439 4124367.738332 0.000000 -0.019040
302501.490799 4124367.763388 0.000000 -0.019215
302501.479198 4124367.788394 0.000000 -0.019378
302501.467635 4124367.813354 0.000000 -0.019525
302501.456109 4124367.838269 0.000000 -0.019660
302501.444618 4124367.863143 0.000000 -0.019782
302501.433161 4124367.887979 0.000000 -0.019886
302501.421736 4124367.912781 0.000000 -0.019975
302501.410342 4124367.937551 0.000000 -0.020051
302501.398978 4124367.962293 0.000000 -0.020110
302501.387642 4124367.987009 0.000000 -0.020152
302501.376332 4124368.011703 0.000000 -0.020181
302501.365047 4124368.036377 0.000000 -0.020196
302501.353786 4124368.061036 0.000000 -0.020193
302501.342547 4124368.085682 0.000000 -0.020179
302501.331329 4124368.110317 0.000000 -0.020150
302501.320131 4124368.134946 0.000000 -0.020105
302501.308951 4124368.159570 0.000000 -0.020052
302501.297788 4124368.184192 0.000000 -0.019985
302501.286640 4124368.208815 0.000000 -0.019906
302501.275507 4124368.233441 0.000000 -0.019817
302501.264387 4124368.258074 0.000000 -0.019719
302501.253279 4124368.282714 0.000000 -0.019610
302501.242182 4124368.307365 0.000000 -0.019495
302501.231095 4124368.332028 0.000000 -0.019370
302501.220018 4124368.356705 0.000000 -0.019242
302501.208948 4124368.381398 0.000000 -0.019108
302501.197887 4124368.406109 0.000000 -0.018967
302501.186832 4124368.430838 0.000000 -0.018823
302501.175783 4124368.455588 0.000000 -0.018680
302501.164739 4124368.480360 0.000000 -0.018530
302501.153700 4124368.505154 0.000000 -0.018380
302501.142666 4124368.529972 0.000000 -0.018232
302501.131636 4124368.554813 0.000000 -0.018083
302501.120609 4124368.579679 0.000000 -0.017937
302501.109586 4124368.604570 0.000000 -0.017793
302501.098567 4124368.629487 0.000000 -0.017648
302501.087550 4124368.654428 0.000000 -0.017512
302501.076537 4124368.679395 0.000000 -0.017378
302501.065526 4124368.704386 0.000000 -0.017249
302501.054520 4124368.729402 0.000000 -0.017125
302501.043516 4124368.754441 0.000000 -0.017008
302501.032517 4124368.779504 0.000000 -0.016898
302501.021521 4124368.804589 0.000000 -0.016794
302501.010530 4124368.829696 0.000000 -0.016699
302500.999544 4124368.854822 0.000000 -0.016611
302500.988563 4124368.879968 0.000000 -0.016532
302500.977588 4124368.905131 0.000000 -0.016460
302500.966620 4124368.930309 0.000000 -0.016400
302500.955658 4124368.955503 0.000000 -0.016345
302500.944705 4124368.980709 0.000000 -0.016303
302500.933761 4124369.005926 0.000000 -0.016270
302500.922826 4124369.031152 0.000000 -0.016246
302500.911901 4124369.056385 0.000000 -0.016231
302500.900987 4124369.081623 0.000000 -0.016229
302500.890086 4124369.106864 0.000000 -0.016235
302500.879198 4124369.132106 0.000000 -0.016251
302500.868323 4124369.157346 0.000000 -0.016276
302500.857464 4124369.182583 0.000000 -0.016311
302500.846621 4124369.207813 0.000000 -0.016359
302500.835794 4124369.233036 0.000000 -0.016409
302500.824985 4124369.258249 0.000000 -0.016474
302500.814195 4124369.283449 0.000000 -0.016548
302500.803425 4124369.308634 0.000000 -0.016629
302500.792676 4124369.333802 0.000000 -0.016717
302500.781948 4124369.358952 0.000000 -0.016817
302500.771243 4124369.384081 0.000000 -0.016921
302500.760561 4124369.409186 0.000000 -0.017036
302500.749904 4124369.434267 0.000000 -0.017156
302500.739272 4124369.459321 0.000000 -0.017285
302500.728666 4124369.484346 0.000000 -0.017419
302500.718086 4124369.509341 0.000000 -0.017561
302500.707535 4124369.534304 0.000000 -0.017707
302500.697011 4124369.559234 0.000000 -0.017861
302500.686516 4124369.584129 0.000000 -0.018016
302500.676051 4124369.608987 0.000000 -0.018178
302500.665616 4124369.633808 0.000000 -0.018347
302500.655212 4124369.658591 0.000000 -0.018512
302500.644838 4124369.683334 0.000000 -0.018686
302500.634496 4124369.708037 0.000000 -0.018860
302500.624186 4124369.732699 0.000000 -0.019036
302500.613908 4124369.757319 0.000000 -0.019214
302500.603663 4124369.781896 0.000000 -0.019392
302500.593450 4124369.806431 0.000000 -0.019569
302500.583269 4124369.830924 0.000000 -0.019746
302500.573122 4124369.855373 0.000000 -0.019924
302500.563008 4124369.879779 0.000000 -0.020095
302500.552926 4124369.904142 0.000000 -0.020268
302500.542877 4124369.928463 0.000000 -0.020433
302500.532861 4124369.952742 0.000000 -0.020597
302500.522878 4124369.976979 0.000000 -0.020755
302500.512926 4124370.001175 0.000000 -0.020907
302500.503007 4124370.025331 0.000000 -0.021056
302500.493119 4124370.049448 0.000000 -0.021193
302500.483263 4124370.073526 0.000000 -0.021324
302500.473437 4124370.097568 0.000000 -0.021450
302500.463641 4124370.121573 0.000000 -0.021564
302500.453876 4124370.145544 0.000000 -0.021668
302500.444139 4124370.169482 0.000000 -0.021764
302500.434430 4124370.193389 0.000000 -0.021847
302500.424750 4124370.217266 0.000000 -0.021922
302500.415096 4124370.241114 0.000000 -0.021983
302500.405469 4124370.264937 0.000000 -0.022035
302500.395867 4124370.288736 0.000000 -0.022071
302500.386290 4124370.312512 0.000000 -0.022097
302500.376736 4124370.336268 0.000000 -0.022110
302500.367205 4124370.360006 0.000000 -0.022111
302500.357697 4124370.383729 0.000000 -0.022097
302500.348209 4124370.407438 0.000000 -0.022073
302500.338741 4124370.431135 0.000000 -0.022036
302500.329292 4124370.454824 0.000000 -0.021984
302500.319861 4124370.478506 0.000000 -0.021922
302500.310447 4124370.502184 0.000000 -0.021851
302500.301050 4124370.525859 0.000000 -0.021761
302500.291667 4124370.549536 0.000000 -0.021665
302500.282298 4124370.573215 0.000000 -0.021555
302500.272942 4124370.596899 0.000000 -0.021436
302500.263598 4124370.620591 0.000000 -0.021305
302500.254265 4124370.644293 0.000000 -0.021166
302500.244942 4124370.668007 0.000000 -0.021018
302500.235629 4124370.691735 0.000000 -0.020858
302500.226323 4124370.715481 0.000000 -0.020692
302500.217024 4124370.739245 0.000000 -0.020519
302500.207731 4124370.763030 0.000000 -0.020335
302500.198443 4124370.786839 0.000000 -0.020146
302500.189159 4124370.810674 0.000000 -0.019952
302500.179879 4124370.834535 0.000000 -0.019753
302500.170601 4124370.858426 0.000000 -0.019547
302500.161325 4124370.882349 0.000000 -0.019338
302500.152050 4124370.906305 0.000000 -0.019125
302500.142775 4124370.930296 0.000000 -0.018909
302500.133498 4124370.954324 0.000000 -0.018688
302500.124221 4124370.978390 0.000000 -0.018468
302500.114941 4124371.002496 0.000000 -0.018246
302500.105658 4124371.026644 0.000000 -0.018021
302500.096371 4124371.050835 0.000000 -0.017798
302500.087080 4124371.075071 0.000000 -0.017571
302500.077785 4124371.099352 0.000000 -0.017349
302500.068484 4124371.123681 0.000000 -0.017126
302500.059177 4124371.148057 0.000000 -0.016903
302500.049863 4124371.172483 0.000000 -0.016683
302500.040543 4124371.196959 0.000000 -0.016465
302500.031215 4124371.221486 0.000000 -0.016249
302500.021880 4124371.246065 0.000000 -0.016034
302500.012536 4124371.270697 0.000000 -0.015823
302500.003184 4124371.295382 0.000000 -0.015616
302499.993823 4124371.320122 0.000000 -0.015413
302499.984453 4124371.344916 0.000000 -0.015210
302499.975074 4124371.369764 0.000000 -0.015013
302499.965685 4124371.394669 0.000000 -0.014818
302499.956286 4124371.419629 0.000000 -0.014629
302499.946878 4124371.444644 0.000000 -0.014443
302499.937459 4124371.469716 0.000000 -0.014262
302499.928031 4124371.494844 0.000000 -0.014081
302499.918592 4124371.520028 0.000000 -0.013909
302499.909143 4124371.545268 0.000000 -0.013737
302499.899684 4124371.570564 0.000000 -0.013570
302499.890214 4124371.595916 0.000000 -0.013407
302499.880734 4124371.621324 0.000000 -0.013246
302499.871244 4124371.646787 0.000000 -0.013091
302499.861744 4124371.672305 0.000000 -0.012936
302499.852233 4124371.697878 0.000000 -0.012786
302499.842713 4124371.723505 0.000000 -0.012640
302499.833183 4124371.749186 0.000000 -0.012496
302499.823643 4124371.774921 0.000000 -0.012354
302499.814093 4124371.800708 0.000000 -0.012216
302499.804533 4124371.826548 0.000000 -0.012080
302499.794965 4124371.852440 0.000000 -0.011949
302499.785387 4124371.878383 0.000000 -0.011817
302499.775800 4124371.904377 0.000000 -0.011690
302499.766204 4124371.930420 0.000000 -0.011565
302499.756599 4124371.956513 0.000000 -0.011442
302499.746987 4124371.982655 0.000000 -0.011321
302499.737365 4124372.008845 0.000000 -0.011203
302499.727736 4124372.035081 0.000000 -0.011086
302499.718099 4124372.061365 0.000000 -0.010974
302499.708454 4124372.087694 0.000000 -0.010863
302499.698802 4124372.114068 0.000000 -0.010751
302499.689143 4124372.140487 0.000000 -0.010646
302499.679477 4124372.166949 0.000000 -0.010540
302499.669804 4124372.193453 0.000000 -0.010439
302499.660125 4124372.220000 0.000000 -0.010337
302499.650440 4124372.246588 0.000000 -0.010240
302499.640748 4124372.273216 0.000000 -0.010143
302499.631051 4124372.299884 0.000000 -0.010049
302499.621348 4124372.326590 0.000000 -0.009958
302499.611641 4124372.353335 0.000000 -0.009868
302499.601928 4124372.380117 0.000000 -0.009783
302499.592210 4124372.406935 0.000000 -0.009699
302499.582488 4124372.433789 0.000000 -0.009617
302499.572762 4124372.460678 0.000000 -0.009539
302499.563031 4124372.487600 0.000000 -0.009464
302499.553297 4124372.514556 0.000000 -0.009391
302499.543560 4124372.541545 0.000000 -0.009322
302499.533819 4124372.568565 0.000000 -0.009256
302499.524075 4124372.595616 0.000000 -0.009194
302499.514328 4124372.622697 0.000000 -0.009134
302499.504579 4124372.649807 0.000000 -0.009078
302499.494828 4124372.676946 0.000000 -0.009029
302499.485074 4124372.704113 0.000000 -0.008980
302499.475319 4124372.731307 0.000000 -0.008938
302499.465563 4124372.758526 0.000000 -0.008901
302499.455805 4124372.785771 0.000000 -0.008868
302499.446047 4124372.813041 0.000000 -0.008839
302499.436287 4124372.840335 0.000000 -0.008816
302499.426528 4124372.867651 0.000000 -0.008800
302499.416768 4124372.894990 0.000000 -0.008789
302499.407009 4124372.922350 0.000000 -0.008784
302499.397250 4124372.949731 0.000000 -0.008785
302499.387492 4124372.977132 0.000000 -0.008795