302656.765000 4124410.200000 0.000000 -0.000005
302656.767869 4124409.984803 0.000000 -0.000005
302656.770601 4124409.779908 0.000000 -0.000010
302656.773204 4124409.584624 0.000000 -0.000016
302656.775687 4124409.398297 0.000000 -0.000023
302656.778059 4124409.220312 0.000000 -0.000031
302656.780326 4124409.050086 0.000000 -0.000039
302656.782496 4124408.887071 0.000000 -0.000048
302656.784575 4124408.730753 0.000000 -0.000058
302656.786571 4124408.580645 0.000000 -0.000068
302656.788488 4124408.436295 0.000000 -0.000079
302656.790334 4124408.297273 0.000000 -0.000090
302656.792112 4124408.163182 0.000000 -0.000101
302656.793828 4124408.033646 0.000000 -0.000112
302656.795487 4124407.908316 0.000000 -0.000123
302656.797092 4124407.786865 0.000000 -0.000134
302656.798648 4124407.668991 0.000000 -0.000144
302656.800159 4124407.554409 0.000000 -0.000153
302656.801628 4124407.442857 0.000000 -0.000162
302656.803058 4124407.334091 0.000000 -0.000170
302656.804453 4124407.227885 0.000000 -0.000177
302656.805815 4124407.124029 0.000000 -0.000183
302656.807147 4124407.022330 0.000000 -0.000188
302656.808451 4124406.922609 0.000000 -0.000192
302656.809729 4124406.824703 0.000000 -0.000195
302656.810984 4124406.728460 0.000000 -0.000197
302656.812217 4124406.633741 0.000000 -0.000197
302656.813430 4124406.540419 0.000000 -0.000196
302656.814625 4124406.448377 0.000000 -0.000195
302656.815803 4124406.357509 0.000000 -0.000193
302656.816966 4124406.267717 0.000000 -0.000189
302656.818114 4124406.178913 0.000000 -0.000186
302656.819249 4124406.091015 0.000000 -0.000181
302656.820372 4124406.003950 0.000000 -0.000176
302656.821484 4124405.917651 0.000000 -0.000171
302656.822585 4124405.832057 0.000000 -0.000165
302656.823677 4124405.747112 0.000000 -0.000159
302656.824760 4124405.662766 0.000000 -0.000152
302656.825835 4124405.578973 0.000000 -0.000146
302656.826902 4124405.495692 0.000000 -0.000139
302656.827963 4124405.412884 0.000000 -0.000132
302656.829016 4124405.330514 0.000000 -0.000126
302656.830064 4124405.248550 0.000000 -0.000119
302656.831106 4124405.166963 0.000000 -0.000113
302656.832143 4124405.085727 0.000000 -0.000106
302656.833175 4124405.004814 0.000000 -0.000100
302656.834203 4124404.924204 0.000000 -0.000094
302656.835226 4124404.843873 0.000000 -0.000088
302656.836246 4124404.763801 0.000000 -0.000083
302656.837261 4124404.683970 0.000000 -0.000077
302656.838274 4124404.604361 0.000000 -0.000072
302656.839284 4124404.524957 0.000000 -0.000067
302656.840290 4124404.445743 0.000000 -0.000062
302656.841294 4124404.366703 0.000000 -0.000057
302656.842296 4124404.287823 0.000000 -0.000053
302656.843296 4124404.209091 0.000000 -0.000049
302656.844293 4124404.130493 0.000000 -0.000045
302656.845289 4124404.052018 0.000000 -0.000042
302656.846283 4124403.973656 0.000000 -0.000039
302656.847275 4124403.895396 0.000000 -0.000037
302656.848266 4124403.817228 0.000000 -0.000036
302656.849256 4124403.739145 0.000000 -0.000035
302656.850245 4124403.661136 0.000000 -0.000035
302656.851232 4124403.583196 0.000000 -0.000036
302656.852219 4124403.505317 0.000000 -0.000039
302656.853204 4124403.427491 0.000000 -0.000042
302656.854189 4124403.349714 0.000000 -0.000047
302656.855173 4124403.271978 0.000000 -0.000054
302656.856156 4124403.194279 0.000000 -0.000062
302656.857139 4124403.116611 0.000000 -0.000073
302656.858120 4124403.038970 0.000000 -0.000085
302656.859101 4124402.961350 0.000000 -0.000100
302656.860081 4124402.883748 0.000000 -0.000118
302656.861060 4124402.806159 0.000000 -0.000138
302656.862038 4124402.728579 0.000000 -0.000162
302656.863015 4124402.651004 0.000000 -0.000189
302656.863991 4124402.573431 0.000000 -0.000219
302656.864966 4124402.495854 0.000000 -0.000253
302656.865939 4124402.418271 0.000000 -0.000292
302656.866911 4124402.340677 0.000000 -0.000335
302656.867881 4124402.263069 0.000000 -0.000382
302656.868848 4124402.185441 0.000000 -0.000435
302656.869814 4124402.107791 0.000000 -0.000492
302656.870776 4124402.030112 0.000000 -0.000556
302656.871736 4124401.952400 0.000000 -0.000625
302656.872693 4124401.874651 0.000000 -0.000700
302656.873646 4124401.796858 0.000000 -0.000782
302656.874594 4124401.719017 0.000000 -0.000871
302656.875538 4124401.641120 0.000000 -0.000966
302656.876477 4124401.563161 0.000000 -0.001069
302656.877410 4124401.485134 0.000000 -0.001180
302656.878337 4124401.407031 0.000000 -0.001298
302656.879257 4124401.328843 0.000000 -0.001425
302656.880170 4124401.250562 0.000000 -0.001559
302656.881074 4124401.172179 0.000000 -0.001703
302656.881969 4124401.093684 0.000000 -0.001854
302656.882853 4124401.015066 0.000000 -0.002015
302656.883727 4124400.936315 0.000000 -0.002184
302656.884589 4124400.857417 0.000000 -0.002362
302656.885438 4124400.778361 0.000000 -0.002549
302656.886272 4124400.699132 0.000000 -0.002745
302656.887092 4124400.619716 0.000000 -0.002949
302656.887895 4124400.540098 0.000000 -0.003162
302656.888679 4124400.460261 0.000000 -0.003383
302656.889445 4124400.380188 0.000000 -0.003611
302656.890190 4124400.299860 0.000000 -0.003846
302656.890912 4124400.219258 0.000000 -0.004086
302656.891610 4124400.138360 0.000000 -0.004330
302656.892282 4124400.057144 0.000000 -0.004576
302656.892927 4124399.975585 0.000000 -0.004822
302656.893543 4124399.893657 0.000000 -0.005067
302656.894127 4124399.811330 0.000000 -0.005307
302656.894678 4124399.728573 0.000000 -0.005541
302656.895194 4124399.645351 0.000000 -0.005765
302656.895673 4124399.561628 0.000000 -0.005976
302656.896112 4124399.477362 0.000000 -0.006171
302656.896511 4124399.392507 0.000000 -0.006346
302656.896866 4124399.307014 0.000000 -0.006498
302656.897176 4124399.220828 0.000000 -0.006623
302656.897438 4124399.133890 0.000000 -0.006717
302656.897652 4124399.046134 0.000000 -0.006776
302656.897815 4124398.957488 0.000000 -0.006798
302656.897925 4124398.867873 0.000000 -0.006779
302656.897982 4124398.777203 0.000000 -0.006716
302656.897982 4124398.685383 0.000000 -0.006607
302656.897926 4124398.592309 0.000000 -0.006450
302656.897812 4124398.497870 0.000000 -0.006246
302656.897640 4124398.401942 0.000000 -0.005993
302656.897407 4124398.304392 0.000000 -0.005693
302656.897115 4124398.205076 0.000000 -0.005348
302656.896763 4124398.103835 0.000000 -0.004961
302656.896351 4124398.000500 0.000000 -0.004537
302656.895880 4124397.894887 0.000000 -0.004080
302656.895351 4124397.786796 0.000000 -0.003596
302656.894765 4124397.676012 0.000000 -0.003093
302656.894124 4124397.562306 0.000000 -0.002578
302656.893431 4124397.445429 0.000000 -0.002057
302656.892687 4124397.325114 0.000000 -0.001539
302656.891898 4124397.201074 0.000000 -0.001032
302656.891066 4124397.073003 0.000000 -0.000542
302656.890196 4124396.940575 0.000000 -0.000075
302656.889294 4124396.803437 0.000000 0.000362
302656.888366 4124396.661218 0.000000 0.000764
302656.887419 4124396.513517 0.000000 0.001129
302656.886460 4124396.359913 0.000000 0.001453
302656.885497 4124396.199952 0.000000 0.001736
302656.884541 4124396.033157 0.000000 0.001976
302656.883601 4124395.859020 0.000000 0.002174
302656.882689 4124395.677000 0.000000 0.002331
302656.881818 4124395.486528 0.000000 0.002450
