302668.214000 4124359.571000 0.000000 0.000091
302668.215776 4124359.371180 0.000000 0.000091
302668.217507 4124359.176857 0.000000 0.000089
302668.219196 4124358.987710 0.000000 0.000086
302668.220843 4124358.803426 0.000000 0.000084
302668.222453 4124358.623704 0.000000 0.000080
302668.224027 4124358.448256 0.000000 0.000077
302668.225567 4124358.276802 0.000000 0.000073
302668.227076 4124358.109074 0.000000 0.000069
302668.228556 4124357.944813 0.000000 0.000065
302668.230008 4124357.783770 0.000000 0.000060
302668.231435 4124357.625706 0.000000 0.000055
302668.232839 4124357.470391 0.000000 0.000050
302668.234221 4124357.317602 0.000000 0.000045
302668.235583 4124357.167128 0.000000 0.000040
302668.236926 4124357.018763 0.000000 0.000034
302668.238254 4124356.872313 0.000000 0.000029
302668.239566 4124356.727588 0.000000 0.000023
302668.240864 4124356.584407 0.000000 0.000017
302668.242151 4124356.442599 0.000000 0.000012
302668.243427 4124356.301997 0.000000 0.000006
302668.244693 4124356.162443 0.000000 -0.000000
302668.245952 4124356.023784 0.000000 -0.000006
302668.247203 4124355.885877 0.000000 -0.000012
302668.248449 4124355.748582 0.000000 -0.000018
302668.249689 4124355.611768 0.000000 -0.000024
302668.250927 4124355.475308 0.000000 -0.000030
302668.252161 4124355.339083 0.000000 -0.000036
302668.253394 4124355.202979 0.000000 -0.000042
302668.254626 4124355.066887 0.000000 -0.000048
302668.255858 4124354.930707 0.000000 -0.000054
302668.257090 4124354.794339 0.000000 -0.000061
302668.258324 4124354.657694 0.000000 -0.000067
302668.259560 4124354.520685 0.000000 -0.000074
302668.260799 4124354.383231 0.000000 -0.000080
302668.262040 4124354.245256 0.000000 -0.000087
302668.263286 4124354.106690 0.000000 -0.000094
302668.264535 4124353.967466 0.000000 -0.000101
302668.265789 4124353.827523 0.000000 -0.000108
302668.267048 4124353.686807 0.000000 -0.000116
302668.268311 4124353.545264 0.000000 -0.000123
302668.269580 4124353.402850 0.000000 -0.000131
302668.270855 4124353.259521 0.000000 -0.000139
302668.272135 4124353.115241 0.000000 -0.000147
302668.273421 4124352.969977 0.000000 -0.000156
302668.274712 4124352.823702 0.000000 -0.000164
302668.276009 4124352.676392 0.000000 -0.000173
302668.277312 4124352.528028 0.000000 -0.000182
302668.278619 4124352.378597 0.000000 -0.000191
302668.279932 4124352.228089 0.000000 -0.000201
302668.281250 4124352.076500 0.000000 -0.000211
302668.282572 4124351.923830 0.000000 -0.000221
302668.283898 4124351.770084 0.000000 -0.000232
302668.285228 4124351.615271 0.000000 -0.000243
302668.286562 4124351.459406 0.000000 -0.000254
302668.287897 4124351.302508 0.000000 -0.000266
302668.289235 4124351.144602 0.000000 -0.000278
302668.290574 4124350.985715 0.000000 -0.000291
302668.291913 4124350.825881 0.000000 -0.000304
302668.293253 4124350.665136 0.000000 -0.000318
302668.294591 4124350.503522 0.000000 -0.000332
302668.295928 4124350.341084 0.000000 -0.000346
302668.297261 4124350.177870 0.000000 -0.000361
302668.298591 4124350.013932 0.000000 -0.000377
302668.299916 4124349.849325 0.000000 -0.000393
302668.301235 4124349.684106 0.000000 -0.000409
302668.302548 4124349.518334 0.000000 -0.000427
302668.303852 4124349.352070 0.000000 -0.000444
302668.305148 4124349.185376 0.000000 -0.000462
302668.306434 4124349.018314 0.000000 -0.000481
302668.307708 4124348.850949 0.000000 -0.000500
302668.308970 4124348.683341 0.000000 -0.000519
302668.310219 4124348.515553 0.000000 -0.000538
302668.311454 4124348.347644 0.000000 -0.000558
302668.312674 4124348.179671 0.000000 -0.000578
302668.313877 4124348.011689 0.000000 -0.000598
302668.315063 4124347.843748 0.000000 -0.000617
302668.316231 4124347.675894 0.000000 -0.000636
302668.317381 4124347.508167 0.000000 -0.000654
302668.318510 4124347.340601 0.000000 -0.000672
302668.319620 4124347.173223 0.000000 -0.000688
302668.320709 4124347.006051 0.000000 -0.000702
302668.321777 4124346.839097 0.000000 -0.000715
302668.322824 4124346.672359 0.000000 -0.000725
302668.323850 4124346.505826 0.000000 -0.000732
302668.324854 4124346.339476 0.000000 -0.000735
302668.325837 4124346.173271 0.000000 -0.000734
302668.326799 4124346.007162 0.000000 -0.000728
302668.327740 4124345.841083 0.000000 -0.000717
302668.328663 4124345.674950 0.000000 -0.000700
302668.329567 4124345.508664 0.000000 -0.000676
302668.330453 4124345.342106 0.000000 -0.000645
302668.331324 4124345.175135 0.000000 -0.000606
302668.332181 4124345.007591 0.000000 -0.000560
302668.333026 4124344.839289 0.000000 -0.000505
302668.333861 4124344.670021 0.000000 -0.000443
302668.334689 4124344.499552 0.000000 -0.000373
302668.335514 4124344.327621 0.000000 -0.000296
302668.336338 4124344.153938 0.000000 -0.000213
302668.337165 4124343.978182 0.000000 -0.000126
