302510.332000 4123596.934000 0.000000 -0.005693
302510.014722 4123596.850816 0.000000 -0.005693
302509.717621 4123596.773495 0.000000 -0.006621
302509.439005 4123596.701570 0.000000 -0.007635
302509.177294 4123596.634604 0.000000 -0.008727
302508.931019 4123596.572187 0.000000 -0.009884
302508.698813 4123596.513938 0.000000 -0.011091
302508.479407 4123596.459501 0.000000 -0.012325
302508.271629 4123596.408547 0.000000 -0.013561
302508.074393 4123596.360770 0.000000 -0.014770
302507.886700 4123596.315884 0.000000 -0.015920
302507.707632 4123596.273629 0.000000 -0.016981
302507.536344 4123596.233761 0.000000 -0.017924
302507.372067 4123596.196060 0.000000 -0.018723
302507.214097 4123596.160320 0.000000 -0.019357
302507.061794 4123596.126355 0.000000 -0.019813
302506.914582 4123596.093994 0.000000 -0.020082
302506.771936 4123596.063082 0.000000 -0.020168
302506.633387 4123596.033479 0.000000 -0.020077
302506.498515 4123596.005056 0.000000 -0.019824
302506.366946 4123595.977701 0.000000 -0.019429
302506.238347 4123595.951309 0.000000 -0.018914
302506.112427 4123595.925789 0.000000 -0.018306
302505.988930 4123595.901059 0.000000 -0.017629
302505.867632 4123595.877047 0.000000 -0.016911
302505.748343 4123595.853689 0.000000 -0.016173
302505.630898 4123595.830931 0.000000 -0.015439
302505.515160 4123595.808723 0.000000 -0.014726
302505.401012 4123595.787024 0.000000 -0.014051
302505.288359 4123595.765799 0.000000 -0.013427
302505.177124 4123595.745017 0.000000 -0.012864
302505.067246 4123595.724653 0.000000 -0.012369
302504.958679 4123595.704686 0.000000 -0.011947
302504.851388 4123595.685099 0.000000 -0.011601
302504.745348 4123595.665878 0.000000 -0.011334
302504.640543 4123595.647013 0.000000 -0.011146
302504.536964 4123595.628494 0.000000 -0.011034
302504.434608 4123595.610316 0.000000 -0.010999
302504.333476 4123595.592474 0.000000 -0.011037
302504.233572 4123595.574965 0.000000 -0.011146
302504.134900 4123595.557785 0.000000 -0.011321
302504.037467 4123595.540935 0.000000 -0.011561
302503.941278 4123595.524412 0.000000 -0.011859
302503.846340 4123595.508216 0.000000 -0.012213
302503.752655 4123595.492347 0.000000 -0.012617
302503.660225 4123595.476804 0.000000 -0.013066
302503.569048 4123595.461585 0.000000 -0.013558
302503.479119 4123595.446689 0.000000 -0.014084
302503.390431 4123595.432116 0.000000 -0.014642
302503.302972 4123595.417861 0.000000 -0.015226
302503.216728 4123595.403923 0.000000 -0.015832
302503.131681 4123595.390299 0.000000 -0.016456
302503.047810 4123595.376984 0.000000 -0.017095
302502.965091 4123595.363974 0.000000 -0.017745
302502.883497 4123595.351264 0.000000 -0.018400
302502.803000 4123595.338850 0.000000 -0.019057
302502.723569 4123595.326725 0.000000 -0.019713
302502.645172 4123595.314884 0.000000 -0.020359
302502.567773 4123595.303321 0.000000 -0.020992
302502.491338 4123595.292030 0.000000 -0.021606
302502.415829 4123595.281003 0.000000 -0.022197
302502.341208 4123595.270234 0.000000 -0.022755
302502.267437 4123595.259717 0.000000 -0.023281
302502.194477 4123595.249443 0.000000 -0.023764
302502.122288 4123595.239406 0.000000 -0.024202
302502.050830 4123595.229599 0.000000 -0.024591
302501.980064 4123595.220013 0.000000 -0.024925
302501.909949 4123595.210643 0.000000 -0.025201
302501.840446 4123595.201479 0.000000 -0.025417
302501.771516 4123595.192516 0.000000 -0.025570
302501.703121 4123595.183745 0.000000 -0.025658
302501.635222 4123595.175160 0.000000 -0.025681
302501.567783 4123595.166752 0.000000 -0.025640
302501.500768 4123595.158516 0.000000 -0.025535
302501.434141 4123595.150444 0.000000 -0.025365
302501.367868 4123595.142528 0.000000 -0.025136
302501.301918 4123595.134763 0.000000 -0.024849
302501.236258 4123595.127142 0.000000 -0.024510
302501.170859 4123595.119659 0.000000 -0.024118
302501.105693 4123595.112306 0.000000 -0.023681
302501.040731 4123595.105079 0.000000 -0.023205
302500.975950 4123595.097971 0.000000 -0.022692
302500.911325 4123595.090976 0.000000 -0.022148
302500.846835 4123595.084090 0.000000 -0.021579
302500.782458 4123595.077308 0.000000 -0.020989
302500.718178 4123595.070623 0.000000 -0.020386
302500.653976 4123595.064032 0.000000 -0.019771
302500.589838 4123595.057531 0.000000 -0.019152
302500.525752 4123595.051114 0.000000 -0.018530
302500.461705 4123595.044779 0.000000 -0.017914
302500.397688 4123595.038521 0.000000 -0.017304
302500.333693 4123595.032337 0.000000 -0.016706
302500.269715 4123595.026224 0.000000 -0.016119
302500.205748 4123595.020179 0.000000 -0.015553
302500.141790 4123595.014200 0.000000 -0.015002
302500.077841 4123595.008283 0.000000 -0.014477
302500.013900 4123595.002427 0.000000 -0.013971
302499.949970 4123594.996630 0.000000 -0.013491
302499.886054 4123594.990890 0.000000 -0.013037
302499.822157 4123594.985205 0.000000 -0.012609
302499.758285 4123594.979575 0.000000 -0.012208
302499.694444 4123594.973998 0.000000 -0.011833
302499.630645 4123594.968473 0.000000 -0.011486
302499.566895 4123594.963000 0.000000 -0.011166
302499.503205 4123594.957577 0.000000 -0.010872
302499.439585 4123594.952205 0.000000 -0.010605
302499.376048 4123594.946884 0.000000 -0.010365
302499.312606 4123594.941612 0.000000 -0.010149
302499.249271 4123594.936391 0.000000 -0.009959
302499.186057 4123594.931220 0.000000 -0.009795
302499.122977 4123594.926099 0.000000 -0.009654
302499.060045 4123594.921029 0.000000 -0.009536
302498.997275 4123594.916010 0.000000 -0.009445
302498.934680 4123594.911042 0.000000 -0.009373
302498.872276 4123594.906127 0.000000 -0.009326
302498.810075 4123594.901263 0.000000 -0.009301
302498.748093 4123594.896454 0.000000 -0.009297
302498.686343 4123594.891697 0.000000 -0.009315
302498.624838 4123594.886996 0.000000 -0.009354
302498.563592 4123594.882350 0.000000 -0.009414
302498.502619 4123594.877759 0.000000 -0.009495
302498.441930 4123594.873226 0.000000 -0.009595
302498.381539 4123594.868750 0.000000 -0.009716
302498.321456 4123594.864332 0.000000 -0.009857
302498.261694 4123594.859974 0.000000 -0.010016
302498.202263 4123594.855675 0.000000 -0.010195
302498.143173 4123594.851438 0.000000 -0.010392
302498.084434 4123594.847261 0.000000 -0.010610
302498.026056 4123594.843147 0.000000 -0.010844
302497.968046 4123594.839095 0.000000 -0.011096
302497.910412 4123594.835108 0.000000 -0.011367
302497.853161 4123594.831184 0.000000 -0.011654
302497.796299 4123594.827325 0.000000 -0.011958
302497.739832 4123594.823531 0.000000 -0.012279
302497.683765 4123594.819803 0.000000 -0.012616
302497.628101 4123594.816142 0.000000 -0.012966
302497.572845 4123594.812547 0.000000 -0.013334
302497.517997 4123594.809019 0.000000 -0.013713
302497.463561 4123594.805559 0.000000 -0.014105
302497.409537 4123594.802167 0.000000 -0.014511
302497.355926 4123594.798842 0.000000 -0.014928
302497.302726 4123594.795586 0.000000 -0.015355
302497.249937 4123594.792398 0.000000 -0.015789
302497.197556 4123594.789279 0.000000 -0.016232
302497.145582 4123594.786228 0.000000 -0.016683
302497.094009 4123594.783245 0.000000 -0.017136
302497.042835 4123594.780331 0.000000 -0.017594
302496.992055 4123594.777485 0.000000 -0.018055
302496.941664 4123594.774707 0.000000 -0.018515
302496.891655 4123594.771996 0.000000 -0.018975
302496.842022 4123594.769354 0.000000 -0.019433
302496.792759 4123594.766778 0.000000 -0.019884
302496.743858 4123594.764269 0.000000 -0.020331
302496.695310 4123594.761827 0.000000 -0.020770
302496.647109 4123594.759451 0.000000 -0.021201
302496.599246 4123594.757140 0.000000 -0.021620
302496.551711 4123594.754894 0.000000 -0.022030
302496.504496 4123594.752713 0.000000 -0.022422
302496.457591 4123594.750596 0.000000 -0.022801
302496.410987 4123594.748542 0.000000 -0.023165
302496.364675 4123594.746551 0.000000 -0.023508
302496.318643 4123594.744622 0.000000 -0.023832
302496.272883 4123594.742755 0.000000 -0.024139
302496.227385 4123594.740949 0.000000 -0.024422
302496.182139 4123594.739203 0.000000 -0.024682
302496.137133 4123594.737516 0.000000 -0.024921
302496.092360 4123594.735889 0.000000 -0.025136
302496.047808 4123594.734319 0.000000 -0.025326
302496.003468 4123594.732807 0.000000 -0.025492
302495.959330 4123594.731352 0.000000 -0.025631
302495.915385 4123594.729953 0.000000 -0.025748
302495.871622 4123594.728609 0.000000 -0.025835
302495.828033 4123594.727320 0.000000 -0.025904
302495.784608 4123594.726084 0.000000 -0.025943
302495.741339 4123594.724902 0.000000 -0.025960
302495.698216 4123594.723772 0.000000 -0.025952
302495.655231 4123594.722694 0.000000 -0.025922
302495.612376 4123594.721667 0.000000 -0.025874
302495.569642 4123594.720690 0.000000 -0.025800
302495.527023 4123594.719762 0.000000 -0.025706
302495.484510 4123594.718884 0.000000 -0.025598
302495.442097 4123594.718053 0.000000 -0.025467
302495.399776 4123594.717271 0.000000 -0.025321
302495.357542 4123594.716535 0.000000 -0.025162
302495.315387 4123594.715845 0.000000 -0.024987
302495.273306 4123594.715200 0.000000 -0.024800
302495.231293 4123594.714601 0.000000 -0.024604
302495.189344 4123594.714046 0.000000 -0.024394
302495.147452 4123594.713534 0.000000 -0.024178
302495.105615 4123594.713066 0.000000 -0.023954
302495.063827 4123594.712639 0.000000 -0.023727
302495.022086 4123594.712255 0.000000 -0.023493
302494.980386 4123594.711912 0.000000 -0.023255
302494.938726 4123594.711610 0.000000 -0.023015
302494.897102 4123594.711348 0.000000 -0.022775
302494.855513 4123594.711125 0.000000 -0.022533
302494.813955 4123594.710941 0.000000 -0.022292
302494.772428 4123594.710797 0.000000 -0.022054
302494.730929 4123594.710690 0.000000 -0.021817
302494.689458 4123594.710621 0.000000 -0.021585
302494.648013 4123594.710589 0.000000 -0.021354
302494.606595 4123594.710593 0.000000 -0.021129
302494.565203 4123594.710634 0.000000 -0.020906
302494.523836 4123594.710711 0.000000 -0.020690
302494.482496 4123594.710823 0.000000 -0.020478
302494.441182 4123594.710969 0.000000 -0.020274
302494.399896 4123594.711151 0.000000 -0.020074
302494.358638 4123594.711366 0.000000 -0.019880
302494.317410 4123594.711615 0.000000 -0.019690
302494.276212 4123594.711897 0.000000 -0.019510
302494.235047 4123594.712212 0.000000 -0.019333
302494.193915 4123594.712560 0.000000 -0.019164
302494.152820 4123594.712939 0.000000 -0.019003
302494.111762 4123594.713351 0.000000 -0.018848
302494.070745 4123594.713793 0.000000 -0.018700
302494.029770 4123594.714267 0.000000 -0.018556
302493.988840 4123594.714771 0.000000 -0.018422
302493.947957 4123594.715306 0.000000 -0.018295
302493.907125 4123594.715870 0.000000 -0.018175
302493.866345 4123594.716464 0.000000 -0.018058
302493.825620 4123594.717087 0.000000 -0.017950
302493.784955 4123594.717739 0.000000 -0.017849
302493.744350 4123594.718419 0.000000 -0.017754
302493.703810 4123594.719128 0.000000 -0.017667
302493.663338 4123594.719864 0.000000 -0.017585
302493.622936 4123594.720628 0.000000 -0.017509
302493.582608 4123594.721418 0.000000 -0.017440
302493.542356 4123594.722236 0.000000 -0.017378
302493.502185 4123594.723080 0.000000 -0.017323
302493.462097 4123594.723950 0.000000 -0.017270
302493.422096 4123594.724846 0.000000 -0.017228
302493.382184 4123594.725768 0.000000 -0.017188
302493.342364 4123594.726715 0.000000 -0.017158
302493.302641 4123594.727686 0.000000 -0.017129
302493.263017 4123594.728682 0.000000 -0.017110
302493.223494 4123594.729703 0.000000 -0.017093
302493.184077 4123594.730747 0.000000 -0.017085
302493.144767 4123594.731815 0.000000 -0.017082
302493.105569 4123594.732906 0.000000 -0.017084
302493.066484 4123594.734020 0.000000 -0.017089
302493.027516 4123594.735157 0.000000 -0.017102
302492.988666 4123594.736316 0.000000 -0.017120
302492.949939 4123594.737497 0.000000 -0.017142
302492.911336 4123594.738700 0.000000 -0.017171
302492.872859 4123594.739925 0.000000 -0.017206
302492.834512 4123594.741171 0.000000 -0.017244
302492.796295 4123594.742438 0.000000 -0.017286
302492.758213 4123594.743726 0.000000 -0.017338
302492.720265 4123594.745034 0.000000 -0.017390
302492.682455 4123594.746363 0.000000 -0.017451
302492.644783 4123594.747711 0.000000 -0.017517
302492.607253 4123594.749079 0.000000 -0.017586
302492.569864 4123594.750467 0.000000 -0.017661
302492.532619 4123594.751874 0.000000 -0.017742
302492.495518 4123594.753300 0.000000 -0.017828
302492.458563 4123594.754745 0.000000 -0.017917
302492.421755 4123594.756208 0.000000 -0.018016
302492.385094 4123594.757690 0.000000 -0.018115
302492.348581 4123594.759190 0.000000 -0.018222
302492.312217 4123594.760709 0.000000 -0.018335
302492.276001 4123594.762245 0.000000 -0.018448
302492.239935 4123594.763799 0.000000 -0.018574
302492.204017 4123594.765371 0.000000 -0.018698
302492.168248 4123594.766960 0.000000 -0.018827
302492.132627 4123594.768567 0.000000 -0.018964
302492.097155 4123594.770191 0.000000 -0.019102
302492.061829 4123594.771832 0.000000 -0.019248
302492.026650 4123594.773490 0.000000 -0.019393
302491.991616 4123594.775166 0.000000 -0.019546
302491.956726 4123594.776858 0.000000 -0.019700
302491.921979 4123594.778568 0.000000 -0.019856
302491.887373 4123594.780294 0.000000 -0.020017
302491.852907 4123594.782038 0.000000 -0.020179
302491.818578 4123594.783798 0.000000 -0.020348
302491.784385 4123594.785575 0.000000 -0.020512
302491.750326 4123594.787370 0.000000 -0.020681
302491.716397 4123594.789181 0.000000 -0.020852
302491.682596 4123594.791010 0.000000 -0.021024
302491.648922 4123594.792856 0.000000 -0.021194
302491.615370 4123594.794719 0.000000 -0.021365
302491.581938 4123594.796599 0.000000 -0.021535
302491.548623 4123594.798497 0.000000 -0.021705
302491.515421 4123594.800412 0.000000 -0.021876
302491.482329 4123594.802346 0.000000 -0.022042
302491.449343 4123594.804297 0.000000 -0.022209
302491.416459 4123594.806266 0.000000 -0.022370
302491.383674 4123594.808254 0.000000 -0.022528
302491.350983 4123594.810260 0.000000 -0.022684
302491.318382 4123594.812285 0.000000 -0.022836
302491.285867 4123594.814329 0.000000 -0.022986
302491.253434 4123594.816392 0.000000 -0.023125
302491.221077 4123594.818475 0.000000 -0.023264
302491.188792 4123594.820577 0.000000 -0.023396
302491.156574 4123594.822700 0.000000 -0.023521
302491.124419 4123594.824843 0.000000 -0.023643
302491.092321 4123594.827007 0.000000 -0.023754
302491.060275 4123594.829192 0.000000 -0.023862
302491.028276 4123594.831398 0.000000 -0.023961
302490.996319 4123594.833626 0.000000 -0.024054
302490.964397 4123594.835876 0.000000 -0.024135
302490.932507 4123594.838149 0.000000 -0.024215
302490.900642 4123594.840444 0.000000 -0.024284
302490.868796 4123594.842763 0.000000 -0.024344
302490.836965 4123594.845106 0.000000 -0.024400
302490.805142 4123594.847474 0.000000 -0.024446
302490.773322 4123594.849866 0.000000 -0.024483
302490.741499 4123594.852283 0.000000 -0.024517
302490.709667 4123594.854726 0.000000 -0.024539
302490.677821 4123594.857195 0.000000 -0.024556
302490.645954 4123594.859691 0.000000 -0.024566
302490.614061 4123594.862214 0.000000 -0.024564
302490.582136 4123594.864765 0.000000 -0.024560
302490.550174 4123594.867345 0.000000 -0.024550
302490.518168 4123594.869953 0.000000 -0.024526
302490.486114 4123594.872590 0.000000 -0.024502
302490.454004 4123594.875258 0.000000 -0.024467
302490.421834 4123594.877956 0.000000 -0.024429
302490.389598 4123594.880686 0.000000 -0.024382
302490.357290 4123594.883447 0.000000 -0.024327
302490.324905 4123594.886240 0.000000 -0.024270
302490.292437 4123594.889067 0.000000 -0.024207
302490.259881 4123594.891927 0.000000 -0.024137
302490.227232 4123594.894821 0.000000 -0.024059
302490.194484 4123594.897750 0.000000 -0.023984
302490.161631 4123594.900715 0.000000 -0.023896
302490.128670 4123594.903715 0.000000 -0.023806
302490.095594 4123594.906753 0.000000 -0.023709
302490.062400 4123594.909828 0.000000 -0.023610
302490.029081 4123594.912940 0.000000 -0.023507
302489.995634 4123594.916092 0.000000 -0.023397
302489.962053 4123594.919282 0.000000 -0.023286
302489.928334 4123594.922513 0.000000 -0.023167
302489.894473 4123594.925784 0.000000 -0.023048
302489.860465 4123594.929096 0.000000 -0.022926
302489.826305 4123594.932450 0.000000 -0.022797
302489.791991 4123594.935846 0.000000 -0.022665
302489.757518 4123594.939286 0.000000 -0.022533
302489.722882 4123594.942769 0.000000 -0.022396
302489.688080 4123594.946296 0.000000 -0.022254
302489.653107 4123594.949868 0.000000 -0.022112
302489.617961 4123594.953485 0.000000 -0.021964
302489.582638 4123594.957149 0.000000 -0.021817
302489.547135 4123594.960859 0.000000 -0.021663
302489.511449 4123594.964616 0.000000 -0.021507
302489.475578 4123594.968420 0.000000 -0.021349
302489.439517 4123594.972273 0.000000 -0.021189
302489.403266 4123594.976175 0.000000 -0.021023
302489.366822 4123594.980125 0.000000 -0.020859
302489.330182 4123594.984125 0.000000 -0.020687
302489.293345 4123594.988176 0.000000 -0.020514
302489.256308 4123594.992276 0.000000 -0.020338
302489.219071 4123594.996428 0.000000 -0.020162
302489.181630 4123595.000631 0.000000 -0.019979
302489.143986 4123595.004886 0.000000 -0.019794
302489.106136 4123595.009192 0.000000 -0.019607
302489.068081 4123595.013551 0.000000 -0.019415
302489.029818 4123595.017963 0.000000 -0.019222
302488.991348 4123595.022428 0.000000 -0.019027
302488.952670 4123595.026945 0.000000 -0.018825
302488.913783 4123595.031516 0.000000 -0.018625
302488.874688 4123595.036140 0.000000 -0.018418
302488.835385 4123595.040818 0.000000 -0.018214
302488.795874 4123595.045550 0.000000 -0.018004
302488.756155 4123595.050336 0.000000 -0.017791
302488.716229 4123595.055175 0.000000 -0.017581
302488.676097 4123595.060068 0.000000 -0.017366
302488.635760 4123595.065016 0.000000 -0.017150
302488.595218 4123595.070016 0.000000 -0.016935
302488.554475 4123595.075071 0.000000 -0.016716
302488.513530 4123595.080179 0.000000 -0.016498
302488.472386 4123595.085340 0.000000 -0.016278
302488.431045 4123595.090555 0.000000 -0.016059
302488.389509 4123595.095823 0.000000 -0.015839
302488.347779 4123595.101143 0.000000 -0.015622
302488.305859 4123595.106515 0.000000 -0.015400
302488.263752 4123595.111940 0.000000 -0.015183
302488.221459 4123595.117416 0.000000 -0.014963
302488.178984 4123595.122943 0.000000 -0.014748
302488.136331 4123595.128521 0.000000 -0.014530
302488.093502 4123595.134150 0.000000 -0.014315
302488.050500 4123595.139828 0.000000 -0.014103
302488.007331 4123595.145555 0.000000 -0.013889
302487.963997 4123595.151331 0.000000 -0.013679
302487.920503 4123595.157154 0.000000 -0.013471
302487.876852 4123595.163025 0.000000 -0.013265
302487.833049 4123595.168943 0.000000 -0.013059
302487.789098 4123595.174906 0.000000 -0.012859
302487.745005 4123595.180914 0.000000 -0.012659
302487.700773 4123595.186967 0.000000 -0.012463
302487.656408 4123595.193063 0.000000 -0.012269
302487.611915 4123595.199202 0.000000 -0.012077
302487.567299 4123595.205382 0.000000 -0.011891
302487.522564 4123595.211603 0.000000 -0.011706
302487.477718 4123595.217864 0.000000 -0.011525
302487.432765 4123595.224164 0.000000 -0.011349
302487.387710 4123595.230501 0.000000 -0.011175
302487.342560 4123595.236876 0.000000 -0.011005
302487.297321 4123595.243286 0.000000 -0.010841
302487.251998 4123595.249731 0.000000 -0.010679
302487.206598 4123595.256210 0.000000 -0.010524
302487.161126 4123595.262721 0.000000 -0.010373
302487.115590 4123595.269264 0.000000 -0.010226
302487.069995 4123595.275837 0.000000 -0.010084
302487.024349 4123595.282439 0.000000 -0.009948
302486.978656 4123595.289069 0.000000 -0.009818
302486.932925 4123595.295726 0.000000 -0.009694
302486.887162 4123595.302409 0.000000 -0.009573
302486.841372 4123595.309116 0.000000 -0.009462
302486.795564 4123595.315846 0.000000 -0.009354
302486.749744 4123595.322598 0.000000 -0.009254
302486.703919 4123595.329372 0.000000 -0.009159
302486.658096 4123595.336165 0.000000 -0.009073
302486.612281 4123595.342976 0.000000 -0.008991
302486.566482 4123595.349804 0.000000 -0.008916
302486.520705 4123595.356649 0.000000 -0.008849
302486.474957 4123595.363508 0.000000 -0.008787
302486.429246 4123595.370381 0.000000 -0.008734
302486.383579 4123595.377266 0.000000 -0.008688
302486.337962 4123595.384162 0.000000 -0.008649
302486.292402 4123595.391068 0.000000 -0.008618
302486.246906 4123595.397983 0.000000 -0.008592
302486.201482 4123595.404905 0.000000 -0.008576
302486.156135 4123595.411834 0.000000 -0.008568
302486.110874 4123595.418767 0.000000 -0.008564
302486.065704 4123595.425705 0.000000 -0.008573
302486.020633 4123595.432646 0.000000 -0.008588
302485.975667 4123595.439589 0.000000 -0.008611
302485.930813 4123595.446532 0.000000 -0.008641
302485.886077 4123595.453475 0.000000 -0.008682
302485.841467 4123595.460417 0.000000 -0.008730
302485.796988 4123595.467356 0.000000 -0.008788
302485.752647 4123595.474291 0.000000 -0.008853
302485.708450 4123595.481222 0.000000 -0.008929
302485.664404 4123595.488147 0.000000 -0.009015
302485.620514 4123595.495066 0.000000 -0.009109
302485.576787 4123595.501977 0.000000 -0.009212
302485.533228 4123595.508880 0.000000 -0.009325
302485.489844 4123595.515773 0.000000 -0.009446
302485.446640 4123595.522656 0.000000 -0.009581
302485.403621 4123595.529528 0.000000 -0.009723
302485.360794 4123595.536388 0.000000 -0.009875
302485.318163 4123595.543235 0.000000 -0.010039
302485.275733 4123595.550069 0.000000 -0.010214
302485.233509 4123595.556888 0.000000 -0.010399
302485.191498 4123595.563692 0.000000 -0.010593
302485.149702 4123595.570481 0.000000 -0.010801
302485.108126 4123595.577253 0.000000 -0.011016
302485.066776 4123595.584009 0.000000 -0.011244
302485.025655 4123595.590746 0.000000 -0.011485
302484.984766 4123595.597466 0.000000 -0.011734
302484.944115 4123595.604167 0.000000 -0.011997
302484.903705 4123595.610848 0.000000 -0.012268
302484.863538 4123595.617510 0.000000 -0.012554
302484.823619 4123595.624152 0.000000 -0.012848
302484.783949 4123595.630774 0.000000 -0.013151
302484.744533 4123595.637374 0.000000 -0.013471
302484.705372 4123595.643953 0.000000 -0.013794
302484.666470 4123595.650511 0.000000 -0.014135
302484.627827 4123595.657047 0.000000 -0.014481
302484.589446 4123595.663561 0.000000 -0.014838
302484.551329 4123595.670053 0.000000 -0.015205
302484.513477 4123595.676523 0.000000 -0.015585
302484.475891 4123595.682970 0.000000 -0.015971
302484.438572 4123595.689395 0.000000 -0.016366
302484.401521 4123595.695797 0.000000 -0.016772
302484.364738 4123595.702177 0.000000 -0.017182
302484.328224 4123595.708534 0.000000 -0.017601
302484.291978 4123595.714869 0.000000 -0.018027
302484.256000 4123595.721181 0.000000 -0.018459
302484.220290 4123595.727471 0.000000 -0.018900
302484.184847 4123595.733739 0.000000 -0.019341
302484.149670 4123595.739985 0.000000 -0.019788
302484.114757 4123595.746210 0.000000 -0.020239
302484.080108 4123595.752413 0.000000 -0.020690
302484.045720 4123595.758595 0.000000 -0.021144
302484.011591 4123595.764756 0.000000 -0.021597
302483.977720 4123595.770898 0.000000 -0.022050
302483.944104 4123595.777019 0.000000 -0.022496
302483.910740 4123595.783120 0.000000 -0.022948
302483.877626 4123595.789203 0.000000 -0.023385
302483.844758 4123595.795266 0.000000 -0.023822
302483.812134 4123595.801312 0.000000 -0.024248
302483.779749 4123595.807340 0.000000 -0.024666
302483.747601 4123595.813351 0.000000 -0.025074
302483.715685 4123595.819346 0.000000 -0.025470
302483.683998 4123595.825325 0.000000 -0.025847
302483.652534 4123595.831288 0.000000 -0.026217
302483.621291 4123595.837237 0.000000 -0.026565
302483.590263 4123595.843172 0.000000 -0.026894
302483.559446 4123595.849093 0.000000 -0.027204
302483.528836 4123595.855003 0.000000 -0.027491
302483.498426 4123595.860900 0.000000 -0.027756
302483.468213 4123595.866786 0.000000 -0.027996
302483.438190 4123595.872661 0.000000 -0.028214
302483.408354 4123595.878527 0.000000 -0.028395
302483.378698 4123595.884384 0.000000 -0.028564
302483.349217 4123595.890233 0.000000 -0.028689
302483.319906 4123595.896074 0.000000 -0.028791
302483.290760 4123595.901908 0.000000 -0.028862
302483.261772 4123595.907737 0.000000 -0.028901
302483.232937 4123595.913560 0.000000 -0.028914
302483.204251 4123595.919378 0.000000 -0.028888
302483.175706 4123595.925193 0.000000 -0.028836
302483.147297 4123595.931005 0.000000 -0.028754
302483.119020 4123595.936815 0.000000 -0.028636
302483.090868 4123595.942623 0.000000 -0.028497
302483.062837 4123595.948430 0.000000 -0.028317
302483.034920 4123595.954237 0.000000 -0.028121
302483.007112 4123595.960045 0.000000 -0.027892
302482.979409 4123595.965853 0.000000 -0.027639
302482.951805 4123595.971663 0.000000 -0.027356
302482.924295 4123595.977476 0.000000 -0.027059
302482.896875 4123595.983291 0.000000 -0.026735
302482.869539 4123595.989110 0.000000 -0.026389
302482.842283 4123595.994933 0.000000 -0.026029
302482.815102 4123596.000761 0.000000 -0.025650
302482.787993 4123596.006593 0.000000 -0.025256
302482.760950 4123596.012431 0.000000 -0.024851
302482.733970 4123596.018274 0.000000 -0.024429
302482.707050 4123596.024124 0.000000 -0.024007
302482.680184 4123596.029980 0.000000 -0.023567
302482.653371 4123596.035843 0.000000 -0.023125
302482.626606 4123596.041714 0.000000 -0.022687
302482.599886 4123596.047592 0.000000 -0.022231
302482.573209 4123596.053477 0.000000 -0.021790
302482.546572 4123596.059370 0.000000 -0.021341
302482.519972 4123596.065272 0.000000 -0.020900
302482.493406 4123596.071181 0.000000 -0.020457
302482.466873 4123596.077099 0.000000 -0.020032
302482.440371 4123596.083025 0.000000 -0.019599
302482.413898 4123596.088959 0.000000 -0.019186
302482.387452 4123596.094902 0.000000 -0.018775
302482.361032 4123596.100853 0.000000 -0.018381
302482.334636 4123596.106812 0.000000 -0.017998
302482.308265 4123596.112779 0.000000 -0.017628
302482.281916 4123596.118755 0.000000 -0.017266
302482.255590 4123596.124738 0.000000 -0.016928
302482.229286 4123596.130729 0.000000 -0.016598
302482.203003 4123596.136727 0.000000 -0.016288
302482.176742 4123596.142733 0.000000 -0.015997
302482.150503 4123596.148745 0.000000 -0.015718
302482.124286 4123596.154764 0.000000 -0.015459
302482.098092 4123596.160789 0.000000 -0.015216
302482.071920 4123596.166820 0.000000 -0.014996
302482.045773 4123596.172857 0.000000 -0.014783
302482.019651 4123596.178899 0.000000 -0.014606
302481.993554 4123596.184946 0.000000 -0.014426
302481.967485 4123596.190997 0.000000 -0.014279
302481.941444 4123596.197051 0.000000 -0.014143
302481.915434 4123596.203110 0.000000 -0.014027
302481.889454 4123596.209171 0.000000 -0.013932
302481.863508 4123596.215234 0.000000 -0.013847
302481.837596 4123596.221300 0.000000 -0.013785
302481.811721 4123596.227367 0.000000 -0.013735
302481.785885 4123596.233435 0.000000 -0.013696
302481.760088 4123596.239504 0.000000 -0.013684
302481.734334 4123596.245572 0.000000 -0.013679
302481.708624 4123596.251640 0.000000 -0.013696
302481.682960 4123596.257706 0.000000 -0.013717
302481.657345 4123596.263771 0.000000 -0.013758
302481.631780 4123596.269834 0.000000 -0.013812
302481.606267 4123596.275894 0.000000 -0.013877
302481.580808 4123596.281951 0.000000 -0.013960
302481.555406 4123596.288005 0.000000 -0.014047
302481.530062 4123596.294054 0.000000 -0.014154
302481.504778 4123596.300099 0.000000 -0.014267
302481.479556 4123596.306139 0.000000 -0.014395
302481.454398 4123596.312174 0.000000 -0.014528
302481.429306 4123596.318203 0.000000 -0.014676
302481.404282 4123596.324225 0.000000 -0.014837
302481.379326 4123596.330241 0.000000 -0.015001
302481.354441 4123596.336250 0.000000 -0.015180
302481.329629 4123596.342252 0.000000 -0.015366
302481.304890 4123596.348246 0.000000 -0.015556
302481.280226 4123596.354233 0.000000 -0.015763
302481.255639 4123596.360211 0.000000 -0.015974
302481.231129 4123596.366181 0.000000 -0.016190
302481.206697 4123596.372142 0.000000 -0.016419
302481.182345 4123596.378095 0.000000 -0.016654
302481.158074 4123596.384038 0.000000 -0.016892
302481.133883 4123596.389973 0.000000 -0.017140
302481.109774 4123596.395898 0.000000 -0.017390
302481.085747 4123596.401815 0.000000 -0.017647
302481.061803 4123596.407722 0.000000 -0.017911
302481.037941 4123596.413620 0.000000 -0.018180
302481.014162 4123596.419508 0.000000 -0.018448
302480.990466 4123596.425388 0.000000 -0.018726
302480.966853 4123596.431258 0.000000 -0.018997
302480.943322 4123596.437119 0.000000 -0.019285
302480.919872 4123596.442972 0.000000 -0.019564
302480.896505 4123596.448816 0.000000 -0.019854
302480.873218 4123596.454652 0.000000 -0.020141
302480.850010 4123596.460480 0.000000 -0.020425
302480.826882 4123596.466299 0.000000 -0.020719
302480.803832 4123596.472112 0.000000 -0.021002
302480.780858 4123596.477917 0.000000 -0.021296
302480.757959 4123596.483715 0.000000 -0.021582
302480.735133 4123596.489508 0.000000 -0.021866
302480.712380 4123596.495294 0.000000 -0.022156
302480.689697 4123596.501075 0.000000 -0.022437
302480.667082 4123596.506851 0.000000 -0.022721
302480.644533 4123596.512624 0.000000 -0.022996
302480.622048 4123596.518392 0.000000 -0.023275
302480.599625 4123596.524158 0.000000 -0.023547
302480.577261 4123596.529921 0.000000 -0.023813
302480.554954 4123596.535683 0.000000 -0.024084
302480.532701 4123596.541444 0.000000 -0.024335
302480.510499 4123596.547205 0.000000 -0.024600
302480.488345 4123596.552967 0.000000 -0.024843
302480.466236 4123596.558731 0.000000 -0.025086
302480.444170 4123596.564497 0.000000 -0.025324
302480.422142 4123596.570267 0.000000 -0.025554
302480.400150 4123596.576040 0.000000 -0.025779
302480.378190 4123596.581820 0.000000 -0.025988
302480.356258 4123596.587605 0.000000 -0.026195
302480.334352 4123596.593398 0.000000 -0.026392
302480.312466 4123596.599200 0.000000 -0.026579
302480.290597 4123596.605010 0.000000 -0.026753
302480.268742 4123596.610832 0.000000 -0.026918
302480.246897 4123596.616665 0.000000 -0.027074
302480.225057 4123596.622511 0.000000 -0.027210
302480.203217 4123596.628371 0.000000 -0.027339
302480.181375 4123596.634247 0.000000 -0.027462
302480.159526 4123596.640139 0.000000 -0.027556
302480.137665 4123596.646048 0.000000 -0.027654
302480.115788 4123596.651977 0.000000 -0.027727
302480.093891 4123596.657926 0.000000 -0.027787
302480.071969 4123596.663897 0.000000 -0.027831
302480.050017 4123596.669891 0.000000 -0.027872
302480.028032 4123596.675908 0.000000 -0.027882
302480.006008 4123596.681952 0.000000 -0.027893
302479.983940 4123596.688022 0.000000 -0.027876
302479.961826 4123596.694121 0.000000 -0.027855
302479.939658 4123596.700250 0.000000 -0.027811
302479.917434 4123596.706409 0.000000 -0.027758
302479.895147 4123596.712602 0.000000 -0.027685
302479.872795 4123596.718828 0.000000 -0.027608
302479.850371 4123596.725089 0.000000 -0.027507
302479.827871 4123596.731387 0.000000 -0.027401
302479.805291 4123596.737723 0.000000 -0.027276
302479.782626 4123596.744099 0.000000 -0.027144
302479.759871 4123596.750516 0.000000 -0.027000
302479.737022 4123596.756975 0.000000 -0.026839
302479.714074 4123596.763478 0.000000 -0.026672
302479.691023 4123596.770026 0.000000 -0.026490
302479.667865 4123596.776620 0.000000 -0.026310
302479.644594 4123596.783263 0.000000 -0.026106
302479.621207 4123596.789954 0.000000 -0.025906
302479.597700 4123596.796696 0.000000 -0.025691
302479.574068 4123596.803490 0.000000 -0.025473
302479.550307 4123596.810337 0.000000 -0.025251
302479.526413 4123596.817239 0.000000 -0.025017
302479.502383 4123596.824196 0.000000 -0.024784
302479.478213 4123596.831211 0.000000 -0.024544
302479.453898 4123596.838283 0.000000 -0.024300
302479.429436 4123596.845415 0.000000 -0.024068
302479.404824 4123596.852607 0.000000 -0.023817
302479.380056 4123596.859860 0.000000 -0.023574
302479.355132 4123596.867177 0.000000 -0.023328
302479.330047 4123596.874556 0.000000 -0.023087
302479.304799 4123596.882001 0.000000 -0.022844
302479.279385 4123596.889511 0.000000 -0.022607
302479.253802 4123596.897088 0.000000 -0.022366
302479.228049 4123596.904732 0.000000 -0.022131
302479.202122 4123596.912444 0.000000 -0.021904
302479.176020 4123596.920225 0.000000 -0.021677
302479.149741 4123596.928077 0.000000 -0.021458
302479.123283 4123596.935998 0.000000 -0.021244
302479.096644 4123596.943991 0.000000 -0.021032
302479.069824 4123596.952055 0.000000 -0.020833
302479.042820 4123596.960192 0.000000 -0.020633
302479.015632 4123596.968402 0.000000 -0.020443
302478.988258 4123596.976685 0.000000 -0.020267
302478.960699 4123596.985042 0.000000 -0.020088
302478.932953 4123596.993473 0.000000 -0.019920
302478.905020 4123597.001978 0.000000 -0.019760
302478.876900 4123597.010558 0.000000 -0.019608
302478.848592 4123597.019214 0.000000 -0.019461
302478.820097 4123597.027944 0.000000 -0.019330
302478.791415 4123597.036751 0.000000 -0.019199
302478.762546 4123597.045632 0.000000 -0.019079
302478.733491 4123597.054590 0.000000 -0.018964
302478.704250 4123597.063623 0.000000 -0.018862
302478.674825 4123597.072732 0.000000 -0.018765
302478.645216 4123597.081916 0.000000 -0.018677
302478.615424 4123597.091177 0.000000 -0.018592
302478.585451 4123597.100512 0.000000 -0.018523
302478.555298 4123597.109924 0.000000 -0.018455
302478.524966 4123597.119410 0.000000 -0.018397
302478.494457 4123597.128971 0.000000 -0.018342
302478.463773 4123597.138608 0.000000 -0.018301
302478.432915 4123597.148318 0.000000 -0.018265
302478.401885 4123597.158103 0.000000 -0.018230
302478.370685 4123597.167962 0.000000 -0.018208
302478.339318 4123597.177895 0.000000 -0.018185
302478.307784 4123597.187901 0.000000 -0.018174
302478.276088 4123597.197980 0.000000 -0.018165
302478.244230 4123597.208131 0.000000 -0.018161
302478.212212 4123597.218355 0.000000 -0.018164
302478.180038 4123597.228650 0.000000 -0.018170
302478.147710 4123597.239017 0.000000 -0.018180
302478.115229 4123597.249454 0.000000 -0.018193
302478.082598 4123597.259963 0.000000 -0.018210
302478.049819 4123597.270541 0.000000 -0.018229
302478.016895 4123597.281190 0.000000 -0.018248
302477.983828 4123597.291908 0.000000 -0.018275
302477.950619 4123597.302695 0.000000 -0.018295
302477.917272 4123597.313550 0.000000 -0.018322
302477.883788 4123597.324474 0.000000 -0.018347
302477.850169 4123597.335467 0.000000 -0.018373
302477.816417 4123597.346527 0.000000 -0.018397
302477.782534 4123597.357654 0.000000 -0.018420
302477.748521 4123597.368849 0.000000 -0.018441
302477.714381 4123597.380111 0.000000 -0.018461
302477.680115 4123597.391440 0.000000 -0.018480
302477.645724 4123597.402835 0.000000 -0.018492
302477.611210 4123597.414297 0.000000 -0.018503
302477.576573 4123597.425826 0.000000 -0.018513
302477.541816 4123597.437420 0.000000 -0.018512
302477.506939 4123597.449082 0.000000 -0.018515
302477.471942 4123597.460809 0.000000 -0.018507
302477.436827 4123597.472603 0.000000 -0.018494
302477.401595 4123597.484464 0.000000 -0.018480
302477.366246 4123597.496391 0.000000 -0.018455
302477.330779 4123597.508385 0.000000 -0.018427
302477.295197 4123597.520445 0.000000 -0.018393
302477.259497 4123597.532573 0.000000 -0.018349
302477.223682 4123597.544767 0.000000 -0.018299
302477.187750 4123597.557029 0.000000 -0.018245
302477.151702 4123597.569359 0.000000 -0.018181
302477.115536 4123597.581757 0.000000 -0.018109
302477.079253 4123597.594223 0.000000 -0.018028
302477.042853 4123597.606758 0.000000 -0.017944
302477.006333 4123597.619362 0.000000 -0.017850
302476.969695 4123597.632036 0.000000 -0.017746
302476.932936 4123597.644780 0.000000 -0.017636
302476.896056 4123597.657593 0.000000 -0.017520
302476.859054 4123597.670478 0.000000 -0.017393
302476.821929 4123597.683434 0.000000 -0.017262
302476.784680 4123597.696462 0.000000 -0.017121
302476.747305 4123597.709562 0.000000 -0.016975
302476.709803 4123597.722735 0.000000 -0.016822
302476.672174 4123597.735981 0.000000 -0.016661
302476.634415 4123597.749301 0.000000 -0.016497
302476.596526 4123597.762695 0.000000 -0.016322
302476.558504 4123597.776164 0.000000 -0.016148
302476.520350 4123597.789709 0.000000 -0.015965
302476.482061 4123597.803329 0.000000 -0.015779
302476.443635 4123597.817025 0.000000 -0.015589
302476.405073 4123597.830798 0.000000 -0.015395
302476.366372 4123597.844647 0.000000 -0.015201
302476.327532 4123597.858574 0.000000 -0.015000
302476.288551 4123597.872579 0.000000 -0.014800
302476.249429 4123597.886662 0.000000 -0.014600
302476.210164 4123597.900823 0.000000 -0.014398
302476.170756 4123597.915062 0.000000 -0.014199
302476.131204 4123597.929380 0.000000 -0.013996
302476.091508 4123597.943777 0.000000 -0.013799
302476.051667 4123597.958253 0.000000 -0.013601
302476.011682 4123597.972807 0.000000 -0.013407
302475.971552 4123597.987440 0.000000 -0.013215
302475.931277 4123598.002151 0.000000 -0.013029
302475.890859 4123598.016941 0.000000 -0.012845
302475.850296 4123598.031809 0.000000 -0.012665
302475.809591 4123598.046754 0.000000 -0.012491
302475.768745 4123598.061777 0.000000 -0.012321
302475.727758 4123598.076876 0.000000 -0.012158
302475.686632 4123598.092051 0.000000 -0.012001
302475.645368 4123598.107302 0.000000 -0.011848
302475.603969 4123598.122627 0.000000 -0.011706
302475.562437 4123598.138027 0.000000 -0.011568
302475.520773 4123598.153499 0.000000 -0.011437
302475.478982 4123598.169043 0.000000 -0.011317
302475.437065 4123598.184657 0.000000 -0.011199
302475.395025 4123598.200342 0.000000 -0.011094
302475.352866 4123598.216094 0.000000 -0.010994
302475.310592 4123598.231914 0.000000 -0.010907
302475.268206 4123598.247799 0.000000 -0.010822
302475.225713 4123598.263749 0.000000 -0.010752
302475.183116 4123598.279761 0.000000 -0.010685
302475.140420 4123598.295834 0.000000 -0.010632
302475.097630 4123598.311966 0.000000 -0.010584
302475.054751 4123598.328156 0.000000 -0.010548
302475.011788 4123598.344401 0.000000 -0.010520
302474.968745 4123598.360699 0.000000 -0.010502
302474.925630 4123598.377049 0.000000 -0.010491
302474.882448 4123598.393449 0.000000 -0.010494
302474.839203 4123598.409896 0.000000 -0.010503
302474.795904 4123598.426388 0.000000 -0.010524
302474.752556 4123598.442923 0.000000 -0.010550
302474.709165 4123598.459499 0.000000 -0.010592
302474.665738 4123598.476113 0.000000 -0.010640
302474.622282 4123598.492763 0.000000 -0.010697
302474.578803 4123598.509446 0.000000 -0.010766
302474.535309 4123598.526160 0.000000 -0.010844
302474.491807 4123598.542902 0.000000 -0.010934
302474.448304 4123598.559670 0.000000 -0.011029
302474.404807 4123598.576462 0.000000 -0.011136
302474.361323 4123598.593275 0.000000 -0.011255
302474.317860 4123598.610105 0.000000 -0.011381
302474.274425 4123598.626951 0.000000 -0.011517
302474.231026 4123598.643811 0.000000 -0.011663
302474.187669 4123598.660680 0.000000 -0.011817
302474.144363 4123598.677558 0.000000 -0.011983
302474.101114 4123598.694441 0.000000 -0.012157
302474.057930 4123598.711326 0.000000 -0.012338
302474.014818 4123598.728212 0.000000 -0.012532
302473.971785 4123598.745096 0.000000 -0.012733
302473.928837 4123598.761976 0.000000 -0.012941
302473.885983 4123598.778848 0.000000 -0.013162
302473.843228 4123598.795711 0.000000 -0.013387
302473.800579 4123598.812563 0.000000 -0.013622
302473.758042 4123598.829401 0.000000 -0.013867
302473.715624 4123598.846223 0.000000 -0.014119
302473.673331 4123598.863027 0.000000 -0.014377
302473.631168 4123598.879811 0.000000 -0.014645
302473.589142 4123598.896573 0.000000 -0.014921
302473.547257 4123598.913311 0.000000 -0.015202
302473.505520 4123598.930024 0.000000 -0.015492
302473.463934 4123598.946709 0.000000 -0.015785
302473.422505 4123598.963366 0.000000 -0.016089
302473.381237 4123598.979992 0.000000 -0.016398
302473.340135 4123598.996586 0.000000 -0.016709
302473.299203 4123599.013147 0.000000 -0.017030
302473.258444 4123599.029673 0.000000 -0.017353
302473.217862 4123599.046164 0.000000 -0.017681
302473.177460 4123599.062617 0.000000 -0.018014
302473.137241 4123599.079033 0.000000 -0.018348
302473.097209 4123599.095410 0.000000 -0.018685
302473.057365 4123599.111748 0.000000 -0.019026
302473.017711 4123599.128045 0.000000 -0.019368
302472.978250 4123599.144302 0.000000 -0.019707
302472.938983 4123599.160517 0.000000 -0.020053
302472.899911 4123599.176690 0.000000 -0.020394
302472.861037 4123599.192821 0.000000 -0.020733
302472.822359 4123599.208909 0.000000 -0.021072
302472.783880 4123599.224955 0.000000 -0.021406
302472.745599 4123599.240958 0.000000 -0.021737
302472.707516 4123599.256919 0.000000 -0.022059
302472.669632 4123599.272836 0.000000 -0.022381
302472.631945 4123599.288712 0.000000 -0.022692
302472.594456 4123599.304545 0.000000 -0.022999
302472.557162 4123599.320337 0.000000 -0.023292
302472.520064 4123599.336087 0.000000 -0.023578
302472.483158 4123599.351797 0.000000 -0.023852
302472.446445 4123599.367466 0.000000 -0.024115
302472.409922 4123599.383096 0.000000 -0.024366
302472.373587 4123599.398686 0.000000 -0.024602
302472.337438 4123599.414238 0.000000 -0.024821
302472.301472 4123599.429753 0.000000 -0.025029
302472.265687 4123599.445232 0.000000 -0.025218
302472.230081 4123599.460675 0.000000 -0.025392
302472.194650 4123599.476083 0.000000 -0.025546
302472.159391 4123599.491457 0.000000 -0.025683
302472.124302 4123599.506799 0.000000 -0.025801
302472.089379 4123599.522110 0.000000 -0.025897
302472.054618 4123599.537389 0.000000 -0.025978
302472.020017 4123599.552640 0.000000 -0.026039
302471.985572 4123599.567862 0.000000 -0.026073
302471.951280 4123599.583056 0.000000 -0.026093
302471.917136 4123599.598225 0.000000 -0.026089
302471.883138 4123599.613369 0.000000 -0.026064
302471.849281 4123599.628489 0.000000 -0.026020
302471.815562 4123599.643586 0.000000 -0.025953
302471.781978 4123599.658662 0.000000 -0.025866
302471.748524 4123599.673718 0.000000 -0.025760
302471.715197 4123599.688754 0.000000 -0.025631
302471.681993 4123599.703772 0.000000 -0.025485
302471.648909 4123599.718773 0.000000 -0.025316
302471.615940 4123599.733758 0.000000 -0.025132
302471.583084 4123599.748728 0.000000 -0.024928
302471.550336 4123599.763684 0.000000 -0.024707
302471.517694 4123599.778627 0.000000 -0.024466
302471.485153 4123599.793558 0.000000 -0.024212
302471.452710 4123599.808478 0.000000 -0.023941
302471.420362 4123599.823388 0.000000 -0.023657
302471.388106 4123599.838289 0.000000 -0.023357
302471.355937 4123599.853181 0.000000 -0.023044
302471.323853 4123599.868066 0.000000 -0.022721
302471.291852 4123599.882945 0.000000 -0.022385
302471.259928 4123599.897817 0.000000 -0.022043
302471.228081 4123599.912684 0.000000 -0.021686
302471.196307 4123599.927546 0.000000 -0.021325
302471.164602 4123599.942405 0.000000 -0.020958
302471.132965 4123599.957261 0.000000 -0.020582
302471.101392 4123599.972113 0.000000 -0.020202
302471.069882 4123599.986964 0.000000 -0.019820
302471.038431 4123600.001813 0.000000 -0.019435
302471.007038 4123600.016661 0.000000 -0.019049
302470.975700 4123600.031508 0.000000 -0.018660
302470.944414 4123600.046355 0.000000 -0.018273
302470.913179 4123600.061203 0.000000 -0.017889
302470.881993 4123600.076050 0.000000 -0.017501
302470.850853 4123600.090899 0.000000 -0.017126
302470.819758 4123600.105749 0.000000 -0.016748
302470.788707 4123600.120600 0.000000 -0.016377
302470.757697 4123600.135453 0.000000 -0.016012
302470.726726 4123600.150307 0.000000 -0.015653
302470.695794 4123600.165164 0.000000 -0.015305
302470.664899 4123600.180023 0.000000 -0.014959
302470.634039 4123600.194885 0.000000 -0.014631
302470.603213 4123600.209749 0.000000 -0.014305
302470.572420 4123600.224616 0.000000 -0.013992
302470.541659 4123600.239486 0.000000 -0.013692
302470.510927 4123600.254358 0.000000 -0.013402
302470.480226 4123600.269235 0.000000 -0.013121
302470.449552 4123600.284114 0.000000 -0.012857
302470.418906 4123600.298996 0.000000 -0.012606
302470.388286 4123600.313883 0.000000 -0.012365
302470.357691 4123600.328773 0.000000 -0.012143
302470.327120 4123600.343666 0.000000 -0.011931
302470.296573 4123600.358564 0.000000 -0.011731
302470.266048 4123600.373466 0.000000 -0.011554
302470.235545 4123600.388372 0.000000 -0.011385
302470.205063 4123600.403282 0.000000 -0.011233
302470.174600 4123600.418197 0.000000 -0.011097
302470.144157 4123600.433117 0.000000 -0.010976
302470.113732 4123600.448042 0.000000 -0.010869
302470.083324 4123600.462972 0.000000 -0.010780
302470.052934 4123600.477908 0.000000 -0.010700
302470.022559 4123600.492850 0.000000 -0.010646
302469.992200 4123600.507797 0.000000 -0.010602
302469.961855 4123600.522751 0.000000 -0.010569
302469.931523 4123600.537712 0.000000 -0.010555
302469.901205 4123600.552680 0.000000 -0.010559
302469.870899 4123600.567656 0.000000 -0.010574
302469.840604 4123600.582639 0.000000 -0.010604
302469.810320 4123600.597630 0.000000 -0.010649
302469.780046 4123600.612630 0.000000 -0.010707
302469.749781 4123600.627639 0.000000 -0.010780
302469.719525 4123600.642658 0.000000 -0.010865
302469.689276 4123600.657686 0.000000 -0.010962
302469.659035 4123600.672725 0.000000 -0.011076
302469.628799 4123600.687776 0.000000 -0.011203
302469.598570 4123600.702837 0.000000 -0.011337
302469.568345 4123600.717911 0.000000 -0.011482
302469.538124 4123600.732997 0.000000 -0.011642
302469.507907 4123600.748096 0.000000 -0.011813
302469.477693 4123600.763209 0.000000 -0.011990
302469.447481 4123600.778336 0.000000 -0.012177
302469.417270 4123600.793478 0.000000 -0.012374
302469.387060 4123600.808635 0.000000 -0.012581
302469.356851 4123600.823808 0.000000 -0.012793
302469.326641 4123600.838998 0.000000 -0.013014
302469.296430 4123600.854205 0.000000 -0.013241
302469.266218 4123600.869429 0.000000 -0.013470
302469.236004 4123600.884672 0.000000 -0.013710
302469.205788 4123600.899934 0.000000 -0.013951
302469.175569 4123600.915214 0.000000 -0.014196
302469.145347 4123600.930515 0.000000 -0.014446
302469.115121 4123600.945836 0.000000 -0.014698
302469.084891 4123600.961178 0.000000 -0.014949
302469.054658 4123600.976541 0.000000 -0.015206
302469.024421 4123600.991926 0.000000 -0.015461
302468.994179 4123601.007333 0.000000 -0.015718
302468.963933 4123601.022762 0.000000 -0.015970
302468.933682 4123601.038215 0.000000 -0.016226
302468.903428 4123601.053690 0.000000 -0.016479
302468.873170 4123601.069189 0.000000 -0.016728
302468.842908 4123601.084712 0.000000 -0.016978
302468.812642 4123601.100258 0.000000 -0.017225
302468.782374 4123601.115828 0.000000 -0.017468
302468.752104 4123601.131422 0.000000 -0.017710
302468.721831 4123601.147041 0.000000 -0.017944
302468.691558 4123601.162683 0.000000 -0.018180
302468.661284 4123601.178349 0.000000 -0.018410
302468.631011 4123601.194039 0.000000 -0.018635
302468.600739 4123601.209753 0.000000 -0.018862
302468.570470 4123601.225490 0.000000 -0.019080
302468.540204 4123601.241250 0.000000 -0.019294
302468.509944 4123601.257033 0.000000 -0.019507
302468.479689 4123601.272838 0.000000 -0.019714
302468.449443 4123601.288665 0.000000 -0.019918
302468.419206 4123601.304514 0.000000 -0.020117
302468.388979 4123601.320383 0.000000 -0.020316
302468.358765 4123601.336272 0.000000 -0.020507
302468.328566 4123601.352181 0.000000 -0.020698
302468.298383 4123601.368109 0.000000 -0.020881
302468.268217 4123601.384054 0.000000 -0.021065
302468.238072 4123601.400017 0.000000 -0.021245
302468.207950 4123601.415996 0.000000 -0.021422
302468.177851 4123601.431990 0.000000 -0.021595
302468.147780 4123601.447998 0.000000 -0.021766
302468.117738 4123601.464019 0.000000 -0.021935
302468.087727 4123601.480052 0.000000 -0.022101
302468.057750 4123601.496096 0.000000 -0.022266
302468.027810 4123601.512149 0.000000 -0.022427
302467.997909 4123601.528211 0.000000 -0.022589
302467.968049 4123601.544280 0.000000 -0.022746
302467.938234 4123601.560355 0.000000 -0.022902
302467.908466 4123601.576434 0.000000 -0.023059
302467.878748 4123601.592516 0.000000 -0.023214
302467.849083 4123601.608600 0.000000 -0.023365
302467.819474 4123601.624684 0.000000 -0.023520
302467.789922 4123601.640766 0.000000 -0.023669
302467.760432 4123601.656845 0.000000 -0.023818
302467.731007 4123601.672920 0.000000 -0.023968
302467.701648 4123601.688989 0.000000 -0.024118
302467.672359 4123601.705051 0.000000 -0.024260
302467.643143 4123601.721103 0.000000 -0.024409
302467.614003 4123601.737144 0.000000 -0.024554
302467.584941 4123601.753174 0.000000 -0.024697
302467.555960 4123601.769189 0.000000 -0.024840
302467.527063 4123601.785189 0.000000 -0.024981
302467.498253 4123601.801172 0.000000 -0.025122
302467.469532 4123601.817137 0.000000 -0.025259
302467.440903 4123601.833082 0.000000 -0.025394
302467.412369 4123601.849005 0.000000 -0.025528
302467.383931 4123601.864905 0.000000 -0.025657
302467.355592 4123601.880781 0.000000 -0.025785
302467.327355 4123601.896631 0.000000 -0.025909
302467.299221 4123601.912454 0.000000 -0.026028
302467.271193 4123601.928248 0.000000 -0.026145
302467.243273 4123601.944013 0.000000 -0.026256
302467.215462 4123601.959746 0.000000 -0.026361
302467.187763 4123601.975448 0.000000 -0.026460
302467.160176 4123601.991116 0.000000 -0.026553
302467.132704 4123602.006750 0.000000 -0.026640
302467.105348 4123602.022348 0.000000 -0.026717
302467.078108 4123602.037910 0.000000 -0.026787
302467.050988 4123602.053434 0.000000 -0.026848
302467.023986 4123602.068920 0.000000 -0.026902
302466.997105 4123602.084367 0.000000 -0.026941
302466.970344 4123602.099775 0.000000 -0.026972
302466.943705 4123602.115141 0.000000 -0.026991
302466.917189 4123602.130467 0.000000 -0.026995
302466.890794 4123602.145751 0.000000 -0.026991
302466.864522 4123602.160993 0.000000 -0.026968
302466.838373 4123602.176192 0.000000 -0.026932
302466.812347 4123602.191348 0.000000 -0.026883
302466.786443 4123602.206461 0.000000 -0.026821
302466.760661 4123602.221530 0.000000 -0.026730
302466.735001 4123602.236556 0.000000 -0.026637
302466.709461 4123602.251538 0.000000 -0.026518
302466.684042 4123602.266477 0.000000 -0.026383
302466.658743 4123602.281371 0.000000 -0.026227
302466.633561 4123602.296222 0.000000 -0.026054
302466.608497 4123602.311030 0.000000 -0.025861
302466.583549 4123602.325794 0.000000 -0.025646
302466.558715 4123602.340516 0.000000 -0.025413
302466.533994 4123602.355195 0.000000 -0.025163
302466.509384 4123602.369832 0.000000 -0.024888
302466.484884 4123602.384427 0.000000 -0.024592
302466.460492 4123602.398982 0.000000 -0.024276
302466.436206 4123602.413496 0.000000 -0.023944
302466.412023 4123602.427970 0.000000 -0.023589
302466.387942 4123602.442405 0.000000 -0.023216
302466.363960 4123602.456802 0.000000 -0.022825
302466.340075 4123602.471161 0.000000 -0.022414
302466.316285 4123602.485484 0.000000 -0.021989
302466.292586 4123602.499771 0.000000 -0.021546
302466.268977 4123602.514023 0.000000 -0.021089
302466.245455 4123602.528242 0.000000 -0.020618
302466.222017 4123602.542427 0.000000 -0.020136
302466.198660 4123602.556582 0.000000 -0.019647
302466.175382 4123602.570705 0.000000 -0.019138
302466.152179 4123602.584799 0.000000 -0.018630
302466.129050 4123602.598865 0.000000 -0.018117
302466.105990 4123602.612904 0.000000 -0.017591
302466.082998 4123602.626917 0.000000 -0.017069
302466.060070 4123602.640905 0.000000 -0.016542
302466.037203 4123602.654869 0.000000 -0.016015
302466.014395 4123602.668811 0.000000 -0.015492
302465.991642 4123602.682733 0.000000 -0.014969
302465.968942 4123602.696634 0.000000 -0.014455
302465.946292 4123602.710517 0.000000 -0.013943
302465.923688 4123602.724383 0.000000 -0.013439
302465.901128 4123602.738233 0.000000 -0.012946
302465.878610 4123602.752069 0.000000 -0.012460
302465.856129 4123602.765891 0.000000 -0.011987
302465.833684 4123602.779701 0.000000 -0.011531
302465.811272 4123602.793500 0.000000 -0.011085
302465.788890 4123602.807290 0.000000 -0.010653
302465.766535 4123602.821072 0.000000 -0.010241
302465.744205 4123602.834846 0.000000 -0.009849
302465.721898 4123602.848615 0.000000 -0.009468
302465.699610 4123602.862379 0.000000 -0.009111
302465.677339 4123602.876141 0.000000 -0.008770
302465.655083 4123602.889900 0.000000 -0.008453
302465.632839 4123602.903658 0.000000 -0.008156
302465.610605 4123602.917416 0.000000 -0.007880
302465.588380 4123602.931176 0.000000 -0.007624
302465.566160 4123602.944938 0.000000 -0.007393
302465.543944 4123602.958704 0.000000 -0.007182
302465.521729 4123602.972475 0.000000 -0.006996
302465.499515 4123602.986252 0.000000 -0.006827
302465.477298 4123603.000035 0.000000 -0.006680
302465.455077 4123603.013826 0.000000 -0.006567
302465.432850 4123603.027626 0.000000 -0.006460
302465.410617 4123603.041436 0.000000 -0.006380
302465.388374 4123603.055256 0.000000 -0.006322
302465.366121 4123603.069088 0.000000 -0.006285
302465.343855 4123603.082933 0.000000 -0.006261
302465.321577 4123603.096791 0.000000 -0.006264
302465.299284 4123603.110663 0.000000 -0.006281
302465.276976 4123603.124549 0.000000 -0.006309
302465.254651 4123603.138452 0.000000 -0.006364
302465.232308 4123603.152370 0.000000 -0.006427
302465.209946 4123603.166306 0.000000 -0.006506
302465.187564 4123603.180259 0.000000 -0.006597
302465.165162 4123603.194231 0.000000 -0.006705
302465.142739 4123603.208221 0.000000 -0.006818
302465.120294 4123603.222230 0.000000 -0.006941
302465.097826 4123603.236259 0.000000 -0.007077
302465.075336 4123603.250309 0.000000 -0.007215
302465.052821 4123603.264379 0.000000 -0.007359
302465.030283 4123603.278470 0.000000 -0.007511
302465.007721 4123603.292583 0.000000 -0.007668
302464.985134 4123603.306717 0.000000 -0.007824
302464.962522 4123603.320874 0.000000 -0.007989
302464.939886 4123603.335053 0.000000 -0.008155
302464.917224 4123603.349254 0.000000 -0.008314
302464.894538 4123603.363478 0.000000 -0.008481
302464.871826 4123603.377725 0.000000 -0.008648
302464.849090 4123603.391994 0.000000 -0.008813
302464.826329 4123603.406287 0.000000 -0.008973
302464.803543 4123603.420603 0.000000 -0.009137
302464.780733 4123603.434942 0.000000 -0.009295
302464.757899 4123603.449304 0.000000 -0.009454
302464.735041 4123603.463689 0.000000 -0.009604
302464.712160 4123603.478098 0.000000 -0.009756
302464.689256 4123603.492529 0.000000 -0.009907
302464.666330 4123603.506983 0.000000 -0.010047
302464.643381 4123603.521459 0.000000 -0.010187
302464.620411 4123603.535958 0.000000 -0.010323
302464.597420 4123603.550479 0.000000 -0.010455
302464.574409 4123603.565022 0.000000 -0.010582
302464.551378 4123603.579587 0.000000 -0.010706
302464.528329 4123603.594173 0.000000 -0.010825
302464.505261 4123603.608780 0.000000 -0.010939
302464.482175 4123603.623408 0.000000 -0.011051
302464.459073 4123603.638057 0.000000 -0.011154
302464.435954 4123603.652725 0.000000 -0.011261
302464.412821 4123603.667413 0.000000 -0.011360
302464.389672 4123603.682121 0.000000 -0.011456
302464.366511 4123603.696847 0.000000 -0.011546
302464.343336 4123603.711592 0.000000 -0.011638
302464.320150 4123603.726355 0.000000 -0.011726
302464.296952 4123603.741135 0.000000 -0.011805
302464.273745 4123603.755933 0.000000 -0.011888
302464.250528 4123603.770747 0.000000 -0.011971
302464.227302 4123603.785577 0.000000 -0.012050
302464.204069 4123603.800423 0.000000 -0.012126
302464.180829 4123603.815284 0.000000 -0.012209
302464.157584 4123603.830160 0.000000 -0.012284
302464.134333 4123603.845051 0.000000 -0.012360
302464.111079 4123603.859955 0.000000 -0.012443
302464.087821 4123603.874872 0.000000 -0.012522
302464.064560 4123603.889802 0.000000 -0.012604
302464.041299 4123603.904745 0.000000 -0.012688
302464.018036 4123603.919700 0.000000 -0.012781
302463.994774 4123603.934666 0.000000 -0.012868
302463.971512 4123603.949644 0.000000 -0.012967
302463.948252 4123603.964632 0.000000 -0.013069
302463.924994 4123603.979631 0.000000 -0.013179
302463.901739 4123603.994640 0.000000 -0.013290
302463.878487 4123604.009659 0.000000 -0.013414
302463.855240 4123604.024687 0.000000 -0.013542
302463.831998 4123604.039725 0.000000 -0.013677
302463.808761 4123604.054771 0.000000 -0.013821
302463.785530 4123604.069827 0.000000 -0.013973
302463.762305 4123604.084891 0.000000 -0.014132
302463.739087 4123604.099963 0.000000 -0.014304
302463.715877 4123604.115044 0.000000 -0.014480
302463.692673 4123604.130133 0.000000 -0.014668
302463.669478 4123604.145231 0.000000 -0.014868
302463.646291 4123604.160337 0.000000 -0.015074
302463.623112 4123604.175451 0.000000 -0.015289
302463.599942 4123604.190573 0.000000 -0.015512
302463.576780 4123604.205704 0.000000 -0.015744
302463.553627 4123604.220844 0.000000 -0.015989
302463.530483 4123604.235993 0.000000 -0.016245
302463.507347 4123604.251151 0.000000 -0.016503
302463.484221 4123604.266318 0.000000 -0.016774
302463.461102 4123604.281495 0.000000 -0.017054
302463.437993 4123604.296682 0.000000 -0.017342
302463.414891 4123604.311879 0.000000 -0.017638
302463.391798 4123604.327087 0.000000 -0.017938
302463.368712 4123604.342307 0.000000 -0.018250
302463.345634 4123604.357538 0.000000 -0.018565
302463.322563 4123604.372782 0.000000 -0.018891
302463.299498 4123604.388039 0.000000 -0.019213
302463.276439 4123604.403309 0.000000 -0.019552
302463.253386 4123604.418594 0.000000 -0.019890
302463.230339 4123604.433893 0.000000 -0.020231
302463.207296 4123604.449208 0.000000 -0.020576
302463.184256 4123604.464539 0.000000 -0.020924
302463.161221 4123604.479887 0.000000 -0.021278
302463.138187 4123604.495253 0.000000 -0.021625
302463.115156 4123604.510638 0.000000 -0.021981
302463.092126 4123604.526042 0.000000 -0.022333
302463.069097 4123604.541466 0.000000 -0.022684
302463.046067 4123604.556912 0.000000 -0.023031
302463.023037 4123604.572380 0.000000 -0.023381
302463.000004 4123604.587870 0.000000 -0.023722
302462.976969 4123604.603384 0.000000 -0.024060
302462.953930 4123604.618924 0.000000 -0.024394
302462.930887 4123604.634488 0.000000 -0.024722
302462.907839 4123604.650080 0.000000 -0.025043
302462.884785 4123604.665699 0.000000 -0.025354
302462.861724 4123604.681346 0.000000 -0.025662
302462.838655 4123604.697022 0.000000 -0.025955
302462.815577 4123604.712729 0.000000 -0.026239
302462.792491 4123604.728467 0.000000 -0.026513
302462.769394 4123604.744238 0.000000 -0.026779
302462.746286 4123604.760041 0.000000 -0.027028
302462.723166 4123604.775877 0.000000 -0.027264
302462.700034 4123604.791748 0.000000 -0.027492
302462.676889 4123604.807655 0.000000 -0.027699
302462.653730 4123604.823598 0.000000 -0.027898
302462.630556 4123604.839577 0.000000 -0.028082
302462.607367 4123604.855594 0.000000 -0.028246
302462.584162 4123604.871649 0.000000 -0.028401
302462.560942 4123604.887743 0.000000 -0.028539
302462.537704 4123604.903877 0.000000 -0.028662
302462.514449 4123604.920050 0.000000 -0.028771
302462.491177 4123604.936264 0.000000 -0.028863
302462.467887 4123604.952518 0.000000 -0.028941
302462.444578 4123604.968814 0.000000 -0.029004
302462.421251 4123604.985152 0.000000 -0.029044
302462.397905 4123605.001531 0.000000 -0.029084
302462.374540 4123605.017953 0.000000 -0.029100
302462.351157 4123605.034417 0.000000 -0.029101
302462.327754 4123605.050923 0.000000 -0.029090
302462.304332 4123605.067472 0.000000 -0.029068
302462.280892 4123605.084064 0.000000 -0.029025
302462.257432 4123605.100699 0.000000 -0.028975
302462.233954 4123605.117376 0.000000 -0.028906
302462.210458 4123605.134096 0.000000 -0.028828
302462.186944 4123605.150858 0.000000 -0.028733
302462.163412 4123605.167662 0.000000 -0.028632
302462.139863 4123605.184507 0.000000 -0.028509
302462.116297 4123605.201394 0.000000 -0.028386
302462.092715 4123605.218323 0.000000 -0.028243
302462.069117 4123605.235291 0.000000 -0.028094
302462.045505 4123605.252300 0.000000 -0.027930
302462.021878 4123605.269348 0.000000 -0.027757
302461.998238 4123605.286435 0.000000 -0.027576
302461.974585 4123605.303560 0.000000 -0.027380
302461.950921 4123605.320723 0.000000 -0.027176
302461.927246 4123605.337921 0.000000 -0.026965
302461.903561 4123605.355156 0.000000 -0.026742
302461.879867 4123605.372425 0.000000 -0.026511
302461.856166 4123605.389729 0.000000 -0.026272
302461.832458 4123605.407065 0.000000 -0.026025
302461.808745 4123605.424432 0.000000 -0.025764
302461.785028 4123605.441831 0.000000 -0.025504
302461.761308 4123605.459258 0.000000 -0.025230
302461.737586 4123605.476715 0.000000 -0.024949
302461.713864 4123605.494198 0.000000 -0.024662
302461.690143 4123605.511707 0.000000 -0.024365
302461.666425 4123605.529240 0.000000 -0.024060
302461.642710 4123605.546797 0.000000 -0.023749
302461.619001 4123605.564376 0.000000 -0.023428
302461.595299 4123605.581974 0.000000 -0.023105
302461.571605 4123605.599592 0.000000 -0.022767
302461.547921 4123605.617227 0.000000 -0.022425
302461.524249 4123605.634878 0.000000 -0.022078
302461.500589 4123605.652543 0.000000 -0.021717
302461.476944 4123605.670221 0.000000 -0.021357
302461.453315 4123605.687911 0.000000 -0.020984
302461.429703 4123605.705610 0.000000 -0.020603
302461.406110 4123605.723317 0.000000 -0.020216
302461.382538 4123605.741031 0.000000 -0.019824
302461.358988 4123605.758750 0.000000 -0.019421
302461.335462 4123605.776472 0.000000 -0.019010
302461.311961 4123605.794195 0.000000 -0.018594
302461.288487 4123605.811919 0.000000 -0.018169
302461.265041 4123605.829641 0.000000 -0.017736
302461.241625 4123605.847359 0.000000 -0.017293
302461.218240 4123605.865073 0.000000 -0.016849
302461.194888 4123605.882780 0.000000 -0.016395
302461.171569 4123605.900479 0.000000 -0.015927
302461.148287 4123605.918167 0.000000 -0.015459
302461.125041 4123605.935845 0.000000 -0.014982
302461.101834 4123605.953509 0.000000 -0.014498
302461.078667 4123605.971158 0.000000 -0.014004
302461.055540 4123605.988791 0.000000 -0.013504
302461.032456 4123606.006407 0.000000 -0.012999
302461.009415 4123606.024002 0.000000 -0.012487
302460.986420 4123606.041577 0.000000 -0.011968
302460.963470 4123606.059129 0.000000 -0.011438
302460.940567 4123606.076657 0.000000 -0.010911
302460.917713 4123606.094159 0.000000 -0.010369
302460.894907 4123606.111635 0.000000 -0.009829
302460.872153 4123606.129082 0.000000 -0.009278
302460.849449 4123606.146499 0.000000 -0.008726
302460.826798 4123606.163885 0.000000 -0.008168
302460.804201 4123606.181239 0.000000 -0.007604
302460.781657 4123606.198558 0.000000 -0.007037
302460.759169 4123606.215843 0.000000 -0.006473
302460.736736 4123606.233091 0.000000 -0.005900
302460.714360 4123606.250302 0.000000 -0.005328
302460.692041 4123606.267474 0.000000 -0.004758
302460.669780 4123606.284606 0.000000 -0.004184
302460.647577 4123606.301698 0.000000 -0.003609
302460.625434 4123606.318747 0.000000 -0.003040
302460.603350 4123606.335754 0.000000 -0.002473
302460.581326 4123606.352716 0.000000 -0.001906
302460.559362 4123606.369634 0.000000 -0.001350
302460.537460 4123606.386507 0.000000 -0.000797
302460.515618 4123606.403333 0.000000 -0.000252
302460.493838 4123606.420112 0.000000 0.000287
302460.472119 4123606.436844 0.000000 0.000814
302460.450463 4123606.453527 0.000000 0.001326
302460.428868 4123606.470161 0.000000 0.001832
302460.407334 4123606.486746 0.000000 0.002319
302460.385863 4123606.503281 0.000000 0.002790
302460.364454 4123606.519766 0.000000 0.003249
302460.343106 4123606.536200 0.000000 0.003681
302460.321821 4123606.552583 0.000000 0.004103
302460.300596 4123606.568916 0.000000 0.004501
302460.279433 4123606.585197 0.000000 0.004879
302460.258331 4123606.601427 0.000000 0.005229
302460.237289 4123606.617606 0.000000 0.005560
302460.216307 4123606.633733 0.000000 0.005863
302460.195385 4123606.649810 0.000000 0.006138
302460.174523 4123606.665835 0.000000 0.006389
302460.153719 4123606.681810 0.000000 0.006607
302460.132973 4123606.697735 0.000000 0.006801
302460.112285 4123606.713610 0.000000 0.006953
302460.091654 4123606.729435 0.000000 0.007081
302460.071078 4123606.745211 0.000000 0.007178
302460.050558 4123606.760938 0.000000 0.007237
302460.030093 4123606.776618 0.000000 0.007261
302460.009681 4123606.792251 0.000000 0.007252
302459.989322 4123606.807837 0.000000 0.007208
302459.969015 4123606.823377 0.000000 0.007129
302459.948759 4123606.838873 0.000000 0.007012
302459.928553 4123606.854324 0.000000 0.006856
302459.908396 4123606.869733 0.000000 0.006665
302459.888286 4123606.885100 0.000000 0.006442
302459.868223 4123606.900426 0.000000 0.006176
302459.848206 4123606.915712 0.000000 0.005872
302459.828233 4123606.930959 0.000000 0.005539
302459.808304 4123606.946170 0.000000 0.005161
302459.788416 4123606.961344 0.000000 0.004754
302459.768569 4123606.976483 0.000000 0.004309
302459.748762 4123606.991589 0.000000 0.003836
302459.728993 4123607.006663 0.000000 0.003328
302459.709260 4123607.021706 0.000000 0.002778
302459.689563 4123607.036719 0.000000 0.002210
302459.669901 4123607.051706 0.000000 0.001611
302459.650271 4123607.066665 0.000000 0.000980
302459.630672 4123607.081601 0.000000 0.000330
302459.611104 4123607.096513 0.000000 -0.000352
302459.591564 4123607.111403 0.000000 -0.001053
302459.572051 4123607.126274 0.000000 -0.001767
302459.552564 4123607.141126 0.000000 -0.002503
302459.533102 4123607.155961 0.000000 -0.003253
302459.513663 4123607.170782 0.000000 -0.004018
302459.494245 4123607.185589 0.000000 -0.004787
302459.474847 4123607.200384 0.000000 -0.005570
302459.455468 4123607.215169 0.000000 -0.006353
302459.436106 4123607.229946 0.000000 -0.007140
302459.416760 4123607.244716 0.000000 -0.007921
302459.397429 4123607.259481 0.000000 -0.008702
302459.378111 4123607.274241 0.000000 -0.009480
302459.358805 4123607.289000 0.000000 -0.010247
302459.339510 4123607.303759 0.000000 -0.011006
302459.320223 4123607.318518 0.000000 -0.011753
302459.300945 4123607.333280 0.000000 -0.012479
302459.281674 4123607.348046 0.000000 -0.013197
302459.262408 4123607.362818 0.000000 -0.013896
302459.243147 4123607.377596 0.000000 -0.014570
302459.223889 4123607.392383 0.000000 -0.015227
302459.204633 4123607.407180 0.000000 -0.015858
302459.185378 4123607.421988 0.000000 -0.016470
302459.166123 4123607.436808 0.000000 -0.017053
302459.146866 4123607.451641 0.000000 -0.017605
302459.127608 4123607.466490 0.000000 -0.018140
302459.108347 4123607.481354 0.000000 -0.018640
302459.089081 4123607.496235 0.000000 -0.019107
302459.069811 4123607.511135 0.000000 -0.019552
302459.050535 4123607.526053 0.000000 -0.019964
302459.031253 4123607.540991 0.000000 -0.020347
302459.011963 4123607.555951 0.000000 -0.020694
302458.992665 4123607.570932 0.000000 -0.021014
302458.973359 4123607.585936 0.000000 -0.021302
302458.954043 4123607.600963 0.000000 -0.021557
302458.934718 4123607.616015 0.000000 -0.021786
302458.915382 4123607.631091 0.000000 -0.021976
302458.896035 4123607.646192 0.000000 -0.022140
302458.876676 4123607.661320 0.000000 -0.022276
302458.857306 4123607.676473 0.000000 -0.022381
302458.837923 4123607.691654 0.000000 -0.022455
302458.818528 4123607.706861 0.000000 -0.022501
302458.799120 4123607.722097 0.000000 -0.022518
302458.779698 4123607.737360 0.000000 -0.022507
302458.760264 4123607.752651 0.000000 -0.022475
302458.740816 4123607.767970 0.000000 -0.022415
302458.721354 4123607.783317 0.000000 -0.022326
302458.701878 4123607.798693 0.000000 -0.022217
302458.682388 4123607.814097 0.000000 -0.022089
302458.662885 4123607.829530 0.000000 -0.021929
302458.643367 4123607.844991 0.000000 -0.021753
302458.623836 4123607.860480 0.000000 -0.021562
302458.604291 4123607.875998 0.000000 -0.021350
302458.584733 4123607.891543 0.000000 -0.021118
302458.565160 4123607.907115 0.000000 -0.020873
302458.545575 4123607.922715 0.000000 -0.020612
302458.525976 4123607.938342 0.000000 -0.020339
302458.506365 4123607.953996 0.000000 -0.020049
302458.486741 4123607.969676 0.000000 -0.019754
302458.467105 4123607.985381 0.000000 -0.019448
302458.447457 4123608.001112 0.000000 -0.019122
302458.427797 4123608.016868 0.000000 -0.018803
302458.408125 4123608.032648 0.000000 -0.018471
302458.388443 4123608.048452 0.000000 -0.018134
302458.368751 4123608.064280 0.000000 -0.017791
302458.349048 4123608.080130 0.000000 -0.017446
302458.329335 4123608.096002 0.000000 -0.017092
302458.309614 4123608.111895 0.000000 -0.016742
302458.289883 4123608.127810 0.000000 -0.016389
302458.270144 4123608.143745 0.000000 -0.016034
302458.250398 4123608.159699 0.000000 -0.015678
302458.230644 4123608.175673 0.000000 -0.015326
302458.210883 4123608.191665 0.000000 -0.014972
302458.191115 4123608.207674 0.000000 -0.014621
302458.171342 4123608.223700 0.000000 -0.014268
302458.151563 4123608.239743 0.000000 -0.013927
302458.131780 4123608.255801 0.000000 -0.013585
302458.111992 4123608.271874 0.000000 -0.013242
302458.092200 4123608.287962 0.000000 -0.012912
302458.072405 4123608.304063 0.000000 -0.012584
302458.052607 4123608.320177 0.000000 -0.012261
302458.032806 4123608.336303 0.000000 -0.011945
302458.013004 4123608.352441 0.000000 -0.011633
302457.993200 4123608.368590 0.000000 -0.011333
302457.973395 4123608.384749 0.000000 -0.011036
302457.953589 4123608.400918 0.000000 -0.010752
302457.933784 4123608.417096 0.000000 -0.010466
302457.913978 4123608.433283 0.000000 -0.010201
302457.894173 4123608.449478 0.000000 -0.009937
302457.874370 4123608.465680 0.000000 -0.009685
302457.854568 4123608.481889 0.000000 -0.009439
302457.834767 4123608.498105 0.000000 -0.009206
302457.814969 4123608.514327 0.000000 -0.008986
302457.795173 4123608.530555 0.000000 -0.008770
302457.775380 4123608.546787 0.000000 -0.008568
302457.755591 4123608.563025 0.000000 -0.008380
302457.735804 4123608.579267 0.000000 -0.008202
302457.716021 4123608.595513 0.000000 -0.008032
302457.696241 4123608.611763 0.000000 -0.007879
302457.676465 4123608.628016 0.000000 -0.007734
302457.656693 4123608.644273 0.000000 -0.007602
302457.636925 4123608.660533 0.000000 -0.007485
302457.617162 4123608.676796 0.000000 -0.007381
302457.597402 4123608.693061 0.000000 -0.007285
302457.577646 4123608.709330 0.000000 -0.007205
302457.557894 4123608.725601 0.000000 -0.007139
302457.538147 4123608.741876 0.000000 -0.007089
302457.518403 4123608.758153 0.000000 -0.007047
302457.498663 4123608.774433 0.000000 -0.007023
302457.478926 4123608.790716 0.000000 -0.007012
302457.459192 4123608.807003 0.000000 -0.007012
302457.439461 4123608.823293 0.000000 -0.007029
302457.419733 4123608.839587 0.000000 -0.007061
302457.400007 4123608.855885 0.000000 -0.007104
302457.380282 4123608.872188 0.000000 -0.007161
302457.360559 4123608.888496 0.000000 -0.007235
302457.340836 4123608.904810 0.000000 -0.007313
302457.321114 4123608.921130 0.000000 -0.007420
302457.301391 4123608.937456 0.000000 -0.007527
302457.281666 4123608.953790 0.000000 -0.007657
302457.261940 4123608.970132 0.000000 -0.007791
302457.242211 4123608.986483 0.000000 -0.007947
302457.222479 4123609.002844 0.000000 -0.008109
302457.202742 4123609.019215 0.000000 -0.008286
302457.183000 4123609.035597 0.000000 -0.008471
302457.163252 4123609.051993 0.000000 -0.008675
302457.143496 4123609.068401 0.000000 -0.008888
302457.123732 4123609.084824 0.000000 -0.009105
302457.103958 4123609.101263 0.000000 -0.009338
302457.084174 4123609.117719 0.000000 -0.009580
302457.064378 4123609.134193 0.000000 -0.009831
302457.044569 4123609.150686 0.000000 -0.010093
302457.024746 4123609.167200 0.000000 -0.010357
302457.004906 4123609.183736 0.000000 -0.010633
302456.985050 4123609.200296 0.000000 -0.010917
302456.965175 4123609.216881 0.000000 -0.011201
302456.945280 4123609.233492 0.000000 -0.011491
302456.925364 4123609.250131 0.000000 -0.011794
302456.905424 4123609.266800 0.000000 -0.012094
302456.885460 4123609.283500 0.000000 -0.012400
302456.865470 4123609.300233 0.000000 -0.012703
302456.845451 4123609.317001 0.000000 -0.013014
302456.825403 4123609.333805 0.000000 -0.013325
302456.805324 4123609.350647 0.000000 -0.013629
302456.785212 4123609.367529 0.000000 -0.013938
302456.765064 4123609.384453 0.000000 -0.014248
302456.744881 4123609.401421 0.000000 -0.014551
302456.724658 4123609.418435 0.000000 -0.014849
302456.704395 4123609.435496 0.000000 -0.015149
302456.684091 4123609.452606 0.000000 -0.015435
302456.663742 4123609.469768 0.000000 -0.015722
302456.643347 4123609.486983 0.000000 -0.016004
302456.622904 4123609.504254 0.000000 -0.016274
302456.602412 4123609.521582 0.000000 -0.016536
302456.581867 4123609.538969 0.000000 -0.016788
302456.561269 4123609.556418 0.000000 -0.017038
302456.540616 4123609.573930 0.000000 -0.017269
302456.519905 4123609.591508 0.000000 -0.017493
302456.499135 4123609.609153 0.000000 -0.017709
302456.478303 4123609.626868 0.000000 -0.017909
302456.457408 4123609.644654 0.000000 -0.018097
302456.436448 4123609.662513 0.000000 -0.018274
302456.415421 4123609.680448 0.000000 -0.018439
302456.394325 4123609.698460 0.000000 -0.018587
302456.373158 4123609.716552 0.000000 -0.018726
302456.351919 4123609.734724 0.000000 -0.018851
302456.330605 4123609.752980 0.000000 -0.018960
302456.309215 4123609.771321 0.000000 -0.019060
302456.287748 4123609.789749 0.000000 -0.019143
302456.266200 4123609.808265 0.000000 -0.019216
302456.244572 4123609.826872 0.000000 -0.019272
302456.222860 4123609.845571 0.000000 -0.019320
302456.201065 4123609.864364 0.000000 -0.019355
302456.179183 4123609.883252 0.000000 -0.019376
302456.157213 4123609.902237 0.000000 -0.019380
302456.135154 4123609.921321 0.000000 -0.019380
302456.113005 4123609.940506 0.000000 -0.019366
302456.090764 4123609.959792 0.000000 -0.019340
302456.068430 4123609.979181 0.000000 -0.019305
302456.046002 4123609.998675 0.000000 -0.019260
302456.023477 4123610.018274 0.000000 -0.019205
302456.000856 4123610.037981 0.000000 -0.019143
302455.978137 4123610.057796 0.000000 -0.019069
302455.955319 4123610.077721 0.000000 -0.018989
302455.932400 4123610.097757 0.000000 -0.018901
302455.909381 4123610.117904 0.000000 -0.018808
302455.886260 4123610.138164 0.000000 -0.018702
302455.863036 4123610.158537 0.000000 -0.018598
302455.839708 4123610.179025 0.000000 -0.018485
302455.816277 4123610.199629 0.000000 -0.018366
302455.792740 4123610.220348 0.000000 -0.018244
302455.769099 4123610.241185 0.000000 -0.018118
302455.745351 4123610.262139 0.000000 -0.017988
302455.721497 4123610.283210 0.000000 -0.017855
302455.697537 4123610.304401 0.000000 -0.017717
302455.673470 4123610.325710 0.000000 -0.017585
302455.649296 4123610.347138 0.000000 -0.017446
302455.625014 4123610.368686 0.000000 -0.017305
302455.600626 4123610.390354 0.000000 -0.017167
302455.576130 4123610.412142 0.000000 -0.017028
302455.551526 4123610.434049 0.000000 -0.016886
302455.526816 4123610.456077 0.000000 -0.016749
302455.502000 4123610.478224 0.000000 -0.016613
302455.477076 4123610.500492 0.000000 -0.016475
302455.452047 4123610.522878 0.000000 -0.016345
302455.426912 4123610.545385 0.000000 -0.016214
302455.401672 4123610.568010 0.000000 -0.016085
302455.376328 4123610.590754 0.000000 -0.015961
302455.350879 4123610.613616 0.000000 -0.015842
302455.325328 4123610.636596 0.000000 -0.015725
302455.299675 4123610.659692 0.000000 -0.015609
302455.273921 4123610.682905 0.000000 -0.015503
302455.248066 4123610.706233 0.000000 -0.015400
302455.222112 4123610.729677 0.000000 -0.015303
302455.196060 4123610.753234 0.000000 -0.015209
302455.169912 4123610.776904 0.000000 -0.015123
302455.143668 4123610.800686 0.000000 -0.015040
302455.117330 4123610.824579 0.000000 -0.014963
302455.090899 4123610.848581 0.000000 -0.014893
302455.064377 4123610.872693 0.000000 -0.014829
302455.037766 4123610.896911 0.000000 -0.014770
302455.011067 4123610.921236 0.000000 -0.014719
302454.984281 4123610.945665 0.000000 -0.014673
302454.957411 4123610.970197 0.000000 -0.014634
302454.930458 4123610.994832 0.000000 -0.014600
302454.903425 4123611.019566 0.000000 -0.014575
302454.876313 4123611.044400 0.000000 -0.014555
302454.849124 4123611.069330 0.000000 -0.014541
302454.821860 4123611.094356 0.000000 -0.014534
302454.794524 4123611.119476 0.000000 -0.014534
302454.767117 4123611.144688 0.000000 -0.014539
302454.739642 4123611.169990 0.000000 -0.014553
302454.712101 4123611.195381 0.000000 -0.014571
302454.684496 4123611.220858 0.000000 -0.014597
302454.656830 4123611.246421 0.000000 -0.014629
302454.629104 4123611.272066 0.000000 -0.014669
302454.601322 4123611.297793 0.000000 -0.014711
302454.573485 4123611.323598 0.000000 -0.014764
302454.545597 4123611.349481 0.000000 -0.014820
302454.517659 4123611.375439 0.000000 -0.014883
302454.489674 4123611.401471 0.000000 -0.014951
302454.461644 4123611.427574 0.000000 -0.015025
302454.433572 4123611.453746 0.000000 -0.015107
302454.405461 4123611.479986 0.000000 -0.015191
302454.377312 4123611.506292 0.000000 -0.015281
302454.349129 4123611.532661 0.000000 -0.015379
302454.320913 4123611.559091 0.000000 -0.015480
302454.292668 4123611.585582 0.000000 -0.015586
302454.264395 4123611.612130 0.000000 -0.015698
302454.236097 4123611.638734 0.000000 -0.015810
302454.207777 4123611.665392 0.000000 -0.015931
302454.179436 4123611.692103 0.000000 -0.016054
302454.151077 4123611.718864 0.000000 -0.016180
302454.122702 4123611.745674 0.000000 -0.016309
302454.094313 4123611.772532 0.000000 -0.016442
302454.065913 4123611.799435 0.000000 -0.016577
302454.037503 4123611.826382 0.000000 -0.016713
302454.009086 4123611.853371 0.000000 -0.016851
302453.980663 4123611.880402 0.000000 -0.016989
302453.952236 4123611.907472 0.000000 -0.017132
302453.923807 4123611.934581 0.000000 -0.017271
302453.895378 4123611.961727 0.000000 -0.017412
302453.866949 4123611.988909 0.000000 -0.017553
302453.838524 4123612.016126 0.000000 -0.017691
302453.810102 4123612.043378 0.000000 -0.017830
302453.781685 4123612.070663 0.000000 -0.017968
302453.753275 4123612.097981 0.000000 -0.018102
302453.724871 4123612.125331 0.000000 -0.018233
302453.696476 4123612.152713 0.000000 -0.018365
302453.668089 4123612.180126 0.000000 -0.018490
302453.639712 4123612.207570 0.000000 -0.018614
302453.611345 4123612.235045 0.000000 -0.018734
302453.582987 4123612.262551 0.000000 -0.018849
302453.554640 4123612.290088 0.000000 -0.018958
302453.526303 4123612.317656 0.000000 -0.019064
302453.497976 4123612.345256 0.000000 -0.019164
302453.469659 4123612.372888 0.000000 -0.019259
302453.441351 4123612.400554 0.000000 -0.019346
302453.413052 4123612.428253 0.000000 -0.019429
302453.384761 4123612.455987 0.000000 -0.019506
302453.356477 4123612.483758 0.000000 -0.019573
302453.328199 4123612.511565 0.000000 -0.019636
302453.299926 4123612.539412 0.000000 -0.019689
302453.271655 4123612.567299 0.000000 -0.019736
302453.243386 4123612.595228 0.000000 -0.019775
302453.215117 4123612.623202 0.000000 -0.019805
302453.186845 4123612.651222 0.000000 -0.019825
302453.158569 4123612.679290 0.000000 -0.019841
302453.130286 4123612.707410 0.000000 -0.019844
302453.101993 4123612.735584 0.000000 -0.019842
302453.073689 4123612.763815 0.000000 -0.019830
302453.045369 4123612.792106 0.000000 -0.019806
302453.017032 4123612.820459 0.000000 -0.019779
302452.988673 4123612.848879 0.000000 -0.019739
302452.960289 4123612.877369 0.000000 -0.019690
302452.931877 4123612.905933 0.000000 -0.019637
302452.903432 4123612.934574 0.000000 -0.019572
302452.874952 4123612.963297 0.000000 -0.019499
302452.846431 4123612.992107 0.000000 -0.019420
302452.817865 4123613.021007 0.000000 -0.019332
302452.789250 4123613.050003 0.000000 -0.019235
302452.760581 4123613.079099 0.000000 -0.019137
302452.731852 4123613.108301 0.000000 -0.019026
302452.703060 4123613.137613 0.000000 -0.018913
302452.674199 4123613.167042 0.000000 -0.018792
302452.645263 4123613.196593 0.000000 -0.018668
302452.616246 4123613.226272 0.000000 -0.018539
302452.587143 4123613.256085 0.000000 -0.018405
302452.557949 4123613.286038 0.000000 -0.018267
302452.528656 4123613.316138 0.000000 -0.018128
302452.499258 4123613.346392 0.000000 -0.017984
302452.469750 4123613.376805 0.000000 -0.017842
302452.440124 4123613.407387 0.000000 -0.017694
302452.410374 4123613.438143 0.000000 -0.017545
302452.380493 4123613.469081 0.000000 -0.017398
302452.350474 4123613.500209 0.000000 -0.017248
302452.320309 4123613.531534 0.000000 -0.017098
302452.289992 4123613.563065 0.000000 -0.016949
302452.259515 4123613.594809 0.000000 -0.016800
302452.228871 4123613.626775 0.000000 -0.016651
302452.198052 4123613.658970 0.000000 -0.016501
302452.167051 4123613.691405 0.000000 -0.016355
302452.135859 4123613.724086 0.000000 -0.016209
302452.104470 4123613.757023 0.000000 -0.016066
302452.072875 4123613.790224 0.000000 -0.015922
302452.041067 4123613.823698 0.000000 -0.015783
302452.009038 4123613.857455 0.000000 -0.015646
302451.976781 4123613.891502 0.000000 -0.015510
302451.944287 4123613.925849 0.000000 -0.015379
302451.911549 4123613.960504 0.000000 -0.015249
302451.878560 4123613.995477 0.000000 -0.015124
302451.845311 4123614.030776 0.000000 -0.015002
302451.811796 4123614.066410 0.000000 -0.014885
302451.778008 4123614.102387 0.000000 -0.014770
302451.743939 4123614.138717 0.000000 -0.014662
302451.709582 4123614.175407 0.000000 -0.014557
302451.674932 4123614.212465 0.000000 -0.014456
302451.639980 4123614.249901 0.000000 -0.014361
302451.604722 4123614.287721 0.000000 -0.014272
302451.569151 4123614.325933 0.000000 -0.014188
302451.533262 4123614.364545 0.000000 -0.014111
302451.497049 4123614.403563 0.000000 -0.014040
302451.460508 4123614.442995 0.000000 -0.013975
302451.423634 4123614.482847 0.000000 -0.013917
302451.386422 4123614.523124 0.000000 -0.013867
302451.348870 4123614.563832 0.000000 -0.013824
302451.310974 4123614.604977 0.000000 -0.013790
302451.272731 4123614.646563 0.000000 -0.013763
302451.234139 4123614.688593 0.000000 -0.013746
302451.195198 4123614.731073 0.000000 -0.013738
302451.155904 4123614.774004 0.000000 -0.013739
302451.116260 4123614.817389 0.000000 -0.013752
302451.076264 4123614.861230 0.000000 -0.013774
302451.035918 4123614.905528 0.000000 -0.013808
302450.995224 4123614.950282 0.000000 -0.013854
302450.954185 4123614.995493 0.000000 -0.013914
302450.912803 4123615.041159 0.000000 -0.013986
302450.871085 4123615.087277 0.000000 -0.014074
302450.829033 4123615.133846 0.000000 -0.014176
302450.786656 4123615.180859 0.000000 -0.014299
302450.743959 4123615.228313 0.000000 -0.014442
302450.700952 4123615.276203 0.000000 -0.014611
302450.657641 4123615.324522 0.000000 -0.014805
302450.614036 4123615.373262 0.000000 -0.015030
302450.570147 4123615.422419 0.000000 -0.015289
302450.525982 4123615.471984 0.000000 -0.015584
302450.481552 4123615.521952 0.000000 -0.015919
302450.436866 4123615.572316 0.000000 -0.016296
302450.391933 4123615.623072 0.000000 -0.016718
302450.346759 4123615.674216 0.000000 -0.017185
302450.301352 4123615.725746 0.000000 -0.017700
302450.255716 4123615.777663 0.000000 -0.018261
302450.209855 4123615.829970 0.000000 -0.018869
302450.163768 4123615.882674 0.000000 -0.019519
302450.117453 4123615.935786 0.000000 -0.020209
302450.070903 4123615.989321 0.000000 -0.020933
302450.024110 4123616.043300 0.000000 -0.021681
302449.977057 4123616.097748 0.000000 -0.022445
302449.929724 4123616.152699 0.000000 -0.023210
302449.882087 4123616.208193 0.000000 -0.023963
302449.834113 4123616.264279 0.000000 -0.024683
302449.785763 4123616.321016 0.000000 -0.025351
302449.736988 4123616.378471 0.000000 -0.025944
302449.687734 4123616.436723 0.000000 -0.026439
302449.637934 4123616.495862 0.000000 -0.026810
302449.587514 4123616.555994 0.000000 -0.027033
302449.536387 4123616.617234 0.000000 -0.027085
302449.484452 4123616.679717 0.000000 -0.026948
302449.431600 4123616.743592 0.000000 -0.026605
302449.377705 4123616.809024 0.000000 -0.026049
302449.322625 4123616.876199 0.000000 -0.025277
302449.266205 4123616.945322 0.000000 -0.024295
302449.208273 4123617.016617 0.000000 -0.023117
302449.148636 4123617.090335 0.000000 -0.021765
302449.087084 4123617.166746 0.000000 -0.020268
302449.023389 4123617.246149 0.000000 -0.018659
302448.957297 4123617.328865 0.000000 -0.016975
302448.888536 4123617.415248 0.000000 -0.015256
302448.816807 4123617.505679 0.000000 -0.013538
302448.741787 4123617.600570 0.000000 -0.011858
302448.663127 4123617.700366 0.000000 -0.010245
302448.580450 4123617.805547 0.000000 -0.008724
302448.493351 4123617.916628 0.000000 -0.007317
302448.401394 4123618.034162 0.000000 -0.006035
302448.304111 4123618.158741 0.000000 -0.004885
