444964.148291 3945213.677660 0.000000 0.000000
444964.188105 3945214.008287 0.000000 0.001335
444964.226354 3945214.334170 0.000000 0.002669
444964.263037 3945214.655308 0.000000 0.004004
444964.298155 3945214.971703 0.000000 0.005339
444964.331707 3945215.283353 0.000000 0.006673
444964.363694 3945215.590259 0.000000 0.008008
444964.394115 3945215.892420 0.000000 0.009343
444964.422971 3945216.189838 0.000000 0.010677
444964.450261 3945216.482511 0.000000 0.012012
444964.475986 3945216.770439 0.000000 0.013347
444964.500146 3945217.053624 0.000000 0.014681
444964.522740 3945217.332064 0.000000 0.016016
444964.543768 3945217.605760 0.000000 0.017351
444964.563232 3945217.874712 0.000000 0.018686
444964.581129 3945218.138919 0.000000 0.020020
444964.597462 3945218.398382 0.000000 0.021355
444964.612229 3945218.653101 0.000000 0.022690
444964.625430 3945218.903075 0.000000 0.024024
444964.637066 3945219.148305 0.000000 0.025359
444964.647136 3945219.388791 0.000000 0.026999
444964.655641 3945219.624533 0.000000 0.028780
444964.662581 3945219.855530 0.000000 0.030719
444964.667955 3945220.081784 0.000000 0.032832
444964.671764 3945220.303292 0.000000 0.035139
444964.674007 3945220.520057 0.000000 0.037661
444964.674685 3945220.732077 0.000000 0.040425
444964.673798 3945220.939353 0.000000 0.043459
444964.671344 3945221.141885 0.000000 0.046795
444964.667326 3945221.339672 0.000000 0.050429
444964.661742 3945221.532716 0.000000 0.054339
444964.654593 3945221.721014 0.000000 0.058527
444964.645878 3945221.904569 0.000000 0.062992
444964.635597 3945222.083379 0.000000 0.067729
444964.623752 3945222.257445 0.000000 0.072725
444964.610341 3945222.426767 0.000000 0.077962
444964.595364 3945222.591345 0.000000 0.083412
444964.578822 3945222.751178 0.000000 0.089042
444964.560714 3945222.906267 0.000000 0.094807
444964.541041 3945223.056611 0.000000 0.100654
444964.519803 3945223.202212 0.000000 0.106519
444964.496999 3945223.343068 0.000000 0.112332
444964.472630 3945223.479180 0.000000 0.118010
444964.446695 3945223.610547 0.000000 0.123463
444964.419195 3945223.737170 0.000000 0.128597
444964.390129 3945223.859049 0.000000 0.133308
444964.359498 3945223.976184 0.000000 0.137492
444964.327301 3945224.088575 0.000000 0.141039
444964.293540 3945224.196221 0.000000 0.143843
444964.258212 3945224.299123 0.000000 0.145797
444964.221319 3945224.397280 0.000000 0.146801
444964.182805 3945224.493079 0.000000 0.147012
444964.142614 3945224.588906 0.000000 0.146652
444964.100746 3945224.684760 0.000000 0.145725
444964.057201 3945224.780642 0.000000 0.144243
444964.011979 3945224.876551 0.000000 0.142234
444963.965080 3945224.972488 0.000000 0.139734
444963.916503 3945225.068452 0.000000 0.136794
444963.866250 3945225.164443 0.000000 0.133472
444963.814320 3945225.260462 0.000000 0.129838
444963.760713 3945225.356509 0.000000 0.125967
444963.705429 3945225.452583 0.000000 0.121940
444963.648468 3945225.548684 0.000000 0.117840
444963.589830 3945225.644813 0.000000 0.113751
444963.529514 3945225.740970 0.000000 0.109753
444963.467522 3945225.837154 0.000000 0.105921
444963.403853 3945225.933365 0.000000 0.102325
444963.338507 3945226.029604 0.000000 0.099024
444963.271484 3945226.125871 0.000000 0.096066
444963.202784 3945226.222165 0.000000 0.093489
444963.132407 3945226.318486 0.000000 0.091136
444963.060352 3945226.414835 0.000000 0.088830
444962.986621 3945226.511211 0.000000 0.086570
444962.911213 3945226.607615 0.000000 0.084357
444962.834128 3945226.704046 0.000000 0.082193
444962.755366 3945226.800505 0.000000 0.080076
444962.674927 3945226.896992 0.000000 0.078008
444962.592810 3945226.993505 0.000000 0.075988
444962.509017 3945227.090047 0.000000 0.074016
444962.423547 3945227.186615 0.000000 0.072126
444962.336400 3945227.283212 0.000000 0.070353
444962.247576 3945227.379835 0.000000 0.068697
444962.157075 3945227.476487 0.000000 0.067160
444962.064896 3945227.573165 0.000000 0.065743
444961.971041 3945227.669872 0.000000 0.064446
444961.875509 3945227.766605 0.000000 0.063270
444961.778300 3945227.863366 0.000000 0.062217
444961.679414 3945227.960155 0.000000 0.061288
444961.578850 3945228.056971 0.000000 0.060485
444961.476610 3945228.153815 0.000000 0.059810
444961.372693 3945228.250686 0.000000 0.059264
444961.267099 3945228.347584 0.000000 0.058851
444961.159828 3945228.444511 0.000000 0.058572
444961.050879 3945228.541464 0.000000 0.058433
444960.940254 3945228.638445 0.000000 0.058435
444960.827952 3945228.735454 0.000000 0.058585
444960.713973 3945228.832490 0.000000 0.058885
444960.598317 3945228.929553 0.000000 0.059342
444960.480983 3945229.026644 0.000000 0.059962
444960.361973 3945229.123763 0.000000 0.060752
444960.241286 3945229.220909 0.000000 0.061718
444960.119682 3945229.317171 0.000000 0.062809
444959.997921 3945229.411640 0.000000 0.063960
444959.876003 3945229.504314 0.000000 0.065167
444959.753928 3945229.595193 0.000000 0.066424
444959.631697 3945229.684279 0.000000 0.067726
444959.509308 3945229.771570 0.000000 0.069067
444959.386763 3945229.857067 0.000000 0.070441
444959.264061 3945229.940770 0.000000 0.071844
444959.141202 3945230.022678 0.000000 0.073268
444959.018186 3945230.102793 0.000000 0.074709
444958.895013 3945230.181113 0.000000 0.076161
444958.771684 3945230.257638 0.000000 0.077616
444958.648197 3945230.332370 0.000000 0.079067
444958.524554 3945230.405307 0.000000 0.080508
444958.400754 3945230.476450 0.000000 0.081929
444958.276797 3945230.545799 0.000000 0.083323
444958.152683 3945230.613353 0.000000 0.084679
444958.028412 3945230.679113 0.000000 0.085988
444957.903984 3945230.743079 0.000000 0.087237
444957.779400 3945230.805251 0.000000 0.088444
444957.654659 3945230.865628 0.000000 0.089633
444957.529761 3945230.924212 0.000000 0.090802
444957.404706 3945230.981000 0.000000 0.091949
444957.279494 3945231.035995 0.000000 0.093072
444957.154125 3945231.089195 0.000000 0.094168
444957.028599 3945231.140602 0.000000 0.095235
444956.902917 3945231.190213 0.000000 0.096271
444956.777078 3945231.238031 0.000000 0.097273
444956.651082 3945231.284054 0.000000 0.098120
444956.524929 3945231.328283 0.000000 0.098679
444956.398619 3945231.370718 0.000000 0.098932
444956.272152 3945231.411359 0.000000 0.098865
444956.145528 3945231.450205 0.000000 0.098466
444956.018748 3945231.487257 0.000000 0.097727
444955.891811 3945231.522515 0.000000 0.096643
444955.764716 3945231.555978 0.000000 0.095213
444955.637465 3945231.587648 0.000000 0.093438
444955.510058 3945231.617523 0.000000 0.091323
444955.382493 3945231.645604 0.000000 0.088876
444955.254771 3945231.671890 0.000000 0.086107
444955.126893 3945231.696382 0.000000 0.083030
444954.998858 3945231.719080 0.000000 0.079659
444954.870665 3945231.739984 0.000000 0.076012
444954.742316 3945231.759093 0.000000 0.072107
444954.613811 3945231.776409 0.000000 0.067964
444954.485148 3945231.791930 0.000000 0.063603
444954.356328 3945231.805656 0.000000 0.059047
444954.227352 3945231.817589 0.000000 0.054317
444954.098218 3945231.827727 0.000000 0.049434
444953.968928 3945231.836071 0.000000 0.044420
444953.838266 3945231.843592 0.000000 0.039482
444953.705016 3945231.851262 0.000000 0.034824
444953.569179 3945231.859081 0.000000 0.030457
444953.430755 3945231.867049 0.000000 0.026392
444953.289743 3945231.875166 0.000000 0.022634
444953.146144 3945231.883432 0.000000 0.019187
444952.999958 3945231.891847 0.000000 0.016052
444952.851184 3945231.900411 0.000000 0.013226
444952.699823 3945231.909124 0.000000 0.010705
444952.545874 3945231.917985 0.000000 0.008482
444952.389338 3945231.926996 0.000000 0.006548
444952.230215 3945231.936156 0.000000 0.004893
444952.068504 3945231.945464 0.000000 0.003505
444951.904206 3945231.954922 0.000000 0.002371
444951.737320 3945231.964528 0.000000 0.001476
444951.567847 3945231.974283 0.000000 0.000807
444951.395787 3945231.984187 0.000000 0.000349
444951.221140 3945231.994241 0.000000 0.000085
444951.043905 3945232.004443 0.000000 -0.000000
444950.864082 3945232.014794 0.000000 -0.000000
444950.681673 3945232.025294 0.000000 0.000000
444950.496676 3945232.035943 0.000000 0.000000
444950.309091 3945232.046740 0.000000 0.000000
444950.118919 3945232.057687 0.000000 0.000000
444949.926160 3945232.068783 0.000000 0.000000
444949.730814 3945232.080028 0.000000 0.000000
444949.532880 3945232.091421 0.000000 0.000000
444949.332358 3945232.102964 0.000000 -0.000000
444949.129250 3945232.114655 0.000000 -0.000000
444948.923554 3945232.126496 0.000000 -0.000000
444948.715270 3945232.138485 0.000000 -0.000000
444948.504399 3945232.150623 0.000000 -0.000000
444948.290941 3945232.162910 0.000000 -0.000000
444948.074896 3945232.175346 0.000000 -0.000000
444947.856263 3945232.187932 0.000000 -0.000000
444947.635043 3945232.200666 0.000000 -0.000000
444947.411235 3945232.213548 0.000000 -0.000000
444947.184840 3945232.226580 0.000000 -0.000000
444946.955858 3945232.239761 0.000000 -0.000000
444946.724288 3945232.253091 0.000000 -0.000000
444946.490131 3945232.266570 0.000000 -0.000000
444946.253386 3945232.280197 0.000000 -0.000000
444946.014054 3945232.293974 0.000000 -0.000000
444945.772135 3945232.307899 0.000000 -0.000000
444945.527628 3945232.321974 0.000000 -0.000000
444945.280534 3945232.336197 0.000000 -0.000000
444945.030853 3945232.350569 0.000000 -0.000000
444944.778584 3945232.365091 0.000000 -0.000000
444944.523728 3945232.379761 0.000000 -0.000000
