444967.494016 3945213.617376 0.000000 0.000000
444967.497779 3945213.944236 0.000000 -0.000754
444967.502079 3945214.266495 0.000000 -0.001509
444967.506916 3945214.584152 0.000000 -0.002263
444967.512291 3945214.897206 0.000000 -0.003018
444967.518202 3945215.205660 0.000000 -0.003772
444967.524650 3945215.509511 0.000000 -0.004527
444967.531635 3945215.808760 0.000000 -0.005281
444967.539157 3945216.103408 0.000000 -0.006035
444967.547216 3945216.393454 0.000000 -0.006790
444967.555812 3945216.678898 0.000000 -0.007544
444967.564945 3945216.959740 0.000000 -0.008299
444967.574615 3945217.235981 0.000000 -0.009053
444967.584822 3945217.507620 0.000000 -0.009808
444967.595565 3945217.774657 0.000000 -0.010562
444967.606846 3945218.037092 0.000000 -0.011316
444967.618664 3945218.294925 0.000000 -0.012071
444967.631019 3945218.548157 0.000000 -0.012825
444967.643911 3945218.796787 0.000000 -0.013580
444967.657340 3945219.040815 0.000000 -0.014334
444967.671306 3945219.280241 0.000000 -0.015202
444967.685809 3945219.515066 0.000000 -0.016140
444967.700848 3945219.745288 0.000000 -0.017157
444967.716425 3945219.970909 0.000000 -0.018262
444967.732539 3945220.191928 0.000000 -0.019462
444967.749190 3945220.408346 0.000000 -0.020770
444967.766377 3945220.620161 0.000000 -0.022197
444967.784102 3945220.827375 0.000000 -0.023758
444967.802364 3945221.029987 0.000000 -0.025467
444967.821163 3945221.227997 0.000000 -0.027343
444967.840498 3945221.421405 0.000000 -0.029408
444967.860371 3945221.610212 0.000000 -0.031669
444967.880781 3945221.794417 0.000000 -0.034129
444967.901727 3945221.974020 0.000000 -0.036801
444967.923211 3945222.149021 0.000000 -0.039698
444967.945231 3945222.319420 0.000000 -0.042832
444967.967789 3945222.485218 0.000000 -0.046216
444967.990884 3945222.646414 0.000000 -0.049859
444968.014515 3945222.803008 0.000000 -0.053773
444968.038684 3945222.955000 0.000000 -0.057963
444968.063389 3945223.102391 0.000000 -0.062434
444968.088632 3945223.245179 0.000000 -0.067188
444968.114411 3945223.383366 0.000000 -0.072222
444968.140728 3945223.516951 0.000000 -0.077529
444968.167581 3945223.645935 0.000000 -0.083094
444968.194972 3945223.770316 0.000000 -0.088898
444968.222899 3945223.890096 0.000000 -0.094914
444968.251363 3945224.005274 0.000000 -0.101105
444968.280365 3945224.115850 0.000000 -0.107426
444968.309903 3945224.221825 0.000000 -0.113821
444968.339979 3945224.323197 0.000000 -0.120223
444968.370761 3945224.421408 0.000000 -0.126695
444968.402421 3945224.517897 0.000000 -0.133346
444968.434958 3945224.612665 0.000000 -0.140167
444968.468373 3945224.705712 0.000000 -0.147148
444968.502665 3945224.797036 0.000000 -0.154278
444968.537834 3945224.886640 0.000000 -0.161545
444968.573880 3945224.974521 0.000000 -0.168937
444968.610804 3945225.060681 0.000000 -0.176442
444968.648606 3945225.145120 0.000000 -0.184047
444968.687284 3945225.227837 0.000000 -0.191742
444968.726840 3945225.308833 0.000000 -0.199516
444968.767273 3945225.388107 0.000000 -0.207363
444968.808584 3945225.465659 0.000000 -0.215278
444968.850772 3945225.541490 0.000000 -0.223259
444968.893837 3945225.615599 0.000000 -0.231308
444968.937780 3945225.687987 0.000000 -0.239433
444968.982600 3945225.758653 0.000000 -0.247642
444969.028297 3945225.827598 0.000000 -0.255950
444969.074872 3945225.894821 0.000000 -0.264375
444969.122324 3945225.960323 0.000000 -0.272861
444969.170653 3945226.024103 0.000000 -0.281310
444969.219860 3945226.086162 0.000000 -0.289681
444969.269944 3945226.146499 0.000000 -0.297928
444969.320905 3945226.205114 0.000000 -0.306002
444969.372744 3945226.262008 0.000000 -0.313854
444969.425460 3945226.317181 0.000000 -0.321429
444969.479053 3945226.370632 0.000000 -0.328675
444969.533524 3945226.422361 0.000000 -0.335538
444969.588872 3945226.472369 0.000000 -0.341963
444969.645097 3945226.520655 0.000000 -0.347898
444969.702200 3945226.567220 0.000000 -0.353209
444969.760180 3945226.612063 0.000000 -0.357642
444969.819038 3945226.655184 0.000000 -0.360969
444969.878772 3945226.696584 0.000000 -0.362985
444969.939384 3945226.736263 0.000000 -0.363515
444970.000874 3945226.774220 0.000000 -0.362423
444970.063241 3945226.810455 0.000000 -0.359624
444970.126485 3945226.844969 0.000000 -0.355080
444970.190606 3945226.877762 0.000000 -0.348807
444970.255605 3945226.908833 0.000000 -0.340866
444970.321481 3945226.938182 0.000000 -0.331364
444970.388235 3945226.965810 0.000000 -0.320439
444970.455865 3945226.991716 0.000000 -0.308257
444970.524374 3945227.015901 0.000000 -0.295001
444970.593759 3945227.038364 0.000000 -0.280863
444970.664022 3945227.059105 0.000000 -0.266036
444970.735162 3945227.078125 0.000000 -0.250707
444970.807180 3945227.095424 0.000000 -0.235053
444970.880075 3945227.111001 0.000000 -0.219236
444970.953847 3945227.124856 0.000000 -0.203404
444971.030279 3945227.137484 0.000000 -0.187691
444971.111153 3945227.149378 0.000000 -0.172289
444971.196469 3945227.160538 0.000000 -0.157384
444971.286228 3945227.170964 0.000000 -0.143130
444971.380429 3945227.180657 0.000000 -0.129645
444971.479072 3945227.189615 0.000000 -0.117014
444971.582158 3945227.197840 0.000000 -0.105293
444971.689685 3945227.205331 0.000000 -0.094509
444971.801655 3945227.212088 0.000000 -0.084667
444971.918067 3945227.218112 0.000000 -0.075750
444972.038922 3945227.223401 0.000000 -0.067729
444972.164218 3945227.227957 0.000000 -0.060558
444972.293957 3945227.231779 0.000000 -0.054188
444972.428138 3945227.234867 0.000000 -0.048561
444972.566761 3945227.237221 0.000000 -0.043618
444972.709827 3945227.238842 0.000000 -0.039299
444972.857335 3945227.239728 0.000000 -0.035544
444973.009285 3945227.239881 0.000000 -0.032297
444973.165677 3945227.239300 0.000000 -0.029503
444973.326511 3945227.237985 0.000000 -0.027063
444973.491788 3945227.235937 0.000000 -0.024886
444973.661507 3945227.233154 0.000000 -0.022937
444973.835668 3945227.229638 0.000000 -0.021188
444974.014272 3945227.225388 0.000000 -0.019612
444974.197317 3945227.220404 0.000000 -0.018190
444974.384805 3945227.214686 0.000000 -0.016902
444974.576735 3945227.208235 0.000000 -0.015734
444974.773108 3945227.201049 0.000000 -0.014671
444974.973922 3945227.193130 0.000000 -0.013702
444975.179179 3945227.184477 0.000000 -0.012817
444975.388878 3945227.175090 0.000000 -0.012176
444975.603020 3945227.164970 0.000000 -0.011535
444975.821603 3945227.154115 0.000000 -0.010895
444976.044629 3945227.142527 0.000000 -0.010254
444976.272097 3945227.130205 0.000000 -0.009613
444976.504007 3945227.117149 0.000000 -0.008972
444976.740360 3945227.103359 0.000000 -0.008331
444976.981155 3945227.088835 0.000000 -0.007690
444977.226392 3945227.073578 0.000000 -0.007049
444977.476071 3945227.057587 0.000000 -0.006409
444977.730192 3945227.040862 0.000000 -0.005768
444977.988756 3945227.023403 0.000000 -0.005127
444978.251762 3945227.005210 0.000000 -0.004486
444978.519210 3945226.986284 0.000000 -0.003845
444978.791100 3945226.966623 0.000000 -0.003204
444979.067433 3945226.946229 0.000000 -0.002563
444979.348208 3945226.925101 0.000000 -0.001923
444979.633425 3945226.903240 0.000000 -0.001282
444979.923084 3945226.880644 0.000000 -0.000641
