444959.235200 3945245.507257 0.000000 0.000000
444959.212326 3945245.212645 0.000000 -0.000456
444959.189406 3945244.921926 0.000000 -0.000912
444959.166440 3945244.635102 0.000000 -0.001368
444959.143427 3945244.352171 0.000000 -0.001823
444959.120368 3945244.073134 0.000000 -0.002279
444959.097262 3945243.797992 0.000000 -0.002735
444959.074110 3945243.526743 0.000000 -0.003191
444959.050912 3945243.259388 0.000000 -0.003647
444959.027667 3945242.995927 0.000000 -0.004103
444959.004376 3945242.736360 0.000000 -0.004558
444958.981039 3945242.480687 0.000000 -0.005014
444958.957655 3945242.228908 0.000000 -0.005470
444958.934224 3945241.981023 0.000000 -0.005926
444958.910748 3945241.737031 0.000000 -0.006382
444958.887225 3945241.496934 0.000000 -0.006838
444958.863655 3945241.260731 0.000000 -0.007293
444958.840039 3945241.028421 0.000000 -0.007749
444958.816377 3945240.800006 0.000000 -0.008205
444958.792669 3945240.575484 0.000000 -0.008661
444958.768914 3945240.354857 0.000000 -0.009117
444958.745112 3945240.138123 0.000000 -0.009573
444958.721264 3945239.925283 0.000000 -0.010099
444958.697370 3945239.716337 0.000000 -0.010665
444958.673430 3945239.511286 0.000000 -0.011274
444958.649443 3945239.310128 0.000000 -0.011930
444958.625410 3945239.112864 0.000000 -0.012638
444958.601330 3945238.919494 0.000000 -0.013403
444958.577204 3945238.730017 0.000000 -0.014231
444958.553031 3945238.544435 0.000000 -0.015129
444958.528812 3945238.362747 0.000000 -0.016105
444958.504547 3945238.184953 0.000000 -0.017166
444958.480236 3945238.011053 0.000000 -0.018323
444958.455878 3945237.841046 0.000000 -0.019585
444958.431473 3945237.674934 0.000000 -0.020967
444958.407022 3945237.512715 0.000000 -0.022526
444958.382525 3945237.354391 0.000000 -0.024324
444958.357982 3945237.199960 0.000000 -0.026386
444958.333392 3945237.049423 0.000000 -0.028732
444958.308755 3945236.902780 0.000000 -0.031388
444958.284073 3945236.760032 0.000000 -0.034376
444958.259344 3945236.621177 0.000000 -0.037719
444958.234568 3945236.486216 0.000000 -0.041438
444958.209746 3945236.355149 0.000000 -0.045552
444958.184878 3945236.227976 0.000000 -0.050078
444958.159963 3945236.104697 0.000000 -0.055030
444958.135002 3945235.985311 0.000000 -0.060415
444958.109995 3945235.869820 0.000000 -0.066239
444958.084941 3945235.758223 0.000000 -0.072497
444958.059841 3945235.650519 0.000000 -0.079179
444958.034694 3945235.546710 0.000000 -0.086266
444958.008952 3945235.445636 0.000000 -0.093657
444957.982066 3945235.346140 0.000000 -0.101258
444957.954036 3945235.248221 0.000000 -0.109054
444957.924862 3945235.151880 0.000000 -0.117028
444957.894544 3945235.057116 0.000000 -0.125159
444957.863081 3945234.963930 0.000000 -0.133424
444957.830475 3945234.872321 0.000000 -0.141795
444957.796724 3945234.782290 0.000000 -0.150242
444957.761830 3945234.693836 0.000000 -0.158731
444957.725791 3945234.606959 0.000000 -0.167226
444957.688608 3945234.521661 0.000000 -0.175689
444957.650281 3945234.437939 0.000000 -0.184079
444957.610809 3945234.355795 0.000000 -0.192355
444957.570194 3945234.275229 0.000000 -0.200474
444957.528435 3945234.196240 0.000000 -0.208397
444957.485531 3945234.118828 0.000000 -0.216082
444957.441484 3945234.042994 0.000000 -0.223493
444957.396292 3945233.968737 0.000000 -0.230597
444957.349956 3945233.896058 0.000000 -0.237366
444957.302476 3945233.824957 0.000000 -0.243777
444957.253852 3945233.755433 0.000000 -0.249815
444957.204084 3945233.687486 0.000000 -0.255581
444957.153171 3945233.621117 0.000000 -0.261160
444957.101115 3945233.556325 0.000000 -0.266520
444957.047914 3945233.493111 0.000000 -0.271628
444956.993569 3945233.431474 0.000000 -0.276452
444956.938081 3945233.371415 0.000000 -0.280958
444956.881448 3945233.312933 0.000000 -0.285115
444956.823671 3945233.256029 0.000000 -0.288894
444956.764750 3945233.200702 0.000000 -0.292265
444956.704684 3945233.146953 0.000000 -0.295203
444956.643475 3945233.094781 0.000000 -0.297685
444956.581121 3945233.044186 0.000000 -0.299690
444956.517624 3945232.995169 0.000000 -0.301203
444956.452982 3945232.947730 0.000000 -0.302345
444956.387196 3945232.901868 0.000000 -0.303111
444956.320266 3945232.857584 0.000000 -0.303296
444956.252192 3945232.814877 0.000000 -0.302710
444956.182974 3945232.773747 0.000000 -0.301188
444956.112612 3945232.734195 0.000000 -0.298598
444956.041106 3945232.696220 0.000000 -0.294851
444955.968455 3945232.659823 0.000000 -0.289899
444955.894660 3945232.625004 0.000000 -0.283742
444955.819722 3945232.591762 0.000000 -0.276421
444955.743639 3945232.560097 0.000000 -0.268011
444955.666412 3945232.530010 0.000000 -0.258620
444955.588041 3945232.501500 0.000000 -0.248375
444955.508526 3945232.474568 0.000000 -0.237418
444955.427866 3945232.449213 0.000000 -0.225897
444955.346063 3945232.425436 0.000000 -0.213961
444955.260903 3945232.402895 0.000000 -0.201538
444955.170174 3945232.381249 0.000000 -0.188664
444955.073877 3945232.360497 0.000000 -0.175613
444954.972010 3945232.340641 0.000000 -0.162621
444954.864575 3945232.321679 0.000000 -0.149887
444954.751571 3945232.303612 0.000000 -0.137572
444954.632999 3945232.286440 0.000000 -0.125799
444954.508857 3945232.270163 0.000000 -0.114662
444954.379147 3945232.254781 0.000000 -0.104222
444954.243868 3945232.240294 0.000000 -0.094516
444954.103020 3945232.226701 0.000000 -0.085557
444953.956603 3945232.214003 0.000000 -0.077343
444953.804618 3945232.202201 0.000000 -0.069854
444953.647063 3945232.191293 0.000000 -0.063063
444953.483940 3945232.181280 0.000000 -0.056933
444953.315248 3945232.172161 0.000000 -0.051423
444953.140988 3945232.163938 0.000000 -0.046488
444952.961158 3945232.156609 0.000000 -0.042083
444952.775760 3945232.150176 0.000000 -0.038162
444952.584793 3945232.144637 0.000000 -0.034683
444952.388257 3945232.139993 0.000000 -0.031601
444952.186152 3945232.136244 0.000000 -0.028874
444951.978478 3945232.133390 0.000000 -0.026452
444951.765236 3945232.131430 0.000000 -0.024294
444951.546425 3945232.130366 0.000000 -0.022365
444951.322045 3945232.130196 0.000000 -0.020634
444951.092096 3945232.130921 0.000000 -0.019078
444950.856579 3945232.132541 0.000000 -0.017675
444950.615492 3945232.135056 0.000000 -0.016406
444950.368837 3945232.138466 0.000000 -0.015256
444950.116613 3945232.142770 0.000000 -0.014211
444949.858820 3945232.147970 0.000000 -0.013259
444949.595459 3945232.154064 0.000000 -0.012391
444949.326528 3945232.161053 0.000000 -0.011597
444949.052029 3945232.168937 0.000000 -0.010872
444948.771961 3945232.177716 0.000000 -0.010147
444948.486324 3945232.187390 0.000000 -0.009422
444948.195119 3945232.197958 0.000000 -0.008698
444947.898344 3945232.209422 0.000000 -0.007973
444947.596001 3945232.221780 0.000000 -0.007248
444947.288089 3945232.235033 0.000000 -0.006523
444946.974608 3945232.249181 0.000000 -0.005798
444946.655559 3945232.264224 0.000000 -0.005074
444946.330940 3945232.280162 0.000000 -0.004349
444946.000753 3945232.296994 0.000000 -0.003624
444945.664997 3945232.314722 0.000000 -0.002899
444945.323672 3945232.333344 0.000000 -0.002174
444944.976778 3945232.352861 0.000000 -0.001450
444944.624316 3945232.373273 0.000000 -0.000725
