444961.857525 3945245.567541 0.000000 0.000000
444961.840730 3945245.260354 0.000000 0.000988
444961.824932 3945244.956741 0.000000 0.001976
444961.810131 3945244.656703 0.000000 0.002964
444961.796328 3945244.360238 0.000000 0.003952
444961.783522 3945244.067348 0.000000 0.004940
444961.771713 3945243.778032 0.000000 0.005928
444961.760901 3945243.492290 0.000000 0.006916
444961.751087 3945243.210122 0.000000 0.007904
444961.742269 3945242.931528 0.000000 0.008892
444961.734449 3945242.656508 0.000000 0.009880
444961.727626 3945242.385062 0.000000 0.010868
444961.721801 3945242.117191 0.000000 0.011856
444961.716972 3945241.852893 0.000000 0.012844
444961.713141 3945241.592170 0.000000 0.013832
444961.710307 3945241.335021 0.000000 0.014820
444961.708470 3945241.081446 0.000000 0.015808
444961.707630 3945240.831445 0.000000 0.016796
444961.707788 3945240.585018 0.000000 0.017784
444961.708943 3945240.342165 0.000000 0.018772
444961.711095 3945240.102886 0.000000 0.019760
444961.714244 3945239.867182 0.000000 0.020705
444961.718391 3945239.635051 0.000000 0.021710
444961.723534 3945239.406495 0.000000 0.022779
444961.729675 3945239.181513 0.000000 0.023918
444961.736813 3945238.960105 0.000000 0.025133
444961.744948 3945238.742271 0.000000 0.026429
444961.754081 3945238.528011 0.000000 0.027814
444961.764211 3945238.317325 0.000000 0.029288
444961.775338 3945238.110214 0.000000 0.030852
444961.787462 3945237.906676 0.000000 0.032508
444961.800583 3945237.706713 0.000000 0.034257
444961.814702 3945237.510323 0.000000 0.036100
444961.829818 3945237.317508 0.000000 0.038039
444961.845931 3945237.128267 0.000000 0.040073
444961.863041 3945236.942600 0.000000 0.042202
444961.881148 3945236.760507 0.000000 0.044423
444961.900253 3945236.581989 0.000000 0.046734
444961.920355 3945236.407044 0.000000 0.049132
444961.941454 3945236.235674 0.000000 0.051610
444961.963550 3945236.067877 0.000000 0.054162
444961.986644 3945235.903655 0.000000 0.056780
444962.010735 3945235.743007 0.000000 0.059454
444962.035823 3945235.585933 0.000000 0.062173
444962.061908 3945235.432433 0.000000 0.064923
444962.088990 3945235.282507 0.000000 0.067688
444962.117070 3945235.136155 0.000000 0.070453
444962.146146 3945234.993378 0.000000 0.073196
444962.176220 3945234.854174 0.000000 0.075898
444962.207292 3945234.718545 0.000000 0.078535
444962.239360 3945234.586490 0.000000 0.081082
444962.272555 3945234.456838 0.000000 0.083554
444962.307004 3945234.328420 0.000000 0.085982
444962.342707 3945234.201234 0.000000 0.088359
444962.379666 3945234.075283 0.000000 0.090678
444962.417879 3945233.950564 0.000000 0.092935
444962.457346 3945233.827078 0.000000 0.095124
444962.498069 3945233.704826 0.000000 0.097242
444962.540046 3945233.583807 0.000000 0.099285
444962.583278 3945233.464021 0.000000 0.101251
444962.627764 3945233.345469 0.000000 0.103140
444962.673505 3945233.228149 0.000000 0.104951
444962.720501 3945233.112063 0.000000 0.106686
444962.768751 3945232.997210 0.000000 0.108348
444962.818256 3945232.883590 0.000000 0.109942
444962.869016 3945232.771204 0.000000 0.111472
444962.921030 3945232.660051 0.000000 0.112947
444962.974299 3945232.550131 0.000000 0.114373
444963.028823 3945232.441444 0.000000 0.115761
444963.084601 3945232.333990 0.000000 0.117120
444963.141634 3945232.227770 0.000000 0.118461
444963.199922 3945232.122783 0.000000 0.119771
444963.259464 3945232.019029 0.000000 0.121027
444963.320261 3945231.916508 0.000000 0.122225
444963.382313 3945231.815220 0.000000 0.123361
444963.445620 3945231.715166 0.000000 0.124434
444963.510181 3945231.616345 0.000000 0.125439
444963.575996 3945231.518757 0.000000 0.126373
444963.643067 3945231.422402 0.000000 0.127197
444963.711392 3945231.327281 0.000000 0.127875
444963.780971 3945231.233393 0.000000 0.128409
444963.851806 3945231.140738 0.000000 0.128798
444963.923895 3945231.049316 0.000000 0.129046
444963.997238 3945230.959128 0.000000 0.129155
444964.071837 3945230.870172 0.000000 0.129127
444964.147690 3945230.782450 0.000000 0.128965
444964.224798 3945230.695961 0.000000 0.128673
444964.303160 3945230.610706 0.000000 0.128253
444964.382777 3945230.526683 0.000000 0.127711
444964.463649 3945230.443894 0.000000 0.127050
444964.545775 3945230.362338 0.000000 0.126274
444964.629156 3945230.282015 0.000000 0.125388
444964.713792 3945230.202926 0.000000 0.124397
444964.799682 3945230.125069 0.000000 0.123306
444964.886827 3945230.048446 0.000000 0.122119
444964.975227 3945229.973056 0.000000 0.120842
444965.064881 3945229.898900 0.000000 0.119480
444965.155790 3945229.825976 0.000000 0.118038
444965.247954 3945229.754286 0.000000 0.116523
444965.341372 3945229.683829 0.000000 0.114938
444965.436045 3945229.614605 0.000000 0.113290
444965.531632 3945229.546580 0.000000 0.111661
444965.627793 3945229.479718 0.000000 0.110125
444965.724528 3945229.414020 0.000000 0.108682
444965.821836 3945229.349486 0.000000 0.107329
444965.919719 3945229.286116 0.000000 0.106065
444966.018174 3945229.223909 0.000000 0.104888
444966.117204 3945229.162866 0.000000 0.103795
444966.216807 3945229.102987 0.000000 0.102784
444966.316984 3945229.044271 0.000000 0.101852
444966.417735 3945228.986719 0.000000 0.100997
444966.519059 3945228.930331 0.000000 0.100216
444966.620957 3945228.875107 0.000000 0.099506
444966.723429 3945228.821046 0.000000 0.098865
444966.826475 3945228.768149 0.000000 0.098290
444966.930094 3945228.716416 0.000000 0.097778
444967.034287 3945228.665847 0.000000 0.097326
444967.139054 3945228.616441 0.000000 0.096932
444967.244394 3945228.568199 0.000000 0.096592
444967.350308 3945228.521120 0.000000 0.096304
444967.456796 3945228.475206 0.000000 0.096064
444967.563858 3945228.430455 0.000000 0.095831
444967.671493 3945228.386868 0.000000 0.095563
444967.779702 3945228.344444 0.000000 0.095261
444967.888485 3945228.303185 0.000000 0.094925
444967.997841 3945228.263089 0.000000 0.094557
444968.107772 3945228.224156 0.000000 0.094157
444968.218276 3945228.186388 0.000000 0.093725
444968.329353 3945228.149783 0.000000 0.093171
444968.441005 3945228.114342 0.000000 0.092398
444968.553230 3945228.080064 0.000000 0.091403
444968.666028 3945228.046951 0.000000 0.090187
444968.779401 3945228.015001 0.000000 0.088748
444968.893347 3945227.984215 0.000000 0.087091
444969.007867 3945227.954592 0.000000 0.085219
444969.122961 3945227.926133 0.000000 0.083138
444969.238628 3945227.898838 0.000000 0.080855
444969.354869 3945227.872707 0.000000 0.078380
444969.471684 3945227.847739 0.000000 0.075722
444969.589073 3945227.823935 0.000000 0.072892
444969.707035 3945227.801295 0.000000 0.069901
444969.825571 3945227.779819 0.000000 0.066762
444969.944681 3945227.759506 0.000000 0.063488
444970.064364 3945227.740357 0.000000 0.060092
444970.184621 3945227.722372 0.000000 0.056587
444970.305452 3945227.705550 0.000000 0.052986
444970.426857 3945227.689892 0.000000 0.049303
444970.548835 3945227.675398 0.000000 0.045552
444970.671387 3945227.662068 0.000000 0.041744
444970.794513 3945227.649901 0.000000 0.037893
444970.918212 3945227.638898 0.000000 0.034010
444971.043438 3945227.628373 0.000000 0.030234
444971.171144 3945227.617639 0.000000 0.026699
444971.301330 3945227.606697 0.000000 0.023406
444971.433995 3945227.595546 0.000000 0.020356
444971.569140 3945227.584187 0.000000 0.017548
444971.706765 3945227.572620 0.000000 0.014978
444971.846870 3945227.560844 0.000000 0.012642
444971.989454 3945227.548860 0.000000 0.010535
444972.134518 3945227.536667 0.000000 0.008650
444972.282062 3945227.524266 0.000000 0.006980
444972.432085 3945227.511656 0.000000 0.005515
444972.584588 3945227.498838 0.000000 0.004248
444972.739571 3945227.485812 0.000000 0.003168
444972.897034 3945227.472577 0.000000 0.002266
444973.056976 3945227.459134 0.000000 0.001530
444973.219398 3945227.445482 0.000000 0.000952
444973.384300 3945227.431622 0.000000 0.000520
444973.551682 3945227.417554 0.000000 0.000225
444973.721543 3945227.403277 0.000000 0.000054
444973.893884 3945227.388791 0.000000 -0.000000
444974.068704 3945227.374097 0.000000 0.000000
444974.246005 3945227.359195 0.000000 0.000000
444974.425785 3945227.344085 0.000000 0.000000
444974.608045 3945227.328766 0.000000 -0.000000
444974.792785 3945227.313238 0.000000 0.000000
444974.980004 3945227.297502 0.000000 -0.000000
444975.169703 3945227.281558 0.000000 0.000000
444975.361882 3945227.265405 0.000000 0.000000
444975.556540 3945227.249044 0.000000 0.000000
444975.753679 3945227.232475 0.000000 0.000000
444975.953296 3945227.215697 0.000000 0.000000
444976.155394 3945227.198710 0.000000 0.000000
444976.359972 3945227.181515 0.000000 0.000000
444976.567029 3945227.164112 0.000000 0.000000
444976.776566 3945227.146500 0.000000 0.000000
444976.988582 3945227.128680 0.000000 0.000000
444977.203079 3945227.110652 0.000000 0.000000
444977.420055 3945227.092415 0.000000 0.000000
444977.639510 3945227.073970 0.000000 0.000000
444977.861446 3945227.055316 0.000000 0.000000
444978.085861 3945227.036454 0.000000 0.000000
444978.312756 3945227.017383 0.000000 0.000000
444978.542131 3945226.998104 0.000000 0.000000
444978.773985 3945226.978616 0.000000 0.000000
444979.008319 3945226.958920 0.000000 0.000000
444979.245133 3945226.939016 0.000000 0.000000
444979.484427 3945226.918903 0.000000 0.000000
444979.726200 3945226.898582 0.000000 0.000000
444979.970453 3945226.878053 0.000000 0.000000
