444961.857525 3945245.567541 0.000000 0.000000
444961.837881 3945245.254285 0.000000 -0.000000
444961.818434 3945244.944178 0.000000 -0.000000
444961.799185 3945244.637219 0.000000 -0.000000
444961.780133 3945244.333408 0.000000 -0.000000
444961.761279 3945244.032746 0.000000 -0.000000
444961.742622 3945243.735232 0.000000 -0.000000
444961.724162 3945243.440866 0.000000 -0.000000
444961.705900 3945243.149649 0.000000 -0.000000
444961.687835 3945242.861580 0.000000 -0.000000
444961.669968 3945242.576659 0.000000 0.000000
444961.652298 3945242.294886 0.000000 0.000000
444961.634826 3945242.016262 0.000000 0.000000
444961.617551 3945241.740786 0.000000 0.000000
444961.600474 3945241.468458 0.000000 0.000000
444961.583594 3945241.199279 0.000000 0.000000
444961.566911 3945240.933248 0.000000 0.000000
444961.550426 3945240.670365 0.000000 0.000000
444961.534138 3945240.410630 0.000000 0.000000
444961.518047 3945240.154044 0.000000 0.000000
444961.502154 3945239.900606 0.000000 0.000000
444961.486459 3945239.650317 0.000000 -0.000000
444961.470961 3945239.403175 0.000000 -0.000000
444961.455660 3945239.159182 0.000000 0.000000
444961.440557 3945238.918338 0.000000 0.000000
444961.425651 3945238.680641 0.000000 -0.000000
444961.410943 3945238.446093 0.000000 -0.000000
444961.396432 3945238.214693 0.000000 -0.000000
444961.382118 3945237.986442 0.000000 0.000000
444961.368002 3945237.761339 0.000000 0.000000
444961.354084 3945237.539384 0.000000 0.000000
444961.340362 3945237.320577 0.000000 -0.000000
444961.326838 3945237.104919 0.000000 0.000000
444961.313512 3945236.892409 0.000000 0.000000
444961.300383 3945236.683047 0.000000 0.000000
444961.287452 3945236.476833 0.000000 -0.000000
444961.274717 3945236.273768 0.000000 -0.000000
444961.262181 3945236.073851 0.000000 0.000000
444961.249842 3945235.877083 0.000000 0.000000
444961.237700 3945235.683463 0.000000 0.000000
444961.225755 3945235.492991 0.000000 -0.000000
444961.214008 3945235.305667 0.000000 0.000000
444961.202459 3945235.121492 0.000000 0.000000
444961.191107 3945234.940465 0.000000 0.000000
444961.179952 3945234.762586 0.000000 0.000000
444961.168995 3945234.587855 0.000000 -0.000000
444961.158235 3945234.416273 0.000000 0.000000
444961.147673 3945234.247839 0.000000 -0.000000
444961.137308 3945234.082554 0.000000 0.000000
444961.127140 3945233.920416 0.000000 -0.000000
444961.117170 3945233.761427 0.000000 -0.000000
444961.107299 3945233.604013 0.000000 0.000000
444961.097427 3945233.446598 0.000000 -0.000000
444961.087556 3945233.289183 0.000000 -0.000000
444961.077684 3945233.131768 0.000000 0.000000
444961.067813 3945232.974353 0.000000 -0.000000
444961.057942 3945232.816938 0.000000 0.000000
444961.048070 3945232.659523 0.000000 -0.000000
444961.038199 3945232.502109 0.000000 -0.000000
444961.028327 3945232.344694 0.000000 0.000000
444961.018456 3945232.187279 0.000000 -0.000000
444961.008585 3945232.029864 0.000000 0.000000
444960.998713 3945231.872449 0.000000 0.000000
444960.988842 3945231.715034 0.000000 0.000000
444960.978970 3945231.557620 0.000000 -0.000000
444960.969099 3945231.400205 0.000000 0.000000
444960.959228 3945231.242790 0.000000 0.000000
444960.949356 3945231.085375 0.000000 -0.000000
444960.939485 3945230.927960 0.000000 0.000000
444960.929613 3945230.770545 0.000000 0.000000
444960.919742 3945230.613131 0.000000 -0.000000
444960.909871 3945230.455716 0.000000 -0.000000
444960.899999 3945230.298301 0.000000 0.000000
444960.890128 3945230.140886 0.000000 0.000000
444960.880256 3945229.983471 0.000000 -0.000000
444960.870385 3945229.826056 0.000000 -0.000000
444960.860514 3945229.668641 0.000000 0.000000
444960.850642 3945229.511227 0.000000 0.000000
444960.840771 3945229.353812 0.000000 0.000000
444960.830899 3945229.196397 0.000000 0.000000
444960.821028 3945229.038982 0.000000 0.000000
444960.811157 3945228.881567 0.000000 0.000000
444960.801285 3945228.724152 0.000000 0.000000
444960.791414 3945228.566738 0.000000 0.000000
444960.781542 3945228.409323 0.000000 -0.000000
444960.771671 3945228.251908 0.000000 -0.000000
444960.761800 3945228.094493 0.000000 -0.000000
444960.751928 3945227.937078 0.000000 -0.000000
444960.742057 3945227.779663 0.000000 0.000000
444960.732186 3945227.622248 0.000000 0.000000
444960.722314 3945227.464834 0.000000 -0.000000
444960.712443 3945227.307419 0.000000 -0.000000
444960.702571 3945227.150004 0.000000 0.000000
444960.692700 3945226.992589 0.000000 0.000000
444960.682829 3945226.835174 0.000000 -0.000000
444960.672957 3945226.677759 0.000000 -0.000000
444960.663086 3945226.520345 0.000000 0.000000
444960.653214 3945226.362930 0.000000 -0.000000
444960.643343 3945226.205515 0.000000 -0.000000
444960.633472 3945226.048100 0.000000 -0.000000
444960.623600 3945225.890685 0.000000 0.000000
444960.613630 3945225.731696 0.000000 -0.000000
444960.603462 3945225.569559 0.000000 -0.000000
444960.593098 3945225.404273 0.000000 0.000000
444960.582535 3945225.235839 0.000000 0.000000
444960.571775 3945225.064257 0.000000 0.000000
444960.560818 3945224.889527 0.000000 0.000000
444960.549663 3945224.711648 0.000000 -0.000000
444960.538311 3945224.530621 0.000000 0.000000
444960.526762 3945224.346446 0.000000 0.000000
444960.515015 3945224.159122 0.000000 0.000000
444960.503070 3945223.968650 0.000000 -0.000000
444960.490929 3945223.775030 0.000000 -0.000000
444960.478589 3945223.578261 0.000000 0.000000
444960.466053 3945223.378344 0.000000 -0.000000
444960.453319 3945223.175279 0.000000 -0.000000
444960.440387 3945222.969066 0.000000 0.000000
444960.427258 3945222.759704 0.000000 0.000000
444960.413932 3945222.547194 0.000000 0.000000
444960.400408 3945222.331536 0.000000 -0.000000
444960.386687 3945222.112729 0.000000 0.000000
444960.372768 3945221.890774 0.000000 -0.000000
444960.358652 3945221.665671 0.000000 -0.000000
444960.344338 3945221.437419 0.000000 -0.000000
444960.329827 3945221.206019 0.000000 -0.000000
444960.315119 3945220.971471 0.000000 0.000000
444960.300213 3945220.733775 0.000000 0.000000
444960.285110 3945220.492930 0.000000 0.000000
444960.269809 3945220.248937 0.000000 0.000000
444960.254311 3945220.001796 0.000000 0.000000
444960.238616 3945219.751506 0.000000 -0.000000
444960.222723 3945219.498068 0.000000 0.000000
444960.206632 3945219.241482 0.000000 -0.000000
444960.190344 3945218.981748 0.000000 -0.000000
444960.173859 3945218.718865 0.000000 -0.000000
444960.157177 3945218.452834 0.000000 -0.000000
444960.140297 3945218.183654 0.000000 -0.000000
444960.123219 3945217.911327 0.000000 -0.000000
444960.105944 3945217.635851 0.000000 -0.000000
444960.088472 3945217.357226 0.000000 -0.000000
444960.070802 3945217.075454 0.000000 -0.000000
444960.052935 3945216.790533 0.000000 -0.000000
444960.034870 3945216.502464 0.000000 -0.000000
444960.016608 3945216.211246 0.000000 -0.000000
444959.998148 3945215.916881 0.000000 -0.000000
444959.979491 3945215.619367 0.000000 -0.000000
444959.960637 3945215.318704 0.000000 -0.000000
444959.941585 3945215.014894 0.000000 -0.000000
444959.922336 3945214.707935 0.000000 -0.000000
444959.902889 3945214.397827 0.000000 -0.000000
