444963.485175 3945338.886134 0.000000 0.000000
444963.474603 3945338.653854 0.000000 0.000000
444963.464137 3945338.423909 0.000000 0.000000
444963.453778 3945338.196298 0.000000 0.000000
444963.443525 3945337.971021 0.000000 0.000000
444963.433378 3945337.748079 0.000000 0.000000
444963.423338 3945337.527472 0.000000 0.000000
444963.413403 3945337.309199 0.000000 0.000000
444963.403575 3945337.093260 0.000000 0.000000
444963.393853 3945336.879656 0.000000 0.000000
444963.384238 3945336.668386 0.000000 0.000000
444963.374728 3945336.459451 0.000000 0.000000
444963.365325 3945336.252850 0.000000 0.000000
444963.356029 3945336.048584 0.000000 0.000000
444963.346838 3945335.846652 0.000000 0.000000
444963.337754 3945335.647055 0.000000 0.000000
444963.328776 3945335.449792 0.000000 0.000000
444963.319904 3945335.254863 0.000000 0.000000
444963.311138 3945335.062269 0.000000 0.000000
444963.302479 3945334.872010 0.000000 0.000000
444963.293926 3945334.684085 0.000000 0.000000
444963.285479 3945334.498494 0.000000 0.000000
444963.277138 3945334.315238 0.000000 0.000000
444963.268904 3945334.134317 0.000000 0.000000
444963.260776 3945333.955730 0.000000 0.000000
444963.252754 3945333.779477 0.000000 0.000000
444963.244839 3945333.605559 0.000000 0.000000
444963.237029 3945333.433975 0.000000 -0.000000
444963.229326 3945333.264726 0.000000 -0.000000
444963.221729 3945333.097811 0.000000 0.000000
444963.214239 3945332.933231 0.000000 0.000000
444963.206854 3945332.770985 0.000000 -0.000000
444963.199576 3945332.611074 0.000000 -0.000000
444963.192405 3945332.453497 0.000000 0.000000
444963.185339 3945332.298255 0.000000 -0.000000
444963.178380 3945332.145347 0.000000 0.000000
444963.171527 3945331.994773 0.000000 0.000000
444963.164780 3945331.846534 0.000000 0.000000
444963.158139 3945331.700630 0.000000 0.000000
444963.151605 3945331.557060 0.000000 0.000000
444963.145177 3945331.415824 0.000000 0.000000
444963.138855 3945331.276923 0.000000 -0.000000
444963.132639 3945331.140357 0.000000 0.000000
444963.126530 3945331.006124 0.000000 -0.000000
444963.120527 3945330.874227 0.000000 -0.000000
444963.114630 3945330.744664 0.000000 -0.000000
444963.108839 3945330.617435 0.000000 -0.000000
444963.103155 3945330.492541 0.000000 -0.000000
444963.097577 3945330.369981 0.000000 -0.000000
444963.092105 3945330.249755 0.000000 0.000000
444963.086740 3945330.131865 0.000000 0.000000
444963.081427 3945330.015141 0.000000 0.000000
444963.076115 3945329.898417 0.000000 0.000000
444963.070802 3945329.781694 0.000000 -0.000000
444963.065490 3945329.664970 0.000000 -0.000000
444963.060177 3945329.548247 0.000000 -0.000000
444963.054865 3945329.431523 0.000000 0.000000
444963.049552 3945329.314799 0.000000 0.000000
444963.044240 3945329.198076 0.000000 0.000000
444963.038927 3945329.081352 0.000000 0.000000
444963.033615 3945328.964629 0.000000 0.000000
444963.028302 3945328.847905 0.000000 -0.000000
444963.022990 3945328.731181 0.000000 -0.000000
444963.017677 3945328.614458 0.000000 0.000000
444963.012365 3945328.497734 0.000000 -0.000000
444963.007053 3945328.381011 0.000000 -0.000000
444963.001740 3945328.264287 0.000000 -0.000000
444962.996428 3945328.147563 0.000000 0.000000
444962.991115 3945328.030840 0.000000 -0.000000
444962.985803 3945327.914116 0.000000 -0.000000
444962.980490 3945327.797393 0.000000 0.000000
444962.975178 3945327.680669 0.000000 0.000000
444962.969865 3945327.563946 0.000000 0.000000
444962.964553 3945327.447222 0.000000 0.000000
444962.959240 3945327.330498 0.000000 0.000000
444962.953928 3945327.213775 0.000000 -0.000000
444962.948615 3945327.097051 0.000000 0.000000
444962.943303 3945326.980328 0.000000 0.000000
444962.937990 3945326.863604 0.000000 -0.000000
444962.932678 3945326.746880 0.000000 0.000000
444962.927366 3945326.630157 0.000000 0.000000
444962.922053 3945326.513433 0.000000 -0.000000
444962.916741 3945326.396710 0.000000 0.000000
444962.911428 3945326.279986 0.000000 -0.000000
444962.906116 3945326.163262 0.000000 0.000000
444962.900803 3945326.046539 0.000000 0.000000
444962.895491 3945325.929815 0.000000 -0.000000
444962.890178 3945325.813092 0.000000 -0.000000
444962.884866 3945325.696368 0.000000 -0.000000
444962.879553 3945325.579644 0.000000 0.000000
444962.874241 3945325.462921 0.000000 0.000000
444962.868928 3945325.346197 0.000000 -0.000000
444962.863616 3945325.229474 0.000000 0.000000
444962.858303 3945325.112750 0.000000 0.000000
444962.852991 3945324.996026 0.000000 0.000000
444962.847678 3945324.879303 0.000000 -0.000000
444962.842366 3945324.762579 0.000000 0.000000
444962.837054 3945324.645856 0.000000 0.000000
444962.831741 3945324.529132 0.000000 0.000000
444962.826429 3945324.412408 0.000000 0.000000
444962.821116 3945324.295685 0.000000 0.000000
444962.815804 3945324.178961 0.000000 0.000000
444962.810491 3945324.062238 0.000000 -0.000000
444962.805179 3945323.945514 0.000000 0.000000
444962.799866 3945323.828790 0.000000 -0.000000
444962.794554 3945323.712067 0.000000 -0.000000
444962.789241 3945323.595343 0.000000 0.000000
444962.783929 3945323.478620 0.000000 -0.000000
444962.778616 3945323.361896 0.000000 0.000000
444962.773304 3945323.245172 0.000000 0.000000
444962.767991 3945323.128449 0.000000 0.000000
444962.762679 3945323.011725 0.000000 0.000000
444962.757367 3945322.895002 0.000000 0.000000
444962.752054 3945322.778278 0.000000 -0.000000
444962.746742 3945322.661554 0.000000 -0.000000
444962.741429 3945322.544831 0.000000 0.000000
444962.736117 3945322.428107 0.000000 0.000000
444962.730804 3945322.311384 0.000000 -0.000000
444962.725492 3945322.194660 0.000000 0.000000
444962.720179 3945322.077936 0.000000 -0.000000
444962.714867 3945321.961213 0.000000 0.000000
444962.709554 3945321.844489 0.000000 0.000000
444962.704242 3945321.727766 0.000000 -0.000000
444962.698929 3945321.611042 0.000000 -0.000000
444962.693617 3945321.494319 0.000000 0.000000
444962.688304 3945321.377595 0.000000 0.000000
444962.682992 3945321.260871 0.000000 -0.000000
444962.677679 3945321.144148 0.000000 0.000000
444962.672367 3945321.027424 0.000000 0.000000
444962.667055 3945320.910701 0.000000 0.000000
444962.661742 3945320.793977 0.000000 0.000000
444962.656430 3945320.677253 0.000000 -0.000000
444962.651117 3945320.560530 0.000000 0.000000
444962.645805 3945320.443806 0.000000 0.000000
444962.640492 3945320.327083 0.000000 -0.000000
444962.635180 3945320.210359 0.000000 -0.000000
444962.629867 3945320.093635 0.000000 0.000000
444962.624555 3945319.976912 0.000000 -0.000000
444962.619242 3945319.860188 0.000000 0.000000
444962.613930 3945319.743465 0.000000 -0.000000
444962.608617 3945319.626741 0.000000 -0.000000
444962.603305 3945319.510017 0.000000 -0.000000
444962.597992 3945319.393294 0.000000 0.000000
444962.592680 3945319.276570 0.000000 0.000000
444962.587368 3945319.159847 0.000000 0.000000
444962.582055 3945319.043123 0.000000 -0.000000
444962.576743 3945318.926399 0.000000 -0.000000
444962.571430 3945318.809676 0.000000 0.000000
444962.566118 3945318.692952 0.000000 0.000000
444962.560805 3945318.576229 0.000000 0.000000
444962.555493 3945318.459505 0.000000 -0.000000
444962.550180 3945318.342781 0.000000 -0.000000
444962.544868 3945318.226058 0.000000 0.000000
444962.539555 3945318.109334 0.000000 -0.000000
444962.534243 3945317.992611 0.000000 -0.000000
444962.528930 3945317.875887 0.000000 -0.000000
444962.523618 3945317.759163 0.000000 0.000000
444962.518305 3945317.642440 0.000000 -0.000000
444962.512993 3945317.525716 0.000000 -0.000000
444962.507681 3945317.408993 0.000000 -0.000000
444962.502368 3945317.292269 0.000000 0.000000
444962.497056 3945317.175545 0.000000 -0.000000
444962.491743 3945317.058822 0.000000 -0.000000
444962.486431 3945316.942098 0.000000 -0.000000
444962.481118 3945316.825375 0.000000 -0.000000
444962.475806 3945316.708651 0.000000 0.000000
444962.470493 3945316.591927 0.000000 0.000000
444962.465181 3945316.475204 0.000000 -0.000000
444962.459868 3945316.358480 0.000000 0.000000
444962.454556 3945316.241757 0.000000 -0.000000
444962.449243 3945316.125033 0.000000 0.000000
444962.443931 3945316.008309 0.000000 0.000000
444962.438618 3945315.891586 0.000000 0.000000
444962.433306 3945315.774862 0.000000 0.000000
444962.427993 3945315.658139 0.000000 -0.000000
444962.422681 3945315.541415 0.000000 -0.000000
444962.417369 3945315.424692 0.000000 -0.000000
444962.412056 3945315.307968 0.000000 0.000000
444962.406744 3945315.191244 0.000000 0.000000
444962.401431 3945315.074521 0.000000 0.000000
444962.396119 3945314.957797 0.000000 0.000000
444962.390806 3945314.841074 0.000000 0.000000
444962.385494 3945314.724350 0.000000 -0.000000
444962.380181 3945314.607626 0.000000 -0.000000
444962.374869 3945314.490903 0.000000 -0.000000
444962.369556 3945314.374179 0.000000 0.000000
444962.364244 3945314.257456 0.000000 -0.000000
444962.358931 3945314.140732 0.000000 -0.000000
444962.353619 3945314.024008 0.000000 0.000000
444962.348306 3945313.907285 0.000000 0.000000
444962.342994 3945313.790561 0.000000 -0.000000
444962.337682 3945313.673838 0.000000 0.000000
444962.332369 3945313.557114 0.000000 0.000000
444962.327057 3945313.440390 0.000000 -0.000000
444962.321744 3945313.323667 0.000000 0.000000
444962.316432 3945313.206943 0.000000 0.000000
444962.311119 3945313.090220 0.000000 0.000000
444962.305807 3945312.973496 0.000000 -0.000000
444962.300494 3945312.856772 0.000000 0.000000
444962.295182 3945312.740049 0.000000 -0.000000
444962.289869 3945312.623325 0.000000 0.000000
444962.284557 3945312.506602 0.000000 -0.000000
444962.279244 3945312.389878 0.000000 0.000000
444962.273932 3945312.273154 0.000000 0.000000
444962.268619 3945312.156431 0.000000 -0.000000
444962.263307 3945312.039707 0.000000 0.000000
444962.257994 3945311.922984 0.000000 -0.000000
444962.252682 3945311.806260 0.000000 -0.000000
444962.247370 3945311.689536 0.000000 0.000000
444962.242057 3945311.572813 0.000000 0.000000
444962.236745 3945311.456089 0.000000 0.000000
444962.231432 3945311.339366 0.000000 0.000000
444962.226120 3945311.222642 0.000000 0.000000
444962.220807 3945311.105918 0.000000 -0.000000
444962.215495 3945310.989195 0.000000 -0.000000
444962.210182 3945310.872471 0.000000 -0.000000
444962.204870 3945310.755748 0.000000 0.000000
444962.199557 3945310.639024 0.000000 -0.000000
444962.194245 3945310.522300 0.000000 0.000000
444962.188932 3945310.405577 0.000000 0.000000
444962.183620 3945310.288853 0.000000 -0.000000
444962.178307 3945310.172130 0.000000 0.000000
444962.172995 3945310.055406 0.000000 -0.000000
444962.167683 3945309.938682 0.000000 -0.000000
444962.162370 3945309.821959 0.000000 0.000000
444962.157058 3945309.705235 0.000000 0.000000
444962.151745 3945309.588512 0.000000 0.000000
444962.146433 3945309.471788 0.000000 -0.000000
444962.141120 3945309.355065 0.000000 0.000000
444962.135808 3945309.238341 0.000000 -0.000000
444962.130495 3945309.121617 0.000000 -0.000000
444962.125183 3945309.004894 0.000000 0.000000
444962.119870 3945308.888170 0.000000 0.000000
444962.114558 3945308.771447 0.000000 -0.000000
444962.109245 3945308.654723 0.000000 0.000000
444962.103933 3945308.537999 0.000000 0.000000
444962.098620 3945308.421276 0.000000 -0.000000
444962.093308 3945308.304552 0.000000 -0.000000
444962.087996 3945308.187829 0.000000 0.000000
444962.082683 3945308.071105 0.000000 0.000000
444962.077371 3945307.954381 0.000000 0.000000
444962.072058 3945307.837658 0.000000 0.000000
444962.066746 3945307.720934 0.000000 -0.000000
444962.061433 3945307.604211 0.000000 0.000000
444962.056121 3945307.487487 0.000000 0.000000
444962.050808 3945307.370763 0.000000 0.000000
444962.045496 3945307.254040 0.000000 -0.000000
444962.040183 3945307.137316 0.000000 0.000000
444962.034871 3945307.020593 0.000000 0.000000
444962.029558 3945306.903869 0.000000 0.000000
444962.024246 3945306.787145 0.000000 -0.000000
444962.018933 3945306.670422 0.000000 -0.000000
444962.013621 3945306.553698 0.000000 0.000000
444962.008308 3945306.436975 0.000000 -0.000000
444962.002996 3945306.320251 0.000000 0.000000
444961.997684 3945306.203527 0.000000 -0.000000
444961.992371 3945306.086804 0.000000 -0.000000
444961.987059 3945305.970080 0.000000 -0.000000
444961.981746 3945305.853357 0.000000 0.000000
444961.976434 3945305.736633 0.000000 0.000000
444961.971121 3945305.619909 0.000000 0.000000
444961.965809 3945305.503186 0.000000 0.000000
444961.960496 3945305.386462 0.000000 -0.000000
444961.955184 3945305.269739 0.000000 0.000000
444961.949871 3945305.153015 0.000000 -0.000000
444961.944559 3945305.036291 0.000000 -0.000000
444961.939246 3945304.919568 0.000000 0.000000
444961.933934 3945304.802844 0.000000 0.000000
444961.928621 3945304.686121 0.000000 0.000000
444961.923309 3945304.569397 0.000000 -0.000000
444961.917997 3945304.452673 0.000000 -0.000000
444961.912684 3945304.335950 0.000000 -0.000000
444961.907372 3945304.219226 0.000000 0.000000
444961.902059 3945304.102503 0.000000 0.000000
444961.896747 3945303.985779 0.000000 0.000000
444961.891434 3945303.869055 0.000000 -0.000000
444961.886122 3945303.752332 0.000000 0.000000
444961.880809 3945303.635608 0.000000 0.000000
444961.875497 3945303.518885 0.000000 0.000000
444961.870184 3945303.402161 0.000000 0.000000
444961.864872 3945303.285437 0.000000 -0.000000
444961.859559 3945303.168714 0.000000 0.000000
444961.854247 3945303.051990 0.000000 0.000000
444961.848934 3945302.935267 0.000000 0.000000
444961.843622 3945302.818543 0.000000 -0.000000
444961.838309 3945302.701820 0.000000 0.000000
444961.832997 3945302.585096 0.000000 -0.000000
444961.827685 3945302.468372 0.000000 0.000000
444961.822372 3945302.351649 0.000000 0.000000
444961.817060 3945302.234925 0.000000 0.000000
444961.811747 3945302.118202 0.000000 0.000000
444961.806435 3945302.001478 0.000000 -0.000000
444961.801122 3945301.884754 0.000000 0.000000
444961.795810 3945301.768031 0.000000 -0.000000
444961.790497 3945301.651307 0.000000 -0.000000
444961.785185 3945301.534584 0.000000 0.000000
444961.779872 3945301.417860 0.000000 0.000000
444961.774560 3945301.301136 0.000000 0.000000
444961.769247 3945301.184413 0.000000 -0.000000
444961.763935 3945301.067689 0.000000 0.000000
444961.758622 3945300.950966 0.000000 -0.000000
444961.753310 3945300.834242 0.000000 -0.000000
444961.747998 3945300.717518 0.000000 -0.000000
444961.742685 3945300.600795 0.000000 0.000000
444961.737373 3945300.484071 0.000000 -0.000000
444961.732060 3945300.367348 0.000000 0.000000
444961.726748 3945300.250624 0.000000 -0.000000
444961.721435 3945300.133900 0.000000 0.000000
444961.716123 3945300.017177 0.000000 0.000000
444961.710810 3945299.900453 0.000000 0.000000
444961.705498 3945299.783730 0.000000 -0.000000
444961.700185 3945299.667006 0.000000 -0.000000
444961.694873 3945299.550282 0.000000 -0.000000
444961.689560 3945299.433559 0.000000 -0.000000
444961.684248 3945299.316835 0.000000 -0.000000
444961.678935 3945299.200112 0.000000 -0.000000
444961.673623 3945299.083388 0.000000 -0.000000
444961.668311 3945298.966664 0.000000 -0.000000
444961.662998 3945298.849941 0.000000 0.000000
444961.657686 3945298.733217 0.000000 0.000000
444961.652373 3945298.616494 0.000000 -0.000000
444961.647061 3945298.499770 0.000000 0.000000
444961.641748 3945298.383046 0.000000 -0.000000
444961.636436 3945298.266323 0.000000 0.000000
444961.631123 3945298.149599 0.000000 -0.000000
444961.625811 3945298.032876 0.000000 0.000000
444961.620498 3945297.916152 0.000000 0.000000
444961.615186 3945297.799428 0.000000 -0.000000
444961.609873 3945297.682705 0.000000 0.000000
444961.604561 3945297.565981 0.000000 0.000000
444961.599248 3945297.449258 0.000000 0.000000
444961.593936 3945297.332534 0.000000 -0.000000
444961.588623 3945297.215810 0.000000 -0.000000
444961.583311 3945297.099087 0.000000 0.000000
444961.577999 3945296.982363 0.000000 -0.000000
444961.572686 3945296.865640 0.000000 0.000000
444961.567374 3945296.748916 0.000000 0.000000
444961.562061 3945296.632193 0.000000 0.000000
444961.556749 3945296.515469 0.000000 0.000000
444961.551436 3945296.398745 0.000000 -0.000000
444961.546124 3945296.282022 0.000000 0.000000
444961.540811 3945296.165298 0.000000 0.000000
444961.535499 3945296.048575 0.000000 0.000000
444961.530186 3945295.931851 0.000000 -0.000000
444961.524874 3945295.815127 0.000000 0.000000
444961.519561 3945295.698404 0.000000 0.000000
444961.514249 3945295.581680 0.000000 -0.000000
444961.508936 3945295.464957 0.000000 0.000000
444961.503624 3945295.348233 0.000000 0.000000
444961.498312 3945295.231509 0.000000 0.000000
444961.492999 3945295.114786 0.000000 -0.000000
444961.487687 3945294.998062 0.000000 -0.000000
444961.482374 3945294.881339 0.000000 0.000000
444961.477062 3945294.764615 0.000000 -0.000000
444961.471749 3945294.647891 0.000000 -0.000000
444961.466437 3945294.531168 0.000000 0.000000
444961.461124 3945294.414444 0.000000 0.000000
444961.455812 3945294.297721 0.000000 -0.000000
444961.450499 3945294.180997 0.000000 -0.000000
444961.445187 3945294.064273 0.000000 0.000000
444961.439874 3945293.947550 0.000000 -0.000000
444961.434562 3945293.830826 0.000000 -0.000000
444961.429249 3945293.714103 0.000000 -0.000000
444961.423937 3945293.597379 0.000000 0.000000
444961.418624 3945293.480655 0.000000 0.000000
444961.413312 3945293.363932 0.000000 -0.000000
444961.408000 3945293.247208 0.000000 0.000000
444961.402687 3945293.130485 0.000000 -0.000000
444961.397375 3945293.013761 0.000000 0.000000
444961.392062 3945292.897037 0.000000 -0.000000
444961.386750 3945292.780314 0.000000 -0.000000
444961.381437 3945292.663590 0.000000 0.000000
444961.376125 3945292.546867 0.000000 0.000000
444961.370812 3945292.430143 0.000000 -0.000000
444961.365500 3945292.313419 0.000000 0.000000
444961.360187 3945292.196696 0.000000 0.000000
444961.354875 3945292.079972 0.000000 -0.000000
444961.349562 3945291.963249 0.000000 0.000000
444961.344250 3945291.846525 0.000000 0.000000
444961.338937 3945291.729801 0.000000 0.000000
444961.333625 3945291.613078 0.000000 0.000000
444961.328313 3945291.496354 0.000000 -0.000000
444961.323000 3945291.379631 0.000000 -0.000000
444961.317688 3945291.262907 0.000000 -0.000000
444961.312375 3945291.146183 0.000000 0.000000
444961.307063 3945291.029460 0.000000 -0.000000
444961.301750 3945290.912736 0.000000 0.000000
444961.296438 3945290.796013 0.000000 0.000000
444961.291125 3945290.679289 0.000000 -0.000000
444961.285813 3945290.562566 0.000000 0.000000
444961.280500 3945290.445842 0.000000 0.000000
444961.275188 3945290.329118 0.000000 -0.000000
444961.269875 3945290.212395 0.000000 -0.000000
444961.264563 3945290.095671 0.000000 0.000000
444961.259250 3945289.978948 0.000000 -0.000000
444961.253938 3945289.862224 0.000000 0.000000
444961.248625 3945289.745500 0.000000 0.000000
444961.243313 3945289.628777 0.000000 0.000000
444961.238001 3945289.512053 0.000000 0.000000
444961.232688 3945289.395330 0.000000 0.000000
444961.227376 3945289.278606 0.000000 0.000000
444961.222063 3945289.161882 0.000000 0.000000
444961.216751 3945289.045159 0.000000 0.000000
444961.211438 3945288.928435 0.000000 -0.000000
444961.206126 3945288.811712 0.000000 -0.000000
444961.200813 3945288.694988 0.000000 -0.000000
444961.195501 3945288.578264 0.000000 -0.000000
444961.190188 3945288.461541 0.000000 -0.000000
444961.184876 3945288.344817 0.000000 -0.000000
444961.179563 3945288.228094 0.000000 0.000000
444961.174251 3945288.111370 0.000000 0.000000
444961.168938 3945287.994646 0.000000 0.000000
444961.163626 3945287.877923 0.000000 -0.000000
444961.158314 3945287.761199 0.000000 0.000000
444961.153001 3945287.644476 0.000000 -0.000000
444961.147689 3945287.527752 0.000000 -0.000000
444961.142376 3945287.411028 0.000000 0.000000
444961.137064 3945287.294305 0.000000 -0.000000
444961.131751 3945287.177581 0.000000 -0.000000
444961.126439 3945287.060858 0.000000 0.000000
444961.121126 3945286.944134 0.000000 -0.000000
444961.115814 3945286.827410 0.000000 -0.000000
444961.110501 3945286.710687 0.000000 0.000000
444961.105189 3945286.593963 0.000000 -0.000000
444961.099876 3945286.477240 0.000000 0.000000
444961.094564 3945286.360516 0.000000 -0.000000
444961.089251 3945286.243792 0.000000 -0.000000
444961.083939 3945286.127069 0.000000 -0.000000
444961.078627 3945286.010345 0.000000 -0.000000
444961.073314 3945285.893622 0.000000 -0.000000
444961.068002 3945285.776898 0.000000 -0.000000
444961.062689 3945285.660174 0.000000 0.000000
444961.057377 3945285.543451 0.000000 0.000000
444961.052064 3945285.426727 0.000000 0.000000
444961.046752 3945285.310004 0.000000 -0.000000
444961.041439 3945285.193280 0.000000 -0.000000
444961.036127 3945285.076556 0.000000 0.000000
444961.030814 3945284.959833 0.000000 0.000000
444961.025502 3945284.843109 0.000000 0.000000
444961.020189 3945284.726386 0.000000 0.000000
444961.014877 3945284.609662 0.000000 0.000000
444961.009564 3945284.492939 0.000000 0.000000
444961.004252 3945284.376215 0.000000 0.000000
444960.998939 3945284.259491 0.000000 0.000000
444960.993627 3945284.142768 0.000000 0.000000
444960.988315 3945284.026044 0.000000 0.000000
444960.983002 3945283.909321 0.000000 -0.000000
444960.977690 3945283.792597 0.000000 -0.000000
444960.972377 3945283.675873 0.000000 0.000000
444960.967065 3945283.559150 0.000000 -0.000000
444960.961752 3945283.442426 0.000000 -0.000000
444960.956440 3945283.325703 0.000000 0.000000
444960.951127 3945283.208979 0.000000 0.000000
444960.945815 3945283.092255 0.000000 -0.000000
444960.940502 3945282.975532 0.000000 0.000000
444960.935190 3945282.858808 0.000000 0.000000
444960.929877 3945282.742085 0.000000 -0.000000
444960.924565 3945282.625361 0.000000 0.000000
444960.919252 3945282.508637 0.000000 -0.000000
444960.913940 3945282.391914 0.000000 0.000000
444960.908628 3945282.275190 0.000000 -0.000000
444960.903315 3945282.158467 0.000000 -0.000000
444960.898003 3945282.041743 0.000000 -0.000000
444960.892690 3945281.925019 0.000000 -0.000000
444960.887378 3945281.808296 0.000000 0.000000
444960.882065 3945281.691572 0.000000 0.000000
444960.876753 3945281.574849 0.000000 -0.000000
444960.871440 3945281.458125 0.000000 0.000000
444960.866128 3945281.341401 0.000000 -0.000000
444960.860815 3945281.224678 0.000000 -0.000000
444960.855503 3945281.107954 0.000000 -0.000000
444960.850190 3945280.991231 0.000000 -0.000000
444960.844878 3945280.874507 0.000000 0.000000
444960.839565 3945280.757783 0.000000 0.000000
444960.834253 3945280.641060 0.000000 0.000000
444960.828940 3945280.524336 0.000000 -0.000000
444960.823628 3945280.407613 0.000000 -0.000000
444960.818316 3945280.290889 0.000000 0.000000
444960.813003 3945280.174165 0.000000 0.000000
444960.807691 3945280.057442 0.000000 0.000000
444960.802378 3945279.940718 0.000000 0.000000
444960.797066 3945279.823995 0.000000 0.000000
444960.791753 3945279.707271 0.000000 0.000000
444960.786441 3945279.590547 0.000000 0.000000
444960.781128 3945279.473824 0.000000 0.000000
444960.775816 3945279.357100 0.000000 0.000000
444960.770503 3945279.240377 0.000000 0.000000
444960.765191 3945279.123653 0.000000 -0.000000
444960.759878 3945279.006929 0.000000 -0.000000
444960.754566 3945278.890206 0.000000 0.000000
444960.749253 3945278.773482 0.000000 0.000000
444960.743941 3945278.656759 0.000000 0.000000
444960.738629 3945278.540035 0.000000 -0.000000
444960.733316 3945278.423312 0.000000 -0.000000
444960.728004 3945278.306588 0.000000 0.000000
444960.722691 3945278.189864 0.000000 0.000000
444960.717379 3945278.073141 0.000000 0.000000
444960.712066 3945277.956417 0.000000 -0.000000
444960.706754 3945277.839694 0.000000 0.000000
444960.701441 3945277.722970 0.000000 -0.000000
444960.696129 3945277.606246 0.000000 0.000000
444960.690816 3945277.489523 0.000000 0.000000
444960.685504 3945277.372799 0.000000 0.000000
444960.680191 3945277.256076 0.000000 -0.000000
444960.674879 3945277.139352 0.000000 0.000000
444960.669566 3945277.022628 0.000000 -0.000000
444960.664254 3945276.905905 0.000000 -0.000000
444960.658942 3945276.789181 0.000000 -0.000000
444960.653629 3945276.672458 0.000000 -0.000000
444960.648317 3945276.555734 0.000000 0.000000
444960.643004 3945276.439010 0.000000 -0.000000
444960.637692 3945276.322287 0.000000 -0.000000
444960.632379 3945276.205563 0.000000 -0.000000
444960.627067 3945276.088840 0.000000 0.000000
444960.621754 3945275.972116 0.000000 0.000000
444960.616442 3945275.855392 0.000000 -0.000000
444960.611129 3945275.738669 0.000000 0.000000
444960.605817 3945275.621945 0.000000 0.000000
444960.600504 3945275.505222 0.000000 0.000000
444960.595192 3945275.388498 0.000000 0.000000
444960.589879 3945275.271774 0.000000 -0.000000
444960.584567 3945275.155051 0.000000 0.000000
444960.579254 3945275.038327 0.000000 -0.000000
444960.573942 3945274.921604 0.000000 0.000000
444960.568630 3945274.804880 0.000000 0.000000
444960.563317 3945274.688156 0.000000 0.000000
444960.558005 3945274.571433 0.000000 -0.000000
444960.552692 3945274.454709 0.000000 -0.000000
444960.547380 3945274.337986 0.000000 -0.000000
444960.542067 3945274.221262 0.000000 -0.000000
444960.536755 3945274.104538 0.000000 0.000000
444960.531442 3945273.987815 0.000000 -0.000000
444960.526130 3945273.871091 0.000000 -0.000000
444960.520817 3945273.754368 0.000000 0.000000
444960.515505 3945273.637644 0.000000 -0.000000
444960.510192 3945273.520920 0.000000 -0.000000
444960.504880 3945273.404197 0.000000 -0.000000
444960.499567 3945273.287473 0.000000 0.000000
444960.494255 3945273.170750 0.000000 -0.000000
444960.488943 3945273.054026 0.000000 0.000000
444960.483630 3945272.937302 0.000000 0.000000
444960.478318 3945272.820579 0.000000 -0.000000
444960.473005 3945272.703855 0.000000 -0.000000
444960.467693 3945272.587132 0.000000 0.000000
444960.462380 3945272.470408 0.000000 -0.000000
444960.457068 3945272.353685 0.000000 0.000000
444960.451755 3945272.236961 0.000000 0.000000
444960.446443 3945272.120237 0.000000 -0.000000
444960.441130 3945272.003514 0.000000 -0.000000
444960.435818 3945271.886790 0.000000 0.000000
444960.430505 3945271.770067 0.000000 -0.000000
444960.425193 3945271.653343 0.000000 0.000000
444960.419880 3945271.536619 0.000000 0.000000
444960.414568 3945271.419896 0.000000 0.000000
444960.409255 3945271.303172 0.000000 -0.000000
444960.403943 3945271.186449 0.000000 0.000000
444960.398631 3945271.069725 0.000000 -0.000000
444960.393318 3945270.953001 0.000000 0.000000
444960.388006 3945270.836278 0.000000 -0.000000
444960.382693 3945270.719554 0.000000 0.000000
444960.377381 3945270.602831 0.000000 -0.000000
444960.372068 3945270.486107 0.000000 -0.000000
444960.366756 3945270.369383 0.000000 -0.000000
444960.361443 3945270.252660 0.000000 -0.000000
444960.356131 3945270.135936 0.000000 -0.000000
444960.350818 3945270.019213 0.000000 -0.000000
444960.345506 3945269.902489 0.000000 0.000000
444960.340193 3945269.785765 0.000000 0.000000
444960.334881 3945269.669042 0.000000 -0.000000
444960.329568 3945269.552318 0.000000 -0.000000
444960.324256 3945269.435595 0.000000 -0.000000
444960.318944 3945269.318871 0.000000 0.000000
444960.313631 3945269.202147 0.000000 0.000000
444960.308319 3945269.085424 0.000000 0.000000
444960.303006 3945268.968700 0.000000 -0.000000
444960.297694 3945268.851977 0.000000 0.000000
444960.292381 3945268.735253 0.000000 -0.000000
444960.287069 3945268.618529 0.000000 0.000000
444960.281756 3945268.501806 0.000000 -0.000000
444960.276444 3945268.385082 0.000000 0.000000
444960.271131 3945268.268359 0.000000 -0.000000
444960.265819 3945268.151635 0.000000 -0.000000
444960.260506 3945268.034911 0.000000 0.000000
444960.255194 3945267.918188 0.000000 -0.000000
444960.249881 3945267.801464 0.000000 0.000000
444960.244569 3945267.684741 0.000000 -0.000000
444960.239257 3945267.568017 0.000000 -0.000000
444960.233944 3945267.451293 0.000000 0.000000
444960.228632 3945267.334570 0.000000 0.000000
444960.223319 3945267.217846 0.000000 -0.000000
444960.218007 3945267.101123 0.000000 0.000000
444960.212694 3945266.984399 0.000000 0.000000
444960.207382 3945266.867675 0.000000 -0.000000
444960.202069 3945266.750952 0.000000 -0.000000
444960.196757 3945266.634228 0.000000 -0.000000
444960.191444 3945266.517505 0.000000 0.000000
444960.186132 3945266.400781 0.000000 -0.000000
444960.180819 3945266.284057 0.000000 0.000000
444960.175507 3945266.167334 0.000000 -0.000000
444960.170194 3945266.050610 0.000000 0.000000
444960.164882 3945265.933887 0.000000 0.000000
444960.159569 3945265.817163 0.000000 -0.000000
444960.154257 3945265.700440 0.000000 -0.000000
444960.148945 3945265.583716 0.000000 -0.000000
444960.143632 3945265.466992 0.000000 -0.000000
444960.138320 3945265.350269 0.000000 -0.000000
444960.133007 3945265.233545 0.000000 -0.000000
444960.127695 3945265.116822 0.000000 -0.000000
444960.122382 3945265.000098 0.000000 0.000000
444960.117070 3945264.883374 0.000000 -0.000000
444960.111757 3945264.766651 0.000000 0.000000
444960.106445 3945264.649927 0.000000 -0.000000
444960.101132 3945264.533204 0.000000 -0.000000
444960.095820 3945264.416480 0.000000 -0.000000
444960.090507 3945264.299756 0.000000 0.000000
444960.085195 3945264.183033 0.000000 0.000000
444960.079882 3945264.066309 0.000000 -0.000000
444960.074570 3945263.949586 0.000000 -0.000000
444960.069258 3945263.832862 0.000000 0.000000
444960.063945 3945263.716138 0.000000 0.000000
444960.058633 3945263.599415 0.000000 -0.000000
444960.053320 3945263.482691 0.000000 -0.000000
444960.048008 3945263.365968 0.000000 0.000000
444960.042695 3945263.249244 0.000000 0.000000
444960.037383 3945263.132520 0.000000 0.000000
444960.032070 3945263.015797 0.000000 0.000000
444960.026758 3945262.899073 0.000000 0.000000
444960.021445 3945262.782350 0.000000 0.000000
444960.016133 3945262.665626 0.000000 0.000000
444960.010820 3945262.548902 0.000000 0.000000
444960.005508 3945262.432179 0.000000 -0.000000
444960.000195 3945262.315455 0.000000 -0.000000
444959.994883 3945262.198732 0.000000 0.000000
444959.989570 3945262.082008 0.000000 0.000000
444959.984258 3945261.965284 0.000000 -0.000000
444959.978946 3945261.848561 0.000000 0.000000
444959.973633 3945261.731837 0.000000 -0.000000
444959.968321 3945261.615114 0.000000 0.000000
444959.963008 3945261.498390 0.000000 0.000000
444959.957696 3945261.381666 0.000000 0.000000
444959.952383 3945261.264943 0.000000 -0.000000
444959.947071 3945261.148219 0.000000 0.000000
444959.941758 3945261.031496 0.000000 0.000000
444959.936446 3945260.914772 0.000000 -0.000000
444959.931133 3945260.798048 0.000000 0.000000
444959.925821 3945260.681325 0.000000 0.000000
444959.920508 3945260.564601 0.000000 0.000000
444959.915196 3945260.447878 0.000000 -0.000000
444959.909883 3945260.331154 0.000000 0.000000
444959.904571 3945260.214430 0.000000 0.000000
444959.899259 3945260.097707 0.000000 -0.000000
444959.893946 3945259.980983 0.000000 0.000000
444959.888634 3945259.864260 0.000000 0.000000
444959.883321 3945259.747536 0.000000 0.000000
444959.878009 3945259.630813 0.000000 -0.000000
444959.872696 3945259.514089 0.000000 0.000000
444959.867384 3945259.397365 0.000000 -0.000000
444959.862071 3945259.280642 0.000000 0.000000
444959.856759 3945259.163918 0.000000 0.000000
444959.851446 3945259.047195 0.000000 0.000000
444959.846134 3945258.930471 0.000000 0.000000
444959.840821 3945258.813747 0.000000 0.000000
444959.835509 3945258.697024 0.000000 0.000000
444959.830196 3945258.580300 0.000000 0.000000
444959.824884 3945258.463577 0.000000 0.000000
444959.819572 3945258.346853 0.000000 0.000000
444959.814259 3945258.230129 0.000000 -0.000000
444959.808947 3945258.113406 0.000000 -0.000000
444959.803634 3945257.996682 0.000000 0.000000
444959.798322 3945257.879959 0.000000 0.000000
444959.793009 3945257.763235 0.000000 -0.000000
444959.787697 3945257.646511 0.000000 -0.000000
444959.782384 3945257.529788 0.000000 -0.000000
444959.777072 3945257.413064 0.000000 -0.000000
444959.771759 3945257.296341 0.000000 0.000000
444959.766447 3945257.179617 0.000000 0.000000
444959.761134 3945257.062893 0.000000 -0.000000
444959.755822 3945256.946170 0.000000 -0.000000
444959.750509 3945256.829446 0.000000 -0.000000
444959.745197 3945256.712723 0.000000 -0.000000
444959.739884 3945256.595999 0.000000 0.000000
444959.734572 3945256.479275 0.000000 -0.000000
444959.729260 3945256.362552 0.000000 -0.000000
444959.723947 3945256.245828 0.000000 -0.000000
444959.718635 3945256.129105 0.000000 -0.000000
444959.713322 3945256.012381 0.000000 -0.000000
444959.708010 3945255.895657 0.000000 -0.000000
444959.702697 3945255.778934 0.000000 -0.000000
444959.697385 3945255.662210 0.000000 -0.000000
444959.692072 3945255.545487 0.000000 -0.000000
444959.686760 3945255.428763 0.000000 0.000000
444959.681447 3945255.312039 0.000000 0.000000
444959.676135 3945255.195316 0.000000 -0.000000
444959.670822 3945255.078592 0.000000 0.000000
444959.665510 3945254.961869 0.000000 0.000000
444959.660197 3945254.845145 0.000000 -0.000000
444959.654885 3945254.728421 0.000000 0.000000
444959.649573 3945254.611698 0.000000 0.000000
444959.644260 3945254.494974 0.000000 0.000000
444959.638948 3945254.378251 0.000000 0.000000
444959.633635 3945254.261527 0.000000 0.000000
444959.628270 3945254.143636 0.000000 0.000000
444959.622798 3945254.023411 0.000000 -0.000000
444959.617220 3945253.900851 0.000000 0.000000
444959.611535 3945253.775957 0.000000 -0.000000
444959.605745 3945253.648728 0.000000 -0.000000
444959.599848 3945253.519165 0.000000 -0.000000
444959.593845 3945253.387267 0.000000 0.000000
444959.587735 3945253.253035 0.000000 -0.000000
444959.581520 3945253.116469 0.000000 0.000000
444959.575198 3945252.977568 0.000000 0.000000
444959.568770 3945252.836332 0.000000 0.000000
444959.562236 3945252.692762 0.000000 -0.000000
444959.555595 3945252.546857 0.000000 0.000000
444959.548848 3945252.398618 0.000000 0.000000
444959.541995 3945252.248045 0.000000 -0.000000
444959.535036 3945252.095137 0.000000 -0.000000
444959.527970 3945251.939895 0.000000 0.000000
444959.520798 3945251.782318 0.000000 -0.000000
444959.513520 3945251.622407 0.000000 0.000000
444959.506136 3945251.460161 0.000000 0.000000
444959.498645 3945251.295581 0.000000 0.000000
444959.491048 3945251.128666 0.000000 0.000000
444959.483345 3945250.959417 0.000000 -0.000000
444959.475536 3945250.787833 0.000000 -0.000000
444959.467620 3945250.613915 0.000000 0.000000
444959.459599 3945250.437662 0.000000 0.000000
444959.451471 3945250.259075 0.000000 0.000000
444959.443236 3945250.078153 0.000000 0.000000
444959.434896 3945249.894897 0.000000 0.000000
444959.426449 3945249.709307 0.000000 0.000000
444959.417896 3945249.521382 0.000000 0.000000
444959.409236 3945249.331122 0.000000 0.000000
444959.400471 3945249.138528 0.000000 0.000000
444959.391599 3945248.943600 0.000000 0.000000
444959.382621 3945248.746337 0.000000 0.000000
444959.373537 3945248.546740 0.000000 0.000000
444959.364346 3945248.344808 0.000000 0.000000
444959.355049 3945248.140542 0.000000 0.000000
444959.345646 3945247.933941 0.000000 0.000000
444959.336137 3945247.725006 0.000000 0.000000
444959.326521 3945247.513736 0.000000 0.000000
444959.316799 3945247.300132 0.000000 0.000000
444959.306971 3945247.084193 0.000000 0.000000
444959.297037 3945246.865920 0.000000 0.000000
444959.286997 3945246.645312 0.000000 0.000000
444959.276850 3945246.422370 0.000000 0.000000
444959.266597 3945246.197094 0.000000 0.000000
444959.256237 3945245.969483 0.000000 0.000000
444959.245772 3945245.739537 0.000000 0.000000
