444966.137641 3945338.855993 0.000000 0.000000
444966.126994 3945338.623938 0.000000 0.000000
444966.116455 3945338.394215 0.000000 0.000000
444966.106022 3945338.166824 0.000000 0.000000
444966.095696 3945337.941766 0.000000 0.000000
444966.085477 3945337.719040 0.000000 0.000000
444966.075365 3945337.498646 0.000000 0.000000
444966.065361 3945337.280584 0.000000 0.000000
444966.055463 3945337.064854 0.000000 0.000000
444966.045672 3945336.851457 0.000000 0.000000
444966.035988 3945336.640392 0.000000 0.000000
444966.026412 3945336.431659 0.000000 0.000000
444966.016942 3945336.225258 0.000000 0.000000
444966.007579 3945336.021190 0.000000 0.000000
444965.998323 3945335.819454 0.000000 0.000000
444965.989175 3945335.620050 0.000000 0.000000
444965.980133 3945335.422978 0.000000 0.000000
444965.971198 3945335.228238 0.000000 0.000000
444965.962370 3945335.035831 0.000000 0.000000
444965.953650 3945334.845755 0.000000 0.000000
444965.945036 3945334.658012 0.000000 0.000000
444965.936529 3945334.472602 0.000000 0.000000
444965.928129 3945334.289523 0.000000 0.000000
444965.919837 3945334.108777 0.000000 0.000000
444965.911651 3945333.930362 0.000000 0.000000
444965.903572 3945333.754280 0.000000 0.000000
444965.895601 3945333.580531 0.000000 0.000000
444965.887736 3945333.409113 0.000000 0.000000
444965.879978 3945333.240028 0.000000 0.000000
444965.872327 3945333.073275 0.000000 -0.000000
444965.864784 3945332.908854 0.000000 0.000000
444965.857347 3945332.746765 0.000000 0.000000
444965.850017 3945332.587009 0.000000 -0.000000
444965.842795 3945332.429584 0.000000 -0.000000
444965.835679 3945332.274492 0.000000 0.000000
444965.828670 3945332.121733 0.000000 -0.000000
444965.821769 3945331.971305 0.000000 0.000000
444965.814974 3945331.823210 0.000000 0.000000
444965.808286 3945331.677446 0.000000 0.000000
444965.801706 3945331.534015 0.000000 0.000000
444965.795232 3945331.392917 0.000000 -0.000000
444965.788865 3945331.254150 0.000000 0.000000
444965.782606 3945331.117716 0.000000 -0.000000
444965.776453 3945330.983613 0.000000 0.000000
444965.770407 3945330.851844 0.000000 0.000000
444965.764469 3945330.722406 0.000000 -0.000000
444965.758637 3945330.595300 0.000000 0.000000
444965.752912 3945330.470527 0.000000 -0.000000
444965.747295 3945330.348086 0.000000 -0.000000
444965.741784 3945330.227977 0.000000 0.000000
444965.736380 3945330.110200 0.000000 0.000000
444965.731030 3945329.993590 0.000000 0.000000
444965.725680 3945329.876979 0.000000 0.000000
444965.720330 3945329.760369 0.000000 -0.000000
444965.714980 3945329.643758 0.000000 0.000000
444965.709630 3945329.527147 0.000000 0.000000
444965.704279 3945329.410537 0.000000 -0.000000
444965.698929 3945329.293926 0.000000 -0.000000
444965.693579 3945329.177316 0.000000 0.000000
444965.688229 3945329.060705 0.000000 0.000000
444965.682879 3945328.944095 0.000000 0.000000
444965.677529 3945328.827484 0.000000 0.000000
444965.672179 3945328.710874 0.000000 -0.000000
444965.666828 3945328.594263 0.000000 0.000000
444965.661478 3945328.477652 0.000000 -0.000000
444965.656128 3945328.361042 0.000000 -0.000000
444965.650778 3945328.244431 0.000000 -0.000000
444965.645428 3945328.127821 0.000000 -0.000000
444965.640078 3945328.011210 0.000000 -0.000000
444965.634728 3945327.894600 0.000000 -0.000000
444965.629377 3945327.777989 0.000000 0.000000
444965.624027 3945327.661378 0.000000 0.000000
444965.618677 3945327.544768 0.000000 0.000000
444965.613327 3945327.428157 0.000000 0.000000
444965.607977 3945327.311547 0.000000 -0.000000
444965.602627 3945327.194936 0.000000 -0.000000
444965.597276 3945327.078326 0.000000 0.000000
444965.591926 3945326.961715 0.000000 -0.000000
444965.586576 3945326.845104 0.000000 -0.000000
444965.581226 3945326.728494 0.000000 -0.000000
444965.575876 3945326.611883 0.000000 -0.000000
444965.570526 3945326.495273 0.000000 -0.000000
444965.565176 3945326.378662 0.000000 -0.000000
444965.559825 3945326.262052 0.000000 -0.000000
444965.554475 3945326.145441 0.000000 -0.000000
444965.549125 3945326.028831 0.000000 -0.000000
444965.543775 3945325.912220 0.000000 -0.000000
444965.538425 3945325.795609 0.000000 0.000000
444965.533075 3945325.678999 0.000000 0.000000
444965.527725 3945325.562388 0.000000 0.000000
444965.522374 3945325.445778 0.000000 0.000000
444965.517024 3945325.329167 0.000000 0.000000
444965.511674 3945325.212557 0.000000 0.000000
444965.506324 3945325.095946 0.000000 -0.000000
444965.500974 3945324.979335 0.000000 -0.000000
444965.495624 3945324.862725 0.000000 -0.000000
444965.490274 3945324.746114 0.000000 0.000000
444965.484923 3945324.629504 0.000000 -0.000000
444965.479573 3945324.512893 0.000000 -0.000000
444965.474223 3945324.396283 0.000000 -0.000000
444965.468873 3945324.279672 0.000000 -0.000000
444965.463523 3945324.163061 0.000000 -0.000000
444965.458173 3945324.046451 0.000000 0.000000
444965.452823 3945323.929840 0.000000 -0.000000
444965.447472 3945323.813230 0.000000 -0.000000
444965.442122 3945323.696619 0.000000 0.000000
444965.436772 3945323.580009 0.000000 0.000000
444965.431422 3945323.463398 0.000000 0.000000
444965.426072 3945323.346788 0.000000 -0.000000
444965.420722 3945323.230177 0.000000 0.000000
444965.415372 3945323.113566 0.000000 0.000000
444965.410021 3945322.996956 0.000000 -0.000000
444965.404671 3945322.880345 0.000000 0.000000
444965.399321 3945322.763735 0.000000 0.000000
444965.393971 3945322.647124 0.000000 -0.000000
444965.388621 3945322.530514 0.000000 0.000000
444965.383271 3945322.413903 0.000000 -0.000000
444965.377921 3945322.297292 0.000000 0.000000
444965.372570 3945322.180682 0.000000 -0.000000
444965.367220 3945322.064071 0.000000 0.000000
444965.361870 3945321.947461 0.000000 -0.000000
444965.356520 3945321.830850 0.000000 -0.000000
444965.351170 3945321.714240 0.000000 0.000000
444965.345820 3945321.597629 0.000000 -0.000000
444965.340470 3945321.481018 0.000000 -0.000000
444965.335119 3945321.364408 0.000000 0.000000
444965.329769 3945321.247797 0.000000 0.000000
444965.324419 3945321.131187 0.000000 0.000000
444965.319069 3945321.014576 0.000000 -0.000000
444965.313719 3945320.897966 0.000000 0.000000
444965.308369 3945320.781355 0.000000 0.000000
444965.303018 3945320.664745 0.000000 0.000000
444965.297668 3945320.548134 0.000000 -0.000000
444965.292318 3945320.431523 0.000000 -0.000000
444965.286968 3945320.314913 0.000000 0.000000
444965.281618 3945320.198302 0.000000 0.000000
444965.276268 3945320.081692 0.000000 -0.000000
444965.270918 3945319.965081 0.000000 -0.000000
444965.265567 3945319.848471 0.000000 -0.000000
444965.260217 3945319.731860 0.000000 0.000000
444965.254867 3945319.615249 0.000000 -0.000000
444965.249517 3945319.498639 0.000000 -0.000000
444965.244167 3945319.382028 0.000000 0.000000
444965.238817 3945319.265418 0.000000 0.000000
444965.233467 3945319.148807 0.000000 -0.000000
444965.228116 3945319.032197 0.000000 0.000000
444965.222766 3945318.915586 0.000000 0.000000
444965.217416 3945318.798976 0.000000 0.000000
444965.212066 3945318.682365 0.000000 -0.000000
444965.206716 3945318.565754 0.000000 -0.000000
444965.201366 3945318.449144 0.000000 -0.000000
444965.196016 3945318.332533 0.000000 -0.000000
444965.190665 3945318.215923 0.000000 -0.000000
444965.185315 3945318.099312 0.000000 -0.000000
444965.179965 3945317.982702 0.000000 -0.000000
444965.174615 3945317.866091 0.000000 -0.000000
444965.169265 3945317.749480 0.000000 -0.000000
444965.163915 3945317.632870 0.000000 0.000000
444965.158565 3945317.516259 0.000000 0.000000
444965.153214 3945317.399649 0.000000 0.000000
444965.147864 3945317.283038 0.000000 0.000000
444965.142514 3945317.166428 0.000000 -0.000000
444965.137164 3945317.049817 0.000000 0.000000
444965.131814 3945316.933206 0.000000 0.000000
444965.126464 3945316.816596 0.000000 -0.000000
444965.121114 3945316.699985 0.000000 0.000000
444965.115763 3945316.583375 0.000000 0.000000
444965.110413 3945316.466764 0.000000 -0.000000
444965.105063 3945316.350154 0.000000 0.000000
444965.099713 3945316.233543 0.000000 -0.000000
444965.094363 3945316.116933 0.000000 -0.000000
444965.089013 3945316.000322 0.000000 -0.000000
444965.083663 3945315.883711 0.000000 -0.000000
444965.078312 3945315.767101 0.000000 -0.000000
444965.072962 3945315.650490 0.000000 -0.000000
444965.067612 3945315.533880 0.000000 -0.000000
444965.062262 3945315.417269 0.000000 -0.000000
444965.056912 3945315.300659 0.000000 -0.000000
444965.051562 3945315.184048 0.000000 0.000000
444965.046212 3945315.067437 0.000000 -0.000000
444965.040861 3945314.950827 0.000000 0.000000
444965.035511 3945314.834216 0.000000 -0.000000
444965.030161 3945314.717606 0.000000 -0.000000
444965.024811 3945314.600995 0.000000 -0.000000
444965.019461 3945314.484385 0.000000 0.000000
444965.014111 3945314.367774 0.000000 -0.000000
444965.008760 3945314.251163 0.000000 0.000000
444965.003410 3945314.134553 0.000000 0.000000
444964.998060 3945314.017942 0.000000 -0.000000
444964.992710 3945313.901332 0.000000 -0.000000
444964.987360 3945313.784721 0.000000 0.000000
444964.982010 3945313.668111 0.000000 -0.000000
444964.976660 3945313.551500 0.000000 0.000000
444964.971309 3945313.434890 0.000000 0.000000
444964.965959 3945313.318279 0.000000 -0.000000
444964.960609 3945313.201668 0.000000 0.000000
444964.955259 3945313.085058 0.000000 0.000000
444964.949909 3945312.968447 0.000000 0.000000
444964.944559 3945312.851837 0.000000 0.000000
444964.939209 3945312.735226 0.000000 -0.000000
444964.933858 3945312.618616 0.000000 0.000000
444964.928508 3945312.502005 0.000000 0.000000
444964.923158 3945312.385394 0.000000 0.000000
444964.917808 3945312.268784 0.000000 0.000000
444964.912458 3945312.152173 0.000000 -0.000000
444964.907108 3945312.035563 0.000000 -0.000000
444964.901758 3945311.918952 0.000000 -0.000000
444964.896407 3945311.802342 0.000000 0.000000
444964.891057 3945311.685731 0.000000 0.000000
444964.885707 3945311.569120 0.000000 0.000000
444964.880357 3945311.452510 0.000000 0.000000
444964.875007 3945311.335899 0.000000 -0.000000
444964.869657 3945311.219289 0.000000 -0.000000
444964.864307 3945311.102678 0.000000 0.000000
444964.858956 3945310.986068 0.000000 0.000000
444964.853606 3945310.869457 0.000000 -0.000000
444964.848256 3945310.752847 0.000000 0.000000
444964.842906 3945310.636236 0.000000 -0.000000
444964.837556 3945310.519625 0.000000 -0.000000
444964.832206 3945310.403015 0.000000 0.000000
444964.826856 3945310.286404 0.000000 0.000000
444964.821505 3945310.169794 0.000000 -0.000000
444964.816155 3945310.053183 0.000000 0.000000
444964.810805 3945309.936573 0.000000 0.000000
444964.805455 3945309.819962 0.000000 -0.000000
444964.800105 3945309.703351 0.000000 0.000000
444964.794755 3945309.586741 0.000000 0.000000
444964.789405 3945309.470130 0.000000 -0.000000
444964.784054 3945309.353520 0.000000 -0.000000
444964.778704 3945309.236909 0.000000 0.000000
444964.773354 3945309.120299 0.000000 -0.000000
444964.768004 3945309.003688 0.000000 0.000000
444964.762654 3945308.887077 0.000000 0.000000
444964.757304 3945308.770467 0.000000 -0.000000
444964.751953 3945308.653856 0.000000 0.000000
444964.746603 3945308.537246 0.000000 -0.000000
444964.741253 3945308.420635 0.000000 -0.000000
444964.735903 3945308.304025 0.000000 0.000000
444964.730553 3945308.187414 0.000000 0.000000
444964.725203 3945308.070804 0.000000 -0.000000
444964.719853 3945307.954193 0.000000 0.000000
444964.714502 3945307.837582 0.000000 0.000000
444964.709152 3945307.720972 0.000000 0.000000
444964.703802 3945307.604361 0.000000 0.000000
444964.698452 3945307.487751 0.000000 0.000000
444964.693102 3945307.371140 0.000000 -0.000000
444964.687752 3945307.254530 0.000000 -0.000000
444964.682402 3945307.137919 0.000000 -0.000000
444964.677051 3945307.021308 0.000000 0.000000
444964.671701 3945306.904698 0.000000 -0.000000
444964.666351 3945306.788087 0.000000 0.000000
444964.661001 3945306.671477 0.000000 0.000000
444964.655651 3945306.554866 0.000000 0.000000
444964.650301 3945306.438256 0.000000 0.000000
444964.644951 3945306.321645 0.000000 0.000000
444964.639600 3945306.205034 0.000000 0.000000
444964.634250 3945306.088424 0.000000 0.000000
444964.628900 3945305.971813 0.000000 0.000000
444964.623550 3945305.855203 0.000000 -0.000000
444964.618200 3945305.738592 0.000000 -0.000000
444964.612850 3945305.621982 0.000000 -0.000000
444964.607500 3945305.505371 0.000000 0.000000
444964.602149 3945305.388761 0.000000 -0.000000
444964.596799 3945305.272150 0.000000 -0.000000
444964.591449 3945305.155539 0.000000 -0.000000
444964.586099 3945305.038929 0.000000 -0.000000
444964.580749 3945304.922318 0.000000 0.000000
444964.575399 3945304.805708 0.000000 0.000000
444964.570049 3945304.689097 0.000000 -0.000000
444964.564698 3945304.572487 0.000000 -0.000000
444964.559348 3945304.455876 0.000000 0.000000
444964.553998 3945304.339265 0.000000 -0.000000
444964.548648 3945304.222655 0.000000 0.000000
444964.543298 3945304.106044 0.000000 0.000000
444964.537948 3945303.989434 0.000000 -0.000000
444964.532598 3945303.872823 0.000000 -0.000000
444964.527247 3945303.756213 0.000000 -0.000000
444964.521897 3945303.639602 0.000000 0.000000
444964.516547 3945303.522991 0.000000 -0.000000
444964.511197 3945303.406381 0.000000 0.000000
444964.505847 3945303.289770 0.000000 -0.000000
444964.500497 3945303.173160 0.000000 -0.000000
444964.495147 3945303.056549 0.000000 -0.000000
444964.489796 3945302.939939 0.000000 0.000000
444964.484446 3945302.823328 0.000000 0.000000
444964.479096 3945302.706718 0.000000 -0.000000
444964.473746 3945302.590107 0.000000 -0.000000
444964.468396 3945302.473496 0.000000 -0.000000
444964.463046 3945302.356886 0.000000 -0.000000
444964.457695 3945302.240275 0.000000 0.000000
444964.452345 3945302.123665 0.000000 0.000000
444964.446995 3945302.007054 0.000000 -0.000000
444964.441645 3945301.890444 0.000000 -0.000000
444964.436295 3945301.773833 0.000000 0.000000
444964.430945 3945301.657222 0.000000 0.000000
444964.425595 3945301.540612 0.000000 -0.000000
444964.420244 3945301.424001 0.000000 0.000000
444964.414894 3945301.307391 0.000000 0.000000
444964.409544 3945301.190780 0.000000 -0.000000
444964.404194 3945301.074170 0.000000 -0.000000
444964.398844 3945300.957559 0.000000 -0.000000
444964.393494 3945300.840948 0.000000 0.000000
444964.388144 3945300.724338 0.000000 0.000000
444964.382793 3945300.607727 0.000000 -0.000000
444964.377443 3945300.491117 0.000000 0.000000
444964.372093 3945300.374506 0.000000 0.000000
444964.366743 3945300.257896 0.000000 0.000000
444964.361393 3945300.141285 0.000000 0.000000
444964.356043 3945300.024675 0.000000 -0.000000
444964.350693 3945299.908064 0.000000 -0.000000
444964.345342 3945299.791453 0.000000 0.000000
444964.339992 3945299.674843 0.000000 0.000000
444964.334642 3945299.558232 0.000000 -0.000000
444964.329292 3945299.441622 0.000000 -0.000000
444964.323942 3945299.325011 0.000000 -0.000000
444964.318592 3945299.208401 0.000000 -0.000000
444964.313242 3945299.091790 0.000000 0.000000
444964.307891 3945298.975179 0.000000 0.000000
444964.302541 3945298.858569 0.000000 -0.000000
444964.297191 3945298.741958 0.000000 -0.000000
444964.291841 3945298.625348 0.000000 -0.000000
444964.286491 3945298.508737 0.000000 -0.000000
444964.281141 3945298.392127 0.000000 -0.000000
444964.275791 3945298.275516 0.000000 -0.000000
444964.270440 3945298.158906 0.000000 0.000000
444964.265090 3945298.042295 0.000000 0.000000
444964.259740 3945297.925684 0.000000 0.000000
444964.254390 3945297.809074 0.000000 0.000000
444964.249040 3945297.692463 0.000000 0.000000
444964.243690 3945297.575853 0.000000 -0.000000
444964.238340 3945297.459242 0.000000 -0.000000
444964.232989 3945297.342632 0.000000 -0.000000
444964.227639 3945297.226021 0.000000 0.000000
444964.222289 3945297.109410 0.000000 -0.000000
444964.216939 3945296.992800 0.000000 0.000000
444964.211589 3945296.876189 0.000000 0.000000
444964.206239 3945296.759579 0.000000 -0.000000
444964.200889 3945296.642968 0.000000 -0.000000
444964.195538 3945296.526358 0.000000 0.000000
444964.190188 3945296.409747 0.000000 0.000000
444964.184838 3945296.293136 0.000000 0.000000
444964.179488 3945296.176526 0.000000 -0.000000
444964.174138 3945296.059915 0.000000 -0.000000
444964.168788 3945295.943305 0.000000 -0.000000
444964.163437 3945295.826694 0.000000 -0.000000
444964.158087 3945295.710084 0.000000 -0.000000
444964.152737 3945295.593473 0.000000 0.000000
444964.147387 3945295.476863 0.000000 0.000000
444964.142037 3945295.360252 0.000000 0.000000
444964.136687 3945295.243641 0.000000 -0.000000
444964.131337 3945295.127031 0.000000 -0.000000
444964.125986 3945295.010420 0.000000 -0.000000
444964.120636 3945294.893810 0.000000 0.000000
444964.115286 3945294.777199 0.000000 -0.000000
444964.109936 3945294.660589 0.000000 -0.000000
444964.104586 3945294.543978 0.000000 0.000000
444964.099236 3945294.427367 0.000000 0.000000
444964.093886 3945294.310757 0.000000 -0.000000
444964.088535 3945294.194146 0.000000 -0.000000
444964.083185 3945294.077536 0.000000 0.000000
444964.077835 3945293.960925 0.000000 -0.000000
444964.072485 3945293.844315 0.000000 0.000000
444964.067135 3945293.727704 0.000000 0.000000
444964.061785 3945293.611093 0.000000 -0.000000
444964.056435 3945293.494483 0.000000 -0.000000
444964.051084 3945293.377872 0.000000 0.000000
444964.045734 3945293.261262 0.000000 -0.000000
444964.040384 3945293.144651 0.000000 0.000000
444964.035034 3945293.028041 0.000000 -0.000000
444964.029684 3945292.911430 0.000000 0.000000
444964.024334 3945292.794820 0.000000 0.000000
444964.018984 3945292.678209 0.000000 0.000000
444964.013633 3945292.561598 0.000000 -0.000000
444964.008283 3945292.444988 0.000000 0.000000
444964.002933 3945292.328377 0.000000 0.000000
444963.997583 3945292.211767 0.000000 0.000000
444963.992233 3945292.095156 0.000000 0.000000
444963.986883 3945291.978546 0.000000 0.000000
444963.981533 3945291.861935 0.000000 -0.000000
444963.976182 3945291.745324 0.000000 -0.000000
444963.970832 3945291.628714 0.000000 0.000000
444963.965482 3945291.512103 0.000000 0.000000
444963.960132 3945291.395493 0.000000 -0.000000
444963.954782 3945291.278882 0.000000 0.000000
444963.949432 3945291.162272 0.000000 -0.000000
444963.944082 3945291.045661 0.000000 0.000000
444963.938731 3945290.929050 0.000000 0.000000
444963.933381 3945290.812440 0.000000 -0.000000
444963.928031 3945290.695829 0.000000 -0.000000
444963.922681 3945290.579219 0.000000 0.000000
444963.917331 3945290.462608 0.000000 -0.000000
444963.911981 3945290.345998 0.000000 -0.000000
444963.906631 3945290.229387 0.000000 0.000000
444963.901280 3945290.112777 0.000000 -0.000000
444963.895930 3945289.996166 0.000000 -0.000000
444963.890580 3945289.879555 0.000000 -0.000000
444963.885230 3945289.762945 0.000000 -0.000000
444963.879880 3945289.646334 0.000000 0.000000
444963.874530 3945289.529724 0.000000 0.000000
444963.869179 3945289.413113 0.000000 -0.000000
444963.863829 3945289.296503 0.000000 0.000000
444963.858479 3945289.179892 0.000000 -0.000000
444963.853129 3945289.063281 0.000000 0.000000
444963.847779 3945288.946671 0.000000 0.000000
444963.842429 3945288.830060 0.000000 -0.000000
444963.837079 3945288.713450 0.000000 0.000000
444963.831728 3945288.596839 0.000000 0.000000
444963.826378 3945288.480229 0.000000 0.000000
444963.821028 3945288.363618 0.000000 -0.000000
444963.815678 3945288.247007 0.000000 -0.000000
444963.810328 3945288.130397 0.000000 0.000000
444963.804978 3945288.013786 0.000000 0.000000
444963.799628 3945287.897176 0.000000 0.000000
444963.794277 3945287.780565 0.000000 0.000000
444963.788927 3945287.663955 0.000000 0.000000
444963.783577 3945287.547344 0.000000 -0.000000
444963.778227 3945287.430734 0.000000 0.000000
444963.772877 3945287.314123 0.000000 -0.000000
444963.767527 3945287.197512 0.000000 -0.000000
444963.762177 3945287.080902 0.000000 0.000000
444963.756826 3945286.964291 0.000000 -0.000000
444963.751476 3945286.847681 0.000000 0.000000
444963.746126 3945286.731070 0.000000 0.000000
444963.740776 3945286.614460 0.000000 0.000000
444963.735426 3945286.497849 0.000000 0.000000
444963.730076 3945286.381238 0.000000 0.000000
444963.724726 3945286.264628 0.000000 -0.000000
444963.719375 3945286.148017 0.000000 0.000000
444963.714025 3945286.031407 0.000000 -0.000000
444963.708675 3945285.914796 0.000000 -0.000000
444963.703325 3945285.798186 0.000000 0.000000
444963.697975 3945285.681575 0.000000 0.000000
444963.692625 3945285.564964 0.000000 -0.000000
444963.687275 3945285.448354 0.000000 -0.000000
444963.681924 3945285.331743 0.000000 0.000000
444963.676574 3945285.215133 0.000000 -0.000000
444963.671224 3945285.098522 0.000000 0.000000
444963.665874 3945284.981912 0.000000 0.000000
444963.660524 3945284.865301 0.000000 -0.000000
444963.655174 3945284.748691 0.000000 -0.000000
444963.649824 3945284.632080 0.000000 0.000000
444963.644473 3945284.515469 0.000000 0.000000
444963.639123 3945284.398859 0.000000 0.000000
444963.633773 3945284.282248 0.000000 0.000000
444963.628423 3945284.165638 0.000000 0.000000
444963.623073 3945284.049027 0.000000 -0.000000
444963.617723 3945283.932417 0.000000 0.000000
444963.612373 3945283.815806 0.000000 -0.000000
444963.607022 3945283.699195 0.000000 -0.000000
444963.601672 3945283.582585 0.000000 -0.000000
444963.596322 3945283.465974 0.000000 0.000000
444963.590972 3945283.349364 0.000000 0.000000
444963.585622 3945283.232753 0.000000 -0.000000
444963.580272 3945283.116143 0.000000 0.000000
444963.574921 3945282.999532 0.000000 0.000000
444963.569571 3945282.882921 0.000000 0.000000
444963.564221 3945282.766311 0.000000 -0.000000
444963.558871 3945282.649700 0.000000 0.000000
444963.553521 3945282.533090 0.000000 0.000000
444963.548171 3945282.416479 0.000000 -0.000000
444963.542821 3945282.299869 0.000000 0.000000
444963.537470 3945282.183258 0.000000 -0.000000
444963.532120 3945282.066648 0.000000 -0.000000
444963.526770 3945281.950037 0.000000 0.000000
444963.521420 3945281.833426 0.000000 -0.000000
444963.516070 3945281.716816 0.000000 -0.000000
444963.510720 3945281.600205 0.000000 -0.000000
444963.505370 3945281.483595 0.000000 -0.000000
444963.500019 3945281.366984 0.000000 -0.000000
444963.494669 3945281.250374 0.000000 0.000000
444963.489319 3945281.133763 0.000000 0.000000
444963.483969 3945281.017152 0.000000 -0.000000
444963.478619 3945280.900542 0.000000 -0.000000
444963.473269 3945280.783931 0.000000 0.000000
444963.467919 3945280.667321 0.000000 0.000000
444963.462568 3945280.550710 0.000000 0.000000
444963.457218 3945280.434100 0.000000 -0.000000
444963.451868 3945280.317489 0.000000 -0.000000
444963.446518 3945280.200879 0.000000 -0.000000
444963.441168 3945280.084268 0.000000 -0.000000
444963.435818 3945279.967657 0.000000 -0.000000
444963.430468 3945279.851047 0.000000 -0.000000
444963.425117 3945279.734436 0.000000 0.000000
444963.419767 3945279.617826 0.000000 0.000000
444963.414417 3945279.501215 0.000000 0.000000
444963.409067 3945279.384605 0.000000 0.000000
444963.403717 3945279.267994 0.000000 -0.000000
444963.398367 3945279.151383 0.000000 -0.000000
444963.393017 3945279.034773 0.000000 0.000000
444963.387666 3945278.918162 0.000000 0.000000
444963.382316 3945278.801552 0.000000 0.000000
444963.376966 3945278.684941 0.000000 0.000000
444963.371616 3945278.568331 0.000000 0.000000
444963.366266 3945278.451720 0.000000 0.000000
444963.360916 3945278.335109 0.000000 -0.000000
444963.355566 3945278.218499 0.000000 -0.000000
444963.350215 3945278.101888 0.000000 0.000000
444963.344865 3945277.985278 0.000000 0.000000
444963.339515 3945277.868667 0.000000 -0.000000
444963.334165 3945277.752057 0.000000 0.000000
444963.328815 3945277.635446 0.000000 -0.000000
444963.323465 3945277.518836 0.000000 0.000000
444963.318115 3945277.402225 0.000000 0.000000
444963.312764 3945277.285614 0.000000 -0.000000
444963.307414 3945277.169004 0.000000 0.000000
444963.302064 3945277.052393 0.000000 0.000000
444963.296714 3945276.935783 0.000000 -0.000000
444963.291364 3945276.819172 0.000000 0.000000
444963.286014 3945276.702562 0.000000 -0.000000
444963.280663 3945276.585951 0.000000 -0.000000
444963.275313 3945276.469340 0.000000 -0.000000
444963.269963 3945276.352730 0.000000 -0.000000
444963.264613 3945276.236119 0.000000 -0.000000
444963.259263 3945276.119509 0.000000 0.000000
444963.253913 3945276.002898 0.000000 0.000000
444963.248563 3945275.886288 0.000000 0.000000
444963.243212 3945275.769677 0.000000 -0.000000
444963.237862 3945275.653066 0.000000 0.000000
444963.232512 3945275.536456 0.000000 -0.000000
444963.227162 3945275.419845 0.000000 -0.000000
444963.221812 3945275.303235 0.000000 -0.000000
444963.216462 3945275.186624 0.000000 0.000000
444963.211112 3945275.070014 0.000000 -0.000000
444963.205761 3945274.953403 0.000000 0.000000
444963.200411 3945274.836793 0.000000 -0.000000
444963.195061 3945274.720182 0.000000 -0.000000
444963.189711 3945274.603571 0.000000 0.000000
444963.184361 3945274.486961 0.000000 -0.000000
444963.179011 3945274.370350 0.000000 -0.000000
444963.173661 3945274.253740 0.000000 -0.000000
444963.168310 3945274.137129 0.000000 0.000000
444963.162960 3945274.020519 0.000000 0.000000
444963.157610 3945273.903908 0.000000 0.000000
444963.152260 3945273.787297 0.000000 0.000000
444963.146910 3945273.670687 0.000000 0.000000
444963.141560 3945273.554076 0.000000 0.000000
444963.136210 3945273.437466 0.000000 -0.000000
444963.130859 3945273.320855 0.000000 0.000000
444963.125509 3945273.204245 0.000000 -0.000000
444963.120159 3945273.087634 0.000000 0.000000
444963.114809 3945272.971023 0.000000 -0.000000
444963.109459 3945272.854413 0.000000 -0.000000
444963.104109 3945272.737802 0.000000 -0.000000
444963.098759 3945272.621192 0.000000 -0.000000
444963.093408 3945272.504581 0.000000 0.000000
444963.088058 3945272.387971 0.000000 0.000000
444963.082708 3945272.271360 0.000000 0.000000
444963.077358 3945272.154750 0.000000 0.000000
444963.072008 3945272.038139 0.000000 0.000000
444963.066658 3945271.921528 0.000000 0.000000
444963.061308 3945271.804918 0.000000 0.000000
444963.055957 3945271.688307 0.000000 0.000000
444963.050607 3945271.571697 0.000000 -0.000000
444963.045257 3945271.455086 0.000000 0.000000
444963.039907 3945271.338476 0.000000 -0.000000
444963.034557 3945271.221865 0.000000 -0.000000
444963.029207 3945271.105254 0.000000 0.000000
444963.023857 3945270.988644 0.000000 -0.000000
444963.018506 3945270.872033 0.000000 0.000000
444963.013156 3945270.755423 0.000000 0.000000
444963.007806 3945270.638812 0.000000 -0.000000
444963.002456 3945270.522202 0.000000 -0.000000
444962.997106 3945270.405591 0.000000 -0.000000
444962.991756 3945270.288980 0.000000 0.000000
444962.986405 3945270.172370 0.000000 0.000000
444962.981055 3945270.055759 0.000000 0.000000
444962.975705 3945269.939149 0.000000 0.000000
444962.970355 3945269.822538 0.000000 -0.000000
444962.965005 3945269.705928 0.000000 -0.000000
444962.959655 3945269.589317 0.000000 0.000000
444962.954305 3945269.472707 0.000000 0.000000
444962.948954 3945269.356096 0.000000 -0.000000
444962.943604 3945269.239485 0.000000 0.000000
444962.938254 3945269.122875 0.000000 -0.000000
444962.932904 3945269.006264 0.000000 -0.000000
444962.927554 3945268.889654 0.000000 0.000000
444962.922204 3945268.773043 0.000000 -0.000000
444962.916854 3945268.656433 0.000000 -0.000000
444962.911503 3945268.539822 0.000000 0.000000
444962.906153 3945268.423211 0.000000 -0.000000
444962.900803 3945268.306601 0.000000 -0.000000
444962.895453 3945268.189990 0.000000 0.000000
444962.890103 3945268.073380 0.000000 0.000000
444962.884753 3945267.956769 0.000000 0.000000
444962.879403 3945267.840159 0.000000 0.000000
444962.874052 3945267.723548 0.000000 -0.000000
444962.868702 3945267.606937 0.000000 0.000000
444962.863352 3945267.490327 0.000000 0.000000
444962.858002 3945267.373716 0.000000 -0.000000
444962.852652 3945267.257106 0.000000 0.000000
444962.847302 3945267.140495 0.000000 -0.000000
444962.841952 3945267.023885 0.000000 -0.000000
444962.836601 3945266.907274 0.000000 0.000000
444962.831251 3945266.790664 0.000000 -0.000000
444962.825901 3945266.674053 0.000000 -0.000000
444962.820551 3945266.557442 0.000000 0.000000
444962.815201 3945266.440832 0.000000 0.000000
444962.809851 3945266.324221 0.000000 0.000000
444962.804501 3945266.207611 0.000000 0.000000
444962.799150 3945266.091000 0.000000 -0.000000
444962.793800 3945265.974390 0.000000 0.000000
444962.788450 3945265.857779 0.000000 -0.000000
444962.783100 3945265.741168 0.000000 0.000000
444962.777750 3945265.624558 0.000000 0.000000
444962.772400 3945265.507947 0.000000 0.000000
444962.767050 3945265.391337 0.000000 -0.000000
444962.761699 3945265.274726 0.000000 -0.000000
444962.756349 3945265.158116 0.000000 0.000000
444962.750999 3945265.041505 0.000000 -0.000000
444962.745649 3945264.924894 0.000000 -0.000000
444962.740299 3945264.808284 0.000000 -0.000000
444962.734949 3945264.691673 0.000000 0.000000
444962.729599 3945264.575063 0.000000 -0.000000
444962.724248 3945264.458452 0.000000 0.000000
444962.718898 3945264.341842 0.000000 0.000000
444962.713548 3945264.225231 0.000000 -0.000000
444962.708198 3945264.108621 0.000000 0.000000
444962.702848 3945263.992010 0.000000 0.000000
444962.697498 3945263.875399 0.000000 0.000000
444962.692147 3945263.758789 0.000000 0.000000
444962.686797 3945263.642178 0.000000 0.000000
444962.681447 3945263.525568 0.000000 -0.000000
444962.676097 3945263.408957 0.000000 0.000000
444962.670747 3945263.292347 0.000000 0.000000
444962.665397 3945263.175736 0.000000 -0.000000
444962.660047 3945263.059125 0.000000 0.000000
444962.654696 3945262.942515 0.000000 -0.000000
444962.649346 3945262.825904 0.000000 0.000000
444962.643996 3945262.709294 0.000000 0.000000
444962.638646 3945262.592683 0.000000 0.000000
444962.633296 3945262.476073 0.000000 -0.000000
444962.627946 3945262.359462 0.000000 -0.000000
444962.622596 3945262.242851 0.000000 0.000000
444962.617245 3945262.126241 0.000000 -0.000000
444962.611895 3945262.009630 0.000000 0.000000
444962.606545 3945261.893020 0.000000 0.000000
444962.601195 3945261.776409 0.000000 0.000000
444962.595845 3945261.659799 0.000000 0.000000
444962.590495 3945261.543188 0.000000 0.000000
444962.585145 3945261.426578 0.000000 -0.000000
444962.579794 3945261.309967 0.000000 -0.000000
444962.574444 3945261.193356 0.000000 -0.000000
444962.569094 3945261.076746 0.000000 -0.000000
444962.563744 3945260.960135 0.000000 0.000000
444962.558394 3945260.843525 0.000000 0.000000
444962.553044 3945260.726914 0.000000 -0.000000
444962.547694 3945260.610304 0.000000 0.000000
444962.542343 3945260.493693 0.000000 0.000000
444962.536993 3945260.377082 0.000000 -0.000000
444962.531643 3945260.260472 0.000000 -0.000000
444962.526293 3945260.143861 0.000000 0.000000
444962.520943 3945260.027251 0.000000 0.000000
444962.515593 3945259.910640 0.000000 0.000000
444962.510243 3945259.794030 0.000000 0.000000
444962.504892 3945259.677419 0.000000 -0.000000
444962.499542 3945259.560809 0.000000 0.000000
444962.494192 3945259.444198 0.000000 -0.000000
444962.488842 3945259.327587 0.000000 -0.000000
444962.483492 3945259.210977 0.000000 -0.000000
444962.478142 3945259.094366 0.000000 -0.000000
444962.472792 3945258.977756 0.000000 0.000000
444962.467441 3945258.861145 0.000000 -0.000000
444962.462091 3945258.744535 0.000000 0.000000
444962.456741 3945258.627924 0.000000 -0.000000
444962.451391 3945258.511313 0.000000 0.000000
444962.446041 3945258.394703 0.000000 0.000000
444962.440691 3945258.278092 0.000000 -0.000000
444962.435341 3945258.161482 0.000000 0.000000
444962.429990 3945258.044871 0.000000 0.000000
444962.424640 3945257.928261 0.000000 -0.000000
444962.419290 3945257.811650 0.000000 -0.000000
444962.413940 3945257.695039 0.000000 0.000000
444962.408590 3945257.578429 0.000000 -0.000000
444962.403240 3945257.461818 0.000000 0.000000
444962.397889 3945257.345208 0.000000 0.000000
444962.392539 3945257.228597 0.000000 0.000000
444962.387189 3945257.111987 0.000000 -0.000000
444962.381839 3945256.995376 0.000000 -0.000000
444962.376489 3945256.878766 0.000000 0.000000
444962.371139 3945256.762155 0.000000 -0.000000
444962.365789 3945256.645544 0.000000 -0.000000
444962.360438 3945256.528934 0.000000 0.000000
444962.355088 3945256.412323 0.000000 0.000000
444962.349738 3945256.295713 0.000000 -0.000000
444962.344388 3945256.179102 0.000000 0.000000
444962.339038 3945256.062492 0.000000 0.000000
444962.333688 3945255.945881 0.000000 -0.000000
444962.328338 3945255.829270 0.000000 0.000000
444962.322987 3945255.712660 0.000000 0.000000
444962.317637 3945255.596049 0.000000 0.000000
444962.312287 3945255.479439 0.000000 0.000000
444962.306937 3945255.362828 0.000000 0.000000
444962.301587 3945255.246218 0.000000 -0.000000
444962.296237 3945255.129607 0.000000 0.000000
444962.290887 3945255.012996 0.000000 -0.000000
444962.285536 3945254.896386 0.000000 0.000000
444962.280186 3945254.779775 0.000000 -0.000000
444962.274836 3945254.663165 0.000000 -0.000000
444962.269486 3945254.546554 0.000000 0.000000
444962.264136 3945254.429944 0.000000 -0.000000
444962.258786 3945254.313333 0.000000 0.000000
444962.253382 3945254.195556 0.000000 -0.000000
444962.247871 3945254.075448 0.000000 -0.000000
444962.242254 3945253.953006 0.000000 0.000000
444962.236529 3945253.828233 0.000000 -0.000000
444962.230697 3945253.701128 0.000000 -0.000000
444962.224759 3945253.571690 0.000000 0.000000
444962.218713 3945253.439920 0.000000 -0.000000
444962.212560 3945253.305818 0.000000 0.000000
444962.206301 3945253.169383 0.000000 -0.000000
444962.199934 3945253.030617 0.000000 0.000000
444962.193460 3945252.889518 0.000000 -0.000000
444962.186880 3945252.746087 0.000000 0.000000
444962.180192 3945252.600324 0.000000 0.000000
444962.173397 3945252.452228 0.000000 -0.000000
444962.166496 3945252.301801 0.000000 -0.000000
444962.159487 3945252.149041 0.000000 -0.000000
444962.152371 3945251.993949 0.000000 -0.000000
444962.145149 3945251.836525 0.000000 0.000000
444962.137819 3945251.676768 0.000000 -0.000000
444962.130382 3945251.514680 0.000000 0.000000
444962.122839 3945251.350259 0.000000 0.000000
444962.115188 3945251.183506 0.000000 -0.000000
444962.107430 3945251.014420 0.000000 0.000000
444962.099565 3945250.843003 0.000000 -0.000000
444962.091594 3945250.669253 0.000000 0.000000
444962.083515 3945250.493171 0.000000 0.000000
444962.075329 3945250.314757 0.000000 0.000000
444962.067036 3945250.134010 0.000000 0.000000
444962.058637 3945249.950932 0.000000 0.000000
444962.050130 3945249.765521 0.000000 0.000000
444962.041516 3945249.577778 0.000000 0.000000
444962.032796 3945249.387703 0.000000 0.000000
444962.023968 3945249.195295 0.000000 0.000000
444962.015033 3945249.000556 0.000000 0.000000
444962.005991 3945248.803484 0.000000 0.000000
444961.996843 3945248.604080 0.000000 0.000000
444961.987587 3945248.402344 0.000000 0.000000
444961.978224 3945248.198275 0.000000 0.000000
444961.968754 3945247.991874 0.000000 0.000000
444961.959178 3945247.783141 0.000000 0.000000
444961.949494 3945247.572076 0.000000 0.000000
444961.939703 3945247.358679 0.000000 0.000000
444961.929805 3945247.142949 0.000000 0.000000
444961.919800 3945246.924888 0.000000 0.000000
444961.909689 3945246.704494 0.000000 0.000000
444961.899470 3945246.481768 0.000000 0.000000
444961.889144 3945246.256709 0.000000 0.000000
444961.878711 3945246.029319 0.000000 0.000000
444961.868172 3945245.799596 0.000000 0.000000
