444970.056058 3945338.795709 0.000000 0.000000
444970.070753 3945339.117512 0.000000 -0.000000
444970.085301 3945339.436081 0.000000 -0.000000
444970.099701 3945339.751416 0.000000 -0.000000
444970.113954 3945340.063516 0.000000 -0.000000
444970.128058 3945340.372382 0.000000 -0.000000
444970.142016 3945340.678014 0.000000 -0.000000
444970.155825 3945340.980412 0.000000 -0.000000
444970.169487 3945341.279575 0.000000 -0.000000
444970.183001 3945341.575505 0.000000 -0.000000
444970.196367 3945341.868200 0.000000 -0.000000
444970.209586 3945342.157661 0.000000 -0.000000
444970.222657 3945342.443888 0.000000 -0.000000
444970.235580 3945342.726880 0.000000 -0.000000
444970.248355 3945343.006639 0.000000 -0.000000
444970.260983 3945343.283163 0.000000 -0.000000
444970.273463 3945343.556453 0.000000 -0.000000
444970.285796 3945343.826508 0.000000 -0.000000
444970.297981 3945344.093330 0.000000 -0.000000
444970.310018 3945344.356917 0.000000 0.000000
444970.321907 3945344.617270 0.000000 -0.000000
444970.333649 3945344.874389 0.000000 0.000000
444970.345243 3945345.128274 0.000000 0.000000
444970.356689 3945345.378925 0.000000 0.000000
444970.367988 3945345.626341 0.000000 -0.000000
444970.379139 3945345.870523 0.000000 0.000000
444970.390142 3945346.111471 0.000000 0.000000
444970.400997 3945346.349185 0.000000 -0.000000
444970.411705 3945346.583664 0.000000 -0.000000
444970.422265 3945346.814910 0.000000 -0.000000
444970.432678 3945347.042921 0.000000 0.000000
444970.442942 3945347.267698 0.000000 0.000000
444970.453059 3945347.489241 0.000000 0.000000
444970.463029 3945347.707549 0.000000 -0.000000
444970.472850 3945347.922623 0.000000 0.000000
444970.482524 3945348.134464 0.000000 -0.000000
444970.492051 3945348.343070 0.000000 -0.000000
444970.501429 3945348.548441 0.000000 -0.000000
444970.510660 3945348.750579 0.000000 -0.000000
444970.519743 3945348.949482 0.000000 0.000000
444970.528679 3945349.145151 0.000000 -0.000000
444970.537467 3945349.337586 0.000000 0.000000
444970.546107 3945349.526787 0.000000 -0.000000
444970.554599 3945349.712754 0.000000 0.000000
444970.562944 3945349.895486 0.000000 -0.000000
444970.571141 3945350.074984 0.000000 0.000000
444970.579190 3945350.251248 0.000000 0.000000
444970.587092 3945350.424278 0.000000 -0.000000
444970.594846 3945350.594073 0.000000 -0.000000
444970.602452 3945350.760635 0.000000 0.000000
444970.609911 3945350.923962 0.000000 0.000000
444970.617295 3945351.085672 0.000000 0.000000
444970.624680 3945351.247382 0.000000 0.000000
444970.632065 3945351.409092 0.000000 -0.000000
444970.639449 3945351.570802 0.000000 0.000000
444970.646834 3945351.732512 0.000000 -0.000000
444970.654219 3945351.894222 0.000000 0.000000
444970.661604 3945352.055932 0.000000 -0.000000
444970.668988 3945352.217642 0.000000 -0.000000
444970.676373 3945352.379352 0.000000 -0.000000
444970.683758 3945352.541062 0.000000 0.000000
444970.691142 3945352.702772 0.000000 0.000000
444970.698527 3945352.864482 0.000000 -0.000000
444970.705912 3945353.026192 0.000000 -0.000000
444970.713297 3945353.187902 0.000000 0.000000
444970.720681 3945353.349612 0.000000 0.000000
444970.728066 3945353.511322 0.000000 0.000000
444970.735451 3945353.673032 0.000000 -0.000000
444970.742835 3945353.834742 0.000000 0.000000
444970.750220 3945353.996452 0.000000 -0.000000
444970.757605 3945354.158162 0.000000 -0.000000
444970.764990 3945354.319872 0.000000 -0.000000
444970.772374 3945354.481582 0.000000 0.000000
444970.779759 3945354.643292 0.000000 0.000000
444970.787144 3945354.805002 0.000000 0.000000
444970.794528 3945354.966712 0.000000 0.000000
444970.801913 3945355.128422 0.000000 0.000000
444970.809298 3945355.290132 0.000000 0.000000
444970.816682 3945355.451843 0.000000 0.000000
444970.824067 3945355.613553 0.000000 -0.000000
444970.831452 3945355.775263 0.000000 -0.000000
444970.838837 3945355.936973 0.000000 -0.000000
444970.846221 3945356.098683 0.000000 -0.000000
444970.853606 3945356.260393 0.000000 -0.000000
444970.860991 3945356.422103 0.000000 0.000000
444970.868375 3945356.583813 0.000000 0.000000
444970.875760 3945356.745523 0.000000 0.000000
444970.883145 3945356.907233 0.000000 0.000000
444970.890530 3945357.068943 0.000000 0.000000
444970.897914 3945357.230653 0.000000 0.000000
444970.905299 3945357.392363 0.000000 -0.000000
444970.912684 3945357.554073 0.000000 0.000000
444970.920068 3945357.715783 0.000000 0.000000
444970.927453 3945357.877493 0.000000 0.000000
444970.934838 3945358.039203 0.000000 -0.000000
444970.942223 3945358.200913 0.000000 -0.000000
444970.949607 3945358.362623 0.000000 0.000000
444970.956992 3945358.524333 0.000000 -0.000000
444970.964377 3945358.686043 0.000000 -0.000000
444970.971761 3945358.847753 0.000000 0.000000
444970.979146 3945359.009463 0.000000 -0.000000
444970.986605 3945359.172790 0.000000 0.000000
444970.994211 3945359.339352 0.000000 -0.000000
444971.001965 3945359.509147 0.000000 -0.000000
444971.009866 3945359.682177 0.000000 0.000000
444971.017916 3945359.858441 0.000000 0.000000
444971.026113 3945360.037939 0.000000 0.000000
444971.034458 3945360.220671 0.000000 -0.000000
444971.042950 3945360.406638 0.000000 -0.000000
444971.051590 3945360.595839 0.000000 0.000000
444971.060378 3945360.788274 0.000000 -0.000000
444971.069313 3945360.983943 0.000000 -0.000000
444971.078397 3945361.182846 0.000000 0.000000
444971.087627 3945361.384984 0.000000 0.000000
444971.097006 3945361.590355 0.000000 0.000000
444971.106532 3945361.798961 0.000000 0.000000
444971.116206 3945362.010801 0.000000 0.000000
444971.126028 3945362.225876 0.000000 0.000000
444971.135997 3945362.444184 0.000000 0.000000
444971.146114 3945362.665727 0.000000 0.000000
444971.156379 3945362.890504 0.000000 0.000000
444971.166791 3945363.118515 0.000000 0.000000
444971.177352 3945363.349760 0.000000 0.000000
444971.188059 3945363.584240 0.000000 -0.000000
444971.198915 3945363.821954 0.000000 0.000000
444971.209918 3945364.062902 0.000000 0.000000
444971.221069 3945364.307084 0.000000 -0.000000
444971.232368 3945364.554500 0.000000 0.000000
444971.243814 3945364.805151 0.000000 -0.000000
444971.255408 3945365.059035 0.000000 -0.000000
444971.267150 3945365.316154 0.000000 -0.000000
444971.279039 3945365.576508 0.000000 -0.000000
444971.291076 3945365.840095 0.000000 0.000000
444971.303261 3945366.106916 0.000000 -0.000000
444971.315593 3945366.376972 0.000000 -0.000000
444971.328073 3945366.650262 0.000000 -0.000000
444971.340701 3945366.926786 0.000000 -0.000000
444971.353477 3945367.206545 0.000000 -0.000000
444971.366400 3945367.489537 0.000000 -0.000000
444971.379471 3945367.775764 0.000000 -0.000000
444971.392690 3945368.065225 0.000000 -0.000000
444971.406056 3945368.357920 0.000000 -0.000000
444971.419570 3945368.653849 0.000000 -0.000000
444971.433232 3945368.953013 0.000000 -0.000000
444971.447041 3945369.255411 0.000000 -0.000000
444971.460998 3945369.561043 0.000000 -0.000000
444971.475103 3945369.869909 0.000000 -0.000000
444971.489356 3945370.182009 0.000000 -0.000000
444971.503756 3945370.497344 0.000000 -0.000000
444971.518304 3945370.815913 0.000000 -0.000000
