444970.056058 3945338.795709 0.000000 0.000000
444970.064531 3945339.123040 0.000000 0.001000
444970.072073 3945339.446029 0.000000 0.001999
444970.078682 3945339.764675 0.000000 0.002999
444970.084359 3945340.078979 0.000000 0.003999
444970.089104 3945340.388941 0.000000 0.004999
444970.092916 3945340.694560 0.000000 0.005998
444970.095796 3945340.995837 0.000000 0.006998
444970.097743 3945341.292772 0.000000 0.007998
444970.098759 3945341.585365 0.000000 0.008998
444970.098842 3945341.873615 0.000000 0.009997
444970.097992 3945342.157523 0.000000 0.010997
444970.096211 3945342.437089 0.000000 0.011997
444970.093497 3945342.712312 0.000000 0.012997
444970.089851 3945342.983193 0.000000 0.013996
444970.085272 3945343.249732 0.000000 0.014996
444970.079761 3945343.511929 0.000000 0.015996
444970.073318 3945343.769783 0.000000 0.016996
444970.065943 3945344.023296 0.000000 0.017995
444970.057635 3945344.272465 0.000000 0.018995
444970.048395 3945344.517293 0.000000 0.020056
444970.038222 3945344.757778 0.000000 0.021196
444970.027118 3945344.993921 0.000000 0.022423
444970.015081 3945345.225722 0.000000 0.023745
444970.002111 3945345.453181 0.000000 0.025172
444969.988210 3945345.676297 0.000000 0.026713
444969.973376 3945345.895071 0.000000 0.028380
444969.957609 3945346.109502 0.000000 0.030186
444969.940911 3945346.319592 0.000000 0.032145
444969.923280 3945346.525339 0.000000 0.034274
444969.904717 3945346.726744 0.000000 0.036565
444969.885221 3945346.923806 0.000000 0.038999
444969.864793 3945347.116527 0.000000 0.041578
444969.843433 3945347.304905 0.000000 0.044300
444969.821141 3945347.488941 0.000000 0.047161
444969.797916 3945347.668634 0.000000 0.050155
444969.773759 3945347.843985 0.000000 0.053273
444969.748669 3945348.014994 0.000000 0.056504
444969.722648 3945348.181661 0.000000 0.059832
444969.695694 3945348.343985 0.000000 0.063238
444969.667807 3945348.501967 0.000000 0.066699
444969.638989 3945348.655607 0.000000 0.070188
444969.609238 3945348.804905 0.000000 0.073674
444969.578554 3945348.949860 0.000000 0.077121
444969.546939 3945349.090473 0.000000 0.080490
444969.514391 3945349.226744 0.000000 0.083736
444969.480911 3945349.358672 0.000000 0.086812
444969.446498 3945349.486259 0.000000 0.089666
444969.411153 3945349.609502 0.000000 0.092244
444969.374876 3945349.728404 0.000000 0.094490
444969.337667 3945349.842964 0.000000 0.096344
444969.299404 3945349.955020 0.000000 0.097887
444969.259966 3945350.066412 0.000000 0.099235
444969.219353 3945350.177140 0.000000 0.100382
444969.177565 3945350.287204 0.000000 0.101323
444969.134602 3945350.396603 0.000000 0.102059
444969.090464 3945350.505339 0.000000 0.102593
444969.045151 3945350.613411 0.000000 0.102934
444968.998663 3945350.720818 0.000000 0.103091
444968.951000 3945350.827561 0.000000 0.103082
444968.902162 3945350.933640 0.000000 0.102925
444968.852150 3945351.039055 0.000000 0.102643
444968.800962 3945351.143806 0.000000 0.102263
444968.748599 3945351.247893 0.000000 0.101814
444968.695061 3945351.351316 0.000000 0.101327
444968.640349 3945351.454075 0.000000 0.100835
444968.584461 3945351.556169 0.000000 0.100370
444968.527399 3945351.657600 0.000000 0.099966
444968.469161 3945351.758366 0.000000 0.099655
444968.409749 3945351.858468 0.000000 0.099465
444968.349161 3945351.957906 0.000000 0.099326
444968.287399 3945352.056680 0.000000 0.099148
444968.224461 3945352.154790 0.000000 0.098931
444968.160349 3945352.252236 0.000000 0.098676
444968.095061 3945352.349017 0.000000 0.098383
444968.028599 3945352.445135 0.000000 0.098052
444967.960962 3945352.540588 0.000000 0.097684
444967.892150 3945352.635377 0.000000 0.097281
444967.822162 3945352.729502 0.000000 0.096842
444967.751000 3945352.822964 0.000000 0.096369
444967.678663 3945352.915760 0.000000 0.095897
444967.605151 3945353.007893 0.000000 0.095462
444967.530464 3945353.099362 0.000000 0.095070
444967.454602 3945353.190167 0.000000 0.094724
444967.377565 3945353.280307 0.000000 0.094427
444967.299353 3945353.369783 0.000000 0.094184
444967.219966 3945353.458596 0.000000 0.093998
444967.139404 3945353.546744 0.000000 0.093873
444967.057667 3945353.634228 0.000000 0.093813
444966.974755 3945353.721048 0.000000 0.093820
444966.890668 3945353.807204 0.000000 0.093899
444966.805406 3945353.892695 0.000000 0.094053
444966.718969 3945353.977523 0.000000 0.094285
444966.631358 3945354.061686 0.000000 0.094600
444966.542571 3945354.145186 0.000000 0.094999
444966.452609 3945354.228021 0.000000 0.095487
444966.361473 3945354.310192 0.000000 0.096066
444966.269161 3945354.391699 0.000000 0.096740
444966.175674 3945354.472542 0.000000 0.097511
444966.081013 3945354.552721 0.000000 0.098384
444965.985176 3945354.632236 0.000000 0.099360
444965.888331 3945354.710701 0.000000 0.100374
444965.790644 3945354.787731 0.000000 0.101355
444965.692114 3945354.863326 0.000000 0.102296
444965.592742 3945354.937486 0.000000 0.103192
444965.492528 3945355.010211 0.000000 0.104038
444965.391472 3945355.081501 0.000000 0.104829
444965.289573 3945355.151356 0.000000 0.105559
444965.186832 3945355.219776 0.000000 0.106223
444965.083249 3945355.286761 0.000000 0.106816
444964.978824 3945355.352311 0.000000 0.107332
444964.873556 3945355.416426 0.000000 0.107766
444964.767446 3945355.479106 0.000000 0.108113
444964.660494 3945355.540350 0.000000 0.108368
444964.552699 3945355.600160 0.000000 0.108526
444964.444063 3945355.658535 0.000000 0.108582
444964.334584 3945355.715475 0.000000 0.108532
444964.224262 3945355.770980 0.000000 0.108371
444964.113099 3945355.825049 0.000000 0.108094
444964.001093 3945355.877684 0.000000 0.107697
444963.888245 3945355.928884 0.000000 0.107212
444963.774555 3945355.978648 0.000000 0.106673
444963.660023 3945356.026978 0.000000 0.106083
444963.544648 3945356.073873 0.000000 0.105442
444963.428431 3945356.119332 0.000000 0.104753
444963.311372 3945356.163357 0.000000 0.104017
444963.193470 3945356.205946 0.000000 0.103236
444963.074726 3945356.247101 0.000000 0.102411
444962.955140 3945356.286821 0.000000 0.101545
444962.834712 3945356.325105 0.000000 0.100640
444962.713442 3945356.361954 0.000000 0.099585
444962.591329 3945356.397369 0.000000 0.098267
444962.468374 3945356.431348 0.000000 0.096688
444962.344577 3945356.463893 0.000000 0.094852
444962.219937 3945356.495002 0.000000 0.092764
444962.094455 3945356.524677 0.000000 0.090433
444961.968131 3945356.552916 0.000000 0.087868
444961.840965 3945356.579720 0.000000 0.085080
444961.712956 3945356.605090 0.000000 0.082082
444961.584106 3945356.629024 0.000000 0.078889
444961.454413 3945356.651523 0.000000 0.075515
444961.323877 3945356.672587 0.000000 0.071975
444961.192500 3945356.692216 0.000000 0.068286
444961.060280 3945356.710411 0.000000 0.064464
444960.927218 3945356.727170 0.000000 0.060525
444960.793314 3945356.742494 0.000000 0.056486
444960.658567 3945356.756383 0.000000 0.052362
444960.522978 3945356.768837 0.000000 0.048169
444960.386547 3945356.779856 0.000000 0.043922
444960.249274 3945356.789440 0.000000 0.039636
444960.111158 3945356.797589 0.000000 0.035324
444959.971236 3945356.805095 0.000000 0.031152
444959.828543 3945356.812750 0.000000 0.027273
444959.683080 3945356.820553 0.000000 0.023689
444959.534845 3945356.828505 0.000000 0.020394
444959.383840 3945356.836605 0.000000 0.017386
444959.230065 3945356.844854 0.000000 0.014658
444959.073518 3945356.853251 0.000000 0.012201
444958.914201 3945356.861798 0.000000 0.010007
444958.752113 3945356.870493 0.000000 0.008066
444958.587254 3945356.879336 0.000000 0.006367
444958.419625 3945356.888328 0.000000 0.004900
444958.249225 3945356.897469 0.000000 0.003651
444958.076054 3945356.906758 0.000000 0.002609
444957.900112 3945356.916196 0.000000 0.001761
444957.721400 3945356.925783 0.000000 0.001095
444957.539917 3945356.935518 0.000000 0.000598
444957.355663 3945356.945402 0.000000 0.000258
444957.168638 3945356.955435 0.000000 0.000063
444956.978843 3945356.965616 0.000000 0.000000
444956.786277 3945356.975946 0.000000 0.000000
444956.590940 3945356.986424 0.000000 0.000000
444956.392833 3945356.997051 0.000000 0.000000
444956.191954 3945357.007827 0.000000 0.000000
444955.988305 3945357.018752 0.000000 0.000000
444955.781886 3945357.029824 0.000000 0.000000
444955.572695 3945357.041046 0.000000 -0.000000
444955.360734 3945357.052416 0.000000 -0.000000
444955.146002 3945357.063935 0.000000 -0.000000
444954.928500 3945357.075603 0.000000 -0.000000
444954.708226 3945357.087419 0.000000 -0.000000
444954.485182 3945357.099384 0.000000 -0.000000
444954.259367 3945357.111497 0.000000 -0.000000
444954.030782 3945357.123759 0.000000 -0.000000
444953.799425 3945357.136170 0.000000 -0.000000
444953.565298 3945357.148729 0.000000 -0.000000
444953.328400 3945357.161437 0.000000 -0.000000
444953.088732 3945357.174293 0.000000 -0.000000
444952.846293 3945357.187298 0.000000 -0.000000
444952.601083 3945357.200452 0.000000 -0.000000
444952.353102 3945357.213755 0.000000 -0.000000
444952.102350 3945357.227206 0.000000 -0.000000
444951.848828 3945357.240805 0.000000 -0.000000
444951.592535 3945357.254554 0.000000 -0.000000
444951.333472 3945357.268451 0.000000 -0.000000
444951.071637 3945357.282496 0.000000 -0.000000
444950.807032 3945357.296690 0.000000 -0.000000
444950.539656 3945357.311033 0.000000 -0.000000
444950.269510 3945357.325525 0.000000 -0.000000
444949.996592 3945357.340165 0.000000 -0.000000
