444972.768807 3945338.675143 0.000000 0.000000
444972.787402 3945338.997545 0.000000 0.000000
444972.805809 3945339.316708 0.000000 0.000000
444972.824030 3945339.632630 0.000000 0.000000
444972.842064 3945339.945312 0.000000 0.000000
444972.859911 3945340.254754 0.000000 0.000000
444972.877571 3945340.560956 0.000000 0.000000
444972.895044 3945340.863917 0.000000 0.000000
444972.912330 3945341.163639 0.000000 0.000000
444972.929429 3945341.460119 0.000000 0.000000
444972.946342 3945341.753360 0.000000 0.000000
444972.963067 3945342.043361 0.000000 0.000000
444972.979606 3945342.330121 0.000000 0.000000
444972.995958 3945342.613641 0.000000 0.000000
444973.012123 3945342.893921 0.000000 0.000000
444973.028101 3945343.170960 0.000000 0.000000
444973.043892 3945343.444760 0.000000 0.000000
444973.059497 3945343.715319 0.000000 0.000000
444973.074914 3945343.982638 0.000000 0.000000
444973.090145 3945344.246716 0.000000 0.000000
444973.105188 3945344.507555 0.000000 0.000000
444973.120045 3945344.765153 0.000000 0.000000
444973.134715 3945345.019511 0.000000 0.000000
444973.149198 3945345.270629 0.000000 -0.000000
444973.163494 3945345.518506 0.000000 0.000000
444973.177604 3945345.763144 0.000000 0.000000
444973.191526 3945346.004541 0.000000 0.000000
444973.205262 3945346.242697 0.000000 -0.000000
444973.218810 3945346.477614 0.000000 -0.000000
444973.232172 3945346.709290 0.000000 -0.000000
444973.245347 3945346.937727 0.000000 -0.000000
444973.258335 3945347.162922 0.000000 0.000000
444973.271136 3945347.384878 0.000000 -0.000000
444973.283751 3945347.603594 0.000000 -0.000000
444973.296178 3945347.819069 0.000000 -0.000000
444973.308419 3945348.031304 0.000000 -0.000000
444973.320472 3945348.240299 0.000000 -0.000000
444973.332339 3945348.446053 0.000000 -0.000000
444973.344019 3945348.648567 0.000000 -0.000000
444973.355512 3945348.847841 0.000000 -0.000000
444973.366818 3945349.043875 0.000000 -0.000000
444973.377937 3945349.236669 0.000000 -0.000000
444973.388870 3945349.426222 0.000000 0.000000
444973.399615 3945349.612535 0.000000 0.000000
444973.410174 3945349.795608 0.000000 0.000000
444973.420546 3945349.975441 0.000000 0.000000
444973.430730 3945350.152034 0.000000 -0.000000
444973.440728 3945350.325386 0.000000 0.000000
444973.450540 3945350.495498 0.000000 -0.000000
444973.460164 3945350.662370 0.000000 0.000000
444973.469601 3945350.826001 0.000000 0.000000
444973.478945 3945350.988013 0.000000 0.000000
444973.488289 3945351.150024 0.000000 -0.000000
444973.497633 3945351.312036 0.000000 0.000000
444973.506977 3945351.474047 0.000000 -0.000000
444973.516321 3945351.636058 0.000000 0.000000
444973.525665 3945351.798070 0.000000 0.000000
444973.535009 3945351.960081 0.000000 0.000000
444973.544352 3945352.122093 0.000000 -0.000000
444973.553696 3945352.284104 0.000000 -0.000000
444973.563040 3945352.446116 0.000000 0.000000
444973.572384 3945352.608127 0.000000 -0.000000
444973.581728 3945352.770139 0.000000 -0.000000
444973.591072 3945352.932150 0.000000 0.000000
444973.600416 3945353.094162 0.000000 0.000000
444973.609760 3945353.256173 0.000000 0.000000
444973.619104 3945353.418184 0.000000 -0.000000
444973.628448 3945353.580196 0.000000 -0.000000
444973.637792 3945353.742207 0.000000 -0.000000
444973.647135 3945353.904219 0.000000 0.000000
444973.656479 3945354.066230 0.000000 0.000000
444973.665823 3945354.228242 0.000000 0.000000
444973.675167 3945354.390253 0.000000 0.000000
444973.684511 3945354.552265 0.000000 0.000000
444973.693855 3945354.714276 0.000000 0.000000
444973.703199 3945354.876287 0.000000 0.000000
444973.712543 3945355.038299 0.000000 0.000000
444973.721887 3945355.200310 0.000000 0.000000
444973.731231 3945355.362322 0.000000 -0.000000
444973.740575 3945355.524333 0.000000 0.000000
444973.749919 3945355.686345 0.000000 0.000000
444973.759262 3945355.848356 0.000000 0.000000
444973.768606 3945356.010368 0.000000 0.000000
444973.777950 3945356.172379 0.000000 0.000000
444973.787294 3945356.334390 0.000000 -0.000000
444973.796638 3945356.496402 0.000000 0.000000
444973.805982 3945356.658413 0.000000 0.000000
444973.815326 3945356.820425 0.000000 0.000000
444973.824670 3945356.982436 0.000000 0.000000
444973.834014 3945357.144448 0.000000 0.000000
444973.843358 3945357.306459 0.000000 -0.000000
444973.852702 3945357.468471 0.000000 0.000000
444973.862046 3945357.630482 0.000000 -0.000000
444973.871389 3945357.792493 0.000000 0.000000
444973.880733 3945357.954505 0.000000 -0.000000
444973.890077 3945358.116516 0.000000 -0.000000
444973.899421 3945358.278528 0.000000 0.000000
444973.908765 3945358.440539 0.000000 -0.000000
444973.918109 3945358.602551 0.000000 0.000000
444973.927453 3945358.764562 0.000000 0.000000
444973.936797 3945358.926574 0.000000 0.000000
444973.946234 3945359.090205 0.000000 -0.000000
444973.955858 3945359.257077 0.000000 0.000000
444973.965670 3945359.427189 0.000000 -0.000000
444973.975668 3945359.600541 0.000000 0.000000
444973.985852 3945359.777134 0.000000 -0.000000
444973.996224 3945359.956966 0.000000 -0.000000
444974.006783 3945360.140039 0.000000 -0.000000
444974.017528 3945360.326353 0.000000 -0.000000
444974.028461 3945360.515906 0.000000 -0.000000
444974.039580 3945360.708700 0.000000 0.000000
444974.050886 3945360.904733 0.000000 0.000000
444974.062379 3945361.104007 0.000000 0.000000
444974.074059 3945361.306522 0.000000 0.000000
444974.085926 3945361.512276 0.000000 -0.000000
444974.097979 3945361.721271 0.000000 -0.000000
444974.110220 3945361.933506 0.000000 0.000000
444974.122647 3945362.148981 0.000000 0.000000
444974.135262 3945362.367697 0.000000 0.000000
444974.148063 3945362.589652 0.000000 -0.000000
444974.161051 3945362.814848 0.000000 -0.000000
444974.174226 3945363.043284 0.000000 0.000000
444974.187588 3945363.274961 0.000000 -0.000000
444974.201136 3945363.509877 0.000000 -0.000000
444974.214872 3945363.748034 0.000000 -0.000000
444974.228794 3945363.989431 0.000000 0.000000
444974.242904 3945364.234069 0.000000 0.000000
444974.257200 3945364.481946 0.000000 -0.000000
444974.271683 3945364.733064 0.000000 -0.000000
444974.286353 3945364.987422 0.000000 -0.000000
444974.301210 3945365.245020 0.000000 -0.000000
444974.316253 3945365.505858 0.000000 0.000000
444974.331484 3945365.769937 0.000000 -0.000000
444974.346901 3945366.037256 0.000000 -0.000000
444974.362506 3945366.307815 0.000000 -0.000000
444974.378297 3945366.581614 0.000000 -0.000000
444974.394275 3945366.858654 0.000000 -0.000000
444974.410440 3945367.138934 0.000000 -0.000000
444974.426792 3945367.422454 0.000000 -0.000000
444974.443331 3945367.709214 0.000000 -0.000000
444974.460056 3945367.999215 0.000000 -0.000000
444974.476969 3945368.292455 0.000000 -0.000000
444974.494068 3945368.588936 0.000000 -0.000000
444974.511354 3945368.888657 0.000000 -0.000000
444974.528827 3945369.191619 0.000000 -0.000000
444974.546487 3945369.497821 0.000000 -0.000000
444974.564334 3945369.807262 0.000000 -0.000000
444974.582368 3945370.119944 0.000000 -0.000000
444974.600589 3945370.435867 0.000000 -0.000000
444974.618996 3945370.755029 0.000000 -0.000000
