444965.142966 3945371.619982 0.000000 0.000000
444965.135423 3945371.269077 0.000000 -0.000840
444965.127233 3945370.923531 0.000000 -0.001681
444965.118394 3945370.583345 0.000000 -0.002521
444965.108906 3945370.248518 0.000000 -0.003361
444965.098771 3945369.919050 0.000000 -0.004202
444965.087988 3945369.594941 0.000000 -0.005042
444965.076557 3945369.276192 0.000000 -0.005883
444965.064477 3945368.962802 0.000000 -0.006723
444965.051750 3945368.654772 0.000000 -0.007563
444965.038374 3945368.352101 0.000000 -0.008404
444965.024351 3945368.054789 0.000000 -0.009244
444965.009679 3945367.762836 0.000000 -0.010084
444964.994359 3945367.476243 0.000000 -0.010925
444964.978391 3945367.195009 0.000000 -0.011765
444964.961775 3945366.919134 0.000000 -0.012606
444964.944511 3945366.648619 0.000000 -0.013446
444964.926599 3945366.383463 0.000000 -0.014286
444964.908039 3945366.123666 0.000000 -0.015127
444964.888831 3945365.869229 0.000000 -0.016097
444964.868975 3945365.620151 0.000000 -0.017152
444964.848470 3945365.376432 0.000000 -0.018301
444964.827318 3945365.138073 0.000000 -0.019553
444964.805517 3945364.905072 0.000000 -0.020922
444964.783068 3945364.677432 0.000000 -0.022420
444964.759972 3945364.455150 0.000000 -0.024064
444964.736227 3945364.238228 0.000000 -0.025872
444964.711834 3945364.026665 0.000000 -0.027863
444964.686793 3945363.820462 0.000000 -0.030062
444964.661104 3945363.619618 0.000000 -0.032495
444964.634767 3945363.424133 0.000000 -0.035196
444964.607781 3945363.234007 0.000000 -0.038201
444964.580148 3945363.049241 0.000000 -0.041553
444964.551867 3945362.869834 0.000000 -0.045302
444964.522937 3945362.695786 0.000000 -0.049510
444964.493360 3945362.527098 0.000000 -0.054246
444964.463134 3945362.363769 0.000000 -0.059449
444964.432260 3945362.205799 0.000000 -0.065002
444964.400739 3945362.053189 0.000000 -0.070887
444964.368569 3945361.905938 0.000000 -0.077076
444964.335751 3945361.764046 0.000000 -0.083527
444964.302285 3945361.627514 0.000000 -0.090183
444964.268171 3945361.496341 0.000000 -0.096969
444964.233409 3945361.370527 0.000000 -0.103791
444964.197998 3945361.250073 0.000000 -0.110533
444964.161940 3945361.134978 0.000000 -0.117061
444964.125234 3945361.025242 0.000000 -0.123219
444964.087879 3945360.920865 0.000000 -0.128829
444964.049876 3945360.821848 0.000000 -0.133697
444964.011226 3945360.728190 0.000000 -0.137609
444963.971927 3945360.639892 0.000000 -0.140341
444963.932004 3945360.554759 0.000000 -0.142244
444963.891482 3945360.470597 0.000000 -0.143813
444963.850360 3945360.387408 0.000000 -0.145034
444963.808639 3945360.305189 0.000000 -0.145898
444963.766318 3945360.223943 0.000000 -0.146409
444963.723397 3945360.143668 0.000000 -0.146582
444963.679877 3945360.064365 0.000000 -0.146443
444963.635757 3945359.986033 0.000000 -0.146034
444963.591037 3945359.908673 0.000000 -0.145413
444963.545718 3945359.832285 0.000000 -0.144650
444963.499799 3945359.756868 0.000000 -0.143830
444963.453281 3945359.682423 0.000000 -0.143051
444963.406162 3945359.608950 0.000000 -0.142421
444963.358445 3945359.536448 0.000000 -0.142056
444963.310127 3945359.464918 0.000000 -0.142072
444963.261210 3945359.394359 0.000000 -0.142588
444963.211694 3945359.324773 0.000000 -0.143715
444963.161578 3945359.256157 0.000000 -0.145556
444963.110862 3945359.188514 0.000000 -0.147775
444963.059546 3945359.121842 0.000000 -0.149968
444963.007631 3945359.056142 0.000000 -0.152131
444962.955116 3945358.991413 0.000000 -0.154261
444962.902002 3945358.927656 0.000000 -0.156353
444962.848288 3945358.864870 0.000000 -0.158402
444962.793974 3945358.803057 0.000000 -0.160405
444962.739061 3945358.742214 0.000000 -0.162357
444962.683548 3945358.682344 0.000000 -0.164253
444962.627436 3945358.623445 0.000000 -0.166089
444962.570724 3945358.565518 0.000000 -0.167860
444962.513412 3945358.508562 0.000000 -0.169563
444962.455500 3945358.452578 0.000000 -0.171192
444962.396989 3945358.397566 0.000000 -0.172744
444962.337879 3945358.343525 0.000000 -0.174214
444962.278169 3945358.290456 0.000000 -0.175598
444962.217859 3945358.238359 0.000000 -0.176893
444962.156949 3945358.187233 0.000000 -0.179090
444962.095440 3945358.137079 0.000000 -0.183054
444962.033331 3945358.087897 0.000000 -0.188539
444961.970623 3945358.039686 0.000000 -0.195232
444961.907315 3945357.992446 0.000000 -0.202771
444961.843407 3945357.946179 0.000000 -0.210766
444961.778900 3945357.900883 0.000000 -0.218822
444961.713793 3945357.856559 0.000000 -0.226559
444961.648087 3945357.813206 0.000000 -0.233632
444961.581780 3945357.770825 0.000000 -0.239751
444961.514875 3945357.729416 0.000000 -0.244685
444961.447369 3945357.688978 0.000000 -0.248276
444961.379264 3945357.649512 0.000000 -0.250429
444961.310560 3945357.611017 0.000000 -0.251115
444961.241255 3945357.573494 0.000000 -0.250361
444961.168435 3945357.537111 0.000000 -0.247182
444961.089183 3945357.502033 0.000000 -0.240943
444961.003499 3945357.468263 0.000000 -0.232216
444960.911382 3945357.435799 0.000000 -0.221550
444960.812833 3945357.404642 0.000000 -0.209459
444960.707853 3945357.374792 0.000000 -0.196414
444960.596440 3945357.346248 0.000000 -0.182831
444960.478595 3945357.319011 0.000000 -0.169070
444960.354318 3945357.293080 0.000000 -0.155429
444960.223609 3945357.268456 0.000000 -0.142149
444960.086467 3945357.245139 0.000000 -0.129414
444959.942894 3945357.223129 0.000000 -0.117358
444959.792888 3945357.202425 0.000000 -0.106068
444959.636451 3945357.183027 0.000000 -0.095596
444959.473581 3945357.164937 0.000000 -0.085960
444959.304279 3945357.148153 0.000000 -0.077153
444959.128545 3945357.132675 0.000000 -0.069153
444958.946379 3945357.118505 0.000000 -0.061921
444958.757780 3945357.105641 0.000000 -0.055530
444958.562750 3945357.094083 0.000000 -0.049981
444958.361288 3945357.083833 0.000000 -0.045140
444958.153393 3945357.074889 0.000000 -0.040900
444957.939066 3945357.067251 0.000000 -0.037170
444957.718307 3945357.060920 0.000000 -0.033878
444957.491116 3945357.055896 0.000000 -0.030961
444957.257493 3945357.052179 0.000000 -0.028368
444957.017438 3945357.049768 0.000000 -0.026055
444956.770951 3945357.048664 0.000000 -0.023985
444956.518031 3945357.048866 0.000000 -0.022129
444956.258680 3945357.050375 0.000000 -0.020458
444955.992896 3945357.053191 0.000000 -0.018951
444955.720680 3945357.057313 0.000000 -0.017587
444955.442033 3945357.062742 0.000000 -0.016351
444955.156953 3945357.069478 0.000000 -0.015228
444954.865440 3945357.077520 0.000000 -0.014205
444954.567496 3945357.086869 0.000000 -0.013258
444954.263120 3945357.097525 0.000000 -0.012311
444953.952311 3945357.109487 0.000000 -0.011364
444953.635071 3945357.122756 0.000000 -0.010417
444953.311398 3945357.137332 0.000000 -0.009470
444952.981293 3945357.153214 0.000000 -0.008523
444952.644756 3945357.170403 0.000000 -0.007576
444952.301787 3945357.188899 0.000000 -0.006629
444951.952386 3945357.208701 0.000000 -0.005682
444951.596553 3945357.229810 0.000000 -0.004735
444951.234287 3945357.252225 0.000000 -0.003788
444950.865590 3945357.275947 0.000000 -0.002841
444950.490460 3945357.300976 0.000000 -0.001894
444950.108898 3945357.327312 0.000000 -0.000947
