444965.142966 3945371.619982 0.000000 0.000000
444965.126471 3945371.294280 0.000000 -0.000000
444965.110142 3945370.971852 0.000000 -0.000000
444965.093979 3945370.652697 0.000000 -0.000000
444965.077981 3945370.336815 0.000000 -0.000000
444965.062149 3945370.024207 0.000000 -0.000000
444965.046483 3945369.714872 0.000000 -0.000000
444965.030982 3945369.408811 0.000000 -0.000000
444965.015648 3945369.106023 0.000000 -0.000000
444965.000479 3945368.806508 0.000000 -0.000000
444964.985476 3945368.510267 0.000000 -0.000000
444964.970639 3945368.217299 0.000000 -0.000000
444964.955967 3945367.927604 0.000000 -0.000000
444964.941462 3945367.641183 0.000000 -0.000000
444964.927122 3945367.358035 0.000000 -0.000000
444964.912948 3945367.078161 0.000000 -0.000000
444964.898939 3945366.801560 0.000000 -0.000000
444964.885097 3945366.528232 0.000000 -0.000000
444964.871420 3945366.258178 0.000000 -0.000000
444964.857909 3945365.991397 0.000000 -0.000000
444964.844564 3945365.727890 0.000000 -0.000000
444964.831384 3945365.467655 0.000000 0.000000
444964.818371 3945365.210695 0.000000 -0.000000
444964.805523 3945364.957007 0.000000 0.000000
444964.792841 3945364.706593 0.000000 0.000000
444964.780324 3945364.459453 0.000000 0.000000
444964.767974 3945364.215586 0.000000 -0.000000
444964.755789 3945363.974992 0.000000 -0.000000
444964.743770 3945363.737672 0.000000 0.000000
444964.731917 3945363.503625 0.000000 0.000000
444964.720229 3945363.272851 0.000000 0.000000
444964.708708 3945363.045351 0.000000 -0.000000
444964.697352 3945362.821124 0.000000 -0.000000
444964.686162 3945362.600170 0.000000 -0.000000
444964.675137 3945362.382490 0.000000 0.000000
444964.664279 3945362.168084 0.000000 0.000000
444964.653586 3945361.956950 0.000000 -0.000000
444964.643059 3945361.749090 0.000000 -0.000000
444964.632698 3945361.544504 0.000000 0.000000
444964.622503 3945361.343191 0.000000 0.000000
444964.612473 3945361.145151 0.000000 -0.000000
444964.602609 3945360.950384 0.000000 -0.000000
444964.592911 3945360.758891 0.000000 0.000000
444964.583379 3945360.570672 0.000000 -0.000000
444964.574012 3945360.385726 0.000000 -0.000000
444964.564811 3945360.204053 0.000000 0.000000
444964.555776 3945360.025653 0.000000 -0.000000
444964.546907 3945359.850527 0.000000 -0.000000
444964.538204 3945359.678674 0.000000 -0.000000
444964.529666 3945359.510095 0.000000 0.000000
444964.521294 3945359.344789 0.000000 -0.000000
444964.513005 3945359.181120 0.000000 0.000000
444964.504716 3945359.017451 0.000000 -0.000000
444964.496428 3945358.853781 0.000000 0.000000
444964.488139 3945358.690112 0.000000 -0.000000
444964.479850 3945358.526443 0.000000 0.000000
444964.471561 3945358.362774 0.000000 -0.000000
444964.463272 3945358.199105 0.000000 0.000000
444964.454983 3945358.035435 0.000000 0.000000
444964.446694 3945357.871766 0.000000 -0.000000
444964.438405 3945357.708097 0.000000 -0.000000
444964.430116 3945357.544428 0.000000 -0.000000
444964.421827 3945357.380758 0.000000 0.000000
444964.413538 3945357.217089 0.000000 -0.000000
444964.405249 3945357.053420 0.000000 0.000000
444964.396960 3945356.889751 0.000000 0.000000
444964.388671 3945356.726081 0.000000 -0.000000
444964.380382 3945356.562412 0.000000 0.000000
444964.372093 3945356.398743 0.000000 -0.000000
444964.363804 3945356.235074 0.000000 -0.000000
444964.355515 3945356.071404 0.000000 -0.000000
444964.347226 3945355.907735 0.000000 0.000000
444964.338937 3945355.744066 0.000000 0.000000
444964.330648 3945355.580397 0.000000 0.000000
444964.322359 3945355.416727 0.000000 -0.000000
444964.314070 3945355.253058 0.000000 -0.000000
444964.305782 3945355.089389 0.000000 -0.000000
444964.297493 3945354.925720 0.000000 0.000000
444964.289204 3945354.762051 0.000000 0.000000
444964.280915 3945354.598381 0.000000 -0.000000
444964.272626 3945354.434712 0.000000 -0.000000
444964.264337 3945354.271043 0.000000 0.000000
444964.256048 3945354.107374 0.000000 -0.000000
444964.247759 3945353.943704 0.000000 0.000000
444964.239470 3945353.780035 0.000000 0.000000
444964.231181 3945353.616366 0.000000 0.000000
444964.222892 3945353.452697 0.000000 -0.000000
444964.214603 3945353.289027 0.000000 0.000000
444964.206314 3945353.125358 0.000000 0.000000
444964.198025 3945352.961689 0.000000 0.000000
444964.189736 3945352.798020 0.000000 0.000000
444964.181447 3945352.634350 0.000000 -0.000000
444964.173158 3945352.470681 0.000000 0.000000
444964.164869 3945352.307012 0.000000 0.000000
444964.156580 3945352.143343 0.000000 0.000000
444964.148291 3945351.979673 0.000000 0.000000
444964.140002 3945351.816004 0.000000 -0.000000
444964.131713 3945351.652335 0.000000 0.000000
444964.123424 3945351.488666 0.000000 -0.000000
444964.115135 3945351.324996 0.000000 -0.000000
444964.106847 3945351.161327 0.000000 0.000000
444964.098475 3945350.996021 0.000000 0.000000
444964.089937 3945350.827442 0.000000 -0.000000
444964.081234 3945350.655589 0.000000 -0.000000
444964.072364 3945350.480463 0.000000 0.000000
444964.063329 3945350.302064 0.000000 -0.000000
444964.054129 3945350.120391 0.000000 -0.000000
444964.044762 3945349.935445 0.000000 0.000000
444964.035230 3945349.747225 0.000000 0.000000
444964.025532 3945349.555732 0.000000 0.000000
444964.015668 3945349.360966 0.000000 -0.000000
444964.005638 3945349.162926 0.000000 -0.000000
444963.995443 3945348.961613 0.000000 0.000000
444963.985082 3945348.757026 0.000000 0.000000
444963.974555 3945348.549166 0.000000 -0.000000
444963.963862 3945348.338033 0.000000 0.000000
444963.953003 3945348.123626 0.000000 0.000000
444963.941979 3945347.905946 0.000000 0.000000
444963.930789 3945347.684993 0.000000 0.000000
444963.919433 3945347.460766 0.000000 0.000000
444963.907912 3945347.233266 0.000000 0.000000
444963.896224 3945347.002492 0.000000 0.000000
444963.884371 3945346.768445 0.000000 -0.000000
444963.872352 3945346.531124 0.000000 -0.000000
444963.860167 3945346.290531 0.000000 0.000000
444963.847817 3945346.046664 0.000000 -0.000000
444963.835300 3945345.799523 0.000000 -0.000000
444963.822618 3945345.549109 0.000000 0.000000
444963.809770 3945345.295422 0.000000 0.000000
444963.796757 3945345.038461 0.000000 0.000000
444963.783577 3945344.778227 0.000000 -0.000000
444963.770232 3945344.514719 0.000000 0.000000
444963.756721 3945344.247939 0.000000 -0.000000
444963.743044 3945343.977884 0.000000 -0.000000
444963.729202 3945343.704557 0.000000 -0.000000
444963.715193 3945343.427956 0.000000 -0.000000
444963.701019 3945343.148081 0.000000 -0.000000
444963.686679 3945342.864934 0.000000 -0.000000
444963.672174 3945342.578512 0.000000 -0.000000
444963.657502 3945342.288818 0.000000 -0.000000
444963.642665 3945341.995850 0.000000 -0.000000
444963.627662 3945341.699609 0.000000 -0.000000
444963.612493 3945341.400094 0.000000 -0.000000
444963.597159 3945341.097306 0.000000 -0.000000
444963.581658 3945340.791244 0.000000 -0.000000
444963.565992 3945340.481909 0.000000 -0.000000
444963.550160 3945340.169301 0.000000 -0.000000
444963.534162 3945339.853420 0.000000 -0.000000
444963.517999 3945339.534265 0.000000 -0.000000
444963.501670 3945339.211836 0.000000 -0.000000
