444968.006424 3945371.439132 0.000000 0.000000
444967.987830 3945371.114930 0.000000 -0.000000
444967.969422 3945370.793986 0.000000 -0.000000
444967.951202 3945370.476300 0.000000 -0.000000
444967.933168 3945370.161873 0.000000 -0.000000
444967.915321 3945369.850704 0.000000 -0.000000
444967.897661 3945369.542793 0.000000 -0.000000
444967.880188 3945369.238141 0.000000 -0.000000
444967.862902 3945368.936747 0.000000 -0.000000
444967.845802 3945368.638611 0.000000 -0.000000
444967.828890 3945368.343734 0.000000 -0.000000
444967.812164 3945368.052115 0.000000 -0.000000
444967.795626 3945367.763754 0.000000 -0.000000
444967.779274 3945367.478652 0.000000 -0.000000
444967.763109 3945367.196807 0.000000 -0.000000
444967.747131 3945366.918222 0.000000 -0.000000
444967.731339 3945366.642894 0.000000 -0.000000
444967.715735 3945366.370825 0.000000 -0.000000
444967.700318 3945366.102014 0.000000 -0.000000
444967.685087 3945365.836461 0.000000 -0.000000
444967.670043 3945365.574167 0.000000 0.000000
444967.655187 3945365.315131 0.000000 0.000000
444967.640517 3945365.059353 0.000000 0.000000
444967.626034 3945364.806834 0.000000 0.000000
444967.611737 3945364.557573 0.000000 -0.000000
444967.597628 3945364.311570 0.000000 -0.000000
444967.583706 3945364.068826 0.000000 -0.000000
444967.569970 3945363.829340 0.000000 0.000000
444967.556421 3945363.593112 0.000000 0.000000
444967.543060 3945363.360143 0.000000 0.000000
444967.529885 3945363.130432 0.000000 0.000000
444967.516897 3945362.903979 0.000000 -0.000000
444967.504095 3945362.680784 0.000000 0.000000
444967.491481 3945362.460848 0.000000 -0.000000
444967.479054 3945362.244170 0.000000 -0.000000
444967.466813 3945362.030751 0.000000 0.000000
444967.454760 3945361.820589 0.000000 0.000000
444967.442893 3945361.613686 0.000000 -0.000000
444967.431213 3945361.410042 0.000000 0.000000
444967.419720 3945361.209655 0.000000 -0.000000
444967.408414 3945361.012528 0.000000 0.000000
444967.397294 3945360.818658 0.000000 -0.000000
444967.386362 3945360.628046 0.000000 0.000000
444967.375617 3945360.440693 0.000000 0.000000
444967.365058 3945360.256599 0.000000 -0.000000
444967.354686 3945360.075762 0.000000 0.000000
444967.344501 3945359.898184 0.000000 -0.000000
444967.334503 3945359.723864 0.000000 0.000000
444967.324692 3945359.552803 0.000000 -0.000000
444967.315068 3945359.385000 0.000000 -0.000000
444967.305631 3945359.220455 0.000000 0.000000
444967.296287 3945359.057539 0.000000 -0.000000
444967.286943 3945358.894623 0.000000 0.000000
444967.277599 3945358.731708 0.000000 -0.000000
444967.268255 3945358.568792 0.000000 0.000000
444967.258911 3945358.405876 0.000000 0.000000
444967.249567 3945358.242961 0.000000 -0.000000
444967.240223 3945358.080045 0.000000 0.000000
444967.230879 3945357.917129 0.000000 -0.000000
444967.221535 3945357.754214 0.000000 0.000000
444967.212192 3945357.591298 0.000000 -0.000000
444967.202848 3945357.428382 0.000000 -0.000000
444967.193504 3945357.265466 0.000000 0.000000
444967.184160 3945357.102551 0.000000 -0.000000
444967.174816 3945356.939635 0.000000 -0.000000
444967.165472 3945356.776719 0.000000 0.000000
444967.156128 3945356.613804 0.000000 0.000000
444967.146784 3945356.450888 0.000000 -0.000000
444967.137440 3945356.287972 0.000000 -0.000000
444967.128096 3945356.125057 0.000000 -0.000000
444967.118752 3945355.962141 0.000000 0.000000
444967.109408 3945355.799225 0.000000 -0.000000
444967.100065 3945355.636309 0.000000 0.000000
444967.090721 3945355.473394 0.000000 0.000000
444967.081377 3945355.310478 0.000000 -0.000000
444967.072033 3945355.147562 0.000000 -0.000000
444967.062689 3945354.984647 0.000000 -0.000000
444967.053345 3945354.821731 0.000000 0.000000
444967.044001 3945354.658815 0.000000 0.000000
444967.034657 3945354.495900 0.000000 -0.000000
444967.025313 3945354.332984 0.000000 -0.000000
444967.015969 3945354.170068 0.000000 -0.000000
444967.006625 3945354.007153 0.000000 0.000000
444966.997281 3945353.844237 0.000000 -0.000000
444966.987938 3945353.681321 0.000000 -0.000000
444966.978594 3945353.518405 0.000000 0.000000
444966.969250 3945353.355490 0.000000 -0.000000
444966.959906 3945353.192574 0.000000 0.000000
444966.950562 3945353.029658 0.000000 0.000000
444966.941218 3945352.866743 0.000000 0.000000
444966.931874 3945352.703827 0.000000 0.000000
444966.922530 3945352.540911 0.000000 -0.000000
444966.913186 3945352.377996 0.000000 0.000000
444966.903842 3945352.215080 0.000000 -0.000000
444966.894498 3945352.052164 0.000000 0.000000
444966.885154 3945351.889248 0.000000 -0.000000
444966.875811 3945351.726333 0.000000 0.000000
444966.866467 3945351.563417 0.000000 0.000000
444966.857123 3945351.400501 0.000000 0.000000
444966.847779 3945351.237586 0.000000 -0.000000
444966.838435 3945351.074670 0.000000 0.000000
444966.828998 3945350.910125 0.000000 0.000000
444966.819373 3945350.742322 0.000000 0.000000
444966.809562 3945350.571260 0.000000 -0.000000
444966.799564 3945350.396941 0.000000 0.000000
444966.789379 3945350.219363 0.000000 0.000000
444966.779008 3945350.038526 0.000000 -0.000000
444966.768449 3945349.854431 0.000000 -0.000000
444966.757703 3945349.667078 0.000000 -0.000000
444966.746771 3945349.476467 0.000000 0.000000
444966.735652 3945349.282597 0.000000 -0.000000
444966.724346 3945349.085469 0.000000 -0.000000
444966.712853 3945348.885083 0.000000 -0.000000
444966.701173 3945348.681438 0.000000 -0.000000
444966.689306 3945348.474535 0.000000 -0.000000
444966.677252 3945348.264374 0.000000 -0.000000
444966.665012 3945348.050955 0.000000 0.000000
444966.652584 3945347.834277 0.000000 0.000000
444966.639970 3945347.614341 0.000000 0.000000
444966.627169 3945347.391146 0.000000 0.000000
444966.614181 3945347.164693 0.000000 0.000000
444966.601006 3945346.934982 0.000000 -0.000000
444966.587644 3945346.702013 0.000000 -0.000000
444966.574095 3945346.465785 0.000000 0.000000
444966.560360 3945346.226299 0.000000 0.000000
444966.546438 3945345.983554 0.000000 0.000000
444966.532328 3945345.737552 0.000000 -0.000000
444966.518032 3945345.488291 0.000000 0.000000
444966.503549 3945345.235771 0.000000 0.000000
444966.488879 3945344.979994 0.000000 0.000000
444966.474022 3945344.720958 0.000000 0.000000
444966.458978 3945344.458664 0.000000 0.000000
444966.443748 3945344.193111 0.000000 0.000000
444966.428330 3945343.924300 0.000000 0.000000
444966.412726 3945343.652231 0.000000 0.000000
444966.396935 3945343.376903 0.000000 0.000000
444966.380957 3945343.098317 0.000000 0.000000
444966.364792 3945342.816473 0.000000 0.000000
444966.348440 3945342.531371 0.000000 0.000000
444966.331901 3945342.243010 0.000000 0.000000
444966.315176 3945341.951391 0.000000 0.000000
444966.298263 3945341.656514 0.000000 0.000000
444966.281164 3945341.358378 0.000000 0.000000
444966.263877 3945341.056984 0.000000 0.000000
444966.246404 3945340.752331 0.000000 0.000000
444966.228744 3945340.444421 0.000000 0.000000
444966.210897 3945340.133252 0.000000 0.000000
444966.192864 3945339.818824 0.000000 0.000000
444966.174643 3945339.501139 0.000000 0.000000
444966.156236 3945339.180195 0.000000 0.000000
