444969.302516 3945463.431493 0.000000 0.000000
444969.292169 3945463.203111 0.000000 0.000000
444969.281926 3945462.977026 0.000000 0.000000
444969.271787 3945462.753235 0.000000 0.000000
444969.261752 3945462.531740 0.000000 0.000000
444969.251821 3945462.312540 0.000000 0.000000
444969.241995 3945462.095635 0.000000 0.000000
444969.232272 3945461.881026 0.000000 0.000000
444969.222653 3945461.668712 0.000000 0.000000
444969.213138 3945461.458693 0.000000 0.000000
444969.203727 3945461.250969 0.000000 0.000000
444969.194420 3945461.045541 0.000000 0.000000
444969.185217 3945460.842408 0.000000 0.000000
444969.176118 3945460.641570 0.000000 0.000000
444969.167123 3945460.443028 0.000000 0.000000
444969.158232 3945460.246781 0.000000 0.000000
444969.149445 3945460.052829 0.000000 0.000000
444969.140761 3945459.861172 0.000000 0.000000
444969.132182 3945459.671811 0.000000 0.000000
444969.123707 3945459.484745 0.000000 0.000000
444969.115336 3945459.299975 0.000000 0.000000
444969.107069 3945459.117499 0.000000 0.000000
444969.098906 3945458.937319 0.000000 0.000000
444969.090847 3945458.759434 0.000000 0.000000
444969.082892 3945458.583845 0.000000 0.000000
444969.075041 3945458.410551 0.000000 0.000000
444969.067293 3945458.239552 0.000000 0.000000
444969.059650 3945458.070848 0.000000 -0.000000
444969.052111 3945457.904440 0.000000 0.000000
444969.044676 3945457.740327 0.000000 -0.000000
444969.037345 3945457.578509 0.000000 0.000000
444969.030117 3945457.418986 0.000000 -0.000000
444969.022994 3945457.261759 0.000000 -0.000000
444969.015975 3945457.106827 0.000000 -0.000000
444969.009060 3945456.954190 0.000000 -0.000000
444969.002248 3945456.803849 0.000000 0.000000
444968.995541 3945456.655803 0.000000 -0.000000
444968.988938 3945456.510052 0.000000 0.000000
444968.982439 3945456.366597 0.000000 -0.000000
444968.976043 3945456.225437 0.000000 0.000000
444968.969752 3945456.086572 0.000000 0.000000
444968.963565 3945455.950002 0.000000 0.000000
444968.957481 3945455.815728 0.000000 0.000000
444968.951502 3945455.683749 0.000000 0.000000
444968.945627 3945455.554065 0.000000 -0.000000
444968.939855 3945455.426676 0.000000 0.000000
444968.934188 3945455.301583 0.000000 0.000000
444968.928624 3945455.178785 0.000000 0.000000
444968.923165 3945455.058283 0.000000 0.000000
444968.917810 3945454.940075 0.000000 -0.000000
444968.912558 3945454.824163 0.000000 0.000000
444968.907359 3945454.709399 0.000000 -0.000000
444968.902159 3945454.594635 0.000000 0.000000
444968.896960 3945454.479870 0.000000 0.000000
444968.891760 3945454.365106 0.000000 -0.000000
444968.886561 3945454.250341 0.000000 0.000000
444968.881362 3945454.135577 0.000000 0.000000
444968.876162 3945454.020813 0.000000 0.000000
444968.870963 3945453.906048 0.000000 -0.000000
444968.865763 3945453.791284 0.000000 0.000000
444968.860564 3945453.676520 0.000000 -0.000000
444968.855364 3945453.561755 0.000000 0.000000
444968.850165 3945453.446991 0.000000 -0.000000
444968.844965 3945453.332226 0.000000 0.000000
444968.839766 3945453.217462 0.000000 -0.000000
444968.834567 3945453.102698 0.000000 -0.000000
444968.829367 3945452.987933 0.000000 -0.000000
444968.824168 3945452.873169 0.000000 0.000000
444968.818968 3945452.758404 0.000000 0.000000
444968.813769 3945452.643640 0.000000 -0.000000
444968.808569 3945452.528876 0.000000 -0.000000
444968.803370 3945452.414111 0.000000 -0.000000
444968.798171 3945452.299347 0.000000 -0.000000
444968.792971 3945452.184583 0.000000 -0.000000
444968.787772 3945452.069818 0.000000 0.000000
444968.782572 3945451.955054 0.000000 0.000000
444968.777373 3945451.840289 0.000000 -0.000000
444968.772173 3945451.725525 0.000000 0.000000
444968.766974 3945451.610761 0.000000 -0.000000
444968.761774 3945451.495996 0.000000 -0.000000
444968.756575 3945451.381232 0.000000 -0.000000
444968.751376 3945451.266467 0.000000 -0.000000
444968.746176 3945451.151703 0.000000 -0.000000
444968.740977 3945451.036939 0.000000 -0.000000
444968.735777 3945450.922174 0.000000 -0.000000
444968.730578 3945450.807410 0.000000 -0.000000
444968.725378 3945450.692645 0.000000 0.000000
444968.720179 3945450.577881 0.000000 -0.000000
444968.714980 3945450.463117 0.000000 0.000000
444968.709780 3945450.348352 0.000000 0.000000
444968.704581 3945450.233588 0.000000 -0.000000
444968.699381 3945450.118824 0.000000 -0.000000
444968.694182 3945450.004059 0.000000 0.000000
444968.688982 3945449.889295 0.000000 -0.000000
444968.683783 3945449.774530 0.000000 0.000000
444968.678584 3945449.659766 0.000000 -0.000000
444968.673384 3945449.545002 0.000000 0.000000
444968.668185 3945449.430237 0.000000 0.000000
444968.662985 3945449.315473 0.000000 0.000000
444968.657786 3945449.200708 0.000000 -0.000000
444968.652586 3945449.085944 0.000000 -0.000000
444968.647387 3945448.971180 0.000000 0.000000
444968.642187 3945448.856415 0.000000 0.000000
444968.636988 3945448.741651 0.000000 0.000000
444968.631789 3945448.626886 0.000000 -0.000000
444968.626589 3945448.512122 0.000000 -0.000000
444968.621390 3945448.397358 0.000000 0.000000
444968.616190 3945448.282593 0.000000 0.000000
444968.610991 3945448.167829 0.000000 0.000000
444968.605791 3945448.053065 0.000000 -0.000000
444968.600592 3945447.938300 0.000000 -0.000000
444968.595393 3945447.823536 0.000000 -0.000000
444968.590193 3945447.708771 0.000000 0.000000
444968.584994 3945447.594007 0.000000 -0.000000
444968.579794 3945447.479243 0.000000 0.000000
444968.574595 3945447.364478 0.000000 0.000000
444968.569395 3945447.249714 0.000000 0.000000
444968.564196 3945447.134949 0.000000 -0.000000
444968.558996 3945447.020185 0.000000 -0.000000
444968.553797 3945446.905421 0.000000 -0.000000
444968.548598 3945446.790656 0.000000 -0.000000
444968.543398 3945446.675892 0.000000 0.000000
444968.538199 3945446.561127 0.000000 -0.000000
444968.532999 3945446.446363 0.000000 -0.000000
444968.527800 3945446.331599 0.000000 -0.000000
444968.522600 3945446.216834 0.000000 0.000000
444968.517401 3945446.102070 0.000000 -0.000000
444968.512202 3945445.987306 0.000000 -0.000000
444968.507002 3945445.872541 0.000000 -0.000000
444968.501803 3945445.757777 0.000000 0.000000
444968.496603 3945445.643012 0.000000 -0.000000
444968.491404 3945445.528248 0.000000 -0.000000
444968.486204 3945445.413484 0.000000 -0.000000
444968.481005 3945445.298719 0.000000 -0.000000
444968.475805 3945445.183955 0.000000 0.000000
444968.470606 3945445.069190 0.000000 0.000000
444968.465407 3945444.954426 0.000000 0.000000
444968.460207 3945444.839662 0.000000 -0.000000
444968.455008 3945444.724897 0.000000 -0.000000
444968.449808 3945444.610133 0.000000 -0.000000
444968.444609 3945444.495369 0.000000 0.000000
444968.439409 3945444.380604 0.000000 -0.000000
444968.434210 3945444.265840 0.000000 0.000000
444968.429011 3945444.151075 0.000000 0.000000
444968.423811 3945444.036311 0.000000 0.000000
444968.418612 3945443.921547 0.000000 -0.000000
444968.413412 3945443.806782 0.000000 0.000000
444968.408213 3945443.692018 0.000000 0.000000
444968.403013 3945443.577253 0.000000 -0.000000
444968.397814 3945443.462489 0.000000 0.000000
444968.392614 3945443.347725 0.000000 0.000000
444968.387415 3945443.232960 0.000000 0.000000
444968.382216 3945443.118196 0.000000 -0.000000
444968.377016 3945443.003431 0.000000 0.000000
444968.371817 3945442.888667 0.000000 0.000000
444968.366617 3945442.773903 0.000000 0.000000
444968.361418 3945442.659138 0.000000 0.000000
444968.356218 3945442.544374 0.000000 0.000000
444968.351019 3945442.429610 0.000000 0.000000
444968.345820 3945442.314845 0.000000 -0.000000
444968.340620 3945442.200081 0.000000 -0.000000
444968.335421 3945442.085316 0.000000 0.000000
444968.330221 3945441.970552 0.000000 0.000000
444968.325022 3945441.855788 0.000000 -0.000000
444968.319822 3945441.741023 0.000000 -0.000000
444968.314623 3945441.626259 0.000000 0.000000
444968.309423 3945441.511494 0.000000 0.000000
444968.304224 3945441.396730 0.000000 -0.000000
444968.299025 3945441.281966 0.000000 -0.000000
444968.293825 3945441.167201 0.000000 -0.000000
444968.288626 3945441.052437 0.000000 -0.000000
444968.283426 3945440.937672 0.000000 -0.000000
444968.278227 3945440.822908 0.000000 -0.000000
444968.273027 3945440.708144 0.000000 -0.000000
444968.267828 3945440.593379 0.000000 0.000000
444968.262629 3945440.478615 0.000000 0.000000
444968.257429 3945440.363851 0.000000 0.000000
444968.252230 3945440.249086 0.000000 0.000000
444968.247030 3945440.134322 0.000000 -0.000000
444968.241831 3945440.019557 0.000000 -0.000000
444968.236631 3945439.904793 0.000000 -0.000000
444968.231432 3945439.790029 0.000000 -0.000000
444968.226232 3945439.675264 0.000000 -0.000000
444968.221033 3945439.560500 0.000000 -0.000000
444968.215834 3945439.445735 0.000000 -0.000000
444968.210634 3945439.330971 0.000000 0.000000
444968.205435 3945439.216207 0.000000 0.000000
444968.200235 3945439.101442 0.000000 -0.000000
444968.195036 3945438.986678 0.000000 -0.000000
444968.189836 3945438.871913 0.000000 0.000000
444968.184637 3945438.757149 0.000000 -0.000000
444968.179438 3945438.642385 0.000000 -0.000000
444968.174238 3945438.527620 0.000000 -0.000000
444968.169039 3945438.412856 0.000000 0.000000
444968.163839 3945438.298092 0.000000 0.000000
444968.158640 3945438.183327 0.000000 0.000000
444968.153440 3945438.068563 0.000000 0.000000
444968.148241 3945437.953798 0.000000 0.000000
444968.143041 3945437.839034 0.000000 0.000000
444968.137842 3945437.724270 0.000000 0.000000
444968.132643 3945437.609505 0.000000 -0.000000
444968.127443 3945437.494741 0.000000 -0.000000
444968.122244 3945437.379976 0.000000 0.000000
444968.117044 3945437.265212 0.000000 -0.000000
444968.111845 3945437.150448 0.000000 -0.000000
444968.106645 3945437.035683 0.000000 0.000000
444968.101446 3945436.920919 0.000000 0.000000
444968.096247 3945436.806155 0.000000 -0.000000
444968.091047 3945436.691390 0.000000 0.000000
444968.085848 3945436.576626 0.000000 0.000000
444968.080648 3945436.461861 0.000000 -0.000000
444968.075449 3945436.347097 0.000000 -0.000000
444968.070249 3945436.232333 0.000000 -0.000000
444968.065050 3945436.117568 0.000000 -0.000000
444968.059850 3945436.002804 0.000000 0.000000
444968.054651 3945435.888039 0.000000 0.000000
444968.049452 3945435.773275 0.000000 0.000000
444968.044252 3945435.658511 0.000000 0.000000
444968.039053 3945435.543746 0.000000 -0.000000
444968.033853 3945435.428982 0.000000 -0.000000
444968.028654 3945435.314217 0.000000 -0.000000
444968.023454 3945435.199453 0.000000 0.000000
444968.018255 3945435.084689 0.000000 -0.000000
444968.013056 3945434.969924 0.000000 -0.000000
444968.007856 3945434.855160 0.000000 -0.000000
444968.002657 3945434.740396 0.000000 -0.000000
444967.997457 3945434.625631 0.000000 0.000000
444967.992258 3945434.510867 0.000000 -0.000000
444967.987058 3945434.396102 0.000000 0.000000
444967.981859 3945434.281338 0.000000 -0.000000
444967.976659 3945434.166574 0.000000 0.000000
444967.971460 3945434.051809 0.000000 -0.000000
444967.966261 3945433.937045 0.000000 -0.000000
444967.961061 3945433.822280 0.000000 -0.000000
444967.955862 3945433.707516 0.000000 -0.000000
444967.950662 3945433.592752 0.000000 0.000000
444967.945463 3945433.477987 0.000000 0.000000
444967.940263 3945433.363223 0.000000 0.000000
444967.935064 3945433.248458 0.000000 -0.000000
444967.929865 3945433.133694 0.000000 -0.000000
444967.924665 3945433.018930 0.000000 -0.000000
444967.919466 3945432.904165 0.000000 0.000000
444967.914266 3945432.789401 0.000000 0.000000
444967.909067 3945432.674637 0.000000 -0.000000
444967.903867 3945432.559872 0.000000 0.000000
444967.898668 3945432.445108 0.000000 0.000000
444967.893468 3945432.330343 0.000000 0.000000
444967.888269 3945432.215579 0.000000 0.000000
444967.883070 3945432.100815 0.000000 0.000000
444967.877870 3945431.986050 0.000000 -0.000000
444967.872671 3945431.871286 0.000000 -0.000000
444967.867471 3945431.756521 0.000000 -0.000000
444967.862272 3945431.641757 0.000000 0.000000
444967.857072 3945431.526993 0.000000 -0.000000
444967.851873 3945431.412228 0.000000 0.000000
444967.846674 3945431.297464 0.000000 0.000000
444967.841474 3945431.182699 0.000000 0.000000
444967.836275 3945431.067935 0.000000 0.000000
444967.831075 3945430.953171 0.000000 0.000000
444967.825876 3945430.838406 0.000000 -0.000000
444967.820676 3945430.723642 0.000000 -0.000000
444967.815477 3945430.608878 0.000000 -0.000000
444967.810277 3945430.494113 0.000000 -0.000000
444967.805078 3945430.379349 0.000000 -0.000000
444967.799879 3945430.264584 0.000000 0.000000
444967.794679 3945430.149820 0.000000 0.000000
444967.789480 3945430.035056 0.000000 0.000000
444967.784280 3945429.920291 0.000000 -0.000000
444967.779081 3945429.805527 0.000000 0.000000
444967.773881 3945429.690762 0.000000 -0.000000
444967.768682 3945429.575998 0.000000 0.000000
444967.763483 3945429.461234 0.000000 -0.000000
444967.758283 3945429.346469 0.000000 0.000000
444967.753084 3945429.231705 0.000000 -0.000000
444967.747884 3945429.116941 0.000000 0.000000
444967.742685 3945429.002176 0.000000 0.000000
444967.737485 3945428.887412 0.000000 0.000000
444967.732286 3945428.772647 0.000000 -0.000000
444967.727087 3945428.657883 0.000000 -0.000000
444967.721887 3945428.543119 0.000000 -0.000000
444967.716688 3945428.428354 0.000000 0.000000
444967.711488 3945428.313590 0.000000 -0.000000
444967.706289 3945428.198825 0.000000 0.000000
444967.701089 3945428.084061 0.000000 -0.000000
444967.695890 3945427.969297 0.000000 -0.000000
444967.690690 3945427.854532 0.000000 0.000000
444967.685491 3945427.739768 0.000000 0.000000
444967.680292 3945427.625003 0.000000 0.000000
444967.675092 3945427.510239 0.000000 0.000000
444967.669893 3945427.395475 0.000000 0.000000
444967.664693 3945427.280710 0.000000 -0.000000
444967.659494 3945427.165946 0.000000 0.000000
444967.654294 3945427.051182 0.000000 0.000000
444967.649095 3945426.936417 0.000000 0.000000
444967.643896 3945426.821653 0.000000 0.000000
444967.638696 3945426.706888 0.000000 -0.000000
444967.633497 3945426.592124 0.000000 0.000000
444967.628297 3945426.477360 0.000000 0.000000
444967.623098 3945426.362595 0.000000 -0.000000
444967.617898 3945426.247831 0.000000 0.000000
444967.612699 3945426.133066 0.000000 -0.000000
444967.607499 3945426.018302 0.000000 -0.000000
444967.602300 3945425.903538 0.000000 0.000000
444967.597101 3945425.788773 0.000000 0.000000
444967.591901 3945425.674009 0.000000 0.000000
444967.586702 3945425.559244 0.000000 0.000000
444967.581502 3945425.444480 0.000000 0.000000
444967.576303 3945425.329716 0.000000 0.000000
444967.571103 3945425.214951 0.000000 0.000000
444967.565904 3945425.100187 0.000000 -0.000000
444967.560705 3945424.985423 0.000000 -0.000000
444967.555505 3945424.870658 0.000000 -0.000000
444967.550306 3945424.755894 0.000000 -0.000000
444967.545106 3945424.641129 0.000000 0.000000
444967.539907 3945424.526365 0.000000 0.000000
444967.534707 3945424.411601 0.000000 0.000000
444967.529508 3945424.296836 0.000000 0.000000
444967.524308 3945424.182072 0.000000 -0.000000
444967.519109 3945424.067307 0.000000 0.000000
444967.513910 3945423.952543 0.000000 -0.000000
444967.508710 3945423.837779 0.000000 -0.000000
444967.503511 3945423.723014 0.000000 0.000000
444967.498311 3945423.608250 0.000000 -0.000000
444967.493112 3945423.493485 0.000000 0.000000
444967.487912 3945423.378721 0.000000 0.000000
444967.482713 3945423.263957 0.000000 -0.000000
444967.477514 3945423.149192 0.000000 -0.000000
444967.472314 3945423.034428 0.000000 -0.000000
444967.467115 3945422.919664 0.000000 0.000000
444967.461915 3945422.804899 0.000000 0.000000
444967.456716 3945422.690135 0.000000 0.000000
444967.451516 3945422.575370 0.000000 0.000000
444967.446317 3945422.460606 0.000000 0.000000
444967.441117 3945422.345842 0.000000 -0.000000
444967.435918 3945422.231077 0.000000 -0.000000
444967.430719 3945422.116313 0.000000 -0.000000
444967.425519 3945422.001548 0.000000 0.000000
444967.420320 3945421.886784 0.000000 0.000000
444967.415120 3945421.772020 0.000000 0.000000
444967.409921 3945421.657255 0.000000 -0.000000
444967.404721 3945421.542491 0.000000 -0.000000
444967.399522 3945421.427727 0.000000 0.000000
444967.394323 3945421.312962 0.000000 0.000000
444967.389123 3945421.198198 0.000000 0.000000
444967.383924 3945421.083433 0.000000 0.000000
444967.378724 3945420.968669 0.000000 0.000000
444967.373525 3945420.853905 0.000000 0.000000
444967.368325 3945420.739140 0.000000 0.000000
444967.363126 3945420.624376 0.000000 0.000000
444967.357926 3945420.509611 0.000000 0.000000
444967.352727 3945420.394847 0.000000 0.000000
444967.347528 3945420.280083 0.000000 -0.000000
444967.342328 3945420.165318 0.000000 0.000000
444967.337129 3945420.050554 0.000000 -0.000000
444967.331929 3945419.935789 0.000000 0.000000
444967.326730 3945419.821025 0.000000 0.000000
444967.321530 3945419.706261 0.000000 -0.000000
444967.316331 3945419.591496 0.000000 -0.000000
444967.311132 3945419.476732 0.000000 -0.000000
444967.305932 3945419.361968 0.000000 0.000000
444967.300733 3945419.247203 0.000000 0.000000
444967.295533 3945419.132439 0.000000 0.000000
444967.290334 3945419.017674 0.000000 0.000000
444967.285134 3945418.902910 0.000000 -0.000000
444967.279935 3945418.788146 0.000000 0.000000
444967.274735 3945418.673381 0.000000 0.000000
444967.269536 3945418.558617 0.000000 0.000000
444967.264337 3945418.443852 0.000000 0.000000
444967.259137 3945418.329088 0.000000 -0.000000
444967.253938 3945418.214324 0.000000 -0.000000
444967.248738 3945418.099559 0.000000 0.000000
444967.243539 3945417.984795 0.000000 -0.000000
444967.238339 3945417.870030 0.000000 -0.000000
444967.233140 3945417.755266 0.000000 -0.000000
444967.227941 3945417.640502 0.000000 0.000000
444967.222741 3945417.525737 0.000000 0.000000
444967.217542 3945417.410973 0.000000 -0.000000
444967.212342 3945417.296209 0.000000 -0.000000
444967.207143 3945417.181444 0.000000 -0.000000
444967.201943 3945417.066680 0.000000 -0.000000
444967.196744 3945416.951915 0.000000 -0.000000
444967.191544 3945416.837151 0.000000 0.000000
444967.186345 3945416.722387 0.000000 0.000000
444967.181146 3945416.607622 0.000000 0.000000
444967.175946 3945416.492858 0.000000 0.000000
444967.170747 3945416.378093 0.000000 -0.000000
444967.165547 3945416.263329 0.000000 0.000000
444967.160348 3945416.148565 0.000000 -0.000000
444967.155148 3945416.033800 0.000000 -0.000000
444967.149949 3945415.919036 0.000000 0.000000
444967.144750 3945415.804271 0.000000 -0.000000
444967.139550 3945415.689507 0.000000 -0.000000
444967.134351 3945415.574743 0.000000 -0.000000
444967.129151 3945415.459978 0.000000 0.000000
444967.123952 3945415.345214 0.000000 0.000000
444967.118752 3945415.230450 0.000000 -0.000000
444967.113553 3945415.115685 0.000000 -0.000000
444967.108353 3945415.000921 0.000000 -0.000000
444967.103154 3945414.886156 0.000000 -0.000000
444967.097955 3945414.771392 0.000000 -0.000000
444967.092755 3945414.656628 0.000000 0.000000
444967.087556 3945414.541863 0.000000 0.000000
444967.082356 3945414.427099 0.000000 -0.000000
444967.077157 3945414.312334 0.000000 0.000000
444967.071957 3945414.197570 0.000000 -0.000000
444967.066758 3945414.082806 0.000000 -0.000000
444967.061559 3945413.968041 0.000000 0.000000
444967.056359 3945413.853277 0.000000 0.000000
444967.051160 3945413.738513 0.000000 -0.000000
444967.045960 3945413.623748 0.000000 -0.000000
444967.040761 3945413.508984 0.000000 0.000000
444967.035561 3945413.394219 0.000000 0.000000
444967.030362 3945413.279455 0.000000 -0.000000
444967.025162 3945413.164691 0.000000 0.000000
444967.019963 3945413.049926 0.000000 0.000000
444967.014764 3945412.935162 0.000000 -0.000000
444967.009564 3945412.820397 0.000000 -0.000000
444967.004365 3945412.705633 0.000000 0.000000
444966.999165 3945412.590869 0.000000 0.000000
444966.993966 3945412.476104 0.000000 0.000000
444966.988766 3945412.361340 0.000000 -0.000000
444966.983567 3945412.246575 0.000000 -0.000000
444966.978368 3945412.131811 0.000000 0.000000
444966.973168 3945412.017047 0.000000 0.000000
444966.967969 3945411.902282 0.000000 -0.000000
444966.962769 3945411.787518 0.000000 -0.000000
444966.957570 3945411.672754 0.000000 -0.000000
444966.952370 3945411.557989 0.000000 -0.000000
444966.947171 3945411.443225 0.000000 0.000000
444966.941971 3945411.328460 0.000000 0.000000
444966.936772 3945411.213696 0.000000 0.000000
444966.931573 3945411.098932 0.000000 -0.000000
444966.926373 3945410.984167 0.000000 -0.000000
444966.921174 3945410.869403 0.000000 0.000000
444966.915974 3945410.754638 0.000000 0.000000
444966.910775 3945410.639874 0.000000 -0.000000
444966.905575 3945410.525110 0.000000 -0.000000
444966.900376 3945410.410345 0.000000 -0.000000
444966.895177 3945410.295581 0.000000 0.000000
444966.889977 3945410.180816 0.000000 -0.000000
444966.884778 3945410.066052 0.000000 -0.000000
444966.879578 3945409.951288 0.000000 0.000000
444966.874379 3945409.836523 0.000000 0.000000
444966.869179 3945409.721759 0.000000 0.000000
444966.863980 3945409.606995 0.000000 0.000000
444966.858781 3945409.492230 0.000000 -0.000000
444966.853581 3945409.377466 0.000000 0.000000
444966.848382 3945409.262701 0.000000 -0.000000
444966.843182 3945409.147937 0.000000 0.000000
444966.837983 3945409.033173 0.000000 -0.000000
444966.832783 3945408.918408 0.000000 0.000000
444966.827584 3945408.803644 0.000000 0.000000
444966.822384 3945408.688879 0.000000 0.000000
444966.817185 3945408.574115 0.000000 -0.000000
444966.811986 3945408.459351 0.000000 -0.000000
444966.806786 3945408.344586 0.000000 -0.000000
444966.801587 3945408.229822 0.000000 0.000000
444966.796387 3945408.115058 0.000000 -0.000000
444966.791188 3945408.000293 0.000000 -0.000000
444966.785988 3945407.885529 0.000000 -0.000000
444966.780789 3945407.770764 0.000000 -0.000000
444966.775590 3945407.656000 0.000000 0.000000
444966.770390 3945407.541236 0.000000 -0.000000
444966.765191 3945407.426471 0.000000 0.000000
444966.759991 3945407.311707 0.000000 0.000000
444966.754792 3945407.196942 0.000000 -0.000000
444966.749592 3945407.082178 0.000000 0.000000
444966.744393 3945406.967414 0.000000 0.000000
444966.739193 3945406.852649 0.000000 0.000000
444966.733994 3945406.737885 0.000000 -0.000000
444966.728795 3945406.623120 0.000000 -0.000000
444966.723595 3945406.508356 0.000000 0.000000
444966.718396 3945406.393592 0.000000 0.000000
444966.713196 3945406.278827 0.000000 -0.000000
444966.707997 3945406.164063 0.000000 0.000000
444966.702797 3945406.049299 0.000000 0.000000
444966.697598 3945405.934534 0.000000 0.000000
444966.692399 3945405.819770 0.000000 0.000000
444966.687199 3945405.705005 0.000000 0.000000
444966.682000 3945405.590241 0.000000 0.000000
444966.676800 3945405.475477 0.000000 0.000000
444966.671601 3945405.360712 0.000000 -0.000000
444966.666401 3945405.245948 0.000000 -0.000000
444966.661202 3945405.131183 0.000000 -0.000000
444966.656002 3945405.016419 0.000000 0.000000
444966.650803 3945404.901655 0.000000 0.000000
444966.645604 3945404.786890 0.000000 -0.000000
444966.640404 3945404.672126 0.000000 0.000000
444966.635205 3945404.557361 0.000000 -0.000000
444966.630005 3945404.442597 0.000000 -0.000000
444966.624806 3945404.327833 0.000000 -0.000000
444966.619606 3945404.213068 0.000000 0.000000
444966.614407 3945404.098304 0.000000 -0.000000
444966.609208 3945403.983540 0.000000 -0.000000
444966.604008 3945403.868775 0.000000 0.000000
444966.598809 3945403.754011 0.000000 -0.000000
444966.593609 3945403.639246 0.000000 -0.000000
444966.588410 3945403.524482 0.000000 -0.000000
444966.583210 3945403.409718 0.000000 -0.000000
444966.578011 3945403.294953 0.000000 -0.000000
444966.572811 3945403.180189 0.000000 0.000000
444966.567612 3945403.065424 0.000000 -0.000000
444966.562413 3945402.950660 0.000000 -0.000000
444966.557213 3945402.835896 0.000000 -0.000000
444966.552014 3945402.721131 0.000000 -0.000000
444966.546814 3945402.606367 0.000000 0.000000
444966.541615 3945402.491602 0.000000 -0.000000
444966.536415 3945402.376838 0.000000 -0.000000
444966.531216 3945402.262074 0.000000 -0.000000
444966.526017 3945402.147309 0.000000 -0.000000
444966.520817 3945402.032545 0.000000 -0.000000
444966.515618 3945401.917781 0.000000 0.000000
444966.510418 3945401.803016 0.000000 -0.000000
444966.505219 3945401.688252 0.000000 -0.000000
444966.500019 3945401.573487 0.000000 0.000000
444966.494820 3945401.458723 0.000000 0.000000
444966.489620 3945401.343959 0.000000 -0.000000
444966.484421 3945401.229194 0.000000 -0.000000
444966.479222 3945401.114430 0.000000 -0.000000
444966.474022 3945400.999665 0.000000 0.000000
444966.468823 3945400.884901 0.000000 -0.000000
444966.463623 3945400.770137 0.000000 0.000000
444966.458424 3945400.655372 0.000000 0.000000
444966.453224 3945400.540608 0.000000 -0.000000
444966.448025 3945400.425844 0.000000 0.000000
444966.442826 3945400.311079 0.000000 -0.000000
444966.437626 3945400.196315 0.000000 -0.000000
444966.432427 3945400.081550 0.000000 0.000000
444966.427227 3945399.966786 0.000000 0.000000
444966.422028 3945399.852022 0.000000 -0.000000
444966.416828 3945399.737257 0.000000 0.000000
444966.411629 3945399.622493 0.000000 0.000000
444966.406429 3945399.507728 0.000000 -0.000000
444966.401230 3945399.392964 0.000000 -0.000000
444966.396031 3945399.278200 0.000000 0.000000
444966.390831 3945399.163435 0.000000 -0.000000
444966.385632 3945399.048671 0.000000 -0.000000
444966.380432 3945398.933906 0.000000 -0.000000
444966.375233 3945398.819142 0.000000 -0.000000
444966.370033 3945398.704378 0.000000 -0.000000
444966.364834 3945398.589613 0.000000 -0.000000
444966.359635 3945398.474849 0.000000 0.000000
444966.354435 3945398.360085 0.000000 -0.000000
444966.349236 3945398.245320 0.000000 -0.000000
444966.344036 3945398.130556 0.000000 0.000000
444966.338837 3945398.015791 0.000000 -0.000000
444966.333637 3945397.901027 0.000000 0.000000
444966.328438 3945397.786263 0.000000 -0.000000
444966.323238 3945397.671498 0.000000 -0.000000
444966.318039 3945397.556734 0.000000 -0.000000
444966.312840 3945397.441969 0.000000 0.000000
444966.307640 3945397.327205 0.000000 0.000000
444966.302441 3945397.212441 0.000000 0.000000
444966.297241 3945397.097676 0.000000 -0.000000
444966.292042 3945396.982912 0.000000 -0.000000
444966.286842 3945396.868147 0.000000 -0.000000
444966.281643 3945396.753383 0.000000 -0.000000
444966.276444 3945396.638619 0.000000 0.000000
444966.271244 3945396.523854 0.000000 0.000000
444966.266045 3945396.409090 0.000000 -0.000000
444966.260845 3945396.294326 0.000000 -0.000000
444966.255646 3945396.179561 0.000000 -0.000000
444966.250446 3945396.064797 0.000000 -0.000000
444966.245247 3945395.950032 0.000000 0.000000
444966.240047 3945395.835268 0.000000 -0.000000
444966.234848 3945395.720504 0.000000 0.000000
444966.229649 3945395.605739 0.000000 0.000000
444966.224449 3945395.490975 0.000000 -0.000000
444966.219250 3945395.376210 0.000000 -0.000000
444966.214050 3945395.261446 0.000000 0.000000
444966.208851 3945395.146682 0.000000 -0.000000
444966.203651 3945395.031917 0.000000 -0.000000
444966.198452 3945394.917153 0.000000 0.000000
444966.193253 3945394.802388 0.000000 -0.000000
444966.188053 3945394.687624 0.000000 -0.000000
444966.182854 3945394.572860 0.000000 0.000000
444966.177654 3945394.458095 0.000000 0.000000
444966.172455 3945394.343331 0.000000 -0.000000
444966.167255 3945394.228567 0.000000 0.000000
444966.162056 3945394.113802 0.000000 0.000000
444966.156856 3945393.999038 0.000000 0.000000
444966.151657 3945393.884273 0.000000 0.000000
444966.146458 3945393.769509 0.000000 0.000000
444966.141258 3945393.654745 0.000000 -0.000000
444966.136059 3945393.539980 0.000000 -0.000000
444966.130859 3945393.425216 0.000000 0.000000
444966.125660 3945393.310451 0.000000 -0.000000
444966.120460 3945393.195687 0.000000 0.000000
444966.115261 3945393.080923 0.000000 -0.000000
444966.110062 3945392.966158 0.000000 -0.000000
444966.104862 3945392.851394 0.000000 -0.000000
444966.099663 3945392.736630 0.000000 -0.000000
444966.094463 3945392.621865 0.000000 -0.000000
444966.089264 3945392.507101 0.000000 0.000000
444966.084064 3945392.392336 0.000000 -0.000000
444966.078865 3945392.277572 0.000000 0.000000
444966.073665 3945392.162808 0.000000 -0.000000
444966.068466 3945392.048043 0.000000 -0.000000
444966.063267 3945391.933279 0.000000 -0.000000
444966.058067 3945391.818514 0.000000 0.000000
444966.052868 3945391.703750 0.000000 0.000000
444966.047668 3945391.588986 0.000000 -0.000000
444966.042469 3945391.474221 0.000000 -0.000000
444966.037269 3945391.359457 0.000000 -0.000000
444966.032070 3945391.244692 0.000000 0.000000
444966.026871 3945391.129928 0.000000 0.000000
444966.021671 3945391.015164 0.000000 0.000000
444966.016472 3945390.900399 0.000000 0.000000
444966.011272 3945390.785635 0.000000 -0.000000
444966.006073 3945390.670871 0.000000 -0.000000
444966.000873 3945390.556106 0.000000 0.000000
444965.995674 3945390.441342 0.000000 0.000000
444965.990474 3945390.326577 0.000000 0.000000
444965.985275 3945390.211813 0.000000 -0.000000
444965.980076 3945390.097049 0.000000 0.000000
444965.974876 3945389.982284 0.000000 0.000000
444965.969677 3945389.867520 0.000000 -0.000000
444965.964477 3945389.752755 0.000000 -0.000000
444965.959278 3945389.637991 0.000000 -0.000000
444965.954078 3945389.523227 0.000000 -0.000000
444965.948879 3945389.408462 0.000000 0.000000
444965.943680 3945389.293698 0.000000 0.000000
444965.938480 3945389.178933 0.000000 0.000000
444965.933281 3945389.064169 0.000000 0.000000
444965.928081 3945388.949405 0.000000 -0.000000
444965.922882 3945388.834640 0.000000 -0.000000
444965.917682 3945388.719876 0.000000 0.000000
444965.912483 3945388.605112 0.000000 0.000000
444965.907284 3945388.490347 0.000000 0.000000
444965.902084 3945388.375583 0.000000 -0.000000
444965.896885 3945388.260818 0.000000 -0.000000
444965.891685 3945388.146054 0.000000 -0.000000
444965.886486 3945388.031290 0.000000 0.000000
444965.881286 3945387.916525 0.000000 0.000000
444965.876087 3945387.801761 0.000000 0.000000
444965.870887 3945387.686996 0.000000 0.000000
444965.865688 3945387.572232 0.000000 -0.000000
444965.860489 3945387.457468 0.000000 -0.000000
444965.855289 3945387.342703 0.000000 -0.000000
444965.850090 3945387.227939 0.000000 -0.000000
444965.844890 3945387.113174 0.000000 -0.000000
444965.839691 3945386.998410 0.000000 0.000000
444965.834491 3945386.883646 0.000000 -0.000000
444965.829292 3945386.768881 0.000000 0.000000
444965.824093 3945386.654117 0.000000 -0.000000
444965.818893 3945386.539353 0.000000 0.000000
444965.813694 3945386.424588 0.000000 0.000000
444965.808494 3945386.309824 0.000000 -0.000000
444965.803295 3945386.195059 0.000000 0.000000
444965.798095 3945386.080295 0.000000 -0.000000
444965.792896 3945385.965531 0.000000 -0.000000
444965.787696 3945385.850766 0.000000 0.000000
444965.782497 3945385.736002 0.000000 -0.000000
444965.777298 3945385.621237 0.000000 -0.000000
444965.772098 3945385.506473 0.000000 -0.000000
444965.766899 3945385.391709 0.000000 -0.000000
444965.761699 3945385.276944 0.000000 0.000000
444965.756500 3945385.162180 0.000000 -0.000000
444965.751300 3945385.047416 0.000000 0.000000
444965.746101 3945384.932651 0.000000 -0.000000
444965.740902 3945384.817887 0.000000 0.000000
444965.735702 3945384.703122 0.000000 0.000000
444965.730503 3945384.588358 0.000000 0.000000
444965.725303 3945384.473594 0.000000 0.000000
444965.720104 3945384.358829 0.000000 0.000000
444965.714904 3945384.244065 0.000000 0.000000
444965.709705 3945384.129300 0.000000 -0.000000
444965.704505 3945384.014536 0.000000 -0.000000
444965.699306 3945383.899772 0.000000 0.000000
444965.694107 3945383.785007 0.000000 0.000000
444965.688907 3945383.670243 0.000000 -0.000000
444965.683708 3945383.555478 0.000000 0.000000
444965.678508 3945383.440714 0.000000 0.000000
444965.673309 3945383.325950 0.000000 0.000000
444965.668109 3945383.211185 0.000000 0.000000
444965.662910 3945383.096421 0.000000 0.000000
444965.657711 3945382.981657 0.000000 0.000000
444965.652511 3945382.866892 0.000000 0.000000
444965.647312 3945382.752128 0.000000 0.000000
444965.642112 3945382.637363 0.000000 0.000000
444965.636913 3945382.522599 0.000000 -0.000000
444965.631713 3945382.407835 0.000000 -0.000000
444965.626514 3945382.293070 0.000000 0.000000
444965.621314 3945382.178306 0.000000 -0.000000
444965.616115 3945382.063541 0.000000 0.000000
444965.610916 3945381.948777 0.000000 0.000000
444965.605716 3945381.834013 0.000000 -0.000000
444965.600517 3945381.719248 0.000000 0.000000
444965.595317 3945381.604484 0.000000 0.000000
444965.590118 3945381.489719 0.000000 -0.000000
444965.584918 3945381.374955 0.000000 -0.000000
444965.579719 3945381.260191 0.000000 -0.000000
444965.574520 3945381.145426 0.000000 0.000000
444965.569320 3945381.030662 0.000000 -0.000000
444965.564121 3945380.915898 0.000000 -0.000000
444965.558921 3945380.801133 0.000000 0.000000
444965.553722 3945380.686369 0.000000 0.000000
444965.548522 3945380.571604 0.000000 0.000000
444965.543323 3945380.456840 0.000000 0.000000
444965.538123 3945380.342076 0.000000 0.000000
444965.532924 3945380.227311 0.000000 0.000000
444965.527673 3945380.111399 0.000000 -0.000000
444965.522317 3945379.993192 0.000000 -0.000000
444965.516858 3945379.872689 0.000000 -0.000000
444965.511294 3945379.749891 0.000000 -0.000000
444965.505627 3945379.624798 0.000000 0.000000
444965.499856 3945379.497410 0.000000 -0.000000
444965.493980 3945379.367726 0.000000 0.000000
444965.488001 3945379.235747 0.000000 0.000000
444965.481918 3945379.101473 0.000000 -0.000000
444965.475730 3945378.964903 0.000000 0.000000
444965.469439 3945378.826038 0.000000 -0.000000
444965.463044 3945378.684878 0.000000 0.000000
444965.456544 3945378.541422 0.000000 -0.000000
444965.449941 3945378.395672 0.000000 0.000000
444965.443234 3945378.247626 0.000000 0.000000
444965.436422 3945378.097284 0.000000 0.000000
444965.429507 3945377.944648 0.000000 -0.000000
444965.422488 3945377.789716 0.000000 0.000000
444965.415365 3945377.632488 0.000000 0.000000
444965.408138 3945377.472966 0.000000 -0.000000
444965.400806 3945377.311148 0.000000 0.000000
444965.393371 3945377.147035 0.000000 -0.000000
444965.385832 3945376.980627 0.000000 -0.000000
444965.378189 3945376.811923 0.000000 0.000000
444965.370442 3945376.640924 0.000000 -0.000000
444965.362590 3945376.467630 0.000000 -0.000000
444965.354635 3945376.292040 0.000000 -0.000000
444965.346576 3945376.114156 0.000000 -0.000000
444965.338413 3945375.933975 0.000000 -0.000000
444965.330146 3945375.751500 0.000000 -0.000000
444965.321775 3945375.566729 0.000000 -0.000000
444965.313300 3945375.379663 0.000000 -0.000000
444965.304721 3945375.190302 0.000000 -0.000000
444965.296038 3945374.998646 0.000000 -0.000000
444965.287251 3945374.804694 0.000000 -0.000000
444965.278360 3945374.608447 0.000000 -0.000000
444965.269365 3945374.409904 0.000000 -0.000000
444965.260266 3945374.209067 0.000000 -0.000000
444965.251063 3945374.005934 0.000000 -0.000000
444965.241756 3945373.800505 0.000000 -0.000000
444965.232345 3945373.592782 0.000000 -0.000000
444965.222830 3945373.382763 0.000000 -0.000000
444965.213211 3945373.170449 0.000000 -0.000000
444965.203488 3945372.955840 0.000000 -0.000000
444965.193661 3945372.738935 0.000000 -0.000000
444965.183730 3945372.519735 0.000000 -0.000000
444965.173695 3945372.298240 0.000000 -0.000000
444965.163556 3945372.074449 0.000000 -0.000000
444965.153313 3945371.848363 0.000000 -0.000000
