444980.635782 3945463.069793 0.000000 0.000000
444980.647602 3945463.414748 0.000000 -0.001025
444980.660073 3945463.754850 0.000000 -0.002050
444980.673196 3945464.090099 0.000000 -0.003074
444980.686970 3945464.420495 0.000000 -0.004099
444980.701395 3945464.746038 0.000000 -0.005124
444980.716472 3945465.066727 0.000000 -0.006149
444980.732199 3945465.382564 0.000000 -0.007174
444980.748579 3945465.693547 0.000000 -0.008198
444980.765609 3945465.999678 0.000000 -0.009223
444980.783291 3945466.300955 0.000000 -0.010248
444980.801625 3945466.597379 0.000000 -0.011273
444980.820609 3945466.888950 0.000000 -0.012298
444980.840245 3945467.175667 0.000000 -0.013323
444980.860533 3945467.457532 0.000000 -0.014347
444980.881472 3945467.734544 0.000000 -0.015372
444980.903062 3945468.006702 0.000000 -0.016397
444980.925303 3945468.274007 0.000000 -0.017422
444980.948196 3945468.536459 0.000000 -0.018447
444980.971740 3945468.794058 0.000000 -0.019565
444980.995935 3945469.046804 0.000000 -0.020774
444981.020782 3945469.294697 0.000000 -0.022084
444981.046280 3945469.537736 0.000000 -0.023505
444981.072429 3945469.775923 0.000000 -0.025049
444981.099230 3945470.009256 0.000000 -0.026730
444981.126682 3945470.237736 0.000000 -0.028562
444981.154786 3945470.461363 0.000000 -0.030563
444981.183540 3945470.680137 0.000000 -0.032755
444981.212947 3945470.894058 0.000000 -0.035158
444981.243004 3945471.103126 0.000000 -0.037788
444981.273713 3945471.307340 0.000000 -0.040664
444981.305073 3945471.506702 0.000000 -0.043803
444981.337085 3945471.701210 0.000000 -0.047225
444981.369747 3945471.890865 0.000000 -0.050950
444981.403062 3945472.075667 0.000000 -0.054995
444981.437027 3945472.255616 0.000000 -0.059381
444981.471644 3945472.430712 0.000000 -0.064124
444981.506912 3945472.600955 0.000000 -0.069242
444981.542832 3945472.766344 0.000000 -0.074748
444981.579403 3945472.926881 0.000000 -0.080656
444981.616625 3945473.082564 0.000000 -0.086972
444981.654498 3945473.233394 0.000000 -0.093701
444981.693023 3945473.379371 0.000000 -0.100841
444981.732199 3945473.520495 0.000000 -0.108383
444981.772027 3945473.656766 0.000000 -0.116312
444981.812506 3945473.788183 0.000000 -0.124601
444981.853636 3945473.914748 0.000000 -0.133215
444981.895418 3945474.036459 0.000000 -0.142106
444981.937851 3945474.153317 0.000000 -0.151215
444981.980935 3945474.265323 0.000000 -0.160468
444982.024671 3945474.372475 0.000000 -0.169777
444982.069489 3945474.476086 0.000000 -0.179120
444982.115819 3945474.577468 0.000000 -0.188505
444982.163663 3945474.676621 0.000000 -0.197873
444982.213020 3945474.773546 0.000000 -0.207163
444982.263890 3945474.868241 0.000000 -0.216306
444982.316273 3945474.960708 0.000000 -0.225231
444982.370169 3945475.050946 0.000000 -0.233867
444982.425578 3945475.138956 0.000000 -0.242139
444982.482500 3945475.224736 0.000000 -0.249979
444982.540934 3945475.308288 0.000000 -0.257319
444982.600882 3945475.389611 0.000000 -0.264100
444982.662343 3945475.468705 0.000000 -0.270273
444982.725317 3945475.545570 0.000000 -0.275800
444982.789804 3945475.620206 0.000000 -0.280654
444982.855804 3945475.692614 0.000000 -0.284825
444982.923317 3945475.762792 0.000000 -0.288316
444982.992343 3945475.830742 0.000000 -0.291146
444983.062882 3945475.896463 0.000000 -0.293349
444983.134935 3945475.959956 0.000000 -0.294926
444983.208500 3945476.021219 0.000000 -0.295843
444983.283578 3945476.080254 0.000000 -0.296090
444983.360169 3945476.137060 0.000000 -0.295666
444983.438273 3945476.191637 0.000000 -0.294574
444983.517890 3945476.243985 0.000000 -0.292828
444983.599020 3945476.294104 0.000000 -0.290448
444983.681663 3945476.341995 0.000000 -0.287459
444983.765819 3945476.387656 0.000000 -0.283635
444983.851489 3945476.431089 0.000000 -0.278768
444983.938671 3945476.472293 0.000000 -0.272928
444984.027366 3945476.511269 0.000000 -0.266194
444984.117574 3945476.548015 0.000000 -0.258654
444984.209296 3945476.582533 0.000000 -0.250399
444984.302530 3945476.614822 0.000000 -0.241520
444984.397277 3945476.644882 0.000000 -0.232111
444984.493537 3945476.672713 0.000000 -0.222261
444984.591311 3945476.698315 0.000000 -0.212057
444984.690597 3945476.721689 0.000000 -0.201580
444984.791396 3945476.742833 0.000000 -0.190906
444984.893709 3945476.761749 0.000000 -0.180104
444984.997534 3945476.778436 0.000000 -0.169236
444985.102872 3945476.792895 0.000000 -0.158360
444985.209724 3945476.805124 0.000000 -0.147523
444985.318088 3945476.815125 0.000000 -0.136770
444985.427966 3945476.822897 0.000000 -0.126139
444985.539356 3945476.828440 0.000000 -0.115660
444985.652259 3945476.831754 0.000000 -0.105360
444985.766676 3945476.832839 0.000000 -0.095263
444985.882605 3945476.831696 0.000000 -0.085384
444986.000048 3945476.828323 0.000000 -0.075739
444986.119003 3945476.822722 0.000000 -0.066338
444986.239912 3945476.815940 0.000000 -0.057481
444986.363216 3945476.809023 0.000000 -0.049437
444986.488913 3945476.801971 0.000000 -0.042169
444986.617005 3945476.794786 0.000000 -0.035637
444986.747491 3945476.787466 0.000000 -0.029802
444986.880372 3945476.780012 0.000000 -0.024623
444987.015646 3945476.772423 0.000000 -0.020058
444987.153315 3945476.764700 0.000000 -0.016069
444987.293378 3945476.756843 0.000000 -0.012615
444987.435835 3945476.748852 0.000000 -0.009660
444987.580687 3945476.740726 0.000000 -0.007168
444987.727933 3945476.732466 0.000000 -0.005104
444987.877573 3945476.724071 0.000000 -0.003435
444988.029607 3945476.715543 0.000000 -0.002130
444988.184035 3945476.706880 0.000000 -0.001161
444988.340858 3945476.698082 0.000000 -0.000500
444988.500075 3945476.689151 0.000000 -0.000121
444988.661686 3945476.680085 0.000000 0.000000
444988.825692 3945476.670885 0.000000 0.000000
444988.992091 3945476.661550 0.000000 -0.000000
444989.160885 3945476.652081 0.000000 -0.000000
444989.332073 3945476.642478 0.000000 0.000000
444989.505656 3945476.632741 0.000000 -0.000000
444989.681632 3945476.622869 0.000000 -0.000000
444989.860003 3945476.612863 0.000000 -0.000000
444990.040768 3945476.602722 0.000000 0.000000
444990.223928 3945476.592448 0.000000 -0.000000
444990.409481 3945476.582038 0.000000 -0.000000
444990.597429 3945476.571495 0.000000 -0.000000
444990.787771 3945476.560817 0.000000 -0.000000
444990.980507 3945476.550006 0.000000 -0.000000
444991.175638 3945476.539059 0.000000 -0.000000
444991.373163 3945476.527979 0.000000 -0.000000
444991.573082 3945476.516764 0.000000 -0.000000
444991.775395 3945476.505415 0.000000 -0.000000
444991.980103 3945476.493931 0.000000 -0.000000
444992.187204 3945476.482313 0.000000 -0.000000
444992.396700 3945476.470561 0.000000 0.000000
444992.608591 3945476.458675 0.000000 0.000000
444992.822875 3945476.446654 0.000000 0.000000
444993.039554 3945476.434499 0.000000 0.000000
444993.258627 3945476.422209 0.000000 0.000000
444993.480094 3945476.409786 0.000000 0.000000
444993.703955 3945476.397228 0.000000 0.000000
444993.930211 3945476.384535 0.000000 0.000000
444994.158861 3945476.371709 0.000000 0.000000
444994.389905 3945476.358748 0.000000 0.000000
444994.623344 3945476.345653 0.000000 0.000000
444994.859176 3945476.332423 0.000000 0.000000
