444928.199965 3945244.596715 0.000000 0.000000
444928.199965 3945244.840603 0.000000 -0.000000
444928.199965 3945245.082040 0.000000 -0.000000
444928.199965 3945245.321026 0.000000 -0.000000
444928.199965 3945245.557561 0.000000 -0.000000
444928.199965 3945245.791644 0.000000 -0.000000
444928.199965 3945246.023277 0.000000 -0.000000
444928.199965 3945246.252458 0.000000 -0.000000
444928.199965 3945246.479188 0.000000 -0.000000
444928.199965 3945246.703467 0.000000 -0.000000
444928.199965 3945246.925295 0.000000 -0.000000
444928.199965 3945247.144671 0.000000 -0.000000
444928.199965 3945247.361597 0.000000 -0.000000
444928.199965 3945247.576071 0.000000 -0.000000
444928.199965 3945247.788095 0.000000 -0.000000
444928.199965 3945247.997667 0.000000 -0.000000
444928.199965 3945248.204788 0.000000 -0.000000
444928.199965 3945248.409458 0.000000 -0.000000
444928.199965 3945248.611676 0.000000 -0.000000
444928.199965 3945248.811444 0.000000 -0.000000
444928.199965 3945249.008761 0.000000 -0.000000
444928.199965 3945249.203626 0.000000 -0.000000
444928.199965 3945249.396040 0.000000 -0.000000
444928.199965 3945249.586003 0.000000 -0.000000
444928.199965 3945249.773515 0.000000 -0.000000
444928.199965 3945249.958576 0.000000 -0.000000
444928.199965 3945250.141185 0.000000 0.000000
444928.199965 3945250.321344 0.000000 0.000000
444928.199965 3945250.499051 0.000000 -0.000000
444928.199965 3945250.674308 0.000000 0.000000
444928.199965 3945250.847113 0.000000 -0.000000
444928.199965 3945251.017467 0.000000 0.000000
444928.199965 3945251.185370 0.000000 0.000000
444928.199965 3945251.350821 0.000000 -0.000000
444928.199965 3945251.513822 0.000000 -0.000000
444928.199965 3945251.674371 0.000000 -0.000000
444928.199965 3945251.832470 0.000000 0.000000
444928.199965 3945251.988117 0.000000 0.000000
444928.199965 3945252.141313 0.000000 -0.000000
444928.199965 3945252.292058 0.000000 0.000000
444928.199965 3945252.440351 0.000000 -0.000000
444928.199965 3945252.586194 0.000000 0.000000
444928.199965 3945252.729585 0.000000 0.000000
444928.199965 3945252.870526 0.000000 -0.000000
444928.199965 3945253.009015 0.000000 -0.000000
444928.199965 3945253.145053 0.000000 0.000000
444928.199965 3945253.278640 0.000000 -0.000000
444928.199965 3945253.409776 0.000000 -0.000000
444928.199965 3945253.538460 0.000000 -0.000000
444928.199965 3945253.664694 0.000000 0.000000
444928.199965 3945253.788476 0.000000 -0.000000
444928.199965 3945253.911033 0.000000 0.000000
444928.199965 3945254.033590 0.000000 0.000000
444928.199965 3945254.156147 0.000000 0.000000
444928.199965 3945254.278704 0.000000 -0.000000
444928.199965 3945254.401260 0.000000 -0.000000
444928.199965 3945254.523817 0.000000 -0.000000
444928.199965 3945254.646374 0.000000 0.000000
444928.199965 3945254.768931 0.000000 0.000000
444928.199965 3945254.891488 0.000000 0.000000
444928.199965 3945255.014044 0.000000 0.000000
444928.199965 3945255.136601 0.000000 0.000000
444928.199965 3945255.259158 0.000000 -0.000000
444928.199965 3945255.381715 0.000000 0.000000
444928.199965 3945255.504272 0.000000 -0.000000
444928.199965 3945255.626829 0.000000 0.000000
444928.199965 3945255.749385 0.000000 0.000000
444928.199965 3945255.871942 0.000000 -0.000000
444928.199965 3945255.994499 0.000000 0.000000
444928.199965 3945256.117056 0.000000 -0.000000
444928.199965 3945256.239613 0.000000 0.000000
444928.199965 3945256.362169 0.000000 0.000000
444928.199965 3945256.484726 0.000000 0.000000
444928.199965 3945256.607283 0.000000 -0.000000
444928.199965 3945256.729840 0.000000 0.000000
444928.199965 3945256.852397 0.000000 -0.000000
444928.199965 3945256.974954 0.000000 0.000000
444928.199965 3945257.097510 0.000000 -0.000000
444928.199965 3945257.220067 0.000000 0.000000
444928.199965 3945257.342624 0.000000 0.000000
444928.199965 3945257.465181 0.000000 0.000000
444928.199965 3945257.587738 0.000000 0.000000
444928.199965 3945257.710294 0.000000 -0.000000
444928.199965 3945257.832851 0.000000 -0.000000
444928.199965 3945257.955408 0.000000 -0.000000
444928.199965 3945258.077965 0.000000 -0.000000
444928.199965 3945258.200522 0.000000 0.000000
444928.199965 3945258.323078 0.000000 -0.000000
444928.199965 3945258.445635 0.000000 -0.000000
444928.199965 3945258.568192 0.000000 -0.000000
444928.199965 3945258.690749 0.000000 0.000000
444928.199965 3945258.813306 0.000000 0.000000
444928.199965 3945258.935863 0.000000 0.000000
444928.199965 3945259.058419 0.000000 -0.000000
444928.199965 3945259.180976 0.000000 -0.000000
444928.199965 3945259.303533 0.000000 -0.000000
444928.199965 3945259.426090 0.000000 -0.000000
444928.199965 3945259.548647 0.000000 0.000000
444928.199965 3945259.671203 0.000000 0.000000
444928.199965 3945259.793760 0.000000 -0.000000
444928.199965 3945259.916317 0.000000 0.000000
444928.199965 3945260.038874 0.000000 0.000000
444928.199965 3945260.161431 0.000000 0.000000
444928.199965 3945260.283988 0.000000 -0.000000
444928.199965 3945260.406544 0.000000 -0.000000
444928.199965 3945260.529101 0.000000 -0.000000
444928.199965 3945260.651658 0.000000 -0.000000
444928.199965 3945260.774215 0.000000 -0.000000
444928.199965 3945260.896772 0.000000 0.000000
444928.199965 3945261.019328 0.000000 0.000000
444928.199965 3945261.141885 0.000000 0.000000
444928.199965 3945261.264442 0.000000 0.000000
444928.199965 3945261.386999 0.000000 0.000000
444928.199965 3945261.509556 0.000000 -0.000000
444928.199965 3945261.632112 0.000000 -0.000000
444928.199965 3945261.754669 0.000000 -0.000000
444928.199965 3945261.877226 0.000000 0.000000
444928.199965 3945261.999783 0.000000 -0.000000
444928.199965 3945262.122340 0.000000 0.000000
444928.199965 3945262.244897 0.000000 0.000000
444928.199965 3945262.367453 0.000000 0.000000
444928.199965 3945262.490010 0.000000 0.000000
444928.199965 3945262.612567 0.000000 -0.000000
444928.199965 3945262.735124 0.000000 0.000000
444928.199965 3945262.857681 0.000000 0.000000
444928.199965 3945262.980237 0.000000 -0.000000
444928.199965 3945263.102794 0.000000 0.000000
444928.199965 3945263.225351 0.000000 -0.000000
444928.199965 3945263.347908 0.000000 0.000000
444928.199965 3945263.470465 0.000000 0.000000
444928.199965 3945263.593022 0.000000 0.000000
444928.199965 3945263.715578 0.000000 -0.000000
444928.199965 3945263.838135 0.000000 0.000000
444928.199965 3945263.960692 0.000000 -0.000000
444928.199965 3945264.083249 0.000000 -0.000000
444928.199965 3945264.205806 0.000000 -0.000000
444928.199965 3945264.328362 0.000000 0.000000
444928.199965 3945264.450919 0.000000 0.000000
444928.199965 3945264.573476 0.000000 0.000000
444928.199965 3945264.696033 0.000000 -0.000000
444928.199965 3945264.818590 0.000000 0.000000
444928.199965 3945264.941146 0.000000 0.000000
444928.199965 3945265.063703 0.000000 0.000000
444928.199965 3945265.186260 0.000000 0.000000
444928.199965 3945265.308817 0.000000 0.000000
444928.199965 3945265.431374 0.000000 0.000000
444928.199965 3945265.553931 0.000000 -0.000000
444928.199965 3945265.676487 0.000000 -0.000000
444928.199965 3945265.799044 0.000000 -0.000000
444928.199965 3945265.921601 0.000000 0.000000
444928.199965 3945266.044158 0.000000 0.000000
444928.199965 3945266.166715 0.000000 0.000000
444928.199965 3945266.289271 0.000000 0.000000
444928.199965 3945266.411828 0.000000 -0.000000
444928.199965 3945266.534385 0.000000 -0.000000
444928.199965 3945266.656942 0.000000 -0.000000
444928.199965 3945266.779499 0.000000 -0.000000
444928.199965 3945266.902056 0.000000 0.000000
444928.199965 3945267.024612 0.000000 0.000000
444928.199965 3945267.147169 0.000000 0.000000
444928.199965 3945267.269726 0.000000 0.000000
444928.199965 3945267.392283 0.000000 0.000000
444928.199965 3945267.514840 0.000000 0.000000
444928.199965 3945267.637396 0.000000 -0.000000
444928.199965 3945267.759953 0.000000 -0.000000
444928.199965 3945267.882510 0.000000 -0.000000
444928.199965 3945268.005067 0.000000 -0.000000
444928.199965 3945268.127624 0.000000 -0.000000
444928.199965 3945268.250180 0.000000 -0.000000
444928.199965 3945268.372737 0.000000 -0.000000
444928.199965 3945268.495294 0.000000 0.000000
444928.199965 3945268.617851 0.000000 0.000000
444928.199965 3945268.740408 0.000000 -0.000000
444928.199965 3945268.862965 0.000000 -0.000000
444928.199965 3945268.985521 0.000000 0.000000
444928.199965 3945269.108078 0.000000 -0.000000
444928.199965 3945269.230635 0.000000 0.000000
444928.199965 3945269.353192 0.000000 -0.000000
444928.199965 3945269.475749 0.000000 0.000000
444928.199965 3945269.598305 0.000000 0.000000
444928.199965 3945269.720862 0.000000 0.000000
444928.199965 3945269.843419 0.000000 0.000000
444928.199965 3945269.965976 0.000000 0.000000
444928.199965 3945270.088533 0.000000 0.000000
444928.199965 3945270.211090 0.000000 -0.000000
444928.199965 3945270.333646 0.000000 0.000000
444928.199965 3945270.456203 0.000000 -0.000000
444928.199965 3945270.578760 0.000000 0.000000
444928.199965 3945270.701317 0.000000 0.000000
444928.199965 3945270.823874 0.000000 0.000000
444928.199965 3945270.946430 0.000000 0.000000
444928.199965 3945271.068987 0.000000 0.000000
444928.199965 3945271.191544 0.000000 0.000000
444928.199965 3945271.314101 0.000000 0.000000
444928.199965 3945271.436658 0.000000 -0.000000
444928.199965 3945271.559215 0.000000 0.000000
444928.199965 3945271.681771 0.000000 -0.000000
444928.199965 3945271.804328 0.000000 -0.000000
444928.199965 3945271.926885 0.000000 -0.000000
444928.199965 3945272.049442 0.000000 0.000000
444928.199965 3945272.171999 0.000000 0.000000
444928.199965 3945272.294555 0.000000 0.000000
444928.199965 3945272.417112 0.000000 0.000000
444928.199965 3945272.539669 0.000000 -0.000000
444928.199965 3945272.662226 0.000000 -0.000000
444928.199965 3945272.784783 0.000000 -0.000000
444928.199965 3945272.907339 0.000000 -0.000000
444928.199965 3945273.029896 0.000000 -0.000000
444928.199965 3945273.152453 0.000000 0.000000
444928.199965 3945273.275010 0.000000 0.000000
444928.199965 3945273.397567 0.000000 0.000000
444928.199965 3945273.520124 0.000000 -0.000000
444928.199965 3945273.642680 0.000000 0.000000
444928.199965 3945273.765237 0.000000 -0.000000
444928.199965 3945273.887794 0.000000 -0.000000
444928.199965 3945274.010351 0.000000 0.000000
444928.199965 3945274.132908 0.000000 -0.000000
444928.199965 3945274.255464 0.000000 0.000000
444928.199965 3945274.378021 0.000000 -0.000000
444928.199965 3945274.500578 0.000000 0.000000
444928.199965 3945274.623135 0.000000 -0.000000
444928.199965 3945274.745692 0.000000 0.000000
444928.199965 3945274.868249 0.000000 -0.000000
444928.199965 3945274.990805 0.000000 0.000000
444928.199965 3945275.113362 0.000000 -0.000000
444928.199965 3945275.235919 0.000000 -0.000000
444928.199965 3945275.358476 0.000000 -0.000000
444928.199965 3945275.481033 0.000000 -0.000000
444928.199965 3945275.603589 0.000000 -0.000000
444928.199965 3945275.726146 0.000000 0.000000
444928.199965 3945275.848703 0.000000 0.000000
444928.199965 3945275.971260 0.000000 0.000000
444928.199965 3945276.093817 0.000000 0.000000
444928.199965 3945276.216373 0.000000 -0.000000
444928.199965 3945276.338930 0.000000 0.000000
444928.199965 3945276.461487 0.000000 0.000000
444928.199965 3945276.584044 0.000000 -0.000000
444928.199965 3945276.706601 0.000000 0.000000
444928.199965 3945276.829158 0.000000 0.000000
444928.199965 3945276.951714 0.000000 -0.000000
444928.199965 3945277.074271 0.000000 0.000000
444928.199965 3945277.196828 0.000000 -0.000000
444928.199965 3945277.319385 0.000000 0.000000
444928.199965 3945277.441942 0.000000 -0.000000
444928.199965 3945277.564498 0.000000 0.000000
444928.199965 3945277.687055 0.000000 0.000000
444928.199965 3945277.809612 0.000000 -0.000000
444928.199965 3945277.932169 0.000000 -0.000000
444928.199965 3945278.054726 0.000000 -0.000000
444928.199965 3945278.177283 0.000000 0.000000
444928.199965 3945278.299839 0.000000 0.000000
444928.199965 3945278.422396 0.000000 0.000000
444928.199965 3945278.544953 0.000000 0.000000
444928.199965 3945278.667510 0.000000 0.000000
444928.199965 3945278.790067 0.000000 -0.000000
444928.199965 3945278.912623 0.000000 -0.000000
444928.199965 3945279.035180 0.000000 -0.000000
444928.199965 3945279.157737 0.000000 -0.000000
444928.199965 3945279.280294 0.000000 0.000000
444928.199965 3945279.402851 0.000000 -0.000000
444928.199965 3945279.525407 0.000000 0.000000
444928.199965 3945279.647964 0.000000 0.000000
444928.199965 3945279.770521 0.000000 0.000000
444928.199965 3945279.893078 0.000000 0.000000
444928.199965 3945280.015635 0.000000 0.000000
444928.199965 3945280.138192 0.000000 0.000000
444928.199965 3945280.260748 0.000000 0.000000
444928.199965 3945280.383305 0.000000 -0.000000
444928.199965 3945280.505862 0.000000 0.000000
444928.199965 3945280.628419 0.000000 0.000000
444928.199965 3945280.750976 0.000000 0.000000
444928.199965 3945280.873532 0.000000 0.000000
444928.199965 3945280.996089 0.000000 0.000000
444928.199965 3945281.118646 0.000000 -0.000000
444928.199965 3945281.241203 0.000000 -0.000000
444928.199965 3945281.363760 0.000000 -0.000000
444928.199965 3945281.486317 0.000000 -0.000000
444928.199965 3945281.608873 0.000000 -0.000000
444928.199965 3945281.731430 0.000000 0.000000
444928.199965 3945281.853987 0.000000 0.000000
444928.199965 3945281.976544 0.000000 0.000000
444928.199965 3945282.099101 0.000000 0.000000
444928.199965 3945282.221657 0.000000 0.000000
444928.199965 3945282.344214 0.000000 -0.000000
444928.199965 3945282.466771 0.000000 -0.000000
444928.199965 3945282.589328 0.000000 -0.000000
444928.199965 3945282.711885 0.000000 -0.000000
444928.199965 3945282.834441 0.000000 0.000000
444928.199965 3945282.956998 0.000000 0.000000
444928.199965 3945283.079555 0.000000 -0.000000
444928.199965 3945283.202112 0.000000 0.000000
444928.199965 3945283.324669 0.000000 0.000000
444928.199965 3945283.447226 0.000000 0.000000
444928.199965 3945283.569782 0.000000 -0.000000
444928.199965 3945283.692339 0.000000 -0.000000
444928.199965 3945283.814896 0.000000 0.000000
444928.199965 3945283.937453 0.000000 0.000000
444928.199965 3945284.060010 0.000000 -0.000000
444928.199965 3945284.182566 0.000000 0.000000
444928.199965 3945284.305123 0.000000 0.000000
444928.199965 3945284.427680 0.000000 0.000000
444928.199965 3945284.550237 0.000000 0.000000
444928.199965 3945284.672794 0.000000 0.000000
444928.199965 3945284.795351 0.000000 -0.000000
444928.199965 3945284.917907 0.000000 -0.000000
444928.199965 3945285.040464 0.000000 -0.000000
444928.199965 3945285.163021 0.000000 -0.000000
444928.199965 3945285.285578 0.000000 0.000000
444928.199965 3945285.408135 0.000000 0.000000
444928.199965 3945285.530691 0.000000 -0.000000
444928.199965 3945285.653248 0.000000 0.000000
444928.199965 3945285.775805 0.000000 0.000000
444928.199965 3945285.898362 0.000000 -0.000000
444928.199965 3945286.020919 0.000000 -0.000000
444928.199965 3945286.143476 0.000000 -0.000000
444928.199965 3945286.266032 0.000000 -0.000000
444928.199965 3945286.388589 0.000000 0.000000
444928.199965 3945286.511146 0.000000 -0.000000
444928.199965 3945286.633703 0.000000 -0.000000
444928.199965 3945286.756260 0.000000 0.000000
444928.199965 3945286.878816 0.000000 -0.000000
444928.199965 3945287.001373 0.000000 0.000000
444928.199965 3945287.123930 0.000000 0.000000
444928.199965 3945287.246487 0.000000 -0.000000
444928.199965 3945287.369044 0.000000 -0.000000
444928.199965 3945287.491600 0.000000 -0.000000
444928.199965 3945287.614157 0.000000 -0.000000
444928.199965 3945287.736714 0.000000 -0.000000
444928.199965 3945287.859271 0.000000 0.000000
444928.199965 3945287.981828 0.000000 0.000000
444928.199965 3945288.104385 0.000000 0.000000
444928.199965 3945288.226941 0.000000 0.000000
444928.199965 3945288.349498 0.000000 -0.000000
444928.199965 3945288.472055 0.000000 0.000000
444928.199965 3945288.594612 0.000000 -0.000000
444928.199965 3945288.717169 0.000000 -0.000000
444928.199965 3945288.839725 0.000000 -0.000000
444928.199965 3945288.962282 0.000000 0.000000
444928.199965 3945289.084839 0.000000 0.000000
444928.199965 3945289.207396 0.000000 -0.000000
444928.199965 3945289.329953 0.000000 0.000000
444928.199965 3945289.452510 0.000000 0.000000
444928.199965 3945289.575066 0.000000 0.000000
444928.199965 3945289.697623 0.000000 -0.000000
444928.199965 3945289.820180 0.000000 0.000000
444928.199965 3945289.942737 0.000000 0.000000
444928.199965 3945290.065294 0.000000 -0.000000
444928.199965 3945290.187850 0.000000 -0.000000
444928.199965 3945290.310407 0.000000 -0.000000
444928.199965 3945290.432964 0.000000 0.000000
444928.199965 3945290.555521 0.000000 0.000000
444928.199965 3945290.678078 0.000000 0.000000
444928.199965 3945290.800634 0.000000 0.000000
444928.199965 3945290.923191 0.000000 0.000000
444928.199965 3945291.045748 0.000000 -0.000000
444928.199965 3945291.168305 0.000000 -0.000000
444928.199965 3945291.290862 0.000000 0.000000
444928.199965 3945291.413419 0.000000 0.000000
444928.199965 3945291.535975 0.000000 0.000000
444928.199965 3945291.658532 0.000000 0.000000
444928.199965 3945291.781089 0.000000 0.000000
444928.199965 3945291.903646 0.000000 0.000000
444928.199965 3945292.026203 0.000000 0.000000
444928.199965 3945292.148759 0.000000 0.000000
444928.199965 3945292.271316 0.000000 -0.000000
444928.199965 3945292.393873 0.000000 -0.000000
444928.199965 3945292.516430 0.000000 -0.000000
444928.199965 3945292.638987 0.000000 -0.000000
444928.199965 3945292.761544 0.000000 -0.000000
444928.199965 3945292.884100 0.000000 0.000000
444928.199965 3945293.006657 0.000000 -0.000000
444928.199965 3945293.129214 0.000000 0.000000
444928.199965 3945293.251771 0.000000 -0.000000
444928.199965 3945293.374328 0.000000 -0.000000
444928.199965 3945293.496884 0.000000 -0.000000
444928.199965 3945293.619441 0.000000 -0.000000
444928.199965 3945293.741998 0.000000 -0.000000
444928.199965 3945293.864555 0.000000 -0.000000
444928.199965 3945293.987112 0.000000 0.000000
444928.199965 3945294.109668 0.000000 0.000000
444928.199965 3945294.232225 0.000000 0.000000
444928.199965 3945294.354782 0.000000 0.000000
444928.199965 3945294.477339 0.000000 0.000000
444928.199965 3945294.599896 0.000000 -0.000000
444928.199965 3945294.722453 0.000000 -0.000000
444928.199965 3945294.845009 0.000000 -0.000000
444928.199965 3945294.967566 0.000000 -0.000000
444928.199965 3945295.090123 0.000000 0.000000
444928.199965 3945295.212680 0.000000 -0.000000
444928.199965 3945295.335237 0.000000 -0.000000
444928.199965 3945295.457793 0.000000 0.000000
444928.199965 3945295.580350 0.000000 0.000000
444928.199965 3945295.702907 0.000000 0.000000
444928.199965 3945295.825464 0.000000 -0.000000
444928.199965 3945295.948021 0.000000 -0.000000
444928.199965 3945296.070578 0.000000 0.000000
444928.199965 3945296.193134 0.000000 -0.000000
444928.199965 3945296.315691 0.000000 -0.000000
444928.199965 3945296.438248 0.000000 -0.000000
444928.199965 3945296.560805 0.000000 -0.000000
444928.199965 3945296.683362 0.000000 0.000000
444928.199965 3945296.805918 0.000000 0.000000
444928.199965 3945296.928475 0.000000 0.000000
444928.199965 3945297.051032 0.000000 0.000000
444928.199965 3945297.173589 0.000000 -0.000000
444928.199965 3945297.296146 0.000000 -0.000000
444928.199965 3945297.418702 0.000000 -0.000000
444928.199965 3945297.541259 0.000000 -0.000000
444928.199965 3945297.663816 0.000000 0.000000
444928.199965 3945297.786373 0.000000 0.000000
444928.199965 3945297.908930 0.000000 -0.000000
444928.199965 3945298.031487 0.000000 0.000000
444928.199965 3945298.154043 0.000000 -0.000000
444928.199965 3945298.276600 0.000000 0.000000
444928.199965 3945298.399157 0.000000 -0.000000
444928.199965 3945298.521714 0.000000 -0.000000
444928.199965 3945298.644271 0.000000 0.000000
444928.199965 3945298.766827 0.000000 -0.000000
444928.199965 3945298.889384 0.000000 0.000000
444928.199965 3945299.011941 0.000000 -0.000000
444928.199965 3945299.134498 0.000000 -0.000000
444928.199965 3945299.257055 0.000000 0.000000
444928.199965 3945299.379612 0.000000 0.000000
444928.199965 3945299.502168 0.000000 0.000000
444928.199965 3945299.624725 0.000000 -0.000000
444928.199965 3945299.747282 0.000000 -0.000000
444928.199965 3945299.869839 0.000000 0.000000
444928.199965 3945299.992396 0.000000 0.000000
444928.199965 3945300.114952 0.000000 -0.000000
444928.199965 3945300.237509 0.000000 0.000000
444928.199965 3945300.360066 0.000000 -0.000000
444928.199965 3945300.482623 0.000000 0.000000
444928.199965 3945300.605180 0.000000 0.000000
444928.199965 3945300.727736 0.000000 0.000000
444928.199965 3945300.850293 0.000000 -0.000000
444928.199965 3945300.972850 0.000000 0.000000
444928.199965 3945301.095407 0.000000 0.000000
444928.199965 3945301.217964 0.000000 -0.000000
444928.199965 3945301.340521 0.000000 0.000000
444928.199965 3945301.463077 0.000000 0.000000
444928.199965 3945301.585634 0.000000 -0.000000
444928.199965 3945301.708191 0.000000 0.000000
444928.199965 3945301.830748 0.000000 0.000000
444928.199965 3945301.953305 0.000000 -0.000000
444928.199965 3945302.075861 0.000000 -0.000000
444928.199965 3945302.198418 0.000000 0.000000
444928.199965 3945302.320975 0.000000 -0.000000
444928.199965 3945302.443532 0.000000 -0.000000
444928.199965 3945302.566089 0.000000 0.000000
444928.199965 3945302.688646 0.000000 0.000000
444928.199965 3945302.811202 0.000000 0.000000
444928.199965 3945302.933759 0.000000 0.000000
444928.199965 3945303.056316 0.000000 0.000000
444928.199965 3945303.178873 0.000000 -0.000000
444928.199965 3945303.301430 0.000000 -0.000000
444928.199965 3945303.423986 0.000000 -0.000000
444928.199965 3945303.546543 0.000000 -0.000000
444928.199965 3945303.669100 0.000000 -0.000000
444928.199965 3945303.791657 0.000000 0.000000
444928.199965 3945303.914214 0.000000 0.000000
444928.199965 3945304.036771 0.000000 0.000000
444928.199965 3945304.159327 0.000000 -0.000000
444928.199965 3945304.281884 0.000000 -0.000000
444928.199965 3945304.404441 0.000000 -0.000000
444928.199965 3945304.526998 0.000000 -0.000000
444928.199965 3945304.649555 0.000000 -0.000000
444928.199965 3945304.772111 0.000000 -0.000000
444928.199965 3945304.894668 0.000000 -0.000000
444928.199965 3945305.017225 0.000000 0.000000
444928.199965 3945305.139782 0.000000 -0.000000
444928.199965 3945305.262339 0.000000 0.000000
444928.199965 3945305.384895 0.000000 0.000000
444928.199965 3945305.507452 0.000000 0.000000
444928.199965 3945305.630009 0.000000 0.000000
444928.199965 3945305.752566 0.000000 -0.000000
444928.199965 3945305.875123 0.000000 -0.000000
444928.199965 3945305.997680 0.000000 0.000000
444928.199965 3945306.120236 0.000000 0.000000
444928.199965 3945306.242793 0.000000 0.000000
444928.199965 3945306.365350 0.000000 0.000000
444928.199965 3945306.487907 0.000000 0.000000
444928.199965 3945306.610464 0.000000 0.000000
444928.199965 3945306.733020 0.000000 0.000000
444928.199965 3945306.855577 0.000000 0.000000
444928.199965 3945306.978134 0.000000 0.000000
444928.199965 3945307.100691 0.000000 0.000000
444928.199965 3945307.223248 0.000000 0.000000
444928.199965 3945307.345805 0.000000 0.000000
444928.199965 3945307.468361 0.000000 0.000000
444928.199965 3945307.590918 0.000000 0.000000
444928.199965 3945307.713475 0.000000 -0.000000
444928.199965 3945307.836032 0.000000 0.000000
444928.199965 3945307.958589 0.000000 0.000000
444928.199965 3945308.081145 0.000000 -0.000000
444928.199965 3945308.203702 0.000000 0.000000
444928.199965 3945308.326259 0.000000 0.000000
444928.199965 3945308.448816 0.000000 -0.000000
444928.199965 3945308.571373 0.000000 -0.000000
444928.199965 3945308.693929 0.000000 -0.000000
444928.199965 3945308.816486 0.000000 0.000000
444928.199965 3945308.939043 0.000000 0.000000
444928.199965 3945309.061600 0.000000 0.000000
444928.199965 3945309.184157 0.000000 0.000000
444928.199965 3945309.306714 0.000000 -0.000000
444928.199965 3945309.429270 0.000000 -0.000000
444928.199965 3945309.551827 0.000000 0.000000
444928.199965 3945309.674384 0.000000 -0.000000
444928.199965 3945309.796941 0.000000 -0.000000
444928.199965 3945309.919498 0.000000 0.000000
444928.199965 3945310.042054 0.000000 0.000000
444928.199965 3945310.164611 0.000000 0.000000
444928.199965 3945310.287168 0.000000 -0.000000
444928.199965 3945310.409725 0.000000 -0.000000
444928.199965 3945310.532282 0.000000 -0.000000
444928.199965 3945310.654839 0.000000 -0.000000
444928.199965 3945310.777395 0.000000 0.000000
444928.199965 3945310.899952 0.000000 0.000000
444928.199965 3945311.022509 0.000000 0.000000
444928.199965 3945311.145066 0.000000 0.000000
444928.199965 3945311.267623 0.000000 -0.000000
444928.199965 3945311.390179 0.000000 -0.000000
444928.199965 3945311.512736 0.000000 0.000000
444928.199965 3945311.635293 0.000000 0.000000
444928.199965 3945311.757850 0.000000 0.000000
444928.199965 3945311.880407 0.000000 -0.000000
444928.199965 3945312.002963 0.000000 -0.000000
444928.199965 3945312.125520 0.000000 0.000000
444928.199965 3945312.248077 0.000000 0.000000
444928.199965 3945312.370634 0.000000 -0.000000
444928.199965 3945312.493191 0.000000 0.000000
444928.199965 3945312.615748 0.000000 0.000000
444928.199965 3945312.738304 0.000000 0.000000
444928.199965 3945312.860861 0.000000 0.000000
444928.199965 3945312.983418 0.000000 -0.000000
444928.199965 3945313.105975 0.000000 -0.000000
444928.199965 3945313.228532 0.000000 0.000000
444928.199965 3945313.351088 0.000000 0.000000
444928.199965 3945313.473645 0.000000 0.000000
444928.199965 3945313.596202 0.000000 -0.000000
444928.199965 3945313.718759 0.000000 0.000000
444928.199965 3945313.841316 0.000000 -0.000000
444928.199965 3945313.963873 0.000000 0.000000
444928.199965 3945314.086429 0.000000 0.000000
444928.199965 3945314.208986 0.000000 -0.000000
444928.199965 3945314.331543 0.000000 0.000000
444928.199965 3945314.454100 0.000000 0.000000
444928.199965 3945314.576657 0.000000 -0.000000
444928.199965 3945314.699213 0.000000 -0.000000
444928.199965 3945314.821770 0.000000 0.000000
444928.199965 3945314.944327 0.000000 -0.000000
444928.199965 3945315.066884 0.000000 0.000000
444928.199965 3945315.189441 0.000000 0.000000
444928.199965 3945315.311997 0.000000 -0.000000
444928.199965 3945315.434554 0.000000 -0.000000
444928.199965 3945315.557111 0.000000 -0.000000
444928.199965 3945315.679668 0.000000 -0.000000
444928.199965 3945315.802225 0.000000 -0.000000
444928.199965 3945315.924782 0.000000 -0.000000
444928.199965 3945316.047338 0.000000 0.000000
444928.199965 3945316.169895 0.000000 0.000000
444928.199965 3945316.292452 0.000000 -0.000000
444928.199965 3945316.415009 0.000000 -0.000000
444928.199965 3945316.537566 0.000000 -0.000000
444928.199965 3945316.660122 0.000000 0.000000
444928.199965 3945316.782679 0.000000 -0.000000
444928.199965 3945316.905236 0.000000 -0.000000
444928.199965 3945317.027793 0.000000 -0.000000
444928.199965 3945317.150350 0.000000 -0.000000
444928.199965 3945317.272907 0.000000 0.000000
444928.199965 3945317.395463 0.000000 -0.000000
444928.199965 3945317.518020 0.000000 -0.000000
444928.199965 3945317.640577 0.000000 0.000000
444928.199965 3945317.763134 0.000000 0.000000
444928.199965 3945317.885691 0.000000 0.000000
444928.199965 3945318.008247 0.000000 -0.000000
444928.199965 3945318.130804 0.000000 -0.000000
444928.199965 3945318.253361 0.000000 0.000000
444928.199965 3945318.375918 0.000000 0.000000
444928.199965 3945318.498475 0.000000 -0.000000
444928.199965 3945318.621032 0.000000 0.000000
444928.199965 3945318.743588 0.000000 0.000000
444928.199965 3945318.866145 0.000000 0.000000
444928.199965 3945318.988702 0.000000 0.000000
444928.199965 3945319.111259 0.000000 -0.000000
444928.199965 3945319.233816 0.000000 -0.000000
444928.199965 3945319.356372 0.000000 -0.000000
444928.199965 3945319.478929 0.000000 0.000000
444928.199965 3945319.601486 0.000000 -0.000000
444928.199965 3945319.724043 0.000000 -0.000000
444928.199965 3945319.846600 0.000000 0.000000
444928.199965 3945319.969156 0.000000 -0.000000
444928.199965 3945320.091713 0.000000 0.000000
444928.199965 3945320.214270 0.000000 0.000000
444928.199965 3945320.336827 0.000000 0.000000
444928.199965 3945320.459384 0.000000 0.000000
444928.199965 3945320.581941 0.000000 0.000000
444928.199965 3945320.704497 0.000000 -0.000000
444928.199965 3945320.827054 0.000000 -0.000000
444928.199965 3945320.949611 0.000000 0.000000
444928.199965 3945321.072168 0.000000 -0.000000
444928.199965 3945321.194725 0.000000 0.000000
444928.199965 3945321.317281 0.000000 0.000000
444928.199965 3945321.439838 0.000000 0.000000
444928.199965 3945321.562395 0.000000 -0.000000
444928.199965 3945321.684952 0.000000 -0.000000
444928.199965 3945321.807509 0.000000 0.000000
444928.199965 3945321.930066 0.000000 -0.000000
444928.199965 3945322.052622 0.000000 -0.000000
444928.199965 3945322.175179 0.000000 0.000000
444928.199965 3945322.297736 0.000000 0.000000
444928.199965 3945322.420293 0.000000 0.000000
444928.199965 3945322.542850 0.000000 -0.000000
444928.199965 3945322.665406 0.000000 -0.000000
444928.199965 3945322.787963 0.000000 0.000000
444928.199965 3945322.910520 0.000000 -0.000000
444928.199965 3945323.033077 0.000000 0.000000
444928.199965 3945323.155634 0.000000 0.000000
444928.199965 3945323.278190 0.000000 -0.000000
444928.199965 3945323.400747 0.000000 -0.000000
444928.199965 3945323.523304 0.000000 0.000000
444928.199965 3945323.645861 0.000000 -0.000000
444928.199965 3945323.768418 0.000000 0.000000
444928.199965 3945323.890975 0.000000 0.000000
444928.199965 3945324.013531 0.000000 0.000000
444928.199965 3945324.136088 0.000000 -0.000000
444928.199965 3945324.258645 0.000000 -0.000000
444928.199965 3945324.381202 0.000000 0.000000
444928.199965 3945324.503759 0.000000 0.000000
444928.199965 3945324.626315 0.000000 -0.000000
444928.199965 3945324.748872 0.000000 0.000000
444928.199965 3945324.871429 0.000000 0.000000
444928.199965 3945324.993986 0.000000 0.000000
444928.199965 3945325.116543 0.000000 0.000000
444928.199965 3945325.239100 0.000000 0.000000
444928.199965 3945325.361656 0.000000 -0.000000
444928.199965 3945325.484213 0.000000 -0.000000
444928.199965 3945325.606770 0.000000 0.000000
444928.199965 3945325.729327 0.000000 0.000000
444928.199965 3945325.851884 0.000000 0.000000
444928.199965 3945325.974440 0.000000 0.000000
444928.199965 3945326.096997 0.000000 -0.000000
444928.199965 3945326.219554 0.000000 0.000000
444928.199965 3945326.342111 0.000000 0.000000
444928.199965 3945326.464668 0.000000 -0.000000
444928.199965 3945326.587224 0.000000 0.000000
444928.199965 3945326.709781 0.000000 0.000000
444928.199965 3945326.832338 0.000000 -0.000000
444928.199965 3945326.954895 0.000000 -0.000000
444928.199965 3945327.077452 0.000000 0.000000
444928.199965 3945327.200009 0.000000 -0.000000
444928.199965 3945327.322565 0.000000 0.000000
444928.199965 3945327.445122 0.000000 -0.000000
444928.199965 3945327.567679 0.000000 0.000000
444928.199965 3945327.690236 0.000000 -0.000000
444928.199965 3945327.812793 0.000000 -0.000000
444928.199965 3945327.935349 0.000000 -0.000000
444928.199965 3945328.057906 0.000000 -0.000000
444928.199965 3945328.180463 0.000000 -0.000000
444928.199965 3945328.303020 0.000000 0.000000
444928.199965 3945328.425577 0.000000 0.000000
444928.199965 3945328.548134 0.000000 0.000000
444928.199965 3945328.670690 0.000000 0.000000
444928.199965 3945328.793247 0.000000 -0.000000
444928.199965 3945328.915804 0.000000 -0.000000
444928.199965 3945329.038361 0.000000 0.000000
444928.199965 3945329.160918 0.000000 0.000000
444928.199965 3945329.283474 0.000000 0.000000
444928.199965 3945329.406031 0.000000 -0.000000
444928.199965 3945329.528588 0.000000 0.000000
444928.199965 3945329.651145 0.000000 -0.000000
444928.199965 3945329.773702 0.000000 0.000000
444928.199965 3945329.896258 0.000000 -0.000000
444928.199965 3945330.018815 0.000000 -0.000000
444928.199965 3945330.141372 0.000000 0.000000
444928.199965 3945330.263929 0.000000 -0.000000
444928.199965 3945330.386486 0.000000 -0.000000
444928.199965 3945330.509043 0.000000 0.000000
444928.199965 3945330.631599 0.000000 0.000000
444928.199965 3945330.754156 0.000000 0.000000
444928.199965 3945330.876713 0.000000 0.000000
444928.199965 3945330.999270 0.000000 -0.000000
444928.199965 3945331.121827 0.000000 0.000000
444928.199965 3945331.244383 0.000000 0.000000
444928.199965 3945331.366940 0.000000 -0.000000
444928.199965 3945331.489497 0.000000 -0.000000
444928.199965 3945331.612054 0.000000 -0.000000
444928.199965 3945331.734611 0.000000 0.000000
444928.199965 3945331.857168 0.000000 -0.000000
444928.199965 3945331.979724 0.000000 -0.000000
444928.199965 3945332.102281 0.000000 0.000000
444928.199965 3945332.224838 0.000000 -0.000000
444928.199965 3945332.347395 0.000000 -0.000000
444928.199965 3945332.469952 0.000000 0.000000
444928.199965 3945332.592508 0.000000 -0.000000
444928.199965 3945332.715065 0.000000 0.000000
444928.199965 3945332.837622 0.000000 0.000000
444928.199965 3945332.960179 0.000000 -0.000000
444928.199965 3945333.082736 0.000000 -0.000000
444928.199965 3945333.205293 0.000000 0.000000
444928.199965 3945333.327849 0.000000 0.000000
444928.199965 3945333.450406 0.000000 -0.000000
444928.199965 3945333.574189 0.000000 0.000000
444928.199965 3945333.700422 0.000000 -0.000000
444928.199965 3945333.829107 0.000000 -0.000000
444928.199965 3945333.960242 0.000000 -0.000000
444928.199965 3945334.093829 0.000000 -0.000000
444928.199965 3945334.229867 0.000000 -0.000000
444928.199965 3945334.368357 0.000000 0.000000
444928.199965 3945334.509297 0.000000 0.000000
444928.199965 3945334.652688 0.000000 -0.000000
444928.199965 3945334.798531 0.000000 0.000000
444928.199965 3945334.946825 0.000000 -0.000000
444928.199965 3945335.097570 0.000000 -0.000000
444928.199965 3945335.250766 0.000000 0.000000
444928.199965 3945335.406413 0.000000 -0.000000
444928.199965 3945335.564511 0.000000 0.000000
444928.199965 3945335.725061 0.000000 -0.000000
444928.199965 3945335.888061 0.000000 -0.000000
444928.199965 3945336.053513 0.000000 0.000000
444928.199965 3945336.221416 0.000000 -0.000000
444928.199965 3945336.391770 0.000000 -0.000000
444928.199965 3945336.564575 0.000000 0.000000
444928.199965 3945336.739831 0.000000 0.000000
444928.199965 3945336.917538 0.000000 -0.000000
444928.199965 3945337.097697 0.000000 0.000000
444928.199965 3945337.280307 0.000000 -0.000000
444928.199965 3945337.465367 0.000000 -0.000000
444928.199965 3945337.652879 0.000000 -0.000000
444928.199965 3945337.842842 0.000000 -0.000000
444928.199965 3945338.035257 0.000000 -0.000000
444928.199965 3945338.230122 0.000000 -0.000000
444928.199965 3945338.427438 0.000000 -0.000000
444928.199965 3945338.627206 0.000000 -0.000000
444928.199965 3945338.829425 0.000000 -0.000000
444928.199965 3945339.034095 0.000000 -0.000000
444928.199965 3945339.241216 0.000000 -0.000000
444928.199965 3945339.450788 0.000000 -0.000000
444928.199965 3945339.662811 0.000000 -0.000000
444928.199965 3945339.877286 0.000000 -0.000000
444928.199965 3945340.094211 0.000000 -0.000000
444928.199965 3945340.313588 0.000000 -0.000000
444928.199965 3945340.535416 0.000000 -0.000000
444928.199965 3945340.759695 0.000000 -0.000000
444928.199965 3945340.986425 0.000000 -0.000000
444928.199965 3945341.215606 0.000000 -0.000000
444928.199965 3945341.447238 0.000000 -0.000000
444928.199965 3945341.681322 0.000000 -0.000000
444928.199965 3945341.917856 0.000000 -0.000000
444928.199965 3945342.156842 0.000000 -0.000000
444928.199965 3945342.398279 0.000000 -0.000000
