444928.199965 3945342.642167 0.000000 0.000000
444928.204660 3945342.887523 0.000000 -0.000000
444928.209309 3945343.130412 0.000000 -0.000000
444928.213910 3945343.370836 0.000000 -0.000000
444928.218465 3945343.608794 0.000000 -0.000000
444928.222972 3945343.844286 0.000000 -0.000000
444928.227432 3945344.077312 0.000000 -0.000000
444928.231844 3945344.307872 0.000000 -0.000000
444928.236210 3945344.535966 0.000000 -0.000000
444928.240528 3945344.761595 0.000000 -0.000000
444928.244799 3945344.984757 0.000000 -0.000000
444928.249023 3945345.205454 0.000000 -0.000000
444928.253199 3945345.423685 0.000000 -0.000000
444928.257329 3945345.639450 0.000000 -0.000000
444928.261411 3945345.852749 0.000000 -0.000000
444928.265446 3945346.063582 0.000000 -0.000000
444928.269434 3945346.271949 0.000000 -0.000000
444928.273375 3945346.477850 0.000000 -0.000000
444928.277268 3945346.681286 0.000000 -0.000000
444928.281115 3945346.882256 0.000000 -0.000000
444928.284914 3945347.080759 0.000000 -0.000000
444928.288666 3945347.276797 0.000000 -0.000000
444928.292370 3945347.470369 0.000000 -0.000000
444928.296028 3945347.661475 0.000000 -0.000000
444928.299638 3945347.850115 0.000000 -0.000000
444928.303201 3945348.036289 0.000000 -0.000000
444928.306717 3945348.219998 0.000000 0.000000
444928.310186 3945348.401240 0.000000 0.000000
444928.313608 3945348.580017 0.000000 -0.000000
444928.316982 3945348.756328 0.000000 -0.000000
444928.320309 3945348.930173 0.000000 0.000000
444928.323589 3945349.101551 0.000000 -0.000000
444928.326822 3945349.270465 0.000000 -0.000000
444928.330008 3945349.436912 0.000000 -0.000000
444928.333146 3945349.600893 0.000000 0.000000
444928.336237 3945349.762409 0.000000 -0.000000
444928.339281 3945349.921458 0.000000 -0.000000
444928.342278 3945350.078042 0.000000 0.000000
444928.345228 3945350.232159 0.000000 0.000000
444928.348130 3945350.383811 0.000000 0.000000
444928.350985 3945350.532997 0.000000 0.000000
444928.353793 3945350.679718 0.000000 -0.000000
444928.356554 3945350.823972 0.000000 -0.000000
444928.359268 3945350.965760 0.000000 -0.000000
444928.361934 3945351.105083 0.000000 -0.000000
444928.364554 3945351.241939 0.000000 0.000000
444928.367126 3945351.376330 0.000000 0.000000
444928.369651 3945351.508255 0.000000 0.000000
444928.372128 3945351.637714 0.000000 -0.000000
444928.374559 3945351.764707 0.000000 0.000000
444928.376942 3945351.889234 0.000000 0.000000
444928.379302 3945352.012528 0.000000 0.000000
444928.381661 3945352.135822 0.000000 0.000000
444928.384021 3945352.259116 0.000000 -0.000000
444928.386381 3945352.382411 0.000000 -0.000000
444928.388741 3945352.505705 0.000000 0.000000
444928.391100 3945352.628999 0.000000 0.000000
444928.393460 3945352.752293 0.000000 0.000000
444928.395820 3945352.875588 0.000000 -0.000000
444928.398179 3945352.998882 0.000000 0.000000
444928.400539 3945353.122176 0.000000 0.000000
444928.402899 3945353.245470 0.000000 -0.000000
444928.405258 3945353.368764 0.000000 -0.000000
444928.407618 3945353.492059 0.000000 -0.000000
444928.409978 3945353.615353 0.000000 0.000000
444928.412337 3945353.738647 0.000000 0.000000
444928.414697 3945353.861941 0.000000 0.000000
444928.417057 3945353.985236 0.000000 0.000000
444928.419417 3945354.108530 0.000000 0.000000
444928.421776 3945354.231824 0.000000 -0.000000
444928.424136 3945354.355118 0.000000 0.000000
444928.426496 3945354.478412 0.000000 -0.000000
444928.428855 3945354.601707 0.000000 -0.000000
444928.431215 3945354.725001 0.000000 -0.000000
444928.433575 3945354.848295 0.000000 0.000000
444928.435934 3945354.971589 0.000000 0.000000
444928.438294 3945355.094884 0.000000 0.000000
444928.440654 3945355.218178 0.000000 0.000000
444928.443014 3945355.341472 0.000000 -0.000000
444928.445373 3945355.464766 0.000000 -0.000000
444928.447733 3945355.588060 0.000000 -0.000000
444928.450093 3945355.711355 0.000000 -0.000000
444928.452452 3945355.834649 0.000000 -0.000000
444928.454812 3945355.957943 0.000000 0.000000
444928.457172 3945356.081237 0.000000 0.000000
444928.459531 3945356.204532 0.000000 0.000000
444928.461891 3945356.327826 0.000000 0.000000
444928.464251 3945356.451120 0.000000 0.000000
444928.466611 3945356.574414 0.000000 -0.000000
444928.468970 3945356.697708 0.000000 -0.000000
444928.471330 3945356.821003 0.000000 -0.000000
444928.473690 3945356.944297 0.000000 -0.000000
444928.476049 3945357.067591 0.000000 -0.000000
444928.478409 3945357.190885 0.000000 0.000000
444928.480769 3945357.314180 0.000000 -0.000000
444928.483128 3945357.437474 0.000000 -0.000000
444928.485488 3945357.560768 0.000000 0.000000
444928.487848 3945357.684062 0.000000 -0.000000
444928.490208 3945357.807356 0.000000 0.000000
444928.492567 3945357.930651 0.000000 0.000000
444928.494927 3945358.053945 0.000000 0.000000
444928.497310 3945358.178472 0.000000 0.000000
444928.499741 3945358.305465 0.000000 0.000000
444928.502218 3945358.434924 0.000000 -0.000000
444928.504743 3945358.566849 0.000000 0.000000
444928.507315 3945358.701240 0.000000 -0.000000
444928.509935 3945358.838096 0.000000 0.000000
444928.512601 3945358.977419 0.000000 -0.000000
444928.515315 3945359.119207 0.000000 -0.000000
444928.518076 3945359.263461 0.000000 0.000000
444928.520884 3945359.410181 0.000000 -0.000000
444928.523739 3945359.559367 0.000000 0.000000
444928.526641 3945359.711019 0.000000 0.000000
444928.529591 3945359.865137 0.000000 0.000000
444928.532588 3945360.021721 0.000000 0.000000
444928.535632 3945360.180770 0.000000 -0.000000
444928.538723 3945360.342286 0.000000 -0.000000
444928.541861 3945360.506267 0.000000 0.000000
444928.545047 3945360.672714 0.000000 0.000000
444928.548280 3945360.841627 0.000000 -0.000000
444928.551560 3945361.013006 0.000000 -0.000000
444928.554887 3945361.186851 0.000000 0.000000
444928.558261 3945361.363162 0.000000 -0.000000
444928.561683 3945361.541938 0.000000 0.000000
444928.565152 3945361.723181 0.000000 -0.000000
444928.568667 3945361.906889 0.000000 -0.000000
444928.572231 3945362.093064 0.000000 0.000000
444928.575841 3945362.281704 0.000000 0.000000
444928.579499 3945362.472810 0.000000 0.000000
444928.583203 3945362.666382 0.000000 0.000000
444928.586955 3945362.862419 0.000000 0.000000
444928.590754 3945363.060923 0.000000 0.000000
444928.594601 3945363.261893 0.000000 0.000000
444928.598494 3945363.465328 0.000000 0.000000
444928.602435 3945363.671230 0.000000 0.000000
444928.606423 3945363.879597 0.000000 0.000000
444928.610458 3945364.090430 0.000000 0.000000
444928.614540 3945364.303729 0.000000 0.000000
444928.618669 3945364.519494 0.000000 0.000000
444928.622846 3945364.737725 0.000000 0.000000
444928.627070 3945364.958421 0.000000 0.000000
444928.631341 3945365.181584 0.000000 0.000000
444928.635659 3945365.407212 0.000000 0.000000
444928.640025 3945365.635306 0.000000 0.000000
444928.644437 3945365.865867 0.000000 0.000000
444928.648897 3945366.098893 0.000000 0.000000
444928.653404 3945366.334385 0.000000 0.000000
444928.657958 3945366.572343 0.000000 0.000000
444928.662560 3945366.812766 0.000000 0.000000
444928.667208 3945367.055656 0.000000 0.000000
