444928.671904 3945367.301011 0.000000 0.000000
444928.674094 3945367.509393 0.000000 0.000000
444928.676262 3945367.715681 0.000000 0.000000
444928.678407 3945367.919874 0.000000 0.000000
444928.680531 3945368.121974 0.000000 0.000000
444928.682633 3945368.321978 0.000000 0.000000
444928.684713 3945368.519889 0.000000 0.000000
444928.686770 3945368.715705 0.000000 0.000000
444928.688806 3945368.909427 0.000000 0.000000
444928.690820 3945369.101055 0.000000 0.000000
444928.692811 3945369.290588 0.000000 0.000000
444928.694781 3945369.478027 0.000000 0.000000
444928.696729 3945369.663372 0.000000 0.000000
444928.698654 3945369.846622 0.000000 0.000000
444928.700558 3945370.027779 0.000000 0.000000
444928.702439 3945370.206840 0.000000 0.000000
444928.704299 3945370.383808 0.000000 0.000000
444928.706137 3945370.558681 0.000000 0.000000
444928.707952 3945370.731460 0.000000 0.000000
444928.709746 3945370.902145 0.000000 0.000000
444928.711517 3945371.070736 0.000000 0.000000
444928.713267 3945371.237232 0.000000 0.000000
444928.714995 3945371.401634 0.000000 0.000000
444928.716700 3945371.563941 0.000000 0.000000
444928.718384 3945371.724154 0.000000 0.000000
444928.720045 3945371.882273 0.000000 0.000000
444928.721685 3945372.038298 0.000000 0.000000
444928.723302 3945372.192229 0.000000 0.000000
444928.724898 3945372.344065 0.000000 0.000000
444928.726471 3945372.493806 0.000000 0.000000
444928.728023 3945372.641454 0.000000 0.000000
444928.729552 3945372.787007 0.000000 -0.000000
444928.731060 3945372.930466 0.000000 -0.000000
444928.732545 3945373.071831 0.000000 0.000000
444928.734009 3945373.211101 0.000000 0.000000
444928.735450 3945373.348277 0.000000 -0.000000
444928.736870 3945373.483359 0.000000 -0.000000
444928.738267 3945373.616347 0.000000 0.000000
444928.739643 3945373.747240 0.000000 -0.000000
444928.740996 3945373.876039 0.000000 -0.000000
444928.742328 3945374.002743 0.000000 -0.000000
444928.743637 3945374.127354 0.000000 0.000000
444928.744925 3945374.249870 0.000000 -0.000000
444928.746190 3945374.370291 0.000000 0.000000
444928.747433 3945374.488619 0.000000 0.000000
444928.748655 3945374.604852 0.000000 0.000000
444928.749854 3945374.718991 0.000000 0.000000
444928.751032 3945374.831035 0.000000 0.000000
444928.752187 3945374.940986 0.000000 -0.000000
444928.753320 3945375.048842 0.000000 0.000000
444928.754432 3945375.154603 0.000000 0.000000
444928.755532 3945375.259318 0.000000 -0.000000
444928.756633 3945375.364033 0.000000 -0.000000
444928.757733 3945375.468747 0.000000 -0.000000
444928.758833 3945375.573462 0.000000 -0.000000
444928.759934 3945375.678176 0.000000 0.000000
444928.761034 3945375.782891 0.000000 -0.000000
444928.762134 3945375.887605 0.000000 -0.000000
444928.763235 3945375.992320 0.000000 -0.000000
444928.764335 3945376.097034 0.000000 -0.000000
444928.765435 3945376.201749 0.000000 -0.000000
444928.766536 3945376.306464 0.000000 -0.000000
444928.767636 3945376.411178 0.000000 -0.000000
444928.768737 3945376.515893 0.000000 -0.000000
444928.769837 3945376.620607 0.000000 -0.000000
444928.770937 3945376.725322 0.000000 -0.000000
444928.772038 3945376.830036 0.000000 0.000000
444928.773138 3945376.934751 0.000000 -0.000000
444928.774238 3945377.039465 0.000000 -0.000000
444928.775339 3945377.144180 0.000000 0.000000
444928.776439 3945377.248895 0.000000 -0.000000
444928.777539 3945377.353609 0.000000 0.000000
444928.778640 3945377.458324 0.000000 -0.000000
444928.779740 3945377.563038 0.000000 -0.000000
444928.780841 3945377.667753 0.000000 -0.000000
444928.781941 3945377.772467 0.000000 -0.000000
444928.783041 3945377.877182 0.000000 -0.000000
444928.784142 3945377.981897 0.000000 -0.000000
444928.785242 3945378.086611 0.000000 -0.000000
444928.786342 3945378.191326 0.000000 0.000000
444928.787443 3945378.296040 0.000000 0.000000
444928.788543 3945378.400755 0.000000 0.000000
444928.789644 3945378.505469 0.000000 0.000000
444928.790744 3945378.610184 0.000000 0.000000
444928.791844 3945378.714898 0.000000 -0.000000
444928.792945 3945378.819613 0.000000 0.000000
444928.794045 3945378.924328 0.000000 0.000000
444928.795145 3945379.029042 0.000000 0.000000
444928.796246 3945379.133757 0.000000 0.000000
444928.797346 3945379.238471 0.000000 0.000000
444928.798446 3945379.343186 0.000000 0.000000
444928.799547 3945379.447900 0.000000 0.000000
444928.800647 3945379.552615 0.000000 -0.000000
444928.801748 3945379.657329 0.000000 0.000000
444928.802848 3945379.762044 0.000000 0.000000
444928.803948 3945379.866759 0.000000 -0.000000
444928.805049 3945379.971473 0.000000 -0.000000
444928.806149 3945380.076188 0.000000 -0.000000
444928.807249 3945380.180902 0.000000 0.000000
444928.808350 3945380.285617 0.000000 0.000000
444928.809450 3945380.390331 0.000000 0.000000
444928.810550 3945380.495046 0.000000 0.000000
444928.811651 3945380.599761 0.000000 0.000000
444928.812751 3945380.704475 0.000000 -0.000000
444928.813852 3945380.809190 0.000000 0.000000
444928.814952 3945380.913904 0.000000 -0.000000
444928.816052 3945381.018619 0.000000 0.000000
444928.817153 3945381.123333 0.000000 0.000000
444928.818253 3945381.228048 0.000000 0.000000
444928.819353 3945381.332762 0.000000 0.000000
444928.820454 3945381.437477 0.000000 0.000000
444928.821554 3945381.542192 0.000000 -0.000000
444928.822655 3945381.646906 0.000000 0.000000
444928.823755 3945381.751621 0.000000 0.000000
444928.824855 3945381.856335 0.000000 -0.000000
444928.825956 3945381.961050 0.000000 -0.000000
444928.827056 3945382.065764 0.000000 0.000000
444928.828156 3945382.170479 0.000000 0.000000
444928.829257 3945382.275193 0.000000 -0.000000
444928.830357 3945382.379908 0.000000 -0.000000
444928.831457 3945382.484623 0.000000 0.000000
444928.832558 3945382.589337 0.000000 0.000000
444928.833658 3945382.694052 0.000000 0.000000
444928.834759 3945382.798766 0.000000 -0.000000
444928.835859 3945382.903481 0.000000 -0.000000
444928.836959 3945383.008195 0.000000 -0.000000
444928.838060 3945383.112910 0.000000 0.000000
444928.839160 3945383.217625 0.000000 0.000001
444928.840260 3945383.322339 0.000000 0.000004
444928.841361 3945383.427054 0.000000 0.000009
444928.842461 3945383.531768 0.000000 0.000016
444928.843562 3945383.636483 0.000000 0.000026
444928.844662 3945383.741197 0.000000 0.000037
444928.845762 3945383.845912 0.000000 0.000050
444928.846863 3945383.950626 0.000000 0.000065
444928.847963 3945384.055341 0.000000 0.000082
444928.849063 3945384.160056 0.000000 0.000102
444928.850164 3945384.264770 0.000000 0.000123
444928.851264 3945384.369485 0.000000 0.000146
444928.852364 3945384.474199 0.000000 0.000171
444928.853465 3945384.578914 0.000000 0.000198
444928.854565 3945384.683628 0.000000 0.000227
444928.855666 3945384.788343 0.000000 0.000258
444928.856766 3945384.893057 0.000000 0.000290
444928.857866 3945384.997772 0.000000 0.000325
444928.858967 3945385.102487 0.000000 0.000361
444928.860067 3945385.207201 0.000000 0.000399
444928.861167 3945385.311916 0.000000 0.000439
444928.862268 3945385.416630 0.000000 0.000480
444928.863368 3945385.521345 0.000000 0.000523
444928.864468 3945385.626059 0.000000 0.000568
444928.865563 3945385.730888 0.000000 0.000613
444928.866645 3945385.835944 0.000000 0.000655
444928.867716 3945385.941228 0.000000 0.000696
444928.868775 3945386.046739 0.000000 0.000735
444928.869822 3945386.152478 0.000000 0.000771
444928.870857 3945386.258445 0.000000 0.000806
444928.871880 3945386.364639 0.000000 0.000839
444928.872891 3945386.471062 0.000000 0.000870
444928.873890 3945386.577711 0.000000 0.000899
444928.874878 3945386.684589 0.000000 0.000926
444928.875853 3945386.791694 0.000000 0.000951
444928.876817 3945386.899027 0.000000 0.000974
444928.877769 3945387.006588 0.000000 0.000995
444928.878708 3945387.114376 0.000000 0.001015
444928.879636 3945387.222392 0.000000 0.001032
444928.880552 3945387.330635 0.000000 0.001048
444928.881457 3945387.439107 0.000000 0.001062
444928.882349 3945387.547805 0.000000 0.001074
444928.883229 3945387.656732 0.000000 0.001084
444928.884098 3945387.765886 0.000000 0.001093
444928.884954 3945387.875268 0.000000 0.001100
444928.885799 3945387.984878 0.000000 0.001105
444928.886632 3945388.094715 0.000000 0.001109
444928.887453 3945388.204780 0.000000 0.001111
444928.888262 3945388.315073 0.000000 0.001111
444928.889059 3945388.425593 0.000000 0.001110
444928.889844 3945388.536341 0.000000 0.001106
444928.890618 3945388.647317 0.000000 0.001099
444928.891379 3945388.758521 0.000000 0.001089
444928.892129 3945388.869952 0.000000 0.001077
444928.892867 3945388.981610 0.000000 0.001063
444928.893592 3945389.093497 0.000000 0.001048
444928.894306 3945389.205611 0.000000 0.001031
444928.895008 3945389.317953 0.000000 0.001014
444928.895699 3945389.430522 0.000000 0.000994
444928.896377 3945389.543319 0.000000 0.000974
444928.897043 3945389.656344 0.000000 0.000951
444928.897698 3945389.769597 0.000000 0.000928
444928.898340 3945389.883077 0.000000 0.000903
444928.898971 3945389.996785 0.000000 0.000877
444928.899590 3945390.110720 0.000000 0.000850
444928.900197 3945390.224884 0.000000 0.000821
444928.900792 3945390.339274 0.000000 0.000792
444928.901375 3945390.453893 0.000000 0.000760
444928.901946 3945390.568739 0.000000 0.000728
444928.902505 3945390.683813 0.000000 0.000694
444928.903053 3945390.799115 0.000000 0.000659
444928.903589 3945390.914644 0.000000 0.000623
444928.904112 3945391.030401 0.000000 0.000586
444928.904624 3945391.146386 0.000000 0.000547
444928.905130 3945391.262484 0.000000 0.000508
444928.905636 3945391.378583 0.000000 0.000471
444928.906142 3945391.494681 0.000000 0.000436
444928.906647 3945391.610780 0.000000 0.000402
444928.907153 3945391.726878 0.000000 0.000369
444928.907659 3945391.842977 0.000000 0.000338
444928.908165 3945391.959075 0.000000 0.000309
444928.908671 3945392.075174 0.000000 0.000281
444928.909177 3945392.191272 0.000000 0.000254
444928.909683 3945392.307371 0.000000 0.000229
444928.910188 3945392.423469 0.000000 0.000205
444928.910694 3945392.539568 0.000000 0.000182
444928.911200 3945392.655666 0.000000 0.000161
444928.911706 3945392.771765 0.000000 0.000142
444928.912212 3945392.887863 0.000000 0.000123
444928.912718 3945393.003962 0.000000 0.000106
444928.913224 3945393.120060 0.000000 0.000090
444928.913729 3945393.236159 0.000000 0.000076
444928.914235 3945393.352257 0.000000 0.000063
444928.914741 3945393.468356 0.000000 0.000051
444928.915247 3945393.584454 0.000000 0.000040
444928.915753 3945393.700553 0.000000 0.000031
444928.916259 3945393.816651 0.000000 0.000022
444928.916765 3945393.932750 0.000000 0.000016
444928.917270 3945394.048848 0.000000 0.000010
444928.917776 3945394.164947 0.000000 0.000006
444928.918282 3945394.281045 0.000000 0.000002
444928.918788 3945394.397144 0.000000 0.000001
444928.919294 3945394.513242 0.000000 0.000000
444928.919800 3945394.629341 0.000000 -0.000000
444928.920305 3945394.745439 0.000000 -0.000000
444928.920811 3945394.861538 0.000000 -0.000000
444928.921317 3945394.977636 0.000000 0.000000
444928.921823 3945395.093735 0.000000 -0.000000
444928.922329 3945395.209833 0.000000 0.000000
444928.922835 3945395.325932 0.000000 -0.000000
444928.923341 3945395.442030 0.000000 -0.000000
444928.923846 3945395.558129 0.000000 -0.000000
444928.924352 3945395.674227 0.000000 0.000000
444928.924858 3945395.790325 0.000000 0.000000
444928.925364 3945395.906424 0.000000 -0.000000
444928.925870 3945396.022522 0.000000 0.000000
444928.926376 3945396.138621 0.000000 -0.000000
444928.926882 3945396.254719 0.000000 -0.000000
444928.927387 3945396.370818 0.000000 0.000000
444928.927893 3945396.486916 0.000000 0.000000
444928.928399 3945396.603015 0.000000 -0.000000
444928.928905 3945396.719113 0.000000 -0.000000
444928.929411 3945396.835212 0.000000 0.000000
444928.929917 3945396.951310 0.000000 -0.000000
444928.930423 3945397.067409 0.000000 0.000000
444928.930928 3945397.183507 0.000000 0.000000
444928.931434 3945397.299606 0.000000 -0.000000
444928.931940 3945397.415704 0.000000 0.000000
444928.932446 3945397.531803 0.000000 0.000000
444928.932952 3945397.647901 0.000000 0.000000
444928.933458 3945397.764000 0.000000 -0.000000
444928.933964 3945397.880098 0.000000 -0.000000
444928.934469 3945397.996197 0.000000 -0.000000
444928.934975 3945398.112295 0.000000 0.000000
444928.935481 3945398.228394 0.000000 -0.000000
444928.935987 3945398.344492 0.000000 -0.000000
444928.936493 3945398.460591 0.000000 -0.000000
444928.936999 3945398.576689 0.000000 0.000000
444928.937505 3945398.692788 0.000000 0.000000
444928.938010 3945398.808886 0.000000 0.000000
444928.938516 3945398.924985 0.000000 -0.000000
444928.939022 3945399.041083 0.000000 -0.000000
444928.939528 3945399.157182 0.000000 0.000000
444928.940034 3945399.273280 0.000000 -0.000000
444928.940540 3945399.389379 0.000000 0.000000
444928.941046 3945399.505477 0.000000 0.000000
444928.941551 3945399.621576 0.000000 -0.000000
444928.942057 3945399.737674 0.000000 -0.000000
444928.942563 3945399.853773 0.000000 0.000000
444928.943069 3945399.969871 0.000000 -0.000000
444928.943575 3945400.085970 0.000000 -0.000000
444928.944081 3945400.202068 0.000000 0.000000
444928.944587 3945400.318167 0.000000 -0.000000
444928.945092 3945400.434265 0.000000 0.000000
444928.945598 3945400.550364 0.000000 -0.000000
444928.946104 3945400.666462 0.000000 -0.000000
444928.946610 3945400.782561 0.000000 0.000000
444928.947116 3945400.898659 0.000000 -0.000000
444928.947622 3945401.014758 0.000000 -0.000000
444928.948127 3945401.130856 0.000000 0.000000
444928.948633 3945401.246955 0.000000 -0.000000
444928.949139 3945401.363053 0.000000 -0.000000
444928.949645 3945401.479152 0.000000 0.000000
444928.950151 3945401.595250 0.000000 -0.000000
444928.950657 3945401.711349 0.000000 0.000000
444928.951163 3945401.827447 0.000000 0.000000
444928.951668 3945401.943546 0.000000 -0.000000
444928.952174 3945402.059644 0.000000 0.000000
444928.952680 3945402.175743 0.000000 -0.000000
444928.953186 3945402.291841 0.000000 0.000000
444928.953692 3945402.407940 0.000000 -0.000000
444928.954198 3945402.524038 0.000000 0.000000
444928.954704 3945402.640137 0.000000 -0.000000
444928.955209 3945402.756235 0.000000 -0.000000
444928.955715 3945402.872334 0.000000 -0.000000
444928.956221 3945402.988432 0.000000 0.000000
444928.956727 3945403.104531 0.000000 0.000000
444928.957233 3945403.220629 0.000000 -0.000000
444928.957739 3945403.336728 0.000000 0.000000
444928.958245 3945403.452826 0.000000 -0.000000
444928.958750 3945403.568925 0.000000 0.000000
444928.959256 3945403.685023 0.000000 -0.000000
444928.959762 3945403.801122 0.000000 0.000000
444928.960268 3945403.917220 0.000000 0.000000
444928.960774 3945404.033319 0.000000 0.000000
444928.961280 3945404.149417 0.000000 -0.000000
444928.961786 3945404.265516 0.000000 -0.000000
444928.962291 3945404.381614 0.000000 -0.000000
444928.962797 3945404.497713 0.000000 0.000000
444928.963303 3945404.613811 0.000000 0.000000
444928.963809 3945404.729910 0.000000 -0.000000
444928.964315 3945404.846008 0.000000 0.000000
444928.964821 3945404.962106 0.000000 -0.000000
444928.965327 3945405.078205 0.000000 0.000000
444928.965832 3945405.194303 0.000000 0.000000
444928.966338 3945405.310402 0.000000 -0.000000
444928.966844 3945405.426500 0.000000 -0.000000
444928.967350 3945405.542599 0.000000 0.000000
444928.967856 3945405.658697 0.000000 0.000000
444928.968362 3945405.774796 0.000000 -0.000000
444928.968868 3945405.890894 0.000000 -0.000002
444928.969373 3945406.006993 0.000000 -0.000009
444928.969879 3945406.123091 0.000000 -0.000021
444928.970385 3945406.239190 0.000000 -0.000037
444928.970891 3945406.355288 0.000000 -0.000058
444928.971397 3945406.471387 0.000000 -0.000083
444928.971903 3945406.587485 0.000000 -0.000113
444928.972409 3945406.703584 0.000000 -0.000147
444928.972914 3945406.819682 0.000000 -0.000187
444928.973420 3945406.935781 0.000000 -0.000230
444928.973926 3945407.051879 0.000000 -0.000279
444928.974432 3945407.167978 0.000000 -0.000332
444928.974938 3945407.284076 0.000000 -0.000390
444928.975444 3945407.400175 0.000000 -0.000452
444928.975949 3945407.516273 0.000000 -0.000519
444928.976455 3945407.632372 0.000000 -0.000590
444928.976961 3945407.748470 0.000000 -0.000667
444928.977467 3945407.864569 0.000000 -0.000748
444928.977973 3945407.980667 0.000000 -0.000833
444928.978479 3945408.096766 0.000000 -0.000924
444928.978985 3945408.212864 0.000000 -0.001019
444928.979490 3945408.328963 0.000000 -0.001118
444928.979996 3945408.445061 0.000000 -0.001223
444928.980502 3945408.561160 0.000000 -0.001332
444928.981028 3945408.677243 0.000000 -0.001442
444928.981593 3945408.793294 0.000000 -0.001548
444928.982197 3945408.909315 0.000000 -0.001650
444928.982840 3945409.025304 0.000000 -0.001748
444928.983523 3945409.141262 0.000000 -0.001843
444928.984245 3945409.257189 0.000000 -0.001934
444928.985007 3945409.373085 0.000000 -0.002021
444928.985808 3945409.488950 0.000000 -0.002105
444928.986648 3945409.604783 0.000000 -0.002185
444928.987527 3945409.720585 0.000000 -0.002261
444928.988446 3945409.836356 0.000000 -0.002333
444928.989404 3945409.952096 0.000000 -0.002402
444928.990401 3945410.067804 0.000000 -0.002467
444928.991438 3945410.183482 0.000000 -0.002528
444928.992514 3945410.299128 0.000000 -0.002585
444928.993630 3945410.414743 0.000000 -0.002639
444928.994785 3945410.530327 0.000000 -0.002689
444928.995979 3945410.645879 0.000000 -0.002735
444928.997212 3945410.761401 0.000000 -0.002777
444928.998485 3945410.876891 0.000000 -0.002816
444928.999797 3945410.992350 0.000000 -0.002851
444929.001148 3945411.107778 0.000000 -0.002882
444929.002539 3945411.223174 0.000000 -0.002909
444929.003969 3945411.338540 0.000000 -0.002933
444929.005438 3945411.453874 0.000000 -0.002952
444929.006947 3945411.569177 0.000000 -0.002968
444929.008495 3945411.684449 0.000000 -0.002978
444929.010083 3945411.799689 0.000000 -0.002979
444929.011709 3945411.914899 0.000000 -0.002971
444929.013375 3945412.030077 0.000000 -0.002957
444929.015081 3945412.145224 0.000000 -0.002938
444929.016825 3945412.260340 0.000000 -0.002914
444929.018609 3945412.375425 0.000000 -0.002885
444929.020433 3945412.490478 0.000000 -0.002852
444929.022295 3945412.605501 0.000000 -0.002814
444929.024197 3945412.720492 0.000000 -0.002770
444929.026139 3945412.835452 0.000000 -0.002722
444929.028119 3945412.950380 0.000000 -0.002670
444929.030139 3945413.065278 0.000000 -0.002612
444929.032199 3945413.180144 0.000000 -0.002550
444929.034297 3945413.294979 0.000000 -0.002482
444929.036435 3945413.409783 0.000000 -0.002410
444929.038612 3945413.524556 0.000000 -0.002333
444929.040829 3945413.639297 0.000000 -0.002251
444929.043085 3945413.754008 0.000000 -0.002164
444929.045380 3945413.868687 0.000000 -0.002073
444929.047715 3945413.983335 0.000000 -0.001976
444929.050089 3945414.097952 0.000000 -0.001875
444929.052502 3945414.212537 0.000000 -0.001768
444929.054955 3945414.327092 0.000000 -0.001657
444929.057427 3945414.441630 0.000000 -0.001546
444929.059899 3945414.556169 0.000000 -0.001438
444929.062371 3945414.670708 0.000000 -0.001334
444929.064844 3945414.785247 0.000000 -0.001234
444929.067316 3945414.899785 0.000000 -0.001137
444929.069788 3945415.014324 0.000000 -0.001045
444929.072260 3945415.128863 0.000000 -0.000956
444929.074733 3945415.243402 0.000000 -0.000872
444929.077205 3945415.357940 0.000000 -0.000791
444929.079677 3945415.472479 0.000000 -0.000714
444929.082149 3945415.587018 0.000000 -0.000641
444929.084622 3945415.701557 0.000000 -0.000572
444929.087094 3945415.816096 0.000000 -0.000507
444929.089566 3945415.930634 0.000000 -0.000445
444929.092038 3945416.045173 0.000000 -0.000388
444929.094511 3945416.159712 0.000000 -0.000335
444929.096983 3945416.274251 0.000000 -0.000285
444929.099455 3945416.388789 0.000000 -0.000240
444929.101927 3945416.503328 0.000000 -0.000198
444929.104399 3945416.617867 0.000000 -0.000160
444929.106872 3945416.732406 0.000000 -0.000127
444929.109344 3945416.846945 0.000000 -0.000097
444929.111816 3945416.961483 0.000000 -0.000071
444929.114288 3945417.076022 0.000000 -0.000050
444929.116761 3945417.190561 0.000000 -0.000032
444929.119233 3945417.305100 0.000000 -0.000018
444929.121705 3945417.419638 0.000000 -0.000008
444929.124177 3945417.534177 0.000000 -0.000002
444929.126650 3945417.648716 0.000000 -0.000000
444929.129122 3945417.763255 0.000000 0.000000
444929.131594 3945417.877794 0.000000 -0.000000
444929.134066 3945417.992332 0.000000 0.000000
444929.136539 3945418.106871 0.000000 -0.000000
444929.139011 3945418.221410 0.000000 0.000000
444929.141483 3945418.335949 0.000000 -0.000000
444929.143955 3945418.450487 0.000000 0.000000
444929.146428 3945418.565026 0.000000 -0.000000
444929.148900 3945418.679565 0.000000 0.000000
444929.151372 3945418.794104 0.000000 0.000000
444929.153844 3945418.908643 0.000000 0.000000
444929.156317 3945419.023181 0.000000 -0.000000
444929.158789 3945419.137720 0.000000 -0.000000
444929.161261 3945419.252259 0.000000 -0.000000
444929.163733 3945419.366798 0.000000 -0.000000
444929.166206 3945419.481336 0.000000 -0.000000
444929.168678 3945419.595875 0.000000 0.000000
444929.171150 3945419.710414 0.000000 -0.000000
444929.173622 3945419.824953 0.000000 0.000000
444929.176095 3945419.939491 0.000000 0.000000
444929.178567 3945420.054030 0.000000 0.000000
444929.181039 3945420.168569 0.000000 0.000000
444929.183511 3945420.283108 0.000000 -0.000000
444929.185984 3945420.397647 0.000000 -0.000000
444929.188456 3945420.512185 0.000000 0.000000
444929.190928 3945420.626724 0.000000 0.000000
444929.193400 3945420.741263 0.000000 -0.000000
444929.195872 3945420.855802 0.000000 -0.000000
444929.198345 3945420.970340 0.000000 0.000000
444929.200817 3945421.084879 0.000000 -0.000000
444929.203289 3945421.199418 0.000000 0.000000
444929.205761 3945421.313957 0.000000 0.000000
444929.208234 3945421.428496 0.000000 -0.000000
444929.210706 3945421.543034 0.000000 0.000000
444929.213178 3945421.657573 0.000000 -0.000000
444929.215650 3945421.772112 0.000000 0.000000
444929.218123 3945421.886651 0.000000 0.000000
444929.220595 3945422.001189 0.000000 0.000000
444929.223067 3945422.115728 0.000000 0.000000
444929.225539 3945422.230267 0.000000 0.000000
444929.228012 3945422.344806 0.000000 0.000000
444929.230484 3945422.459345 0.000000 0.000000
444929.232956 3945422.573883 0.000000 -0.000000
444929.235428 3945422.688422 0.000000 0.000000
444929.237901 3945422.802961 0.000000 0.000000
444929.240373 3945422.917500 0.000000 -0.000000
444929.242845 3945423.032038 0.000000 0.000000
444929.245317 3945423.146577 0.000000 -0.000000
444929.247790 3945423.261116 0.000000 -0.000000
444929.250262 3945423.375655 0.000000 0.000000
444929.252734 3945423.490194 0.000000 -0.000000
444929.255206 3945423.604732 0.000000 0.000000
444929.257679 3945423.719271 0.000000 -0.000000
444929.260151 3945423.833810 0.000000 0.000000
444929.262623 3945423.948349 0.000000 0.000000
444929.265095 3945424.062887 0.000000 -0.000000
444929.267568 3945424.177426 0.000000 0.000000
444929.270040 3945424.291965 0.000000 0.000000
444929.272512 3945424.406504 0.000000 0.000000
444929.274984 3945424.521043 0.000000 0.000000
444929.277457 3945424.635581 0.000000 0.000000
444929.279929 3945424.750120 0.000000 0.000000
444929.282401 3945424.864659 0.000000 -0.000000
444929.284873 3945424.979198 0.000000 0.000000
444929.287346 3945425.093736 0.000000 -0.000000
444929.289818 3945425.208275 0.000000 0.000000
444929.292290 3945425.322814 0.000000 -0.000000
444929.294762 3945425.437353 0.000000 -0.000000
444929.297234 3945425.551891 0.000000 0.000000
444929.299707 3945425.666430 0.000000 0.000000
444929.302179 3945425.780969 0.000000 0.000000
444929.304651 3945425.895508 0.000000 0.000000
444929.307123 3945426.010047 0.000000 0.000000
444929.309596 3945426.124585 0.000000 -0.000000
444929.312068 3945426.239124 0.000000 0.000000
444929.314540 3945426.353663 0.000000 -0.000000
444929.317012 3945426.468202 0.000000 -0.000000
444929.319485 3945426.582740 0.000000 -0.000000
444929.321957 3945426.697279 0.000000 0.000000
444929.324429 3945426.811818 0.000000 0.000000
444929.326901 3945426.926357 0.000000 -0.000000
444929.329374 3945427.040896 0.000000 0.000000
444929.331846 3945427.155434 0.000000 0.000000
444929.334318 3945427.269973 0.000000 0.000000
444929.336790 3945427.384512 0.000000 -0.000000
444929.339263 3945427.499051 0.000000 0.000000
444929.341735 3945427.613589 0.000000 0.000000
444929.344207 3945427.728128 0.000000 -0.000000
444929.346679 3945427.842667 0.000000 -0.000000
444929.349152 3945427.957206 0.000000 -0.000000
444929.351624 3945428.071745 0.000000 0.000000
444929.354096 3945428.186283 0.000000 0.000000
444929.356568 3945428.300822 0.000000 -0.000000
444929.359041 3945428.415361 0.000000 -0.000000
444929.361513 3945428.529900 0.000000 -0.000000
444929.363985 3945428.644438 0.000000 0.000000
444929.366457 3945428.758977 0.000000 -0.000000
444929.368930 3945428.873516 0.000000 0.000003
444929.371402 3945428.988055 0.000000 0.000010
444929.373874 3945429.102594 0.000000 0.000023
444929.376346 3945429.217132 0.000000 0.000041
444929.378819 3945429.331671 0.000000 0.000064
444929.381291 3945429.446210 0.000000 0.000092
444929.383763 3945429.560749 0.000000 0.000126
444929.386235 3945429.675287 0.000000 0.000164
444929.388707 3945429.789826 0.000000 0.000208
444929.391180 3945429.904365 0.000000 0.000257
444929.393652 3945430.018904 0.000000 0.000311
444929.396124 3945430.133442 0.000000 0.000371
444929.398596 3945430.247981 0.000000 0.000435
444929.401069 3945430.362520 0.000000 0.000506
444929.403541 3945430.477059 0.000000 0.000581
444929.406013 3945430.591598 0.000000 0.000662
444929.408485 3945430.706136 0.000000 0.000748
444929.410958 3945430.820675 0.000000 0.000840
444929.413430 3945430.935214 0.000000 0.000938
444929.415902 3945431.049753 0.000000 0.001041
444929.418374 3945431.164291 0.000000 0.001150
444929.420847 3945431.278830 0.000000 0.001264
444929.423319 3945431.393369 0.000000 0.001385
444929.425791 3945431.507908 0.000000 0.001511
444929.428240 3945431.622364 0.000000 0.001638
444929.430643 3945431.736657 0.000000 0.001762
444929.433000 3945431.850785 0.000000 0.001882
444929.435310 3945431.964748 0.000000 0.001998
444929.437574 3945432.078547 0.000000 0.002110
444929.439792 3945432.192182 0.000000 0.002219
444929.441964 3945432.305653 0.000000 0.002325
444929.444089 3945432.418959 0.000000 0.002426
444929.446168 3945432.532101 0.000000 0.002524
444929.448201 3945432.645079 0.000000 0.002618
444929.450188 3945432.757892 0.000000 0.002708
444929.452128 3945432.870541 0.000000 0.002795
444929.454022 3945432.983025 0.000000 0.002878
444929.455870 3945433.095345 0.000000 0.002957
444929.457671 3945433.207501 0.000000 0.003032
444929.459427 3945433.319493 0.000000 0.003104
444929.461136 3945433.431320 0.000000 0.003172
444929.462799 3945433.542983 0.000000 0.003235
444929.464415 3945433.654481 0.000000 0.003295
444929.465986 3945433.765816 0.000000 0.003351
444929.467510 3945433.876985 0.000000 0.003403
444929.468987 3945433.987991 0.000000 0.003451
444929.470419 3945434.098832 0.000000 0.003495
444929.471804 3945434.209509 0.000000 0.003535
444929.473143 3945434.320021 0.000000 0.003571
444929.474436 3945434.430369 0.000000 0.003602
444929.475683 3945434.540553 0.000000 0.003626
444929.476883 3945434.650573 0.000000 0.003640
444929.478037 3945434.760428 0.000000 0.003644
444929.479145 3945434.870119 0.000000 0.003639
444929.480207 3945434.979645 0.000000 0.003627
444929.481222 3945435.089007 0.000000 0.003610
444929.482191 3945435.198205 0.000000 0.003586
444929.483114 3945435.307238 0.000000 0.003555
444929.483990 3945435.416107 0.000000 0.003518
444929.484821 3945435.524812 0.000000 0.003475
444929.485605 3945435.633353 0.000000 0.003425
444929.486342 3945435.741729 0.000000 0.003368
444929.487034 3945435.849940 0.000000 0.003305
444929.487679 3945435.957988 0.000000 0.003234
444929.488278 3945436.065871 0.000000 0.003157
444929.488831 3945436.173590 0.000000 0.003073
444929.489338 3945436.281144 0.000000 0.002983
444929.489798 3945436.388534 0.000000 0.002885
444929.490212 3945436.495760 0.000000 0.002780
444929.490580 3945436.602821 0.000000 0.002668
444929.490901 3945436.709718 0.000000 0.002550
444929.491176 3945436.816451 0.000000 0.002424
444929.491406 3945436.923019 0.000000 0.002291
444929.491588 3945437.029423 0.000000 0.002152
444929.491748 3945437.135745 0.000000 0.002010
444929.491908 3945437.242067 0.000000 0.001874
444929.492067 3945437.348389 0.000000 0.001741
444929.492227 3945437.454710 0.000000 0.001613
444929.492386 3945437.561032 0.000000 0.001490
444929.492546 3945437.667354 0.000000 0.001371
444929.492706 3945437.773676 0.000000 0.001256
444929.492865 3945437.879998 0.000000 0.001147
444929.493025 3945437.986320 0.000000 0.001042
444929.493185 3945438.092642 0.000000 0.000942
444929.493344 3945438.198963 0.000000 0.000847
444929.493504 3945438.305285 0.000000 0.000756
444929.493664 3945438.411607 0.000000 0.000671
444929.493823 3945438.517929 0.000000 0.000590
444929.493983 3945438.624251 0.000000 0.000515
444929.494143 3945438.730573 0.000000 0.000444
444929.494302 3945438.836894 0.000000 0.000379
444929.494462 3945438.943216 0.000000 0.000319
444929.494621 3945439.049538 0.000000 0.000264
444929.494781 3945439.155860 0.000000 0.000214
444929.494941 3945439.262182 0.000000 0.000169
444929.495100 3945439.368504 0.000000 0.000129
444929.495260 3945439.474825 0.000000 0.000095
444929.495420 3945439.581147 0.000000 0.000066
444929.495579 3945439.687469 0.000000 0.000042
444929.495739 3945439.793791 0.000000 0.000024
444929.495899 3945439.900113 0.000000 0.000011
444929.496058 3945440.006435 0.000000 0.000003
444929.496218 3945440.112756 0.000000 0.000000
444929.496378 3945440.219078 0.000000 -0.000000
444929.496537 3945440.325400 0.000000 0.000000
444929.496697 3945440.431722 0.000000 0.000000
444929.496856 3945440.538044 0.000000 -0.000000
444929.497016 3945440.644366 0.000000 0.000000
444929.497176 3945440.750688 0.000000 0.000000
444929.497335 3945440.857009 0.000000 0.000000
444929.497495 3945440.963331 0.000000 -0.000000
444929.497655 3945441.069653 0.000000 0.000000
444929.497814 3945441.175975 0.000000 -0.000000
444929.497974 3945441.282297 0.000000 0.000000
444929.498134 3945441.388619 0.000000 0.000000
444929.498293 3945441.494940 0.000000 -0.000000
444929.498453 3945441.601262 0.000000 -0.000000
444929.498613 3945441.707584 0.000000 0.000000
444929.498772 3945441.813906 0.000000 -0.000000
444929.498932 3945441.920228 0.000000 -0.000000
444929.499091 3945442.026550 0.000000 0.000000
444929.499251 3945442.132871 0.000000 0.000000
444929.499411 3945442.239193 0.000000 0.000000
444929.499570 3945442.345515 0.000000 -0.000000
444929.499730 3945442.451837 0.000000 -0.000000
444929.499890 3945442.558159 0.000000 0.000000
444929.500049 3945442.664481 0.000000 0.000000
444929.500209 3945442.770802 0.000000 0.000000
444929.500369 3945442.877124 0.000000 -0.000000
444929.500528 3945442.983446 0.000000 0.000000
444929.500688 3945443.089768 0.000000 -0.000000
444929.500848 3945443.196090 0.000000 -0.000000
444929.501007 3945443.302412 0.000000 -0.000000
444929.501167 3945443.408733 0.000000 -0.000000
444929.501326 3945443.515055 0.000000 0.000000
444929.501486 3945443.621377 0.000000 0.000000
444929.501646 3945443.727699 0.000000 0.000000
444929.501805 3945443.834021 0.000000 -0.000000
444929.501965 3945443.940343 0.000000 -0.000000
444929.502125 3945444.046665 0.000000 -0.000000
444929.502284 3945444.152986 0.000000 -0.000000
444929.502444 3945444.259308 0.000000 0.000000
444929.502604 3945444.365630 0.000000 0.000000
444929.502763 3945444.471952 0.000000 -0.000000
444929.502923 3945444.578274 0.000000 0.000000
444929.503083 3945444.684596 0.000000 -0.000000
444929.503242 3945444.790917 0.000000 -0.000000
444929.503402 3945444.897239 0.000000 0.000000
444929.503561 3945445.003561 0.000000 0.000000
444929.503721 3945445.109883 0.000000 0.000000
444929.503881 3945445.216205 0.000000 0.000000
444929.504040 3945445.322527 0.000000 -0.000000
444929.504200 3945445.428848 0.000000 -0.000000
444929.504360 3945445.535170 0.000000 0.000000
444929.504519 3945445.641492 0.000000 0.000000
444929.504679 3945445.747814 0.000000 0.000000
444929.504839 3945445.854136 0.000000 0.000000
444929.504998 3945445.960458 0.000000 -0.000000
444929.505158 3945446.066779 0.000000 -0.000000
444929.505318 3945446.173101 0.000000 0.000000
444929.505477 3945446.279423 0.000000 0.000000
444929.505637 3945446.385745 0.000000 0.000000
444929.505796 3945446.492067 0.000000 0.000000
444929.505956 3945446.598389 0.000000 0.000000
444929.506116 3945446.704710 0.000000 0.000000
444929.506275 3945446.811032 0.000000 -0.000000
444929.506435 3945446.917354 0.000000 -0.000000
444929.506595 3945447.023676 0.000000 0.000000
444929.506754 3945447.129998 0.000000 0.000000
444929.506914 3945447.236320 0.000000 0.000000
444929.507074 3945447.342642 0.000000 -0.000000
444929.507233 3945447.448963 0.000000 0.000000
444929.507393 3945447.555285 0.000000 -0.000000
444929.507553 3945447.661607 0.000000 0.000000
444929.507712 3945447.767929 0.000000 -0.000000
444929.507872 3945447.874251 0.000000 0.000000
444929.508031 3945447.980573 0.000000 0.000000
444929.508191 3945448.086894 0.000000 0.000000
444929.508351 3945448.193216 0.000000 0.000000
444929.508510 3945448.299538 0.000000 -0.000000
444929.508670 3945448.405860 0.000000 0.000000
444929.508830 3945448.512182 0.000000 0.000000
444929.508989 3945448.618504 0.000000 0.000000
444929.509149 3945448.724825 0.000000 -0.000000
444929.509309 3945448.831147 0.000000 -0.000000
444929.509468 3945448.937469 0.000000 -0.000000
444929.509628 3945449.043791 0.000000 0.000000
444929.509788 3945449.150113 0.000000 0.000000
444929.509947 3945449.256435 0.000000 0.000000
444929.510107 3945449.362756 0.000000 0.000000
444929.510266 3945449.469078 0.000000 -0.000000
444929.510426 3945449.575400 0.000000 0.000000
444929.510586 3945449.681722 0.000000 -0.000000
444929.510745 3945449.788044 0.000000 0.000000
444929.510905 3945449.894366 0.000000 -0.000000
444929.511065 3945450.000688 0.000000 -0.000000
444929.511224 3945450.107009 0.000000 0.000000
444929.511384 3945450.213331 0.000000 0.000000
444929.511544 3945450.319653 0.000000 -0.000000
444929.511703 3945450.425975 0.000000 0.000000
444929.511863 3945450.532297 0.000000 -0.000058
444929.512023 3945450.638619 0.000000 -0.000233
444929.512182 3945450.744940 0.000000 -0.000524
444929.512342 3945450.851262 0.000000 -0.000932
444929.512501 3945450.957584 0.000000 -0.001456
444929.512661 3945451.063906 0.000000 -0.002096
444929.512821 3945451.170228 0.000000 -0.002852
444929.512980 3945451.276550 0.000000 -0.003724
444929.513140 3945451.382871 0.000000 -0.004712
444929.513300 3945451.489193 0.000000 -0.005816
444929.513459 3945451.595515 0.000000 -0.007034
444929.513619 3945451.701837 0.000000 -0.008367
444929.513779 3945451.808159 0.000000 -0.009815
444929.513938 3945451.914481 0.000000 -0.011377
444929.514098 3945452.020802 0.000000 -0.013053
444929.514257 3945452.127124 0.000000 -0.014841
444929.514417 3945452.233446 0.000000 -0.016742
444929.514577 3945452.339768 0.000000 -0.018755
444929.514736 3945452.446090 0.000000 -0.020879
444929.514896 3945452.552412 0.000000 -0.023113
444929.515056 3945452.658733 0.000000 -0.025457
444929.515215 3945452.765055 0.000000 -0.027908
444929.515375 3945452.871377 0.000000 -0.030467
444929.515535 3945452.977699 0.000000 -0.033132
444929.516113 3945453.084050 0.000000 -0.035796
444929.517530 3945453.190458 0.000000 -0.038355
444929.519784 3945453.296924 0.000000 -0.040807
444929.522876 3945453.403448 0.000000 -0.043153
444929.526805 3945453.510029 0.000000 -0.045391
444929.531573 3945453.616669 0.000000 -0.047521
444929.537179 3945453.723366 0.000000 -0.049543
444929.543622 3945453.830120 0.000000 -0.051457
444929.550903 3945453.936933 0.000000 -0.053262
444929.559022 3945454.043803 0.000000 -0.054957
444929.567978 3945454.150730 0.000000 -0.056543
444929.577773 3945454.257716 0.000000 -0.058018
444929.588405 3945454.364759 0.000000 -0.059384
444929.599875 3945454.471860 0.000000 -0.060639
444929.612183 3945454.579018 0.000000 -0.061784
444929.625329 3945454.686234 0.000000 -0.062819
444929.639312 3945454.793508 0.000000 -0.063743
444929.654134 3945454.900840 0.000000 -0.064557
444929.669793 3945455.008229 0.000000 -0.065261
444929.686290 3945455.115676 0.000000 -0.065855
444929.703625 3945455.223181 0.000000 -0.066340
444929.721797 3945455.330743 0.000000 -0.066716
444929.740808 3945455.438364 0.000000 -0.066983
444929.760656 3945455.546041 0.000000 -0.067142
444929.781342 3945455.653777 0.000000 -0.067195
444929.802866 3945455.761570 0.000000 -0.067142
444929.825227 3945455.869421 0.000000 -0.066935
444929.848427 3945455.977330 0.000000 -0.066528
444929.872464 3945456.085296 0.000000 -0.065924
444929.897339 3945456.193320 0.000000 -0.065175
444929.923052 3945456.301402 0.000000 -0.064329
444929.949603 3945456.409542 0.000000 -0.063389
444929.976991 3945456.517739 0.000000 -0.062357
444930.005218 3945456.625994 0.000000 -0.061235
444930.034282 3945456.734306 0.000000 -0.060026
444930.064184 3945456.842676 0.000000 -0.058731
444930.094924 3945456.951104 0.000000 -0.057352
444930.126501 3945457.059590 0.000000 -0.055892
444930.158917 3945457.168133 0.000000 -0.054351
444930.192170 3945457.276735 0.000000 -0.052731
444930.226261 3945457.385393 0.000000 -0.051034
444930.261190 3945457.494110 0.000000 -0.049261
444930.296956 3945457.602884 0.000000 -0.047413
444930.333561 3945457.711716 0.000000 -0.045492
444930.371003 3945457.820606 0.000000 -0.043499
444930.409283 3945457.929553 0.000000 -0.041433
444930.448401 3945458.038558 0.000000 -0.039297
444930.488357 3945458.147621 0.000000 -0.037091
444930.529150 3945458.256741 0.000000 -0.034815
444930.570781 3945458.365919 0.000000 -0.032470
444930.612832 3945458.475126 0.000000 -0.030140
444930.654882 3945458.584333 0.000000 -0.027910
444930.696932 3945458.693540 0.000000 -0.025777
444930.738982 3945458.802747 0.000000 -0.023740
444930.781033 3945458.911954 0.000000 -0.021797
444930.823083 3945459.021161 0.000000 -0.019946
444930.865133 3945459.130368 0.000000 -0.018186
444930.907183 3945459.239575 0.000000 -0.016515
444930.949234 3945459.348782 0.000000 -0.014932
444930.991284 3945459.457989 0.000000 -0.013435
444931.033334 3945459.567196 0.000000 -0.012023
444931.075384 3945459.676403 0.000000 -0.010695
444931.117434 3945459.785610 0.000000 -0.009449
444931.159485 3945459.894817 0.000000 -0.008284
444931.201535 3945460.004023 0.000000 -0.007200
444931.243585 3945460.113230 0.000000 -0.006195
444931.285635 3945460.222437 0.000000 -0.005268
444931.327686 3945460.331644 0.000000 -0.004418
444931.369736 3945460.440851 0.000000 -0.003645
444931.411786 3945460.550058 0.000000 -0.002948
444931.453836 3945460.659265 0.000000 -0.002326
444931.495886 3945460.768472 0.000000 -0.001779
444931.537937 3945460.877679 0.000000 -0.001306
444931.579987 3945460.986886 0.000000 -0.000906
444931.622037 3945461.096093 0.000000 -0.000579
444931.664087 3945461.205300 0.000000 -0.000326
444931.706138 3945461.314507 0.000000 -0.000196
444931.748188 3945461.423714 0.000000 -0.000240
444931.790238 3945461.532921 0.000000 -0.000459
444931.832288 3945461.642128 0.000000 -0.000816
444931.874339 3945461.751335 0.000000 -0.001276
444931.916389 3945461.860542 0.000000 -0.001838
444931.958439 3945461.969749 0.000000 -0.002504
444932.000489 3945462.078956 0.000000 -0.003274
444932.042539 3945462.188163 0.000000 -0.004148
444932.084590 3945462.297370 0.000000 -0.005128
444932.126640 3945462.406577 0.000000 -0.006213
444932.168690 3945462.515784 0.000000 -0.007405
444932.210740 3945462.624991 0.000000 -0.008704
444932.252791 3945462.734198 0.000000 -0.010112
444932.294841 3945462.843405 0.000000 -0.011630
444932.336891 3945462.952611 0.000000 -0.013258
444932.378941 3945463.061818 0.000000 -0.014997
444932.420992 3945463.171025 0.000000 -0.016850
444932.463042 3945463.280232 0.000000 -0.018816
444932.505092 3945463.389439 0.000000 -0.020898
444932.547142 3945463.498646 0.000000 -0.023097
444932.589192 3945463.607853 0.000000 -0.025413
444932.631243 3945463.717060 0.000000 -0.027848
444932.673293 3945463.826267 0.000000 -0.030405
444932.715711 3945463.935195 0.000000 -0.032986
444932.758865 3945464.043565 0.000000 -0.035495
444932.802755 3945464.151376 0.000000 -0.037931
444932.847381 3945464.258629 0.000000 -0.040295
444932.892743 3945464.365324 0.000000 -0.042586
444932.938841 3945464.471461 0.000000 -0.044802
444932.985674 3945464.577039 0.000000 -0.046943
444933.033244 3945464.682059 0.000000 -0.049008
444933.081549 3945464.786521 0.000000 -0.050996
444933.130591 3945464.890424 0.000000 -0.052906
444933.180368 3945464.993770 0.000000 -0.054738
444933.230881 3945465.096557 0.000000 -0.056489
444933.282130 3945465.198786 0.000000 -0.058158
444933.334115 3945465.300456 0.000000 -0.059745
444933.386836 3945465.401569 0.000000 -0.061248
444933.440293 3945465.502123 0.000000 -0.062666
444933.494486 3945465.602119 0.000000 -0.063996
444933.549414 3945465.701556 0.000000 -0.065239
444933.605079 3945465.800436 0.000000 -0.066391
444933.661479 3945465.898757 0.000000 -0.067452
444933.718616 3945465.996520 0.000000 -0.068420
444933.776488 3945466.093725 0.000000 -0.069293
444933.835096 3945466.190371 0.000000 -0.070070
444933.894440 3945466.286459 0.000000 -0.070750
444933.954520 3945466.381989 0.000000 -0.071330
444934.015336 3945466.476961 0.000000 -0.071809
444934.076888 3945466.571374 0.000000 -0.072127
444934.139176 3945466.665229 0.000000 -0.072225
444934.202199 3945466.758526 0.000000 -0.072101
444934.265959 3945466.851265 0.000000 -0.071802
444934.330454 3945466.943445 0.000000 -0.071373
444934.395686 3945467.035067 0.000000 -0.070815
444934.461653 3945467.126131 0.000000 -0.070129
444934.528356 3945467.216637 0.000000 -0.069315
444934.595795 3945467.306585 0.000000 -0.068375
444934.663970 3945467.395974 0.000000 -0.067310
444934.732881 3945467.484805 0.000000 -0.066119
444934.802528 3945467.573077 0.000000 -0.064805
444934.872910 3945467.660792 0.000000 -0.063369
444934.944029 3945467.747948 0.000000 -0.061811
444935.015884 3945467.834546 0.000000 -0.060132
444935.088474 3945467.920586 0.000000 -0.058334
444935.161800 3945468.006067 0.000000 -0.056418
444935.235863 3945468.090990 0.000000 -0.054384
444935.310661 3945468.175355 0.000000 -0.052234
444935.386195 3945468.259162 0.000000 -0.049969
444935.462465 3945468.342411 0.000000 -0.047589
444935.539471 3945468.425101 0.000000 -0.045096
444935.617213 3945468.507233 0.000000 -0.042491
444935.695690 3945468.588806 0.000000 -0.039773
444935.774536 3945468.670101 0.000000 -0.037049
444935.853382 3945468.751396 0.000000 -0.034422
444935.932227 3945468.832690 0.000000 -0.031894
444936.011073 3945468.913985 0.000000 -0.029464
444936.089919 3945468.995279 0.000000 -0.027131
444936.168764 3945469.076574 0.000000 -0.024897
444936.247610 3945469.157869 0.000000 -0.022760
444936.326456 3945469.239163 0.000000 -0.020721
444936.405301 3945469.320458 0.000000 -0.018779
444936.484147 3945469.401752 0.000000 -0.016935
444936.562993 3945469.483047 0.000000 -0.015187
444936.641838 3945469.564342 0.000000 -0.013536
444936.720684 3945469.645636 0.000000 -0.011982
444936.799530 3945469.726931 0.000000 -0.010524
444936.878375 3945469.808226 0.000000 -0.009161
444936.957221 3945469.889520 0.000000 -0.007894
444937.036066 3945469.970815 0.000000 -0.006722
444937.114912 3945470.052109 0.000000 -0.005646
444937.193758 3945470.133404 0.000000 -0.004663
444937.272603 3945470.214699 0.000000 -0.003775
444937.351449 3945470.295993 0.000000 -0.002982
444937.430295 3945470.377288 0.000000 -0.002282
444937.509140 3945470.458582 0.000000 -0.001676
444937.587986 3945470.539877 0.000000 -0.001164
444937.666832 3945470.621172 0.000000 -0.000745
444937.745677 3945470.702466 0.000000 -0.000419
444937.824523 3945470.783761 0.000000 -0.000263
444937.903369 3945470.865055 0.000000 -0.000355
444937.982214 3945470.946350 0.000000 -0.000692
444938.061060 3945471.027645 0.000000 -0.001229
444938.139906 3945471.108939 0.000000 -0.001916
444938.218751 3945471.190234 0.000000 -0.002752
444938.297597 3945471.271528 0.000000 -0.003735
444938.376443 3945471.352823 0.000000 -0.004861
444938.455288 3945471.434118 0.000000 -0.006129
444938.534134 3945471.515412 0.000000 -0.007534
444938.612980 3945471.596707 0.000000 -0.009072
444938.691825 3945471.678001 0.000000 -0.010739
444938.770671 3945471.759296 0.000000 -0.012531
444938.849517 3945471.840591 0.000000 -0.014443
444938.928362 3945471.921885 0.000000 -0.016470
444939.007208 3945472.003180 0.000000 -0.018606
444939.086054 3945472.084475 0.000000 -0.020845
444939.164899 3945472.165769 0.000000 -0.023182
444939.243745 3945472.247064 0.000000 -0.025610
444939.322591 3945472.328358 0.000000 -0.028122
444939.401436 3945472.409653 0.000000 -0.030713
444939.480282 3945472.490948 0.000000 -0.033375
444939.559128 3945472.572242 0.000000 -0.036101
444939.637973 3945472.653537 0.000000 -0.038885
444939.717569 3945472.734701 0.000000 -0.041598
444939.798664 3945472.815605 0.000000 -0.044117
444939.881258 3945472.896249 0.000000 -0.046443
444939.965352 3945472.976633 0.000000 -0.048579
444940.050945 3945473.056757 0.000000 -0.050527
444940.138037 3945473.136620 0.000000 -0.052288
444940.226629 3945473.216223 0.000000 -0.053867
444940.316721 3945473.295566 0.000000 -0.055265
444940.408312 3945473.374648 0.000000 -0.056488
444940.501402 3945473.453470 0.000000 -0.057537
444940.595992 3945473.532032 0.000000 -0.058419
444940.692081 3945473.610334 0.000000 -0.059136
444940.789670 3945473.688375 0.000000 -0.059694
444940.888758 3945473.766156 0.000000 -0.060097
444940.989345 3945473.843677 0.000000 -0.060351
444941.091432 3945473.920938 0.000000 -0.060460
444941.195019 3945473.997939 0.000000 -0.060431
444941.300105 3945474.074679 0.000000 -0.060269
444941.406690 3945474.151159 0.000000 -0.059980
444941.514775 3945474.227378 0.000000 -0.059570
444941.624359 3945474.303338 0.000000 -0.059045
444941.735443 3945474.379037 0.000000 -0.058411
444941.848026 3945474.454476 0.000000 -0.057675
444941.962108 3945474.529654 0.000000 -0.056842
444942.077690 3945474.604573 0.000000 -0.055920
444942.194772 3945474.679231 0.000000 -0.054914
444942.313352 3945474.753629 0.000000 -0.053855
444942.433433 3945474.827767 0.000000 -0.052771
444942.555012 3945474.901644 0.000000 -0.051665
444942.678092 3945474.975261 0.000000 -0.050586
444942.802670 3945475.048618 0.000000 -0.049579
444942.928748 3945475.121715 0.000000 -0.048640
444943.056326 3945475.194551 0.000000 -0.047768
444943.185403 3945475.267127 0.000000 -0.046959
444943.315979 3945475.339443 0.000000 -0.046212
444943.448055 3945475.411499 0.000000 -0.045525
444943.581630 3945475.483294 0.000000 -0.044896
444943.716705 3945475.554829 0.000000 -0.044321
444943.853279 3945475.626104 0.000000 -0.043800
444943.991352 3945475.697119 0.000000 -0.043331
444944.130925 3945475.767873 0.000000 -0.042911
444944.271998 3945475.838367 0.000000 -0.042539
444944.414570 3945475.908601 0.000000 -0.042212
444944.558641 3945475.978575 0.000000 -0.041930
444944.704212 3945476.048288 0.000000 -0.041691
444944.851282 3945476.117741 0.000000 -0.041492
444944.999852 3945476.186934 0.000000 -0.041333
444945.149921 3945476.255867 0.000000 -0.041212
444945.301489 3945476.324539 0.000000 -0.041127
444945.454557 3945476.392951 0.000000 -0.041076
444945.609157 3945476.460782 0.000000 -0.041027
444945.765321 3945476.527710 0.000000 -0.040948
444945.923049 3945476.593735 0.000000 -0.040838
444946.082341 3945476.658858 0.000000 -0.040700
444946.243197 3945476.723078 0.000000 -0.040534
444946.405617 3945476.786395 0.000000 -0.040341
444946.569601 3945476.848810 0.000000 -0.040122
444946.735149 3945476.910322 0.000000 -0.039878
444946.902261 3945476.970932 0.000000 -0.039609
444947.070938 3945477.030639 0.000000 -0.039317
444947.241178 3945477.089443 0.000000 -0.039002
444947.412982 3945477.147345 0.000000 -0.038666
444947.586351 3945477.204344 0.000000 -0.038308
444947.761284 3945477.260440 0.000000 -0.037931
444947.937780 3945477.315634 0.000000 -0.037533
444948.115841 3945477.369925 0.000000 -0.037117
444948.295466 3945477.423314 0.000000 -0.036683
444948.476654 3945477.475800 0.000000 -0.036232
444948.659407 3945477.527383 0.000000 -0.035764
444948.843724 3945477.578063 0.000000 -0.035281
444949.029605 3945477.627841 0.000000 -0.034782
444949.217050 3945477.676717 0.000000 -0.034269
444949.406059 3945477.724690 0.000000 -0.033742
444949.596633 3945477.771760 0.000000 -0.033201
444949.788770 3945477.817927 0.000000 -0.032648
444949.982471 3945477.863192 0.000000 -0.032084
444950.177737 3945477.907554 0.000000 -0.030747
444950.374566 3945477.951014 0.000000 -0.029410
444950.572960 3945477.993570 0.000000 -0.028073
444950.772917 3945478.035225 0.000000 -0.026736
444950.974439 3945478.075976 0.000000 -0.025399
444951.177524 3945478.115825 0.000000 -0.024063
444951.382174 3945478.154772 0.000000 -0.022726
444951.588388 3945478.192816 0.000000 -0.021389
444951.796166 3945478.229957 0.000000 -0.020052
444952.005508 3945478.266195 0.000000 -0.018715
444952.216414 3945478.301531 0.000000 -0.017379
444952.428884 3945478.335964 0.000000 -0.016042
444952.642918 3945478.369495 0.000000 -0.014705
444952.858516 3945478.402123 0.000000 -0.013368
444953.075679 3945478.433848 0.000000 -0.012031
444953.294405 3945478.464671 0.000000 -0.010695
444953.514695 3945478.494591 0.000000 -0.009358
444953.736550 3945478.523608 0.000000 -0.008021
444953.959968 3945478.551723 0.000000 -0.006684
444954.184951 3945478.578935 0.000000 -0.005347
444954.411498 3945478.605245 0.000000 -0.004010
444954.639608 3945478.630651 0.000000 -0.002674
444954.869283 3945478.655156 0.000000 -0.001337
