445000.052166 3945366.528633 0.000000 0.000000
445000.048055 3945366.282209 0.000000 -0.000000
445000.043984 3945366.038262 0.000000 -0.000000
445000.039955 3945365.796792 0.000000 -0.000000
445000.035968 3945365.557799 0.000000 -0.000000
445000.032021 3945365.321282 0.000000 -0.000000
445000.028116 3945365.087241 0.000000 -0.000000
445000.024253 3945364.855678 0.000000 -0.000000
445000.020430 3945364.626590 0.000000 -0.000000
445000.016649 3945364.399980 0.000000 -0.000000
445000.012910 3945364.175846 0.000000 -0.000000
445000.009211 3945363.954189 0.000000 -0.000000
445000.005554 3945363.735008 0.000000 -0.000000
445000.001938 3945363.518304 0.000000 -0.000000
444999.998364 3945363.304077 0.000000 -0.000000
444999.994831 3945363.092326 0.000000 -0.000000
444999.991339 3945362.883052 0.000000 -0.000000
444999.987889 3945362.676254 0.000000 -0.000000
444999.984479 3945362.471933 0.000000 -0.000000
444999.981112 3945362.270089 0.000000 -0.000000
444999.977785 3945362.070721 0.000000 -0.000000
444999.974500 3945361.873830 0.000000 -0.000000
444999.971256 3945361.679415 0.000000 -0.000000
444999.968054 3945361.487478 0.000000 -0.000000
444999.964892 3945361.298016 0.000000 -0.000000
444999.961772 3945361.111032 0.000000 -0.000000
444999.958694 3945360.926524 0.000000 -0.000000
444999.955657 3945360.744492 0.000000 0.000000
444999.952661 3945360.564938 0.000000 0.000000
444999.949706 3945360.387859 0.000000 0.000000
444999.946793 3945360.213258 0.000000 0.000000
444999.943921 3945360.041133 0.000000 0.000000
444999.941090 3945359.871485 0.000000 -0.000000
444999.938301 3945359.704313 0.000000 0.000000
444999.935553 3945359.539618 0.000000 -0.000000
444999.932846 3945359.377399 0.000000 0.000000
444999.930181 3945359.217658 0.000000 0.000000
444999.927557 3945359.060392 0.000000 -0.000000
444999.924974 3945358.905604 0.000000 -0.000000
444999.922433 3945358.753292 0.000000 -0.000000
444999.919933 3945358.603456 0.000000 -0.000000
444999.917474 3945358.456098 0.000000 -0.000000
444999.915057 3945358.311215 0.000000 0.000000
444999.912681 3945358.168810 0.000000 0.000000
444999.910346 3945358.028881 0.000000 -0.000000
444999.908053 3945357.891429 0.000000 0.000000
444999.905801 3945357.756453 0.000000 -0.000000
444999.903590 3945357.623954 0.000000 -0.000000
444999.901420 3945357.493932 0.000000 0.000000
444999.899292 3945357.366386 0.000000 -0.000000
444999.897205 3945357.241317 0.000000 -0.000000
444999.895139 3945357.117486 0.000000 0.000000
444999.893073 3945356.993655 0.000000 -0.000000
444999.891007 3945356.869824 0.000000 0.000000
444999.888941 3945356.745993 0.000000 -0.000000
444999.886875 3945356.622162 0.000000 0.000000
444999.884809 3945356.498331 0.000000 0.000000
444999.882742 3945356.374500 0.000000 -0.000000
444999.880676 3945356.250670 0.000000 0.000000
444999.878610 3945356.126839 0.000000 0.000000
444999.876544 3945356.003008 0.000000 -0.000000
444999.874478 3945355.879177 0.000000 0.000000
444999.872412 3945355.755346 0.000000 0.000000
444999.870346 3945355.631515 0.000000 -0.000000
444999.868279 3945355.507684 0.000000 0.000000
444999.866213 3945355.383853 0.000000 0.000000
444999.864147 3945355.260023 0.000000 -0.000000
444999.862081 3945355.136192 0.000000 -0.000000
444999.860015 3945355.012361 0.000000 0.000000
444999.857949 3945354.888530 0.000000 0.000000
444999.855883 3945354.764699 0.000000 0.000000
444999.853816 3945354.640868 0.000000 0.000000
444999.851750 3945354.517037 0.000000 0.000000
444999.849684 3945354.393206 0.000000 0.000000
444999.847618 3945354.269375 0.000000 0.000000
444999.845552 3945354.145545 0.000000 0.000000
444999.843486 3945354.021714 0.000000 -0.000000
444999.841420 3945353.897883 0.000000 0.000000
444999.839353 3945353.774052 0.000000 0.000000
444999.837287 3945353.650221 0.000000 -0.000000
444999.835221 3945353.526390 0.000000 0.000000
444999.833155 3945353.402559 0.000000 0.000000
444999.831089 3945353.278728 0.000000 0.000000
444999.829023 3945353.154898 0.000000 0.000000
444999.826957 3945353.031067 0.000000 0.000000
444999.824890 3945352.907236 0.000000 -0.000000
444999.822824 3945352.783405 0.000000 0.000000
444999.820758 3945352.659574 0.000000 0.000000
444999.818692 3945352.535743 0.000000 0.000000
444999.816626 3945352.411912 0.000000 0.000000
444999.814560 3945352.288081 0.000000 0.000000
444999.812494 3945352.164250 0.000000 0.000000
444999.810427 3945352.040420 0.000000 0.000000
444999.808361 3945351.916589 0.000000 -0.000000
444999.806295 3945351.792758 0.000000 -0.000000
444999.804229 3945351.668927 0.000000 0.000000
444999.802163 3945351.545096 0.000000 -0.000000
444999.800097 3945351.421265 0.000000 -0.000000
444999.798031 3945351.297434 0.000000 -0.000000
444999.795964 3945351.173603 0.000000 -0.000000
444999.793898 3945351.049773 0.000000 0.000000
444999.791811 3945350.924703 0.000000 -0.000000
444999.789683 3945350.797158 0.000000 0.000000
444999.787514 3945350.667135 0.000000 0.000000
444999.785303 3945350.534636 0.000000 0.000000
444999.783051 3945350.399660 0.000000 -0.000000
444999.780758 3945350.262208 0.000000 0.000000
444999.778423 3945350.122279 0.000000 -0.000000
444999.776047 3945349.979874 0.000000 -0.000000
444999.773629 3945349.834992 0.000000 -0.000000
444999.771171 3945349.687633 0.000000 0.000000
444999.768671 3945349.537797 0.000000 -0.000000
444999.766129 3945349.385486 0.000000 -0.000000
444999.763547 3945349.230697 0.000000 -0.000000
444999.760923 3945349.073432 0.000000 -0.000000
444999.758257 3945348.913690 0.000000 0.000000
444999.755551 3945348.751471 0.000000 0.000000
444999.752803 3945348.586776 0.000000 0.000000
444999.750013 3945348.419605 0.000000 -0.000000
444999.747183 3945348.249956 0.000000 -0.000000
444999.744311 3945348.077831 0.000000 0.000000
444999.741398 3945347.903230 0.000000 -0.000000
444999.738443 3945347.726152 0.000000 0.000000
444999.735447 3945347.546597 0.000000 0.000000
444999.732410 3945347.364566 0.000000 -0.000000
444999.729331 3945347.180057 0.000000 -0.000000
444999.726211 3945346.993073 0.000000 -0.000000
444999.723050 3945346.803612 0.000000 -0.000000
444999.719848 3945346.611674 0.000000 -0.000000
444999.716604 3945346.417259 0.000000 -0.000000
444999.713319 3945346.220368 0.000000 -0.000000
444999.709992 3945346.021000 0.000000 -0.000000
444999.706624 3945345.819156 0.000000 -0.000000
444999.703215 3945345.614835 0.000000 -0.000000
444999.699765 3945345.408038 0.000000 -0.000000
444999.696273 3945345.198763 0.000000 -0.000000
444999.692740 3945344.987013 0.000000 -0.000000
444999.689165 3945344.772785 0.000000 -0.000000
444999.685550 3945344.556081 0.000000 -0.000000
444999.681893 3945344.336900 0.000000 -0.000000
444999.678194 3945344.115243 0.000000 -0.000000
444999.674455 3945343.891109 0.000000 -0.000000
444999.670673 3945343.664499 0.000000 -0.000000
444999.666851 3945343.435412 0.000000 -0.000000
444999.662987 3945343.203848 0.000000 -0.000000
444999.659082 3945342.969808 0.000000 -0.000000
444999.655136 3945342.733291 0.000000 -0.000000
444999.651148 3945342.494297 0.000000 -0.000000
444999.647119 3945342.252827 0.000000 -0.000000
444999.643049 3945342.008880 0.000000 -0.000000
