444994.790387 3945239.997990 0.000000 0.000000
444994.778874 3945239.768835 0.000000 -0.000000
444994.767477 3945239.541984 0.000000 -0.000000
444994.756196 3945239.317435 0.000000 -0.000000
444994.745031 3945239.095190 0.000000 -0.000000
444994.733981 3945238.875247 0.000000 -0.000000
444994.723047 3945238.657608 0.000000 -0.000000
444994.712229 3945238.442272 0.000000 -0.000000
444994.701526 3945238.229238 0.000000 -0.000000
444994.690939 3945238.018508 0.000000 -0.000000
444994.680468 3945237.810081 0.000000 -0.000000
444994.670112 3945237.603957 0.000000 -0.000000
444994.659873 3945237.400136 0.000000 -0.000000
444994.649749 3945237.198618 0.000000 -0.000000
444994.639740 3945236.999404 0.000000 -0.000000
444994.629847 3945236.802492 0.000000 -0.000000
444994.620070 3945236.607883 0.000000 -0.000000
444994.610409 3945236.415578 0.000000 -0.000000
444994.600864 3945236.225575 0.000000 -0.000000
444994.591434 3945236.037875 0.000000 -0.000000
444994.582120 3945235.852479 0.000000 -0.000000
444994.572921 3945235.669386 0.000000 -0.000000
444994.563838 3945235.488595 0.000000 -0.000000
444994.554871 3945235.310108 0.000000 -0.000000
444994.546020 3945235.133924 0.000000 -0.000000
444994.537284 3945234.960043 0.000000 -0.000000
444994.528664 3945234.788465 0.000000 -0.000000
444994.520160 3945234.619189 0.000000 -0.000000
444994.511771 3945234.452218 0.000000 0.000000
444994.503499 3945234.287549 0.000000 0.000000
444994.495342 3945234.125183 0.000000 0.000000
444994.487300 3945233.965120 0.000000 0.000000
444994.479374 3945233.807360 0.000000 -0.000000
444994.471564 3945233.651904 0.000000 0.000000
444994.463870 3945233.498750 0.000000 0.000000
444994.456291 3945233.347900 0.000000 0.000000
444994.448828 3945233.199352 0.000000 -0.000000
444994.441481 3945233.053108 0.000000 0.000000
444994.434250 3945232.909166 0.000000 0.000000
444994.427134 3945232.767528 0.000000 -0.000000
444994.420134 3945232.628193 0.000000 0.000000
444994.413249 3945232.491161 0.000000 0.000000
444994.406481 3945232.356432 0.000000 0.000000
444994.399828 3945232.224005 0.000000 -0.000000
444994.393291 3945232.093882 0.000000 -0.000000
444994.386869 3945231.966063 0.000000 0.000000
444994.380563 3945231.840546 0.000000 0.000000
444994.374373 3945231.717332 0.000000 0.000000
444994.368298 3945231.596421 0.000000 -0.000000
444994.362340 3945231.477814 0.000000 -0.000000
444994.356497 3945231.361509 0.000000 0.000000
444994.350711 3945231.246356 0.000000 0.000000
444994.344926 3945231.131203 0.000000 0.000000
444994.339141 3945231.016050 0.000000 -0.000000
444994.333356 3945230.900897 0.000000 0.000000
444994.327571 3945230.785744 0.000000 -0.000000
444994.321785 3945230.670590 0.000000 0.000000
444994.316000 3945230.555437 0.000000 -0.000000
444994.310215 3945230.440284 0.000000 -0.000000
444994.304430 3945230.325131 0.000000 -0.000000
444994.298645 3945230.209978 0.000000 -0.000000
444994.292859 3945230.094825 0.000000 0.000000
444994.287074 3945229.979672 0.000000 0.000000
444994.281289 3945229.864519 0.000000 -0.000000
444994.275504 3945229.749366 0.000000 0.000000
444994.269719 3945229.634213 0.000000 0.000000
444994.263933 3945229.519060 0.000000 -0.000000
444994.258148 3945229.403907 0.000000 0.000000
444994.252363 3945229.288754 0.000000 -0.000000
444994.246578 3945229.173600 0.000000 0.000000
444994.240793 3945229.058447 0.000000 -0.000000
444994.235007 3945228.943294 0.000000 -0.000000
444994.229222 3945228.828141 0.000000 -0.000000
444994.223437 3945228.712988 0.000000 -0.000000
444994.217652 3945228.597835 0.000000 0.000000
444994.211867 3945228.482682 0.000000 0.000000
444994.206081 3945228.367529 0.000000 0.000000
444994.200296 3945228.252376 0.000000 -0.000000
444994.194511 3945228.137223 0.000000 -0.000000
444994.188726 3945228.022070 0.000000 0.000000
444994.182941 3945227.906917 0.000000 -0.000000
444994.177155 3945227.791763 0.000000 0.000000
444994.171370 3945227.676610 0.000000 -0.000000
444994.165585 3945227.561457 0.000000 -0.000000
444994.159800 3945227.446304 0.000000 0.000000
444994.154015 3945227.331151 0.000000 -0.000000
444994.148229 3945227.215998 0.000000 0.000000
444994.142444 3945227.100845 0.000000 0.000000
444994.136659 3945226.985692 0.000000 0.000000
444994.130874 3945226.870539 0.000000 0.000000
444994.125089 3945226.755386 0.000000 0.000000
444994.119303 3945226.640233 0.000000 0.000000
444994.113518 3945226.525080 0.000000 -0.000000
444994.107733 3945226.409927 0.000000 -0.000000
444994.101948 3945226.294773 0.000000 0.000000
444994.096163 3945226.179620 0.000000 0.000000
444994.090377 3945226.064467 0.000000 0.000000
444994.084592 3945225.949314 0.000000 0.000000
444994.078807 3945225.834161 0.000000 0.000000
444994.073022 3945225.719008 0.000000 0.000000
444994.067237 3945225.603855 0.000000 0.000000
444994.061393 3945225.487550 0.000000 0.000000
444994.055435 3945225.368943 0.000000 -0.000000
444994.049360 3945225.248032 0.000000 -0.000000
444994.043170 3945225.124818 0.000000 0.000000
444994.036864 3945224.999301 0.000000 -0.000000
444994.030443 3945224.871481 0.000000 -0.000000
444994.023905 3945224.741358 0.000000 -0.000000
444994.017252 3945224.608932 0.000000 0.000000
444994.010484 3945224.474203 0.000000 -0.000000
444994.003599 3945224.337171 0.000000 0.000000
444993.996599 3945224.197836 0.000000 -0.000000
444993.989483 3945224.056198 0.000000 0.000000
444993.982252 3945223.912256 0.000000 -0.000000
444993.974905 3945223.766012 0.000000 -0.000000
444993.967442 3945223.617464 0.000000 -0.000000
444993.959863 3945223.466614 0.000000 0.000000
444993.952169 3945223.313460 0.000000 -0.000000
444993.944359 3945223.158004 0.000000 0.000000
444993.936433 3945223.000244 0.000000 0.000000
444993.928392 3945222.840181 0.000000 -0.000000
444993.920235 3945222.677815 0.000000 -0.000000
444993.911962 3945222.513146 0.000000 0.000000
444993.903573 3945222.346174 0.000000 -0.000000
444993.895069 3945222.176899 0.000000 -0.000000
444993.886449 3945222.005321 0.000000 -0.000000
444993.877713 3945221.831440 0.000000 -0.000000
444993.868862 3945221.655256 0.000000 -0.000000
444993.859895 3945221.476769 0.000000 -0.000000
444993.850812 3945221.295978 0.000000 -0.000000
444993.841614 3945221.112885 0.000000 -0.000000
444993.832299 3945220.927489 0.000000 -0.000000
444993.822870 3945220.739789 0.000000 -0.000000
444993.813324 3945220.549786 0.000000 -0.000000
444993.803663 3945220.357481 0.000000 -0.000000
444993.793886 3945220.162872 0.000000 -0.000000
444993.783993 3945219.965960 0.000000 -0.000000
444993.773985 3945219.766745 0.000000 -0.000000
444993.763861 3945219.565228 0.000000 -0.000000
444993.753621 3945219.361407 0.000000 -0.000000
444993.743265 3945219.155283 0.000000 -0.000000
444993.732794 3945218.946856 0.000000 -0.000000
444993.722207 3945218.736125 0.000000 -0.000000
444993.711504 3945218.523092 0.000000 -0.000000
444993.700686 3945218.307756 0.000000 -0.000000
444993.689752 3945218.090117 0.000000 -0.000000
444993.678702 3945217.870174 0.000000 -0.000000
444993.667537 3945217.647929 0.000000 -0.000000
444993.656256 3945217.423380 0.000000 -0.000000
444993.644859 3945217.196529 0.000000 -0.000000
