444994.790387 3945239.997990 0.000000 0.000000
444994.776243 3945239.741783 0.000000 -0.001437
444994.761907 3945239.489126 0.000000 -0.002874
444994.747379 3945239.240020 0.000000 -0.004311
444994.732660 3945238.994465 0.000000 -0.005749
444994.717750 3945238.752460 0.000000 -0.007186
444994.702647 3945238.514005 0.000000 -0.008623
444994.687354 3945238.279101 0.000000 -0.010060
444994.671868 3945238.047747 0.000000 -0.011497
444994.656191 3945237.819944 0.000000 -0.012934
444994.640323 3945237.595691 0.000000 -0.014371
444994.624263 3945237.374988 0.000000 -0.015809
444994.608011 3945237.157837 0.000000 -0.017246
444994.591568 3945236.944235 0.000000 -0.018683
444994.574933 3945236.734184 0.000000 -0.020120
444994.558107 3945236.527683 0.000000 -0.021557
444994.541089 3945236.324733 0.000000 -0.022994
444994.523880 3945236.125333 0.000000 -0.024432
444994.506479 3945235.929484 0.000000 -0.025869
444994.488886 3945235.737185 0.000000 -0.027306
444994.471102 3945235.548437 0.000000 -0.028743
444994.453126 3945235.363239 0.000000 -0.030180
444994.434959 3945235.181591 0.000000 -0.031617
444994.416600 3945235.003494 0.000000 -0.033054
444994.398050 3945234.828948 0.000000 -0.034492
444994.379308 3945234.657951 0.000000 -0.038339
444994.360374 3945234.490506 0.000000 -0.042653
444994.341249 3945234.326610 0.000000 -0.047468
444994.321932 3945234.166266 0.000000 -0.052824
444994.302424 3945234.009471 0.000000 -0.058758
444994.282724 3945233.856227 0.000000 -0.065306
444994.262833 3945233.706534 0.000000 -0.072502
444994.242750 3945233.560391 0.000000 -0.080377
444994.222475 3945233.417798 0.000000 -0.088956
444994.202009 3945233.278756 0.000000 -0.098258
444994.181351 3945233.143264 0.000000 -0.108294
444994.160502 3945233.011323 0.000000 -0.119064
444994.139461 3945232.882932 0.000000 -0.130556
444994.118228 3945232.758092 0.000000 -0.142744
444994.096804 3945232.636802 0.000000 -0.155585
444994.075189 3945232.519063 0.000000 -0.169020
444994.053382 3945232.404874 0.000000 -0.182972
444994.031383 3945232.294235 0.000000 -0.197344
444994.009193 3945232.187147 0.000000 -0.212021
444993.986811 3945232.083609 0.000000 -0.226867
444993.964237 3945231.983622 0.000000 -0.241731
444993.941472 3945231.887185 0.000000 -0.256441
444993.918516 3945231.794299 0.000000 -0.270818
444993.895368 3945231.704963 0.000000 -0.284667
444993.872028 3945231.619178 0.000000 -0.297792
444993.848497 3945231.536943 0.000000 -0.309996
444993.823096 3945231.457311 0.000000 -0.320891
444993.794149 3945231.379336 0.000000 -0.330117
444993.761656 3945231.303018 0.000000 -0.337536
444993.725615 3945231.228356 0.000000 -0.343041
444993.686028 3945231.155350 0.000000 -0.346567
444993.642894 3945231.084002 0.000000 -0.348089
444993.596214 3945231.014309 0.000000 -0.347624
444993.545987 3945230.946274 0.000000 -0.345231
444993.492213 3945230.879894 0.000000 -0.341007
444993.434893 3945230.815172 0.000000 -0.335080
444993.374026 3945230.752105 0.000000 -0.327604
444993.309613 3945230.690696 0.000000 -0.318753
444993.241652 3945230.630943 0.000000 -0.308711
444993.170145 3945230.572846 0.000000 -0.297670
444993.095092 3945230.516406 0.000000 -0.289401
444993.016492 3945230.461623 0.000000 -0.281133
444992.934345 3945230.408496 0.000000 -0.272864
444992.848651 3945230.357026 0.000000 -0.264595
444992.759411 3945230.307212 0.000000 -0.256327
444992.666624 3945230.259054 0.000000 -0.248058
444992.570291 3945230.212554 0.000000 -0.239790
444992.470410 3945230.167709 0.000000 -0.231521
444992.366984 3945230.124522 0.000000 -0.223252
444992.260010 3945230.082990 0.000000 -0.214984
444992.149490 3945230.043116 0.000000 -0.206715
444992.035423 3945230.004898 0.000000 -0.198447
444991.917810 3945229.968336 0.000000 -0.190178
444991.796650 3945229.933431 0.000000 -0.181909
444991.671943 3945229.900183 0.000000 -0.173641
444991.543690 3945229.868591 0.000000 -0.165372
444991.411889 3945229.838655 0.000000 -0.157104
444991.276543 3945229.810376 0.000000 -0.148835
444991.137649 3945229.783754 0.000000 -0.140566
444990.995209 3945229.758788 0.000000 -0.132298
444990.849223 3945229.735479 0.000000 -0.124029
444990.699689 3945229.713826 0.000000 -0.115761
444990.546609 3945229.693830 0.000000 -0.107492
444990.389983 3945229.675490 0.000000 -0.099223
444990.229809 3945229.658807 0.000000 -0.090955
444990.066089 3945229.643781 0.000000 -0.082686
444989.898823 3945229.630411 0.000000 -0.074417
444989.728009 3945229.618697 0.000000 -0.066149
444989.553650 3945229.608640 0.000000 -0.057880
444989.375743 3945229.600240 0.000000 -0.049612
444989.194290 3945229.593496 0.000000 -0.041343
444989.009290 3945229.588408 0.000000 -0.033074
444988.820743 3945229.584978 0.000000 -0.024806
444988.628650 3945229.583203 0.000000 -0.016537
444988.433010 3945229.583086 0.000000 -0.008269
