444993.633346 3945216.967374 0.000000 0.000000
444993.620600 3945216.685180 0.000000 -0.000000
444993.607982 3945216.405821 0.000000 -0.000000
444993.595493 3945216.129299 0.000000 -0.000000
444993.583131 3945215.855613 0.000000 -0.000000
444993.570897 3945215.584762 0.000000 -0.000000
444993.558792 3945215.316748 0.000000 -0.000000
444993.546814 3945215.051571 0.000000 -0.000000
444993.534965 3945214.789229 0.000000 -0.000000
444993.523244 3945214.529723 0.000000 -0.000000
444993.511650 3945214.273054 0.000000 -0.000000
444993.500185 3945214.019220 0.000000 -0.000000
444993.488849 3945213.768223 0.000000 -0.000000
444993.477640 3945213.520062 0.000000 -0.000000
444993.466559 3945213.274737 0.000000 -0.000000
444993.455606 3945213.032248 0.000000 -0.000000
444993.444782 3945212.792596 0.000000 -0.000000
444993.434085 3945212.555779 0.000000 -0.000000
444993.423517 3945212.321799 0.000000 -0.000000
444993.413077 3945212.090654 0.000000 -0.000000
444993.402765 3945211.862346 0.000000 -0.000000
444993.392581 3945211.636874 0.000000 -0.000000
444993.382525 3945211.414238 0.000000 0.000000
444993.372597 3945211.194438 0.000000 -0.000000
444993.362797 3945210.977475 0.000000 -0.000000
444993.353126 3945210.763347 0.000000 -0.000000
444993.343582 3945210.552056 0.000000 -0.000000
444993.334167 3945210.343600 0.000000 0.000000
444993.324879 3945210.137981 0.000000 -0.000000
444993.315720 3945209.935198 0.000000 -0.000000
444993.306689 3945209.735251 0.000000 -0.000000
444993.297786 3945209.538140 0.000000 0.000000
444993.289011 3945209.343866 0.000000 -0.000000
444993.280364 3945209.152427 0.000000 0.000000
444993.271846 3945208.963825 0.000000 0.000000
444993.263455 3945208.778058 0.000000 -0.000000
444993.255192 3945208.595128 0.000000 0.000000
444993.247058 3945208.415034 0.000000 -0.000000
444993.239052 3945208.237776 0.000000 0.000000
444993.231174 3945208.063355 0.000000 -0.000000
444993.223423 3945207.891769 0.000000 -0.000000
444993.215801 3945207.723019 0.000000 -0.000000
444993.208308 3945207.557106 0.000000 -0.000000
444993.200942 3945207.394029 0.000000 -0.000000
444993.193704 3945207.233787 0.000000 -0.000000
444993.186594 3945207.076382 0.000000 0.000000
444993.179613 3945206.921814 0.000000 -0.000000
444993.172760 3945206.770081 0.000000 -0.000000
444993.166034 3945206.621184 0.000000 -0.000000
444993.159437 3945206.475124 0.000000 0.000000
444993.152968 3945206.331899 0.000000 -0.000000
444993.146563 3945206.190093 0.000000 0.000000
444993.140158 3945206.048287 0.000000 0.000000
444993.133753 3945205.906480 0.000000 0.000000
444993.127348 3945205.764674 0.000000 -0.000000
444993.120943 3945205.622868 0.000000 0.000000
444993.114538 3945205.481061 0.000000 0.000000
444993.108133 3945205.339255 0.000000 0.000000
444993.101728 3945205.197449 0.000000 0.000000
444993.095323 3945205.055642 0.000000 0.000000
444993.088917 3945204.913836 0.000000 -0.000000
444993.082512 3945204.772030 0.000000 -0.000000
444993.076107 3945204.630223 0.000000 0.000000
444993.069702 3945204.488417 0.000000 0.000000
444993.063297 3945204.346611 0.000000 0.000000
444993.056892 3945204.204804 0.000000 0.000000
444993.050487 3945204.062998 0.000000 0.000000
444993.044082 3945203.921192 0.000000 0.000000
444993.037677 3945203.779385 0.000000 0.000000
444993.031272 3945203.637579 0.000000 0.000000
444993.024867 3945203.495773 0.000000 -0.000000
444993.018462 3945203.353966 0.000000 -0.000000
444993.012057 3945203.212160 0.000000 -0.000000
444993.005652 3945203.070354 0.000000 0.000000
444992.999247 3945202.928547 0.000000 0.000000
444992.992842 3945202.786741 0.000000 0.000000
444992.986437 3945202.644935 0.000000 -0.000000
444992.980032 3945202.503128 0.000000 0.000000
444992.973627 3945202.361322 0.000000 0.000000
444992.967222 3945202.219516 0.000000 0.000000
444992.960817 3945202.077709 0.000000 0.000000
444992.954412 3945201.935903 0.000000 0.000000
444992.948006 3945201.794097 0.000000 0.000000
444992.941601 3945201.652290 0.000000 0.000000
444992.935196 3945201.510484 0.000000 -0.000000
444992.928791 3945201.368678 0.000000 -0.000000
444992.922386 3945201.226871 0.000000 -0.000000
444992.915981 3945201.085065 0.000000 0.000000
444992.909576 3945200.943259 0.000000 -0.000000
444992.903171 3945200.801452 0.000000 -0.000000
444992.896766 3945200.659646 0.000000 -0.000000
444992.890361 3945200.517840 0.000000 -0.000000
444992.883956 3945200.376033 0.000000 0.000000
444992.877551 3945200.234227 0.000000 0.000000
444992.871146 3945200.092421 0.000000 -0.000000
444992.864741 3945199.950614 0.000000 -0.000000
444992.858336 3945199.808808 0.000000 0.000000
444992.851931 3945199.667002 0.000000 0.000000
444992.845526 3945199.525195 0.000000 0.000000
444992.839121 3945199.383389 0.000000 -0.000000
444992.832716 3945199.241583 0.000000 0.000000
444992.826311 3945199.099776 0.000000 -0.000000
444992.819906 3945198.957970 0.000000 0.000000
444992.813501 3945198.816164 0.000000 -0.000000
444992.807095 3945198.674357 0.000000 0.000000
444992.800690 3945198.532551 0.000000 0.000000
444992.794285 3945198.390745 0.000000 0.000000
444992.787880 3945198.248938 0.000000 -0.000000
444992.781475 3945198.107132 0.000000 -0.000000
444992.775070 3945197.965326 0.000000 -0.000000
444992.768665 3945197.823519 0.000000 0.000000
444992.762260 3945197.681713 0.000000 0.000000
444992.755855 3945197.539907 0.000000 0.000000
444992.749450 3945197.398100 0.000000 -0.000000
444992.743045 3945197.256294 0.000000 -0.000000
444992.736640 3945197.114488 0.000000 0.000000
444992.730235 3945196.972681 0.000000 0.000000
444992.723830 3945196.830875 0.000000 0.000000
444992.717425 3945196.689069 0.000000 0.000000
444992.711020 3945196.547262 0.000000 0.000000
444992.704615 3945196.405456 0.000000 0.000000
444992.698210 3945196.263650 0.000000 -0.000000
444992.691805 3945196.121843 0.000000 0.000000
444992.685400 3945195.980037 0.000000 0.000000
444992.678995 3945195.838231 0.000000 0.000000
444992.672590 3945195.696424 0.000000 -0.000000
444992.666184 3945195.554618 0.000000 -0.000000
444992.659779 3945195.412812 0.000000 -0.000000
444992.653374 3945195.271005 0.000000 0.000000
444992.646969 3945195.129199 0.000000 0.000000
444992.640564 3945194.987393 0.000000 -0.000000
444992.634159 3945194.845586 0.000000 -0.000000
444992.627754 3945194.703780 0.000000 -0.000000
444992.621349 3945194.561974 0.000000 0.000000
444992.614944 3945194.420167 0.000000 0.000000
444992.608539 3945194.278361 0.000000 0.000000
444992.602134 3945194.136555 0.000000 -0.000000
444992.595729 3945193.994748 0.000000 -0.000000
444992.589324 3945193.852942 0.000000 -0.000000
444992.582919 3945193.711136 0.000000 -0.000000
444992.576514 3945193.569329 0.000000 -0.000000
444992.570109 3945193.427523 0.000000 0.000000
444992.563704 3945193.285717 0.000000 -0.000000
444992.557299 3945193.143910 0.000000 0.000000
444992.550894 3945193.002104 0.000000 0.000000
444992.544489 3945192.860298 0.000000 0.000000
444992.538084 3945192.718491 0.000000 0.000000
444992.531679 3945192.576685 0.000000 0.000000
444992.525273 3945192.434879 0.000000 0.000000
444992.518868 3945192.293072 0.000000 -0.000000
444992.512463 3945192.151266 0.000000 -0.000000
444992.506058 3945192.009460 0.000000 0.000000
444992.499653 3945191.867653 0.000000 0.000000
444992.493248 3945191.725847 0.000000 0.000000
444992.486843 3945191.584041 0.000000 0.000000
444992.480438 3945191.442234 0.000000 -0.000000
444992.474033 3945191.300428 0.000000 0.000000
444992.467628 3945191.158622 0.000000 0.000000
444992.461223 3945191.016815 0.000000 -0.000000
444992.454818 3945190.875009 0.000000 -0.000000
444992.448413 3945190.733203 0.000000 -0.000000
444992.442008 3945190.591396 0.000000 0.000000
444992.435603 3945190.449590 0.000000 0.000000
444992.429198 3945190.307784 0.000000 -0.000000
444992.422793 3945190.165977 0.000000 0.000000
444992.416388 3945190.024171 0.000000 0.000000
444992.409983 3945189.882365 0.000000 -0.000000
444992.403578 3945189.740558 0.000000 -0.000000
444992.397173 3945189.598752 0.000000 0.000000
444992.390767 3945189.456946 0.000000 0.000000
444992.384362 3945189.315139 0.000000 0.000000
444992.377957 3945189.173333 0.000000 -0.000000
444992.371552 3945189.031527 0.000000 0.000000
444992.365147 3945188.889720 0.000000 0.000000
444992.358742 3945188.747914 0.000000 -0.000000
444992.352337 3945188.606108 0.000000 0.000000
444992.345932 3945188.464301 0.000000 -0.000000
444992.339527 3945188.322495 0.000000 0.000000
444992.333122 3945188.180689 0.000000 0.000000
444992.326717 3945188.038882 0.000000 0.000000
444992.320312 3945187.897076 0.000000 0.000000
444992.313907 3945187.755270 0.000000 0.000000
444992.307502 3945187.613463 0.000000 -0.000000
444992.301097 3945187.471657 0.000000 -0.000000
444992.294692 3945187.329851 0.000000 0.000000
444992.288287 3945187.188044 0.000000 -0.000000
444992.281882 3945187.046238 0.000000 0.000000
444992.275477 3945186.904432 0.000000 0.000000
444992.269072 3945186.762625 0.000000 -0.000000
444992.262667 3945186.620819 0.000000 0.000000
444992.256262 3945186.479013 0.000000 -0.000000
444992.249856 3945186.337206 0.000000 -0.000000
444992.243451 3945186.195400 0.000000 0.000000
444992.237046 3945186.053594 0.000000 -0.000000
444992.230641 3945185.911787 0.000000 0.000000
444992.224236 3945185.769981 0.000000 -0.000000
444992.217831 3945185.628175 0.000000 0.000000
444992.211426 3945185.486368 0.000000 0.000000
444992.205021 3945185.344562 0.000000 -0.000000
444992.198616 3945185.202756 0.000000 -0.000000
444992.192211 3945185.060949 0.000000 -0.000000
444992.185806 3945184.919143 0.000000 0.000000
444992.179401 3945184.777337 0.000000 -0.000000
444992.172996 3945184.635530 0.000000 0.000000
444992.166591 3945184.493724 0.000000 0.000000
444992.160186 3945184.351918 0.000000 0.000000
444992.153781 3945184.210111 0.000000 -0.000000
444992.147376 3945184.068305 0.000000 -0.000000
444992.140971 3945183.926499 0.000000 0.000000
444992.134566 3945183.784692 0.000000 0.000000
444992.128161 3945183.642886 0.000000 -0.000000
444992.121756 3945183.501080 0.000000 0.000000
444992.115351 3945183.359273 0.000000 -0.000000
444992.108945 3945183.217467 0.000000 0.000000
444992.102540 3945183.075661 0.000000 -0.000000
444992.096135 3945182.933854 0.000000 0.000000
444992.089730 3945182.792048 0.000000 0.000000
444992.083325 3945182.650242 0.000000 0.000000
444992.076920 3945182.508435 0.000000 0.000000
444992.070515 3945182.366629 0.000000 0.000000
444992.064110 3945182.224823 0.000000 0.000000
444992.057705 3945182.083016 0.000000 -0.000000
444992.051300 3945181.941210 0.000000 -0.000000
444992.044895 3945181.799404 0.000000 0.000000
444992.038490 3945181.657597 0.000000 -0.000000
444992.032085 3945181.515791 0.000000 -0.000000
444992.025680 3945181.373985 0.000000 0.000000
444992.019275 3945181.232178 0.000000 0.000000
444992.012870 3945181.090372 0.000000 -0.000000
444992.006465 3945180.948566 0.000000 -0.000000
444992.000060 3945180.806759 0.000000 -0.000000
444991.993655 3945180.664953 0.000000 -0.000000
444991.987250 3945180.523147 0.000000 -0.000000
444991.980845 3945180.381340 0.000000 0.000000
444991.974440 3945180.239534 0.000000 0.000000
444991.968034 3945180.097728 0.000000 0.000000
444991.961629 3945179.955921 0.000000 -0.000000
444991.955224 3945179.814115 0.000000 -0.000000
444991.948819 3945179.672309 0.000000 0.000000
444991.942414 3945179.530502 0.000000 0.000000
444991.936009 3945179.388696 0.000000 -0.000000
444991.929604 3945179.246890 0.000000 -0.000000
444991.923199 3945179.105083 0.000000 0.000000
444991.916794 3945178.963277 0.000000 0.000000
444991.910389 3945178.821471 0.000000 0.000000
444991.903984 3945178.679664 0.000000 -0.000000
444991.897579 3945178.537858 0.000000 -0.000000
444991.891174 3945178.396052 0.000000 -0.000000
444991.884769 3945178.254245 0.000000 0.000000
444991.878364 3945178.112439 0.000000 0.000000
444991.871959 3945177.970633 0.000000 0.000000
444991.865554 3945177.828826 0.000000 0.000000
444991.859149 3945177.687020 0.000000 0.000000
444991.852744 3945177.545214 0.000000 -0.000000
444991.846339 3945177.403407 0.000000 0.000000
444991.839934 3945177.261601 0.000000 -0.000000
444991.833529 3945177.119795 0.000000 0.000000
444991.827123 3945176.977988 0.000000 -0.000000
444991.820718 3945176.836182 0.000000 -0.000000
444991.814313 3945176.694376 0.000000 -0.000000
444991.807908 3945176.552569 0.000000 0.000000
444991.801503 3945176.410763 0.000000 -0.000000
444991.795098 3945176.268957 0.000000 -0.000000
444991.788693 3945176.127150 0.000000 -0.000000
444991.782288 3945175.985344 0.000000 -0.000000
444991.775883 3945175.843538 0.000000 -0.000000
444991.769478 3945175.701731 0.000000 0.000000
444991.763073 3945175.559925 0.000000 0.000000
444991.756668 3945175.418119 0.000000 -0.000000
444991.750263 3945175.276312 0.000000 0.000000
444991.743858 3945175.134506 0.000000 -0.000000
444991.737453 3945174.992700 0.000000 0.000000
444991.731048 3945174.850893 0.000000 -0.000000
444991.724643 3945174.709087 0.000000 -0.000000
444991.718238 3945174.567281 0.000000 -0.000000
444991.711833 3945174.425474 0.000000 0.000000
444991.705428 3945174.283668 0.000000 0.000000
444991.699023 3945174.141862 0.000000 0.000000
444991.692618 3945174.000055 0.000000 -0.000000
444991.686212 3945173.858249 0.000000 0.000000
444991.679807 3945173.716443 0.000000 0.000000
444991.673402 3945173.574636 0.000000 0.000000
444991.666997 3945173.432830 0.000000 0.000000
444991.660592 3945173.291024 0.000000 -0.000000
444991.654187 3945173.149217 0.000000 0.000000
444991.647782 3945173.007411 0.000000 -0.000000
444991.641377 3945172.865605 0.000000 0.000000
444991.634972 3945172.723798 0.000000 -0.000000
444991.628567 3945172.581992 0.000000 0.000000
444991.622162 3945172.440186 0.000000 0.000000
444991.615757 3945172.298379 0.000000 -0.000000
444991.609352 3945172.156573 0.000000 0.000000
444991.602947 3945172.014767 0.000000 0.000000
444991.596542 3945171.872960 0.000000 -0.000000
444991.590137 3945171.731154 0.000000 0.000000
444991.583732 3945171.589348 0.000000 0.000000
444991.577327 3945171.447541 0.000000 -0.000000
444991.570922 3945171.305735 0.000000 -0.000000
444991.564517 3945171.163929 0.000000 -0.000000
444991.558112 3945171.022122 0.000000 -0.000000
444991.551707 3945170.880316 0.000000 0.000000
444991.545301 3945170.738510 0.000000 0.000000
444991.538896 3945170.596703 0.000000 -0.000000
444991.532491 3945170.454897 0.000000 -0.000000
444991.526086 3945170.313091 0.000000 0.000000
444991.519681 3945170.171284 0.000000 0.000000
444991.513276 3945170.029478 0.000000 -0.000000
444991.506871 3945169.887672 0.000000 -0.000000
444991.500466 3945169.745865 0.000000 -0.000000
444991.494061 3945169.604059 0.000000 0.000000
444991.487656 3945169.462253 0.000000 0.000000
444991.481251 3945169.320446 0.000000 -0.000000
444991.474846 3945169.178640 0.000000 0.000000
444991.468441 3945169.036834 0.000000 0.000000
444991.462036 3945168.895027 0.000000 0.000000
444991.455631 3945168.753221 0.000000 0.000000
444991.449226 3945168.611415 0.000000 -0.000000
444991.442821 3945168.469608 0.000000 -0.000000
444991.436416 3945168.327802 0.000000 0.000000
444991.430011 3945168.185996 0.000000 0.000000
444991.423606 3945168.044189 0.000000 0.000000
444991.417201 3945167.902383 0.000000 -0.000000
444991.410796 3945167.760577 0.000000 0.000000
444991.404390 3945167.618770 0.000000 0.000000
444991.397985 3945167.476964 0.000000 0.000000
444991.391580 3945167.335158 0.000000 0.000000
444991.385175 3945167.193351 0.000000 -0.000000
444991.378770 3945167.051545 0.000000 0.000000
444991.372365 3945166.909739 0.000000 0.000000
444991.365960 3945166.767932 0.000000 0.000000
444991.359555 3945166.626126 0.000000 0.000000
444991.353150 3945166.484320 0.000000 0.000000
444991.346745 3945166.342513 0.000000 0.000000
444991.340340 3945166.200707 0.000000 -0.000000
444991.333935 3945166.058901 0.000000 -0.000000
444991.327530 3945165.917094 0.000000 -0.000000
444991.321125 3945165.775288 0.000000 0.000000
444991.314720 3945165.633482 0.000000 0.000000
444991.308315 3945165.491675 0.000000 -0.000000
444991.301910 3945165.349869 0.000000 0.000000
444991.295505 3945165.208063 0.000000 -0.000000
444991.289100 3945165.066256 0.000000 -0.000000
444991.282695 3945164.924450 0.000000 0.000000
444991.276290 3945164.782644 0.000000 -0.000000
444991.269885 3945164.640837 0.000000 0.000000
444991.263479 3945164.499031 0.000000 0.000000
444991.257074 3945164.357225 0.000000 -0.000000
444991.250669 3945164.215418 0.000000 -0.000000
444991.244264 3945164.073612 0.000000 -0.000000
444991.237859 3945163.931806 0.000000 -0.000000
444991.231454 3945163.789999 0.000000 -0.000000
444991.225049 3945163.648193 0.000000 -0.000000
444991.218644 3945163.506387 0.000000 0.000000
444991.212239 3945163.364580 0.000000 -0.000000
444991.205834 3945163.222774 0.000000 0.000000
444991.199429 3945163.080968 0.000000 0.000000
444991.193024 3945162.939161 0.000000 0.000000
444991.186619 3945162.797355 0.000000 0.000000
444991.180214 3945162.655549 0.000000 0.000000
444991.173809 3945162.513742 0.000000 0.000000
444991.167404 3945162.371936 0.000000 -0.000000
444991.160999 3945162.230130 0.000000 0.000000
444991.154594 3945162.088323 0.000000 0.000000
444991.148189 3945161.946517 0.000000 0.000000
444991.141784 3945161.804711 0.000000 -0.000000
444991.135379 3945161.662904 0.000000 0.000000
444991.128974 3945161.521098 0.000000 0.000000
444991.122568 3945161.379292 0.000000 0.000000
444991.116163 3945161.237485 0.000000 0.000000
444991.109758 3945161.095679 0.000000 0.000000
444991.103353 3945160.953873 0.000000 0.000000
444991.096948 3945160.812066 0.000000 0.000000
444991.090543 3945160.670260 0.000000 -0.000000
444991.084138 3945160.528454 0.000000 -0.000000
444991.077733 3945160.386648 0.000000 -0.000000
444991.071328 3945160.244841 0.000000 -0.000000
444991.064923 3945160.103035 0.000000 0.000000
444991.058518 3945159.961229 0.000000 0.000000
444991.052113 3945159.819422 0.000000 -0.000000
444991.045708 3945159.677616 0.000000 -0.000000
444991.039303 3945159.535810 0.000000 0.000000
444991.032898 3945159.394003 0.000000 -0.000000
444991.026493 3945159.252197 0.000000 -0.000000
444991.020088 3945159.110391 0.000000 -0.000000
444991.013683 3945158.968584 0.000000 0.000000
444991.007278 3945158.826778 0.000000 0.000000
444991.000873 3945158.684972 0.000000 -0.000000
444990.994468 3945158.543165 0.000000 0.000000
444990.988063 3945158.401359 0.000000 -0.000000
444990.981657 3945158.259553 0.000000 -0.000000
444990.975252 3945158.117746 0.000000 -0.000000
444990.968847 3945157.975940 0.000000 -0.000000
444990.962442 3945157.834134 0.000000 0.000000
444990.956037 3945157.692327 0.000000 0.000000
444990.949632 3945157.550521 0.000000 0.000000
444990.943227 3945157.408715 0.000000 0.000000
444990.936822 3945157.266908 0.000000 0.000000
444990.930417 3945157.125102 0.000000 -0.000000
444990.924012 3945156.983296 0.000000 0.000000
444990.917607 3945156.841489 0.000000 -0.000000
444990.911202 3945156.699683 0.000000 0.000000
444990.904797 3945156.557877 0.000000 0.000000
444990.898392 3945156.416070 0.000000 0.000000
444990.891987 3945156.274264 0.000000 0.000000
444990.885582 3945156.132458 0.000000 0.000000
444990.879177 3945155.990651 0.000000 0.000000
444990.872772 3945155.848845 0.000000 -0.000000
444990.866367 3945155.707039 0.000000 -0.000000
444990.859962 3945155.565232 0.000000 -0.000000
444990.853557 3945155.423426 0.000000 0.000000
444990.847152 3945155.281620 0.000000 0.000000
444990.840746 3945155.139813 0.000000 0.000000
444990.834341 3945154.998007 0.000000 -0.000000
444990.827936 3945154.856201 0.000000 -0.000000
444990.821531 3945154.714394 0.000000 0.000000
444990.815126 3945154.572588 0.000000 0.000000
444990.808721 3945154.430782 0.000000 -0.000000
444990.802316 3945154.288975 0.000000 -0.000000
444990.795911 3945154.147169 0.000000 0.000000
444990.789506 3945154.005363 0.000000 -0.000000
444990.783101 3945153.863556 0.000000 0.000000
444990.776696 3945153.721750 0.000000 0.000000
444990.770291 3945153.579944 0.000000 -0.000000
444990.763886 3945153.438137 0.000000 0.000000
444990.757481 3945153.296331 0.000000 0.000000
444990.751076 3945153.154525 0.000000 -0.000000
444990.744671 3945153.012718 0.000000 0.000000
444990.738266 3945152.870912 0.000000 0.000000
444990.731861 3945152.729106 0.000000 0.000000
444990.725456 3945152.587299 0.000000 -0.000000
444990.719051 3945152.445493 0.000000 0.000000
444990.712646 3945152.303687 0.000000 0.000000
444990.706241 3945152.161880 0.000000 -0.000000
444990.699835 3945152.020074 0.000000 -0.000000
444990.693430 3945151.878268 0.000000 0.000000
444990.687025 3945151.736461 0.000000 0.000000
444990.680620 3945151.594655 0.000000 0.000000
444990.674215 3945151.452849 0.000000 0.000000
444990.667810 3945151.311042 0.000000 -0.000000
444990.661405 3945151.169236 0.000000 -0.000000
444990.655000 3945151.027430 0.000000 0.000000
444990.648595 3945150.885623 0.000000 -0.000000
444990.642190 3945150.743817 0.000000 0.000000
444990.635785 3945150.602011 0.000000 -0.000000
444990.629380 3945150.460204 0.000000 -0.000000
444990.622975 3945150.318398 0.000000 -0.000000
444990.616570 3945150.176592 0.000000 -0.000000
444990.610165 3945150.034785 0.000000 -0.000000
444990.603760 3945149.892979 0.000000 -0.000000
444990.597355 3945149.751173 0.000000 0.000000
444990.590950 3945149.609366 0.000000 -0.000000
444990.584545 3945149.467560 0.000000 -0.000000
444990.578140 3945149.325754 0.000000 0.000000
444990.571735 3945149.183947 0.000000 0.000000
444990.565329 3945149.042141 0.000000 0.000000
444990.558924 3945148.900335 0.000000 0.000000
444990.552519 3945148.758528 0.000000 -0.000000
444990.546114 3945148.616722 0.000000 -0.000000
444990.539709 3945148.474916 0.000000 0.000000
444990.533304 3945148.333109 0.000000 0.000000
444990.526899 3945148.191303 0.000000 0.000000
444990.520494 3945148.049497 0.000000 0.000000
444990.514089 3945147.907690 0.000000 0.000000
444990.507684 3945147.765884 0.000000 -0.000000
444990.501279 3945147.624078 0.000000 0.000000
444990.494874 3945147.482271 0.000000 0.000000
444990.488469 3945147.340465 0.000000 0.000000
444990.482064 3945147.198659 0.000000 -0.000000
444990.475659 3945147.056852 0.000000 0.000000
444990.469254 3945146.915046 0.000000 -0.000000
444990.462849 3945146.773240 0.000000 0.000000
444990.456444 3945146.631433 0.000000 0.000000
444990.450039 3945146.489627 0.000000 -0.000000
444990.443634 3945146.347821 0.000000 -0.000000
444990.437229 3945146.206014 0.000000 -0.000000
444990.430824 3945146.064208 0.000000 -0.000000
444990.424418 3945145.922402 0.000000 -0.000000
444990.418013 3945145.780595 0.000000 0.000000
444990.411608 3945145.638789 0.000000 0.000000
444990.405203 3945145.496983 0.000000 -0.000000
444990.398798 3945145.355176 0.000000 0.000000
444990.392393 3945145.213370 0.000000 0.000000
444990.385988 3945145.071564 0.000000 -0.000000
444990.379583 3945144.929757 0.000000 0.000000
444990.373178 3945144.787951 0.000000 0.000000
444990.366773 3945144.646145 0.000000 0.000000
444990.360368 3945144.504338 0.000000 0.000000
444990.353963 3945144.362532 0.000000 0.000000
444990.347558 3945144.220726 0.000000 0.000000
444990.341153 3945144.078919 0.000000 0.000000
444990.334748 3945143.937113 0.000000 0.000000
444990.328343 3945143.795307 0.000000 0.000000
444990.321938 3945143.653500 0.000000 -0.000000
444990.315533 3945143.511694 0.000000 0.000000
444990.309128 3945143.369888 0.000000 0.000000
444990.302723 3945143.228081 0.000000 -0.000000
444990.296318 3945143.086275 0.000000 0.000000
444990.289913 3945142.944469 0.000000 0.000000
444990.283507 3945142.802662 0.000000 -0.000000
444990.277102 3945142.660856 0.000000 -0.000000
444990.270697 3945142.519050 0.000000 0.000000
444990.264292 3945142.377243 0.000000 0.000000
444990.257887 3945142.235437 0.000000 0.000000
444990.251482 3945142.093631 0.000000 0.000000
444990.245077 3945141.951824 0.000000 0.000000
444990.238672 3945141.810018 0.000000 -0.000000
444990.232267 3945141.668212 0.000000 0.000000
444990.225862 3945141.526405 0.000000 -0.000000
444990.219457 3945141.384599 0.000000 -0.000000
444990.213052 3945141.242793 0.000000 -0.000000
444990.206647 3945141.100986 0.000000 0.000000
444990.200242 3945140.959180 0.000000 0.000000
444990.193837 3945140.817374 0.000000 0.000000
444990.187432 3945140.675567 0.000000 0.000000
444990.181027 3945140.533761 0.000000 0.000000
444990.174622 3945140.391955 0.000000 -0.000000
444990.168217 3945140.250148 0.000000 0.000000
444990.161812 3945140.108342 0.000000 -0.000000
444990.155407 3945139.966536 0.000000 0.000000
444990.149002 3945139.824729 0.000000 0.000000
444990.142596 3945139.682923 0.000000 -0.000000
444990.136191 3945139.541117 0.000000 0.000000
444990.129786 3945139.399310 0.000000 0.000000
444990.123381 3945139.257504 0.000000 0.000000
444990.116976 3945139.115698 0.000000 -0.000000
444990.110571 3945138.973891 0.000000 0.000000
444990.104166 3945138.832085 0.000000 0.000000
444990.097761 3945138.690279 0.000000 0.000000
444990.091356 3945138.548472 0.000000 0.000000
444990.084951 3945138.406666 0.000000 -0.000000
444990.078546 3945138.264860 0.000000 0.000000
444990.072141 3945138.123053 0.000000 0.000000
444990.065736 3945137.981247 0.000000 -0.000000
444990.059331 3945137.839441 0.000000 0.000000
444990.052926 3945137.697634 0.000000 -0.000000
444990.046521 3945137.555828 0.000000 0.000000
444990.040116 3945137.414022 0.000000 -0.000000
444990.033711 3945137.272215 0.000000 -0.000000
444990.027306 3945137.130409 0.000000 -0.000000
444990.020901 3945136.988603 0.000000 -0.000000
444990.014496 3945136.846796 0.000000 0.000000
444990.008091 3945136.704990 0.000000 0.000000
444990.001685 3945136.563184 0.000000 0.000000
444989.995280 3945136.421377 0.000000 -0.000000
444989.988875 3945136.279571 0.000000 0.000000
444989.982470 3945136.137765 0.000000 -0.000000
444989.976065 3945135.995958 0.000000 0.000000
444989.969660 3945135.854152 0.000000 0.000000
444989.963255 3945135.712346 0.000000 0.000000
444989.956850 3945135.570539 0.000000 -0.000000
444989.950445 3945135.428733 0.000000 0.000000
444989.944040 3945135.286927 0.000000 0.000000
444989.937635 3945135.145120 0.000000 -0.000000
444989.931230 3945135.003314 0.000000 -0.000000
444989.924825 3945134.861508 0.000000 0.000000
444989.918420 3945134.719701 0.000000 0.000000
444989.912015 3945134.577895 0.000000 0.000000
444989.905610 3945134.436089 0.000000 0.000000
444989.899205 3945134.294282 0.000000 0.000000
444989.892800 3945134.152476 0.000000 0.000000
444989.886395 3945134.010670 0.000000 -0.000000
444989.879990 3945133.868863 0.000000 0.000000
444989.873585 3945133.727057 0.000000 0.000000
444989.867180 3945133.585251 0.000000 -0.000000
444989.860774 3945133.443444 0.000000 0.000000
444989.854369 3945133.301638 0.000000 -0.000000
444989.847964 3945133.159832 0.000000 0.000000
444989.841559 3945133.018025 0.000000 -0.000000
444989.835154 3945132.876219 0.000000 -0.000000
444989.828749 3945132.734413 0.000000 -0.000000
444989.822344 3945132.592606 0.000000 0.000000
444989.815939 3945132.450800 0.000000 -0.000000
444989.809534 3945132.308994 0.000000 0.000000
444989.803129 3945132.167187 0.000000 0.000000
444989.796724 3945132.025381 0.000000 -0.000000
444989.790319 3945131.883575 0.000000 0.000000
444989.783914 3945131.741768 0.000000 -0.000000
444989.777509 3945131.599962 0.000000 0.000000
444989.771104 3945131.458156 0.000000 0.000000
444989.764699 3945131.316349 0.000000 0.000000
444989.758294 3945131.174543 0.000000 0.000000
444989.751889 3945131.032737 0.000000 -0.000000
444989.745484 3945130.890930 0.000000 0.000000
444989.739079 3945130.749124 0.000000 -0.000000
444989.732674 3945130.607318 0.000000 -0.000000
444989.726269 3945130.465511 0.000000 0.000000
444989.719863 3945130.323705 0.000000 0.000000
444989.713458 3945130.181899 0.000000 0.000000
444989.707053 3945130.040092 0.000000 0.000000
444989.700648 3945129.898286 0.000000 0.000000
444989.694243 3945129.756480 0.000000 0.000000
444989.687838 3945129.614673 0.000000 -0.000000
444989.681433 3945129.472867 0.000000 -0.000000
444989.675028 3945129.331061 0.000000 0.000000
444989.668623 3945129.189254 0.000000 0.000000
444989.662218 3945129.047448 0.000000 0.000000
444989.655813 3945128.905642 0.000000 0.000000
444989.649408 3945128.763835 0.000000 0.000000
444989.643003 3945128.622029 0.000000 -0.000000
444989.636598 3945128.480223 0.000000 0.000000
444989.630193 3945128.338416 0.000000 0.000000
444989.623788 3945128.196610 0.000000 -0.000000
444989.617383 3945128.054804 0.000000 0.000000
444989.610978 3945127.912997 0.000000 0.000000
444989.604573 3945127.771191 0.000000 0.000000
444989.598168 3945127.629385 0.000000 0.000000
444989.591763 3945127.487578 0.000000 -0.000000
444989.585358 3945127.345772 0.000000 0.000000
444989.578952 3945127.203966 0.000000 -0.000000
444989.572547 3945127.062159 0.000000 -0.000000
444989.566142 3945126.920353 0.000000 0.000000
444989.559737 3945126.778547 0.000000 0.000000
444989.553332 3945126.636740 0.000000 -0.000000
444989.546927 3945126.494934 0.000000 -0.000000
444989.540522 3945126.353128 0.000000 0.000000
444989.534117 3945126.211321 0.000000 -0.000000
444989.527712 3945126.069515 0.000000 -0.000000
444989.521307 3945125.927709 0.000000 0.000000
444989.514902 3945125.785902 0.000000 -0.000000
444989.508497 3945125.644096 0.000000 0.000000
444989.502092 3945125.502290 0.000000 -0.000000
444989.495687 3945125.360483 0.000000 0.000000
444989.489282 3945125.218677 0.000000 0.000000
444989.482877 3945125.076871 0.000000 -0.000000
444989.476472 3945124.935064 0.000000 -0.000000
444989.470067 3945124.793258 0.000000 -0.000000
444989.463662 3945124.651452 0.000000 0.000000
444989.457257 3945124.509645 0.000000 0.000000
444989.450852 3945124.367839 0.000000 0.000000
444989.444447 3945124.226033 0.000000 0.000000
444989.438041 3945124.084226 0.000000 0.000000
444989.431636 3945123.942420 0.000000 -0.000000
444989.425231 3945123.800614 0.000000 0.000000
444989.418826 3945123.658807 0.000000 -0.000000
444989.412421 3945123.517001 0.000000 0.000000
444989.406016 3945123.375195 0.000000 -0.000000
444989.399611 3945123.233388 0.000000 -0.000000
444989.393206 3945123.091582 0.000000 0.000000
444989.386801 3945122.949776 0.000000 0.000000
444989.380396 3945122.807969 0.000000 -0.000000
444989.373991 3945122.666163 0.000000 -0.000000
444989.367586 3945122.524357 0.000000 0.000000
444989.361181 3945122.382550 0.000000 -0.000000
444989.354776 3945122.240744 0.000000 -0.000000
444989.348371 3945122.098938 0.000000 -0.000000
444989.341966 3945121.957131 0.000000 -0.000000
444989.335561 3945121.815325 0.000000 0.000000
444989.329156 3945121.673519 0.000000 -0.000000
444989.322751 3945121.531712 0.000000 -0.000000
444989.316346 3945121.389906 0.000000 -0.000000
444989.309941 3945121.248100 0.000000 -0.000000
444989.303536 3945121.106293 0.000000 0.000000
444989.297130 3945120.964487 0.000000 0.000000
444989.290725 3945120.822681 0.000000 0.000000
444989.284320 3945120.680874 0.000000 0.000000
444989.277915 3945120.539068 0.000000 0.000000
444989.271510 3945120.397262 0.000000 0.000000
444989.265105 3945120.255455 0.000000 0.000000
444989.258700 3945120.113649 0.000000 -0.000000
444989.252295 3945119.971843 0.000000 0.000000
444989.245890 3945119.830036 0.000000 0.000000
444989.239485 3945119.688230 0.000000 0.000000
444989.233080 3945119.546424 0.000000 0.000000
444989.226675 3945119.404617 0.000000 0.000000
444989.220270 3945119.262811 0.000000 -0.000000
444989.213865 3945119.121005 0.000000 -0.000000
444989.207460 3945118.979198 0.000000 0.000000
444989.201055 3945118.837392 0.000000 -0.000000
444989.194650 3945118.695586 0.000000 0.000000
444989.188245 3945118.553779 0.000000 0.000000
444989.181840 3945118.411973 0.000000 0.000000
444989.175435 3945118.270167 0.000000 -0.000000
444989.169030 3945118.128360 0.000000 0.000000
444989.162625 3945117.986554 0.000000 -0.000000
444989.156219 3945117.844748 0.000000 -0.000000
444989.149814 3945117.702941 0.000000 0.000000
444989.143409 3945117.561135 0.000000 0.000000
444989.137004 3945117.419329 0.000000 0.000000
444989.130599 3945117.277522 0.000000 0.000000
444989.124194 3945117.135716 0.000000 0.000000
444989.117789 3945116.993910 0.000000 -0.000000
444989.111384 3945116.852103 0.000000 -0.000000
444989.104979 3945116.710297 0.000000 -0.000000
444989.098574 3945116.568491 0.000000 -0.000000
444989.092169 3945116.426684 0.000000 -0.000000
444989.085764 3945116.284878 0.000000 -0.000000
444989.079359 3945116.143072 0.000000 0.000000
444989.072954 3945116.001265 0.000000 0.000000
444989.066549 3945115.859459 0.000000 -0.000000
444989.060144 3945115.717653 0.000000 -0.000000
444989.053739 3945115.575846 0.000000 0.000000
444989.047334 3945115.434040 0.000000 -0.000000
444989.040929 3945115.292234 0.000000 0.000000
444989.034524 3945115.150427 0.000000 0.000000
444989.028119 3945115.008621 0.000000 0.000000
444989.021714 3945114.866815 0.000000 -0.000000
444989.015308 3945114.725008 0.000000 -0.000000
444989.008903 3945114.583202 0.000000 -0.000000
444989.002498 3945114.441396 0.000000 -0.000000
444988.996093 3945114.299589 0.000000 0.000000
444988.989688 3945114.157783 0.000000 0.000000
444988.983219 3945114.014559 0.000000 0.000000
444988.976622 3945113.868498 0.000000 0.000000
444988.969897 3945113.719602 0.000000 0.000000
444988.963043 3945113.567869 0.000000 0.000000
444988.956062 3945113.413300 0.000000 0.000000
444988.948952 3945113.255895 0.000000 0.000000
444988.941714 3945113.095654 0.000000 0.000000
444988.934349 3945112.932576 0.000000 0.000000
444988.926855 3945112.766663 0.000000 -0.000000
444988.919233 3945112.597913 0.000000 0.000000
444988.911483 3945112.426328 0.000000 0.000000
444988.903604 3945112.251906 0.000000 0.000000
444988.895598 3945112.074648 0.000000 -0.000000
444988.887464 3945111.894554 0.000000 -0.000000
444988.879201 3945111.711624 0.000000 0.000000
444988.870811 3945111.525858 0.000000 0.000000
444988.862292 3945111.337255 0.000000 0.000000
444988.853645 3945111.145817 0.000000 0.000000
444988.844870 3945110.951542 0.000000 -0.000000
444988.835967 3945110.754431 0.000000 -0.000000
444988.826936 3945110.554484 0.000000 -0.000000
444988.817777 3945110.351701 0.000000 -0.000000
444988.808490 3945110.146082 0.000000 -0.000000
444988.799074 3945109.937627 0.000000 0.000000
444988.789531 3945109.726335 0.000000 -0.000000
444988.779859 3945109.512208 0.000000 0.000000
444988.770059 3945109.295244 0.000000 -0.000000
444988.760131 3945109.075444 0.000000 -0.000000
444988.750076 3945108.852808 0.000000 -0.000000
444988.739891 3945108.627336 0.000000 -0.000000
444988.729579 3945108.399028 0.000000 -0.000000
444988.719139 3945108.167884 0.000000 -0.000000
444988.708571 3945107.933903 0.000000 -0.000000
444988.697874 3945107.697087 0.000000 -0.000000
444988.687050 3945107.457434 0.000000 -0.000000
444988.676097 3945107.214945 0.000000 -0.000000
444988.665017 3945106.969620 0.000000 -0.000000
444988.653808 3945106.721459 0.000000 -0.000000
444988.642471 3945106.470462 0.000000 -0.000000
444988.631006 3945106.216629 0.000000 -0.000000
444988.619413 3945105.959959 0.000000 -0.000000
444988.607691 3945105.700453 0.000000 -0.000000
444988.595842 3945105.438112 0.000000 -0.000000
444988.583865 3945105.172934 0.000000 -0.000000
444988.571759 3945104.904920 0.000000 -0.000000
444988.559525 3945104.634070 0.000000 -0.000000
444988.547164 3945104.360384 0.000000 -0.000000
444988.534674 3945104.083861 0.000000 -0.000000
444988.522056 3945103.804503 0.000000 -0.000000
