444968.729427 3945091.786612 0.000000 0.000000
444968.567442 3945091.800964 0.000000 -0.003827
444968.407426 3945091.816394 0.000000 -0.007653
444968.249379 3945091.832902 0.000000 -0.011480
444968.093302 3945091.850487 0.000000 -0.015307
444967.939195 3945091.869150 0.000000 -0.019133
444967.787057 3945091.888890 0.000000 -0.022960
444967.636889 3945091.909707 0.000000 -0.026787
444967.488690 3945091.931603 0.000000 -0.030613
444967.342460 3945091.954575 0.000000 -0.034440
444967.198200 3945091.978625 0.000000 -0.038267
444967.055910 3945092.003753 0.000000 -0.042093
444966.915589 3945092.029958 0.000000 -0.045920
444966.777237 3945092.057240 0.000000 -0.049747
444966.640855 3945092.085600 0.000000 -0.053573
444966.506443 3945092.115038 0.000000 -0.057400
444966.374000 3945092.145553 0.000000 -0.061227
444966.243526 3945092.177145 0.000000 -0.065053
444966.115022 3945092.209815 0.000000 -0.068880
444965.988488 3945092.243563 0.000000 -0.072707
444965.863923 3945092.278388 0.000000 -0.076534
444965.741327 3945092.314290 0.000000 -0.080360
444965.620701 3945092.351270 0.000000 -0.084187
444965.502045 3945092.389327 0.000000 -0.088014
444965.385358 3945092.428462 0.000000 -0.091840
444965.270640 3945092.468675 0.000000 -0.095667
444965.157892 3945092.509965 0.000000 -0.099494
444965.047113 3945092.552332 0.000000 -0.103320
444964.938304 3945092.595777 0.000000 -0.107147
444964.831465 3945092.640299 0.000000 -0.110974
444964.726594 3945092.685899 0.000000 -0.114800
444964.623694 3945092.732576 0.000000 -0.118627
444964.522763 3945092.780331 0.000000 -0.122454
444964.423801 3945092.829163 0.000000 -0.126280
444964.326809 3945092.879073 0.000000 -0.130107
444964.231786 3945092.930060 0.000000 -0.133934
444964.138733 3945092.982125 0.000000 -0.137760
444964.047649 3945093.035268 0.000000 -0.141587
444963.958535 3945093.089487 0.000000 -0.145414
444963.871391 3945093.144785 0.000000 -0.149240
444963.786215 3945093.201159 0.000000 -0.153067
444963.703010 3945093.258611 0.000000 -0.158088
444963.621773 3945093.317141 0.000000 -0.163112
444963.542507 3945093.376748 0.000000 -0.168113
444963.465209 3945093.437433 0.000000 -0.173059
444963.389882 3945093.499195 0.000000 -0.177921
444963.316524 3945093.562035 0.000000 -0.182666
444963.245135 3945093.625952 0.000000 -0.187260
444963.175715 3945093.690947 0.000000 -0.191668
444963.108266 3945093.757019 0.000000 -0.195857
444963.042785 3945093.824169 0.000000 -0.199792
444962.979015 3945093.892733 0.000000 -0.203431
444962.916696 3945093.963049 0.000000 -0.206743
444962.855827 3945094.035118 0.000000 -0.209705
444962.796409 3945094.108938 0.000000 -0.212299
444962.738441 3945094.184511 0.000000 -0.214507
444962.681925 3945094.261835 0.000000 -0.216316
444962.626859 3945094.340912 0.000000 -0.217712
444962.573243 3945094.421740 0.000000 -0.218687
444962.521079 3945094.504321 0.000000 -0.219234
444962.470365 3945094.588653 0.000000 -0.219350
444962.421101 3945094.674738 0.000000 -0.219036
444962.373289 3945094.762574 0.000000 -0.218296
444962.326927 3945094.852163 0.000000 -0.217137
444962.282016 3945094.943503 0.000000 -0.215570
444962.238555 3945095.036596 0.000000 -0.213610
444962.196545 3945095.131441 0.000000 -0.211274
444962.155986 3945095.228037 0.000000 -0.208582
444962.116878 3945095.326386 0.000000 -0.205557
444962.079220 3945095.426486 0.000000 -0.202224
444962.043013 3945095.528339 0.000000 -0.198609
444962.008257 3945095.631944 0.000000 -0.194741
444961.974951 3945095.737301 0.000000 -0.190649
444961.943096 3945095.844409 0.000000 -0.186362
444961.912692 3945095.953270 0.000000 -0.181911
444961.883738 3945096.063883 0.000000 -0.177324
444961.856235 3945096.176248 0.000000 -0.172630
444961.830183 3945096.290364 0.000000 -0.167858
444961.805581 3945096.406233 0.000000 -0.163033
444961.782430 3945096.523854 0.000000 -0.158182
444961.760730 3945096.643227 0.000000 -0.153327
444961.740481 3945096.764352 0.000000 -0.148490
444961.721682 3945096.887228 0.000000 -0.143692
444961.704334 3945097.011857 0.000000 -0.138852
444961.688436 3945097.138238 0.000000 -0.133899
444961.673990 3945097.266371 0.000000 -0.128859
444961.660994 3945097.396256 0.000000 -0.123757
444961.649448 3945097.527893 0.000000 -0.118617
444961.639354 3945097.661282 0.000000 -0.113462
444961.630710 3945097.796423 0.000000 -0.108313
444961.623516 3945097.933316 0.000000 -0.103188
444961.617774 3945098.071961 0.000000 -0.098099
444961.613482 3945098.212358 0.000000 -0.093057
444961.610641 3945098.354507 0.000000 -0.088070
444961.609250 3945098.498408 0.000000 -0.083148
444961.609310 3945098.644061 0.000000 -0.078300
444961.610821 3945098.791466 0.000000 -0.073532
444961.613783 3945098.940623 0.000000 -0.068851
444961.618195 3945099.091532 0.000000 -0.064261
444961.624058 3945099.244193 0.000000 -0.059768
444961.631372 3945099.398606 0.000000 -0.055373
444961.639491 3945099.555448 0.000000 -0.051157
444961.647771 3945099.715396 0.000000 -0.047189
444961.656212 3945099.878450 0.000000 -0.043460
444961.664814 3945100.044609 0.000000 -0.039961
444961.673576 3945100.213874 0.000000 -0.036682
444961.682500 3945100.386245 0.000000 -0.033613
444961.691584 3945100.561722 0.000000 -0.030744
444961.700829 3945100.740305 0.000000 -0.028067
444961.710234 3945100.921993 0.000000 -0.025572
444961.719801 3945101.106787 0.000000 -0.023249
444961.729528 3945101.294687 0.000000 -0.021090
444961.739416 3945101.485692 0.000000 -0.019085
444961.749464 3945101.679804 0.000000 -0.017228
444961.759674 3945101.877021 0.000000 -0.015509
444961.770044 3945102.077344 0.000000 -0.013920
444961.780575 3945102.280773 0.000000 -0.012455
444961.791267 3945102.487307 0.000000 -0.011106
444961.802120 3945102.696948 0.000000 -0.009867
444961.813133 3945102.909694 0.000000 -0.008730
444961.824307 3945103.125546 0.000000 -0.007690
444961.835642 3945103.344503 0.000000 -0.006740
444961.847138 3945103.566567 0.000000 -0.005876
444961.858794 3945103.791736 0.000000 -0.005091
444961.870612 3945104.020011 0.000000 -0.004381
444961.882590 3945104.251392 0.000000 -0.003741
444961.894729 3945104.485879 0.000000 -0.003167
444961.907028 3945104.723471 0.000000 -0.002654
444961.919489 3945104.964169 0.000000 -0.002198
444961.932110 3945105.207973 0.000000 -0.001795
444961.944892 3945105.454883 0.000000 -0.001442
444961.957835 3945105.704898 0.000000 -0.001136
444961.970938 3945105.958020 0.000000 -0.000873
444961.984203 3945106.214247 0.000000 -0.000824
444961.997628 3945106.473580 0.000000 -0.000776
444962.011214 3945106.736018 0.000000 -0.000727
444962.024960 3945107.001563 0.000000 -0.000679
444962.038868 3945107.270213 0.000000 -0.000630
444962.052936 3945107.541969 0.000000 -0.000582
444962.067165 3945107.816831 0.000000 -0.000533
444962.081555 3945108.094798 0.000000 -0.000485
444962.096105 3945108.375871 0.000000 -0.000436
444962.110817 3945108.660051 0.000000 -0.000388
444962.125689 3945108.947336 0.000000 -0.000339
444962.140722 3945109.237726 0.000000 -0.000291
444962.155915 3945109.531223 0.000000 -0.000242
444962.171270 3945109.827825 0.000000 -0.000194
444962.186785 3945110.127533 0.000000 -0.000145
444962.202461 3945110.430347 0.000000 -0.000097
444962.218298 3945110.736266 0.000000 -0.000048
