444968.729427 3945091.786612 0.000000 0.000000
444968.453990 3945091.819920 0.000000 -0.000965
444968.181956 3945091.853432 0.000000 -0.001929
444967.913326 3945091.887148 0.000000 -0.002894
444967.648099 3945091.921069 0.000000 -0.003859
444967.386276 3945091.955194 0.000000 -0.004823
444967.127856 3945091.989524 0.000000 -0.005788
444966.872840 3945092.024057 0.000000 -0.006753
444966.621228 3945092.058796 0.000000 -0.007717
444966.373019 3945092.093738 0.000000 -0.008682
444966.128214 3945092.128885 0.000000 -0.009647
444965.886812 3945092.164236 0.000000 -0.010611
444965.648814 3945092.199792 0.000000 -0.011576
444965.414220 3945092.235552 0.000000 -0.012541
444965.183029 3945092.271516 0.000000 -0.013505
444964.955241 3945092.307685 0.000000 -0.014470
444964.730857 3945092.344057 0.000000 -0.015435
444964.509877 3945092.380635 0.000000 -0.016399
444964.292301 3945092.417416 0.000000 -0.017364
444964.078128 3945092.454402 0.000000 -0.018329
444963.867358 3945092.491593 0.000000 -0.019293
444963.659992 3945092.528987 0.000000 -0.020258
444963.456030 3945092.566586 0.000000 -0.021223
444963.255471 3945092.604389 0.000000 -0.022322
444963.058316 3945092.642397 0.000000 -0.023499
444962.864564 3945092.680609 0.000000 -0.024758
444962.674216 3945092.719026 0.000000 -0.026069
444962.487272 3945092.757646 0.000000 -0.027392
444962.303731 3945092.796471 0.000000 -0.028720
444962.123594 3945092.835501 0.000000 -0.030047
444961.946860 3945092.874734 0.000000 -0.031363
444961.773530 3945092.914172 0.000000 -0.032660
444961.603603 3945092.953815 0.000000 -0.033926
444961.437080 3945092.993662 0.000000 -0.035151
444961.273961 3945093.033713 0.000000 -0.036322
444961.114245 3945093.073968 0.000000 -0.037426
444960.957933 3945093.114428 0.000000 -0.038449
444960.805024 3945093.155092 0.000000 -0.039377
444960.655519 3945093.195960 0.000000 -0.040192
444960.509417 3945093.237033 0.000000 -0.040880
444960.366720 3945093.278310 0.000000 -0.041422
444960.227425 3945093.319792 0.000000 -0.041802
444960.091534 3945093.361478 0.000000 -0.042001
444959.959047 3945093.403368 0.000000 -0.042001
444959.829963 3945093.445462 0.000000 -0.041784
444959.704283 3945093.487761 0.000000 -0.041332
444959.582007 3945093.530264 0.000000 -0.040628
444959.463134 3945093.572972 0.000000 -0.039653
444959.347665 3945093.615884 0.000000 -0.038391
444959.235599 3945093.659000 0.000000 -0.036825
444959.126937 3945093.702321 0.000000 -0.034940
444959.019976 3945093.745743 0.000000 -0.032864
444958.913016 3945093.789166 0.000000 -0.030740
444958.806055 3945093.832589 0.000000 -0.028579
444958.699095 3945093.876011 0.000000 -0.026394
444958.592135 3945093.919434 0.000000 -0.024198
444958.485174 3945093.962857 0.000000 -0.022004
444958.378214 3945094.006280 0.000000 -0.019828
444958.271253 3945094.049702 0.000000 -0.017685
444958.164293 3945094.093125 0.000000 -0.015592
444958.057333 3945094.136548 0.000000 -0.013565
444957.950372 3945094.179971 0.000000 -0.011620
444957.843412 3945094.223393 0.000000 -0.009776
444957.736451 3945094.266816 0.000000 -0.008049
444957.629491 3945094.310239 0.000000 -0.006453
444957.522531 3945094.353662 0.000000 -0.005006
444957.415570 3945094.397084 0.000000 -0.003720
444957.308610 3945094.440507 0.000000 -0.002608
444957.201649 3945094.483930 0.000000 -0.001682
444957.094689 3945094.527352 0.000000 -0.000952
444956.987728 3945094.570775 0.000000 -0.000425
444956.880768 3945094.614198 0.000000 -0.000107
444956.773808 3945094.657621 0.000000 -0.000000
444956.666847 3945094.701043 0.000000 -0.000000
444956.559887 3945094.744466 0.000000 -0.000000
444956.452926 3945094.787889 0.000000 0.000000
444956.345966 3945094.831312 0.000000 -0.000062
444956.239006 3945094.874734 0.000000 -0.000248
444956.132045 3945094.918157 0.000000 -0.000559
444956.025085 3945094.961580 0.000000 -0.000994
444955.918124 3945095.005003 0.000000 -0.001554
444955.811164 3945095.048425 0.000000 -0.002240
444955.704204 3945095.091848 0.000000 -0.003051
444955.597243 3945095.135271 0.000000 -0.003989
444955.490283 3945095.178693 0.000000 -0.005053
444955.383322 3945095.222116 0.000000 -0.006245
444955.276362 3945095.265539 0.000000 -0.007566
444955.169402 3945095.308962 0.000000 -0.009016
444955.062441 3945095.352384 0.000000 -0.010597
444954.955481 3945095.395807 0.000000 -0.012308
444954.848520 3945095.439230 0.000000 -0.014152
444954.741560 3945095.482653 0.000000 -0.016130
444954.634599 3945095.526075 0.000000 -0.018242
444954.527639 3945095.569498 0.000000 -0.020490
444954.420679 3945095.612921 0.000000 -0.022875
444954.313718 3945095.656344 0.000000 -0.025398
444954.206758 3945095.699766 0.000000 -0.028060
444954.099797 3945095.743189 0.000000 -0.030863
444953.992837 3945095.786612 0.000000 -0.033808
444953.885877 3945095.830034 0.000000 -0.036896
444953.778916 3945095.873457 0.000000 -0.040128
444953.672244 3945095.917288 0.000000 -0.043367
444953.566148 3945095.961933 0.000000 -0.046477
444953.460628 3945096.007394 0.000000 -0.049456
444953.355684 3945096.053670 0.000000 -0.052303
444953.251317 3945096.100762 0.000000 -0.055016
444953.147525 3945096.148668 0.000000 -0.057595
444953.044310 3945096.197390 0.000000 -0.060037
444952.941671 3945096.246928 0.000000 -0.062340
444952.839608 3945096.297280 0.000000 -0.064503
444952.738122 3945096.348448 0.000000 -0.066525
444952.637211 3945096.400431 0.000000 -0.068401
444952.536877 3945096.453229 0.000000 -0.070132
444952.437119 3945096.506843 0.000000 -0.071714
444952.337937 3945096.561271 0.000000 -0.073145
444952.239332 3945096.616516 0.000000 -0.074424
444952.141302 3945096.672575 0.000000 -0.075547
444952.043849 3945096.729449 0.000000 -0.076512
444951.946972 3945096.787139 0.000000 -0.077318
444951.850671 3945096.845644 0.000000 -0.077962
444951.754946 3945096.904965 0.000000 -0.078442
444951.659798 3945096.965101 0.000000 -0.078756
444951.565226 3945097.026051 0.000000 -0.078902
444951.471230 3945097.087818 0.000000 -0.078954
444951.377810 3945097.150399 0.000000 -0.078987
444951.284966 3945097.213796 0.000000 -0.079002
444951.192699 3945097.278008 0.000000 -0.078932
444951.101007 3945097.343035 0.000000 -0.078709
444951.009892 3945097.408878 0.000000 -0.078336
444950.919353 3945097.475535 0.000000 -0.077814
444950.829390 3945097.543009 0.000000 -0.077144
444950.740004 3945097.611297 0.000000 -0.076329
444950.651194 3945097.680400 0.000000 -0.075369
444950.562959 3945097.750319 0.000000 -0.074268
444950.475301 3945097.821053 0.000000 -0.073026
444950.388220 3945097.892603 0.000000 -0.071646
444950.301714 3945097.964967 0.000000 -0.070130
444950.215785 3945098.038147 0.000000 -0.068479
444950.130431 3945098.112143 0.000000 -0.066696
444950.045654 3945098.186953 0.000000 -0.064782
444949.961454 3945098.262579 0.000000 -0.062739
444949.877829 3945098.339020 0.000000 -0.060569
444949.794781 3945098.416276 0.000000 -0.058273
444949.712308 3945098.494347 0.000000 -0.055854
444949.630412 3945098.573234 0.000000 -0.053312
444949.549092 3945098.652936 0.000000 -0.050649
444949.468349 3945098.733454 0.000000 -0.047867
444949.388181 3945098.814786 0.000000 -0.044967
444949.308590 3945098.896934 0.000000 -0.041949
444949.229575 3945098.979897 0.000000 -0.038815
444949.151136 3945099.063675 0.000000 -0.035565
444949.072985 3945099.147861 0.000000 -0.032339
444948.994834 3945099.232047 0.000000 -0.029274
444948.916684 3945099.316233 0.000000 -0.026369
444948.838533 3945099.400419 0.000000 -0.023622
444948.760382 3945099.484605 0.000000 -0.021032
444948.682231 3945099.568791 0.000000 -0.018598
444948.604080 3945099.652977 0.000000 -0.016319
444948.525930 3945099.737163 0.000000 -0.014193
444948.447779 3945099.821349 0.000000 -0.012220
444948.369628 3945099.905535 0.000000 -0.010398
444948.291477 3945099.989721 0.000000 -0.008725
444948.213326 3945100.073907 0.000000 -0.007203
444948.135176 3945100.158093 0.000000 -0.005828
444948.057025 3945100.242279 0.000000 -0.004600
444947.978874 3945100.326465 0.000000 -0.003519
444947.900723 3945100.410651 0.000000 -0.002583
444947.822572 3945100.494837 0.000000 -0.001793
444947.744422 3945100.579023 0.000000 -0.001147
444947.666271 3945100.663209 0.000000 -0.000645
444947.588120 3945100.747395 0.000000 -0.000286
444947.509969 3945100.831581 0.000000 -0.000072
444947.431818 3945100.915767 0.000000 0.000000
444947.353668 3945100.999953 0.000000 0.000000
444947.275517 3945101.084139 0.000000 0.000000
444947.197366 3945101.168325 0.000000 0.000000
444947.119215 3945101.252511 0.000000 -0.000000
444947.041064 3945101.336697 0.000000 -0.000000
444946.962914 3945101.420883 0.000000 -0.000000
444946.884763 3945101.505069 0.000000 -0.000000
444946.806612 3945101.589255 0.000000 0.000000
444946.728461 3945101.673441 0.000000 -0.000000
444946.650310 3945101.757627 0.000000 0.000000
444946.572160 3945101.841813 0.000000 -0.000000
444946.494009 3945101.925999 0.000000 -0.000000
444946.415858 3945102.010185 0.000000 0.000000
444946.337707 3945102.094371 0.000000 -0.000000
444946.259556 3945102.178557 0.000000 0.000000
444946.181406 3945102.262743 0.000000 -0.000000
444946.103255 3945102.346929 0.000000 -0.000000
444946.025104 3945102.431115 0.000000 0.000000
444945.946953 3945102.515301 0.000000 0.000000
444945.868802 3945102.599487 0.000000 -0.000000
444945.790652 3945102.683673 0.000000 0.000000
444945.712501 3945102.767859 0.000000 0.000000
444945.634350 3945102.852045 0.000000 0.000000
444945.556199 3945102.936231 0.000000 -0.000000
444945.478048 3945103.020417 0.000000 -0.000000
444945.399898 3945103.104603 0.000000 -0.000000
444945.321747 3945103.188789 0.000000 0.000000
444945.243596 3945103.272975 0.000000 -0.000000
444945.165445 3945103.357161 0.000000 -0.000000
444945.087294 3945103.441347 0.000000 -0.000000
444945.009144 3945103.525533 0.000000 -0.000000
444944.930993 3945103.609719 0.000000 0.000000
444944.852842 3945103.693905 0.000000 -0.000000
444944.774691 3945103.778091 0.000000 0.000000
444944.696540 3945103.862277 0.000000 0.000000
444944.618390 3945103.946463 0.000000 0.000000
444944.540239 3945104.030649 0.000000 0.000000
444944.462088 3945104.114835 0.000000 0.000000
444944.383937 3945104.199021 0.000000 -0.000000
444944.305786 3945104.283207 0.000000 -0.000000
444944.227636 3945104.367393 0.000000 -0.000000
444944.149485 3945104.451579 0.000000 0.000000
444944.071334 3945104.535765 0.000000 0.000000
444943.993183 3945104.619951 0.000000 -0.000000
444943.915032 3945104.704137 0.000000 0.000000
444943.836882 3945104.788323 0.000000 -0.000000
444943.758731 3945104.872509 0.000000 -0.000000
444943.680580 3945104.956695 0.000000 0.000000
444943.602429 3945105.040881 0.000000 0.000000
444943.524278 3945105.125067 0.000000 -0.000000
444943.446128 3945105.209253 0.000000 0.000000
444943.367977 3945105.293439 0.000000 0.000000
444943.289826 3945105.377625 0.000000 0.000000
444943.211675 3945105.461811 0.000000 -0.000000
444943.133525 3945105.545997 0.000000 0.000000
444943.055374 3945105.630183 0.000000 -0.000000
444942.977223 3945105.714369 0.000000 0.000000
444942.899072 3945105.798555 0.000000 0.000000
444942.820921 3945105.882741 0.000000 0.000000
444942.742771 3945105.966927 0.000000 -0.000000
444942.664620 3945106.051113 0.000000 0.000000
444942.586469 3945106.135299 0.000000 0.000000
444942.508318 3945106.219485 0.000000 0.000000
444942.430167 3945106.303671 0.000000 0.000000
444942.352017 3945106.387857 0.000000 -0.000000
444942.273866 3945106.472043 0.000000 -0.000000
444942.195715 3945106.556229 0.000000 -0.000000
444942.117564 3945106.640415 0.000000 0.000000
444942.039413 3945106.724601 0.000000 0.000000
444941.961263 3945106.808787 0.000000 -0.000000
444941.883112 3945106.892973 0.000000 0.000000
444941.804961 3945106.977159 0.000000 -0.000000
444941.726810 3945107.061345 0.000000 -0.000000
444941.648659 3945107.145531 0.000000 0.000000
444941.570509 3945107.229717 0.000000 0.000000
444941.492358 3945107.313903 0.000000 -0.000000
444941.414207 3945107.398089 0.000000 -0.000000
444941.336056 3945107.482275 0.000000 -0.000000
444941.257124 3945107.567303 0.000000 0.000000
444941.176628 3945107.654014 0.000000 -0.000000
444941.094570 3945107.742410 0.000000 -0.000000
444941.010949 3945107.832489 0.000000 -0.000000
444940.925764 3945107.924251 0.000000 0.000000
444940.839017 3945108.017698 0.000000 -0.000000
444940.750707 3945108.112828 0.000000 -0.000000
444940.660833 3945108.209642 0.000000 -0.000000
444940.569397 3945108.308140 0.000000 -0.000000
444940.476397 3945108.408321 0.000000 -0.000000
444940.381835 3945108.510186 0.000000 -0.000000
444940.285709 3945108.613735 0.000000 -0.000000
444940.188021 3945108.718967 0.000000 -0.000000
444940.088769 3945108.825884 0.000000 0.000000
444939.987955 3945108.934483 0.000000 -0.000000
444939.885577 3945109.044767 0.000000 0.000000
444939.781637 3945109.156734 0.000000 0.000000
444939.676133 3945109.270386 0.000000 0.000000
444939.569067 3945109.385720 0.000000 -0.000000
444939.460437 3945109.502739 0.000000 -0.000000
444939.350244 3945109.621441 0.000000 -0.000000
444939.238489 3945109.741827 0.000000 -0.000000
444939.125170 3945109.863897 0.000000 -0.000000
444939.010288 3945109.987650 0.000000 -0.000000
444938.893844 3945110.113087 0.000000 -0.000000
444938.775836 3945110.240208 0.000000 -0.000000
444938.656265 3945110.369013 0.000000 -0.000000
444938.535131 3945110.499501 0.000000 -0.000000
444938.412435 3945110.631673 0.000000 -0.000000
444938.288175 3945110.765529 0.000000 -0.000000
444938.162352 3945110.901068 0.000000 -0.000000
444938.034966 3945111.038291 0.000000 -0.000000
444937.906018 3945111.177198 0.000000 -0.000000
444937.775506 3945111.317789 0.000000 -0.000000
444937.643431 3945111.460063 0.000000 -0.000000
444937.509793 3945111.604021 0.000000 -0.000000
444937.374592 3945111.749663 0.000000 -0.000000
444937.237828 3945111.896989 0.000000 -0.000000
444937.099501 3945112.045998 0.000000 -0.000000
444936.959611 3945112.196691 0.000000 -0.000000
444936.818158 3945112.349067 0.000000 -0.000000
444936.675142 3945112.503128 0.000000 -0.000000
444936.530564 3945112.658872 0.000000 -0.000000
444936.384422 3945112.816300 0.000000 -0.000000
444936.236717 3945112.975411 0.000000 -0.000000
444936.087448 3945113.136207 0.000000 -0.000000
444935.936617 3945113.298685 0.000000 -0.000000
444935.784223 3945113.462848 0.000000 -0.000000
444935.630266 3945113.628695 0.000000 -0.000000
