444968.398844 3945087.929810 0.000000 0.000000
444968.603118 3945087.914561 0.000000 0.000000
444968.805338 3945087.899465 0.000000 0.000000
444969.005506 3945087.884523 0.000000 0.000000
444969.203621 3945087.869733 0.000000 0.000000
444969.399682 3945087.855097 0.000000 0.000000
444969.593691 3945087.840615 0.000000 0.000000
444969.785646 3945087.826285 0.000000 0.000000
444969.975549 3945087.812109 0.000000 0.000000
444970.163399 3945087.798086 0.000000 0.000000
444970.349195 3945087.784216 0.000000 0.000000
444970.532939 3945087.770500 0.000000 0.000000
444970.714630 3945087.756936 0.000000 0.000000
444970.894267 3945087.743527 0.000000 0.000000
444971.071852 3945087.730270 0.000000 0.000000
444971.247383 3945087.717166 0.000000 0.000000
444971.420862 3945087.704216 0.000000 0.000000
444971.592288 3945087.691419 0.000000 0.000000
444971.761660 3945087.678776 0.000000 0.000000
444971.928980 3945087.666285 0.000000 0.000000
444972.094246 3945087.653948 0.000000 0.000000
444972.257460 3945087.641764 0.000000 0.000000
444972.418621 3945087.629733 0.000000 0.000000
444972.577728 3945087.617856 0.000000 0.000000
444972.734783 3945087.606132 0.000000 0.000000
444972.889784 3945087.594561 0.000000 0.000000
444973.042733 3945087.583143 0.000000 0.000000
444973.193629 3945087.571879 0.000000 0.000000
444973.342471 3945087.560768 0.000000 0.000000
444973.489261 3945087.549810 0.000000 0.000000
444973.633997 3945087.539005 0.000000 0.000000
444973.776681 3945087.528354 0.000000 -0.000000
444973.917311 3945087.517856 0.000000 -0.000000
444974.055889 3945087.507511 0.000000 0.000000
444974.192414 3945087.497320 0.000000 -0.000000
444974.326885 3945087.487281 0.000000 0.000000
444974.459304 3945087.477396 0.000000 0.000000
444974.589669 3945087.467664 0.000000 -0.000000
444974.717982 3945087.458086 0.000000 0.000000
444974.844242 3945087.448661 0.000000 0.000000
444974.968448 3945087.439389 0.000000 0.000000
444975.090602 3945087.430270 0.000000 -0.000000
444975.210702 3945087.421304 0.000000 0.000000
444975.328750 3945087.412492 0.000000 0.000000
444975.444744 3945087.403833 0.000000 0.000000
444975.558686 3945087.395327 0.000000 -0.000000
444975.670575 3945087.386975 0.000000 -0.000000
444975.780410 3945087.378776 0.000000 -0.000000
444975.888193 3945087.370730 0.000000 -0.000000
444975.993922 3945087.362837 0.000000 -0.000000
444976.097599 3945087.355097 0.000000 0.000000
444976.200249 3945087.347435 0.000000 0.000000
444976.302899 3945087.339772 0.000000 -0.000000
444976.405549 3945087.332109 0.000000 -0.000000
444976.508199 3945087.324446 0.000000 0.000000
444976.610849 3945087.316783 0.000000 0.000000
444976.713499 3945087.309120 0.000000 0.000000
444976.816149 3945087.301458 0.000000 -0.000000
444976.918799 3945087.293795 0.000000 0.000000
444977.021449 3945087.286132 0.000000 -0.000000
444977.124099 3945087.278469 0.000000 0.000000
444977.226750 3945087.270806 0.000000 -0.000000
444977.329400 3945087.263143 0.000000 -0.000000
444977.432050 3945087.255481 0.000000 -0.000000
444977.534700 3945087.247818 0.000000 -0.000000
444977.637350 3945087.240155 0.000000 0.000000
444977.740000 3945087.232492 0.000000 -0.000000
444977.842650 3945087.224829 0.000000 -0.000000
444977.945300 3945087.217166 0.000000 0.000000
444978.047950 3945087.209504 0.000000 -0.000000
444978.150600 3945087.201841 0.000000 -0.000000
444978.253250 3945087.194178 0.000000 0.000000
444978.355900 3945087.186515 0.000000 0.000000
444978.458550 3945087.178852 0.000000 0.000000
444978.561200 3945087.171189 0.000000 -0.000000
444978.663850 3945087.163527 0.000000 0.000000
444978.766501 3945087.155864 0.000000 -0.000000
444978.869151 3945087.148201 0.000000 0.000000
444978.971801 3945087.140538 0.000000 -0.000000
444979.074451 3945087.132875 0.000000 0.000000
444979.177101 3945087.125212 0.000000 -0.000000
444979.279751 3945087.117550 0.000000 -0.000000
444979.382401 3945087.109887 0.000000 0.000000
444979.485051 3945087.102224 0.000000 0.000000
444979.587701 3945087.094561 0.000000 0.000000
444979.690351 3945087.086898 0.000000 -0.000000
444979.793001 3945087.079235 0.000000 0.000000
444979.895651 3945087.071573 0.000000 0.000000
444979.998301 3945087.063910 0.000000 -0.000000
444980.100951 3945087.056247 0.000000 0.000000
444980.203601 3945087.048584 0.000000 0.000000
444980.306251 3945087.040921 0.000000 0.000000
444980.408902 3945087.033258 0.000000 0.000000
444980.511552 3945087.025595 0.000000 0.000000
444980.614202 3945087.017933 0.000000 -0.000000
444980.716852 3945087.010270 0.000000 -0.000000
444980.819502 3945087.002607 0.000000 -0.000000
444980.922152 3945086.994944 0.000000 0.000000
444981.024802 3945086.987281 0.000000 -0.000000
444981.127452 3945086.979618 0.000000 0.000000
444981.230102 3945086.971956 0.000000 0.000000
444981.332752 3945086.964293 0.000000 -0.000000
444981.435402 3945086.956630 0.000000 0.000000
444981.538052 3945086.948967 0.000000 -0.000000
444981.640702 3945086.941304 0.000000 0.000000
444981.743352 3945086.933641 0.000000 0.000000
444981.846002 3945086.925979 0.000000 0.000000
444981.948652 3945086.918316 0.000000 -0.000000
444982.051303 3945086.910653 0.000000 0.000000
444982.153953 3945086.902990 0.000000 -0.000000
444982.256603 3945086.895327 0.000000 -0.000000
444982.359253 3945086.887664 0.000000 0.000000
444982.461903 3945086.880002 0.000000 0.000000
444982.564553 3945086.872339 0.000000 -0.000000
444982.667203 3945086.864676 0.000000 -0.000000
444982.769853 3945086.857013 0.000000 0.000000
444982.872503 3945086.849350 0.000000 -0.000000
444982.975153 3945086.841687 0.000000 -0.000000
444983.077803 3945086.834025 0.000000 0.000000
444983.180453 3945086.826362 0.000000 0.000000
444983.283103 3945086.818699 0.000000 0.000000
444983.385753 3945086.811036 0.000000 0.000000
444983.488403 3945086.803373 0.000000 0.000000
444983.591054 3945086.795710 0.000000 0.000000
444983.693704 3945086.788048 0.000000 -0.000000
444983.796354 3945086.780385 0.000000 -0.000000
444983.899004 3945086.772722 0.000000 0.000000
444984.001654 3945086.765059 0.000000 0.000008
444984.104304 3945086.757396 0.000000 0.000031
444984.206954 3945086.749733 0.000000 0.000070
444984.309604 3945086.742071 0.000000 0.000125
444984.412254 3945086.734408 0.000000 0.000194
444984.514904 3945086.726745 0.000000 0.000278
444984.617554 3945086.719082 0.000000 0.000375
444984.720204 3945086.711419 0.000000 0.000486
444984.822854 3945086.703756 0.000000 0.000610
444984.925504 3945086.696094 0.000000 0.000746
444985.028154 3945086.688431 0.000000 0.000893
444985.130804 3945086.680768 0.000000 0.001051
444985.233455 3945086.673105 0.000000 0.001218
444985.336105 3945086.665442 0.000000 0.001394
444985.438755 3945086.657779 0.000000 0.001577
444985.541405 3945086.650117 0.000000 0.001768
444985.644055 3945086.642454 0.000000 0.001964
444985.746705 3945086.634791 0.000000 0.002165
444985.849355 3945086.627128 0.000000 0.002370
444985.952005 3945086.619465 0.000000 0.002579
444986.054655 3945086.611802 0.000000 0.002789
444986.157305 3945086.604140 0.000000 0.003002
444986.259955 3945086.596477 0.000000 0.003214
444986.362605 3945086.588814 0.000000 0.003427
444986.466151 3945086.581138 0.000000 0.003628
444986.571488 3945086.573437 0.000000 0.003807
444986.678616 3945086.565710 0.000000 0.003965
444986.787535 3945086.557958 0.000000 0.004103
444986.898245 3945086.550180 0.000000 0.004221
444987.010747 3945086.542377 0.000000 0.004321
444987.125040 3945086.534548 0.000000 0.004402
444987.241124 3945086.526694 0.000000 0.004466
444987.358999 3945086.518814 0.000000 0.004513
444987.478665 3945086.510908 0.000000 0.004545
444987.600123 3945086.502977 0.000000 0.004562
444987.723372 3945086.495021 0.000000 0.004565
444987.848411 3945086.487039 0.000000 0.004556
444987.975243 3945086.479031 0.000000 0.004534
444988.103865 3945086.470998 0.000000 0.004500
444988.234278 3945086.462939 0.000000 0.004457
444988.366483 3945086.454855 0.000000 0.004404
444988.500479 3945086.446745 0.000000 0.004342
444988.636266 3945086.438610 0.000000 0.004272
444988.773844 3945086.430449 0.000000 0.004194
444988.913213 3945086.422262 0.000000 0.004111
444989.054374 3945086.414050 0.000000 0.004021
444989.197326 3945086.405813 0.000000 0.003927
444989.342069 3945086.397550 0.000000 0.003828
444989.488603 3945086.389261 0.000000 0.003726
444989.636928 3945086.380947 0.000000 0.003620
444989.787045 3945086.372607 0.000000 0.003491
444989.938953 3945086.364242 0.000000 0.003321
444990.092652 3945086.355851 0.000000 0.003113
444990.248142 3945086.347435 0.000000 0.002869
444990.405423 3945086.338993 0.000000 0.002594
444990.564495 3945086.330525 0.000000 0.002294
444990.725359 3945086.322032 0.000000 0.001970
444990.888014 3945086.313514 0.000000 0.001621
444991.052460 3945086.304970 0.000000 0.001251
444991.218697 3945086.296400 0.000000 0.000859
444991.386726 3945086.287805 0.000000 0.000446
444991.556545 3945086.279184 0.000000 0.000012
444991.728156 3945086.270538 0.000000 -0.000441
444991.901558 3945086.261866 0.000000 -0.000913
444992.076751 3945086.253169 0.000000 -0.001405
444992.253736 3945086.244446 0.000000 -0.001915
444992.432511 3945086.235698 0.000000 -0.002444
444992.613078 3945086.226924 0.000000 -0.002992
444992.795436 3945086.218124 0.000000 -0.003558
444992.979585 3945086.209299 0.000000 -0.004142
444993.165525 3945086.200449 0.000000 -0.004745
444993.353257 3945086.191573 0.000000 -0.005367
444993.542779 3945086.182671 0.000000 -0.006008
444993.734093 3945086.173744 0.000000 -0.006668
444993.926484 3945086.164486 0.000000 -0.007318
444994.119236 3945086.154594 0.000000 -0.007929
444994.312351 3945086.144067 0.000000 -0.008504
444994.505828 3945086.132905 0.000000 -0.009043
444994.699667 3945086.121108 0.000000 -0.009549
444994.893868 3945086.108677 0.000000 -0.010024
444995.088431 3945086.095610 0.000000 -0.010467
444995.283357 3945086.081909 0.000000 -0.010881
444995.478644 3945086.067573 0.000000 -0.011267
444995.674294 3945086.052602 0.000000 -0.011626
444995.870306 3945086.036996 0.000000 -0.011958
444996.066679 3945086.020756 0.000000 -0.012265
444996.263415 3945086.003880 0.000000 -0.012546
444996.460513 3945085.986370 0.000000 -0.012804
444996.657974 3945085.968225 0.000000 -0.013038
444996.855796 3945085.949445 0.000000 -0.013249
444997.053981 3945085.930030 0.000000 -0.013438
444997.252527 3945085.909981 0.000000 -0.013605
444997.451436 3945085.889296 0.000000 -0.013750
444997.650707 3945085.867977 0.000000 -0.013874
444997.850340 3945085.846023 0.000000 -0.013977
444998.050335 3945085.823434 0.000000 -0.014059
444998.250692 3945085.800210 0.000000 -0.014120
444998.451411 3945085.776352 0.000000 -0.014161
444998.652493 3945085.751858 0.000000 -0.014182
444998.853937 3945085.726730 0.000000 -0.014182
444999.055742 3945085.700967 0.000000 -0.013591
444999.257910 3945085.674569 0.000000 -0.013001
444999.460440 3945085.647536 0.000000 -0.012410
444999.663332 3945085.619868 0.000000 -0.011819
444999.866586 3945085.591566 0.000000 -0.011228
445000.070203 3945085.562629 0.000000 -0.010637
445000.274181 3945085.533056 0.000000 -0.010046
445000.478522 3945085.502850 0.000000 -0.009455
445000.683224 3945085.472008 0.000000 -0.008864
445000.888289 3945085.440531 0.000000 -0.008273
445001.093716 3945085.408420 0.000000 -0.007682
445001.299505 3945085.375673 0.000000 -0.007091
445001.505656 3945085.342292 0.000000 -0.006500
445001.712170 3945085.308276 0.000000 -0.005909
445001.919045 3945085.273625 0.000000 -0.005318
445002.126283 3945085.238340 0.000000 -0.004727
445002.333882 3945085.202419 0.000000 -0.004137
445002.541844 3945085.165864 0.000000 -0.003546
445002.750168 3945085.128674 0.000000 -0.002955
445002.958854 3945085.090849 0.000000 -0.002364
445003.167902 3945085.052389 0.000000 -0.001773
445003.377313 3945085.013294 0.000000 -0.001182
445003.587085 3945084.973565 0.000000 -0.000591
