444944.266285 3945229.336687 0.000000 0.000000
444944.622243 3945229.308590 0.000000 -0.000753
444944.972364 3945229.280493 0.000000 -0.001506
444945.316649 3945229.252396 0.000000 -0.002259
444945.655097 3945229.224299 0.000000 -0.003011
444945.987709 3945229.196202 0.000000 -0.003764
444946.314484 3945229.168105 0.000000 -0.004517
444946.635423 3945229.140008 0.000000 -0.005270
444946.950525 3945229.111911 0.000000 -0.006023
444947.259791 3945229.083814 0.000000 -0.006776
444947.563220 3945229.055716 0.000000 -0.007529
444947.860812 3945229.027619 0.000000 -0.008282
444948.152568 3945228.999522 0.000000 -0.009034
444948.438488 3945228.971425 0.000000 -0.009787
444948.718571 3945228.943328 0.000000 -0.010540
444948.992817 3945228.915231 0.000000 -0.011293
444949.261227 3945228.887134 0.000000 -0.012046
444949.523801 3945228.859037 0.000000 -0.012799
444949.780538 3945228.830940 0.000000 -0.013825
444950.031438 3945228.802843 0.000000 -0.014964
444950.276502 3945228.774746 0.000000 -0.016234
444950.515729 3945228.746649 0.000000 -0.017652
444950.749120 3945228.718552 0.000000 -0.019243
444950.976674 3945228.690455 0.000000 -0.021013
444951.198392 3945228.662358 0.000000 -0.022962
444951.414273 3945228.634261 0.000000 -0.025109
444951.624318 3945228.606163 0.000000 -0.027471
444951.828526 3945228.578066 0.000000 -0.030069
444952.026898 3945228.549969 0.000000 -0.032925
444952.219433 3945228.521872 0.000000 -0.036059
444952.406132 3945228.493775 0.000000 -0.039496
444952.586994 3945228.465678 0.000000 -0.043258
444952.762019 3945228.437581 0.000000 -0.047370
444952.931208 3945228.409484 0.000000 -0.051855
444953.094561 3945228.381387 0.000000 -0.056734
444953.252077 3945228.353290 0.000000 -0.062029
444953.403756 3945228.325193 0.000000 -0.067756
444953.549599 3945228.297096 0.000000 -0.073927
444953.689605 3945228.268999 0.000000 -0.080550
444953.823775 3945228.240902 0.000000 -0.087623
444953.952109 3945228.212805 0.000000 -0.095135
444954.074605 3945228.184708 0.000000 -0.103064
444954.191266 3945228.156610 0.000000 -0.111372
444954.302089 3945228.128513 0.000000 -0.120006
444954.407077 3945228.100416 0.000000 -0.128892
444954.506227 3945228.072319 0.000000 -0.137935
444954.599542 3945228.044222 0.000000 -0.147015
444954.687019 3945228.016125 0.000000 -0.155988
444954.768660 3945227.988028 0.000000 -0.164678
444954.844465 3945227.959931 0.000000 -0.172883
444954.914433 3945227.931834 0.000000 -0.180368
444954.980985 3945227.903520 0.000000 -0.187349
444955.046540 3945227.874771 0.000000 -0.194181
444955.111100 3945227.845589 0.000000 -0.200813
444955.174663 3945227.815972 0.000000 -0.207197
444955.237230 3945227.785921 0.000000 -0.213294
444955.298801 3945227.755436 0.000000 -0.219073
444955.359375 3945227.724516 0.000000 -0.224520
444955.418954 3945227.693162 0.000000 -0.229639
444955.477536 3945227.661374 0.000000 -0.234457
444955.535123 3945227.629152 0.000000 -0.239030
444955.591713 3945227.596496 0.000000 -0.243437
444955.647307 3945227.563405 0.000000 -0.247791
444955.701904 3945227.529880 0.000000 -0.252227
444955.755506 3945227.495921 0.000000 -0.256903
444955.808111 3945227.461527 0.000000 -0.261995
444955.859720 3945227.426700 0.000000 -0.267680
444955.910333 3945227.391438 0.000000 -0.274137
444955.959950 3945227.355742 0.000000 -0.281039
444956.008571 3945227.319612 0.000000 -0.287936
444956.056195 3945227.283047 0.000000 -0.294808
444956.102824 3945227.246049 0.000000 -0.301635
444956.148456 3945227.208616 0.000000 -0.308395
444956.193092 3945227.170748 0.000000 -0.315015
444956.236732 3945227.132447 0.000000 -0.321400
444956.279375 3945227.093711 0.000000 -0.327487
444956.321023 3945227.054542 0.000000 -0.333213
444956.361674 3945227.014937 0.000000 -0.338517
444956.401330 3945226.974899 0.000000 -0.343336
444956.439989 3945226.934427 0.000000 -0.347613
444956.477651 3945226.893520 0.000000 -0.351291
444956.514318 3945226.852179 0.000000 -0.354320
444956.549989 3945226.810404 0.000000 -0.356653
444956.584663 3945226.768194 0.000000 -0.358249
444956.618341 3945226.725550 0.000000 -0.359077
444956.651023 3945226.682473 0.000000 -0.359110
444956.682709 3945226.638960 0.000000 -0.358330
444956.713398 3945226.595014 0.000000 -0.356726
444956.743092 3945226.550633 0.000000 -0.354297
444956.771789 3945226.505819 0.000000 -0.351047
444956.799490 3945226.460570 0.000000 -0.346990
444956.826195 3945226.414886 0.000000 -0.342145
444956.851904 3945226.368769 0.000000 -0.336540
444956.876617 3945226.322217 0.000000 -0.330206
444956.900333 3945226.275231 0.000000 -0.323180
444956.923054 3945226.227811 0.000000 -0.315506
444956.944778 3945226.179957 0.000000 -0.307226
444956.965506 3945226.131668 0.000000 -0.298391
444956.985238 3945226.082945 0.000000 -0.289048
444957.003973 3945226.033788 0.000000 -0.279250
444957.021713 3945225.984197 0.000000 -0.269048
444957.038683 3945225.933832 0.000000 -0.258601
444957.055113 3945225.882356 0.000000 -0.248090
444957.071000 3945225.829767 0.000000 -0.237595
444957.086347 3945225.776066 0.000000 -0.227192
444957.101152 3945225.721253 0.000000 -0.216948
444957.115415 3945225.665328 0.000000 -0.206924
444957.129137 3945225.608291 0.000000 -0.197175
444957.142318 3945225.550142 0.000000 -0.187746
444957.154957 3945225.490880 0.000000 -0.178677
444957.167055 3945225.430507 0.000000 -0.170000
444957.178611 3945225.369021 0.000000 -0.161738
444957.189626 3945225.306424 0.000000 -0.153911
444957.200099 3945225.242714 0.000000 -0.146531
444957.210031 3945225.177892 0.000000 -0.139604
444957.219422 3945225.111958 0.000000 -0.133131
444957.228271 3945225.044912 0.000000 -0.127110
444957.236578 3945224.976754 0.000000 -0.121535
444957.244345 3945224.907483 0.000000 -0.116319
444957.251570 3945224.837101 0.000000 -0.111372
444957.258253 3945224.765607 0.000000 -0.106679
444957.264395 3945224.693000 0.000000 -0.102225
444957.269995 3945224.619281 0.000000 -0.097998
444957.275054 3945224.544450 0.000000 -0.093930
444957.279572 3945224.468507 0.000000 -0.089963
444957.283548 3945224.391452 0.000000 -0.086090
444957.286983 3945224.313285 0.000000 -0.082310
444957.289876 3945224.234006 0.000000 -0.078619
444957.292228 3945224.153614 0.000000 -0.075013
444957.294039 3945224.072111 0.000000 -0.071491
444957.295308 3945223.989495 0.000000 -0.068050
444957.296035 3945223.905768 0.000000 -0.064688
444957.296221 3945223.820928 0.000000 -0.061404
444957.295866 3945223.734976 0.000000 -0.058195
444957.294969 3945223.647912 0.000000 -0.055062
444957.293531 3945223.559736 0.000000 -0.052001
444957.291551 3945223.470447 0.000000 -0.049013
444957.289030 3945223.380047 0.000000 -0.046095
444957.285968 3945223.288534 0.000000 -0.043248
444957.282364 3945223.195910 0.000000 -0.040469
444957.278219 3945223.102173 0.000000 -0.037759
444957.273532 3945223.007324 0.000000 -0.035116
444957.268303 3945222.911363 0.000000 -0.032539
444957.262534 3945222.814290 0.000000 -0.030028
444957.256223 3945222.716105 0.000000 -0.027581
444957.249370 3945222.616808 0.000000 -0.025198
444957.241976 3945222.516399 0.000000 -0.022878
444957.234041 3945222.414877 0.000000 -0.020620
444957.225564 3945222.312244 0.000000 -0.018424
444957.216546 3945222.208498 0.000000 -0.016287
444957.206986 3945222.103640 0.000000 -0.014210
444957.197057 3945221.997172 0.000000 -0.012256
444957.186932 3945221.888596 0.000000 -0.010484
444957.176610 3945221.777912 0.000000 -0.008885
444957.166091 3945221.665119 0.000000 -0.007450
444957.155376 3945221.550218 0.000000 -0.006172
444957.144464 3945221.433208 0.000000 -0.005040
444957.133356 3945221.314091 0.000000 -0.004047
444957.122051 3945221.192865 0.000000 -0.003184
444957.110549 3945221.069531 0.000000 -0.002443
444957.098851 3945220.944088 0.000000 -0.001816
444957.086956 3945220.816538 0.000000 -0.001295
444957.074865 3945220.686879 0.000000 -0.000873
444957.062576 3945220.555111 0.000000 -0.000542
444957.050092 3945220.421236 0.000000 -0.000296
444957.037411 3945220.285252 0.000000 -0.000127
444957.024533 3945220.147160 0.000000 -0.000031
444957.011458 3945220.006959 0.000000 -0.000000
444956.998187 3945219.864651 0.000000 0.000000
444956.984719 3945219.720234 0.000000 0.000000
444956.971055 3945219.573709 0.000000 -0.000000
444956.957194 3945219.425075 0.000000 0.000000
444956.943137 3945219.274333 0.000000 0.000000
444956.928882 3945219.121483 0.000000 0.000000
444956.914432 3945218.966525 0.000000 0.000000
444956.899784 3945218.809458 0.000000 0.000000
444956.884940 3945218.650283 0.000000 0.000000
444956.869900 3945218.489000 0.000000 0.000000
444956.854662 3945218.325609 0.000000 0.000000
444956.839229 3945218.160109 0.000000 0.000000
444956.823598 3945217.992501 0.000000 0.000000
444956.807771 3945217.822785 0.000000 0.000000
444956.791748 3945217.650960 0.000000 0.000000
444956.775527 3945217.477028 0.000000 0.000000
444956.759110 3945217.300986 0.000000 0.000000
444956.742497 3945217.122837 0.000000 0.000000
444956.725687 3945216.942579 0.000000 0.000000
444956.708680 3945216.760214 0.000000 0.000000
444956.691477 3945216.575739 0.000000 0.000000
444956.674077 3945216.389157 0.000000 0.000000
444956.656481 3945216.200466 0.000000 0.000000
444956.638687 3945216.009667 0.000000 0.000000
444956.620698 3945215.816760 0.000000 0.000000
444956.602511 3945215.621744 0.000000 0.000000
444956.584128 3945215.424620 0.000000 0.000000
444956.565549 3945215.225388 0.000000 0.000000
444956.546773 3945215.024048 0.000000 0.000000
444956.527800 3945214.820599 0.000000 0.000000
444956.508631 3945214.615042 0.000000 0.000000
444956.489265 3945214.407377 0.000000 0.000000
