444988.068532 3945226.526732 0.000000 0.000000
444988.237044 3945226.515940 0.000000 -0.006660
444988.402862 3945226.503999 0.000000 -0.013320
444988.565984 3945226.490908 0.000000 -0.019980
444988.726412 3945226.476668 0.000000 -0.026640
444988.884145 3945226.461278 0.000000 -0.033300
444989.039184 3945226.444739 0.000000 -0.039960
444989.191527 3945226.427051 0.000000 -0.046620
444989.341176 3945226.408213 0.000000 -0.053280
444989.488130 3945226.388226 0.000000 -0.059940
444989.632389 3945226.367089 0.000000 -0.066600
444989.773954 3945226.344803 0.000000 -0.073260
444989.912823 3945226.321368 0.000000 -0.079920
444990.048998 3945226.296783 0.000000 -0.086580
444990.182479 3945226.271048 0.000000 -0.093240
444990.313264 3945226.244165 0.000000 -0.099900
444990.441355 3945226.216131 0.000000 -0.106560
444990.566751 3945226.186949 0.000000 -0.113220
444990.689452 3945226.156617 0.000000 -0.119880
444990.809458 3945226.125135 0.000000 -0.126540
444990.926770 3945226.092504 0.000000 -0.133200
444991.041387 3945226.058724 0.000000 -0.139860
444991.153309 3945226.023794 0.000000 -0.146520
444991.262536 3945225.987715 0.000000 -0.153180
444991.369069 3945225.950486 0.000000 -0.159840
444991.472906 3945225.912108 0.000000 -0.166500
444991.574049 3945225.872581 0.000000 -0.173160
444991.672498 3945225.831904 0.000000 -0.179820
444991.768251 3945225.790078 0.000000 -0.186480
444991.861310 3945225.747102 0.000000 -0.193140
444991.951674 3945225.702977 0.000000 -0.199800
444992.039343 3945225.657702 0.000000 -0.206460
444992.124318 3945225.611278 0.000000 -0.213120
444992.206597 3945225.563705 0.000000 -0.219780
444992.286182 3945225.514982 0.000000 -0.226440
444992.363072 3945225.465110 0.000000 -0.233100
444992.437268 3945225.414088 0.000000 -0.239760
444992.508768 3945225.361917 0.000000 -0.246420
444992.577574 3945225.308596 0.000000 -0.253080
444992.643685 3945225.254126 0.000000 -0.259740
444992.707102 3945225.198507 0.000000 -0.266400
444992.767823 3945225.141738 0.000000 -0.273060
444992.825850 3945225.083820 0.000000 -0.279720
444992.881182 3945225.024752 0.000000 -0.286380
444992.933820 3945224.964535 0.000000 -0.293040
444992.983762 3945224.903168 0.000000 -0.298002
444993.031010 3945224.840652 0.000000 -0.301965
444993.075563 3945224.776987 0.000000 -0.304854
444993.117421 3945224.712172 0.000000 -0.306604
444993.156585 3945224.646208 0.000000 -0.307168
444993.193053 3945224.579094 0.000000 -0.306515
444993.227648 3945224.509715 0.000000 -0.304642
444993.261191 3945224.436954 0.000000 -0.301579
444993.293680 3945224.360811 0.000000 -0.297366
444993.325118 3945224.281286 0.000000 -0.292066
444993.355502 3945224.198379 0.000000 -0.285753
444993.384834 3945224.112091 0.000000 -0.278520
444993.413113 3945224.022421 0.000000 -0.270466
444993.440340 3945223.929368 0.000000 -0.261703
444993.466514 3945223.832934 0.000000 -0.252343
444993.491636 3945223.733118 0.000000 -0.242505
444993.515704 3945223.629921 0.000000 -0.232301
444993.538721 3945223.523341 0.000000 -0.221845
444993.560684 3945223.413380 0.000000 -0.211243
444993.581595 3945223.300037 0.000000 -0.200593
444993.601454 3945223.183312 0.000000 -0.189987
444993.620259 3945223.063205 0.000000 -0.179505
444993.638012 3945222.939716 0.000000 -0.169219
444993.654713 3945222.812845 0.000000 -0.159191
444993.670361 3945222.682593 0.000000 -0.149472
444993.684956 3945222.548959 0.000000 -0.140104
444993.698499 3945222.411942 0.000000 -0.131120
444993.710989 3945222.271544 0.000000 -0.122545
444993.722426 3945222.127765 0.000000 -0.114395
444993.732811 3945221.980603 0.000000 -0.106679
444993.742143 3945221.830060 0.000000 -0.102576
444993.750423 3945221.676134 0.000000 -0.098473
444993.757650 3945221.518827 0.000000 -0.094370
444993.763824 3945221.358138 0.000000 -0.090267
444993.768946 3945221.194067 0.000000 -0.086164
444993.773015 3945221.026615 0.000000 -0.082061
444993.776031 3945220.855780 0.000000 -0.077958
444993.777995 3945220.681564 0.000000 -0.073855
444993.778906 3945220.503965 0.000000 -0.069752
444993.778765 3945220.322985 0.000000 -0.065649
444993.777571 3945220.138623 0.000000 -0.061546
444993.775324 3945219.950880 0.000000 -0.057443
444993.772025 3945219.759754 0.000000 -0.053340
444993.767673 3945219.565247 0.000000 -0.049237
444993.762269 3945219.367357 0.000000 -0.045134
444993.755811 3945219.166086 0.000000 -0.041030
444993.748302 3945218.961433 0.000000 -0.036927
444993.739739 3945218.753399 0.000000 -0.032824
444993.730124 3945218.541982 0.000000 -0.028721
444993.719457 3945218.327184 0.000000 -0.024618
444993.707737 3945218.109003 0.000000 -0.020515
444993.694964 3945217.887441 0.000000 -0.016412
444993.681138 3945217.662497 0.000000 -0.012309
444993.666260 3945217.434171 0.000000 -0.008206
444993.650330 3945217.202464 0.000000 -0.004103
