444980.547769 3945230.163145 0.000000 0.000000
444980.186768 3945230.185347 0.000000 -0.000000
444979.829396 3945230.207327 0.000000 -0.000000
444979.475651 3945230.229084 0.000000 -0.000000
444979.125535 3945230.250617 0.000000 -0.000000
444978.779047 3945230.271927 0.000000 -0.000000
444978.436187 3945230.293014 0.000000 -0.000000
444978.096955 3945230.313878 0.000000 -0.000000
444977.761351 3945230.334519 0.000000 -0.000000
444977.429375 3945230.354936 0.000000 -0.000000
444977.101028 3945230.375131 0.000000 -0.000000
444976.776309 3945230.395102 0.000000 -0.000000
444976.455218 3945230.414850 0.000000 -0.000000
444976.137755 3945230.434376 0.000000 -0.000000
444975.823920 3945230.453677 0.000000 -0.000000
444975.513713 3945230.472756 0.000000 -0.000000
444975.207135 3945230.491612 0.000000 -0.000000
444974.904184 3945230.510244 0.000000 -0.000000
444974.604862 3945230.528654 0.000000 0.000000
444974.309168 3945230.546840 0.000000 -0.000000
444974.017102 3945230.564803 0.000000 -0.000000
444973.728664 3945230.582543 0.000000 0.000000
444973.443854 3945230.600060 0.000000 0.000000
444973.162673 3945230.617353 0.000000 -0.000000
444972.885120 3945230.634424 0.000000 0.000000
444972.611194 3945230.651271 0.000000 0.000000
444972.340897 3945230.667895 0.000000 -0.000000
444972.074228 3945230.684296 0.000000 0.000000
444971.811188 3945230.700474 0.000000 -0.000000
444971.551775 3945230.716429 0.000000 0.000000
444971.295991 3945230.732161 0.000000 0.000000
444971.043834 3945230.747669 0.000000 -0.000000
444970.795306 3945230.762954 0.000000 0.000000
444970.550406 3945230.778017 0.000000 0.000000
444970.309134 3945230.792856 0.000000 0.000000
444970.071490 3945230.807472 0.000000 -0.000000
444969.837475 3945230.821864 0.000000 0.000000
444969.607087 3945230.836034 0.000000 0.000000
444969.380328 3945230.849980 0.000000 -0.000000
444969.157197 3945230.863704 0.000000 -0.000000
444968.937694 3945230.877204 0.000000 -0.000000
444968.721819 3945230.890481 0.000000 0.000000
444968.509573 3945230.903535 0.000000 -0.000000
444968.300954 3945230.916366 0.000000 -0.000000
444968.095964 3945230.928973 0.000000 -0.000000
444967.894601 3945230.941358 0.000000 0.000000
444967.696867 3945230.953519 0.000000 0.000000
444967.502761 3945230.965457 0.000000 0.000000
444967.312284 3945230.977172 0.000000 -0.000000
444967.125434 3945230.988664 0.000000 0.000000
444966.942212 3945230.999933 0.000000 -0.000000
444966.760805 3945231.011090 0.000000 0.000000
444966.579398 3945231.022247 0.000000 -0.000000
444966.397990 3945231.033404 0.000000 -0.000000
444966.216583 3945231.044562 0.000000 0.000000
444966.035175 3945231.055719 0.000000 -0.000000
444965.853768 3945231.066876 0.000000 0.000000
444965.672360 3945231.078033 0.000000 0.000000
444965.490953 3945231.089190 0.000000 -0.000000
444965.309546 3945231.100347 0.000000 0.000000
444965.128138 3945231.111505 0.000000 -0.000000
444964.946731 3945231.122662 0.000000 -0.000000
444964.765323 3945231.133819 0.000000 -0.000000
444964.583916 3945231.144976 0.000000 -0.000000
444964.402509 3945231.156133 0.000000 -0.000000
444964.221101 3945231.167290 0.000000 -0.000000
444964.039694 3945231.178448 0.000000 -0.000000
444963.858286 3945231.189605 0.000000 0.000000
444963.676879 3945231.200762 0.000000 -0.000000
444963.495471 3945231.211919 0.000000 0.000000
444963.314064 3945231.223076 0.000000 -0.000000
444963.132657 3945231.234234 0.000000 0.000000
444962.951249 3945231.245391 0.000000 -0.000000
444962.769842 3945231.256548 0.000000 -0.000000
444962.588434 3945231.267705 0.000000 0.000000
444962.407027 3945231.278862 0.000000 -0.000000
444962.225619 3945231.290019 0.000000 0.000000
444962.044212 3945231.301177 0.000000 0.000000
444961.862805 3945231.312334 0.000000 -0.000000
444961.681397 3945231.323491 0.000000 -0.000000
444961.499990 3945231.334648 0.000000 0.000000
444961.318582 3945231.345805 0.000000 0.000000
444961.137175 3945231.356962 0.000000 -0.000000
444960.955768 3945231.368120 0.000000 -0.000000
444960.774360 3945231.379277 0.000000 -0.000000
444960.592953 3945231.390434 0.000000 0.000000
444960.411545 3945231.401591 0.000000 0.000000
444960.230138 3945231.412748 0.000000 -0.000000
444960.048730 3945231.423906 0.000000 -0.000000
444959.867323 3945231.435063 0.000000 0.000000
444959.685916 3945231.446220 0.000000 0.000000
444959.504508 3945231.457377 0.000000 0.000000
444959.323101 3945231.468534 0.000000 0.000000
444959.141693 3945231.479691 0.000000 -0.000000
444958.960286 3945231.490849 0.000000 0.000000
444958.778878 3945231.502006 0.000000 -0.000000
444958.597471 3945231.513163 0.000000 -0.000000
444958.416064 3945231.524320 0.000000 -0.000000
444958.234656 3945231.535477 0.000000 0.000000
444958.053249 3945231.546634 0.000000 0.000000
444957.871841 3945231.557792 0.000000 0.000000
444957.688620 3945231.569060 0.000000 0.000000
444957.501770 3945231.580552 0.000000 -0.000000
444957.311292 3945231.592267 0.000000 -0.000000
444957.117186 3945231.604205 0.000000 -0.000000
444956.919452 3945231.616367 0.000000 0.000000
444956.718090 3945231.628751 0.000000 -0.000000
444956.513100 3945231.641359 0.000000 -0.000000
444956.304481 3945231.654190 0.000000 -0.000000
444956.092235 3945231.667244 0.000000 0.000000
444955.876360 3945231.680521 0.000000 -0.000000
444955.656857 3945231.694021 0.000000 0.000000
444955.433726 3945231.707744 0.000000 -0.000000
444955.206966 3945231.721691 0.000000 -0.000000
444954.976579 3945231.735860 0.000000 -0.000000
444954.742563 3945231.750253 0.000000 0.000000
444954.504920 3945231.764869 0.000000 0.000000
444954.263648 3945231.779708 0.000000 -0.000000
444954.018748 3945231.794770 0.000000 0.000000
444953.770220 3945231.810055 0.000000 -0.000000
444953.518063 3945231.825564 0.000000 0.000000
444953.262279 3945231.841295 0.000000 -0.000000
444953.002866 3945231.857250 0.000000 -0.000000
444952.739825 3945231.873428 0.000000 -0.000000
444952.473157 3945231.889829 0.000000 0.000000
444952.202859 3945231.906453 0.000000 -0.000000
444951.928934 3945231.923301 0.000000 0.000000
444951.651381 3945231.940371 0.000000 0.000000
444951.370199 3945231.957665 0.000000 -0.000000
444951.085390 3945231.975182 0.000000 -0.000000
444950.796952 3945231.992922 0.000000 0.000000
444950.504886 3945232.010885 0.000000 -0.000000
444950.209192 3945232.029071 0.000000 -0.000000
444949.909870 3945232.047480 0.000000 0.000000
444949.606919 3945232.066113 0.000000 -0.000000
444949.300341 3945232.084968 0.000000 -0.000000
444948.990134 3945232.104047 0.000000 -0.000000
444948.676299 3945232.123349 0.000000 -0.000000
444948.358836 3945232.142874 0.000000 -0.000000
444948.037745 3945232.162622 0.000000 -0.000000
444947.713026 3945232.182593 0.000000 -0.000000
444947.384678 3945232.202788 0.000000 -0.000000
444947.052703 3945232.223206 0.000000 -0.000000
444946.717099 3945232.243846 0.000000 -0.000000
444946.377867 3945232.264710 0.000000 -0.000000
444946.035007 3945232.285797 0.000000 -0.000000
444945.688519 3945232.307108 0.000000 -0.000000
444945.338403 3945232.328641 0.000000 -0.000000
444944.984658 3945232.350397 0.000000 -0.000000
444944.627286 3945232.372377 0.000000 -0.000000
