444980.547769 3945230.163145 0.000000 0.000000
444980.238103 3945230.177372 0.000000 -0.000880
444979.933081 3945230.192008 0.000000 -0.001759
444979.632702 3945230.207054 0.000000 -0.002639
444979.336966 3945230.222509 0.000000 -0.003519
444979.045873 3945230.238373 0.000000 -0.004399
444978.759424 3945230.254647 0.000000 -0.005278
444978.477618 3945230.271329 0.000000 -0.006158
444978.200456 3945230.288421 0.000000 -0.007038
444977.927937 3945230.305922 0.000000 -0.007917
444977.660061 3945230.323832 0.000000 -0.008797
444977.396828 3945230.342151 0.000000 -0.009677
444977.138239 3945230.360880 0.000000 -0.010557
444976.884293 3945230.380018 0.000000 -0.011436
444976.634991 3945230.399564 0.000000 -0.012316
444976.390331 3945230.419521 0.000000 -0.013196
444976.150315 3945230.439886 0.000000 -0.014075
444975.914943 3945230.460660 0.000000 -0.014955
444975.684214 3945230.481844 0.000000 -0.015835
444975.458128 3945230.503437 0.000000 -0.016715
444975.236685 3945230.525439 0.000000 -0.017594
444975.019886 3945230.547851 0.000000 -0.018743
444974.807730 3945230.570671 0.000000 -0.019994
444974.600217 3945230.593901 0.000000 -0.021357
444974.397348 3945230.617540 0.000000 -0.022848
444974.199122 3945230.641588 0.000000 -0.024479
444974.005539 3945230.666045 0.000000 -0.026268
444973.816600 3945230.690912 0.000000 -0.028235
444973.632304 3945230.716188 0.000000 -0.030403
444973.452651 3945230.741873 0.000000 -0.032796
444973.277642 3945230.767967 0.000000 -0.035445
444973.107276 3945230.794470 0.000000 -0.038386
444972.941553 3945230.821383 0.000000 -0.041657
444972.780474 3945230.848704 0.000000 -0.045307
444972.624038 3945230.876435 0.000000 -0.049369
444972.472245 3945230.904575 0.000000 -0.053860
444972.325095 3945230.933125 0.000000 -0.058808
444972.182589 3945230.962083 0.000000 -0.064241
444972.044727 3945230.991451 0.000000 -0.070182
444971.911507 3945231.021228 0.000000 -0.076649
444971.782931 3945231.051414 0.000000 -0.083655
444971.658998 3945231.082010 0.000000 -0.091201
444971.539709 3945231.113014 0.000000 -0.099279
444971.425063 3945231.144428 0.000000 -0.107868
444971.315060 3945231.176251 0.000000 -0.116931
444971.209700 3945231.208483 0.000000 -0.126413
444971.108984 3945231.241124 0.000000 -0.136239
444971.012911 3945231.274175 0.000000 -0.146313
444970.921482 3945231.307635 0.000000 -0.156518
444970.834696 3945231.341504 0.000000 -0.166712
444970.752553 3945231.375782 0.000000 -0.176729
444970.673438 3945231.410851 0.000000 -0.186619
444970.595738 3945231.447095 0.000000 -0.196510
444970.519450 3945231.484512 0.000000 -0.206337
444970.444577 3945231.523103 0.000000 -0.216026
444970.371117 3945231.562868 0.000000 -0.225501
444970.299070 3945231.603806 0.000000 -0.234684
444970.228437 3945231.645919 0.000000 -0.243495
444970.159218 3945231.689205 0.000000 -0.251856
444970.091412 3945231.733664 0.000000 -0.259695
444970.025020 3945231.779298 0.000000 -0.266949
444969.960042 3945231.826105 0.000000 -0.273565
444969.896477 3945231.874087 0.000000 -0.279503
444969.834326 3945231.923241 0.000000 -0.284743
444969.773588 3945231.973570 0.000000 -0.289281
444969.714264 3945232.025073 0.000000 -0.293137
444969.656353 3945232.077749 0.000000 -0.296347
444969.599856 3945232.131599 0.000000 -0.298968
444969.544773 3945232.186623 0.000000 -0.301075
444969.491103 3945232.242820 0.000000 -0.302755
444969.438847 3945232.300192 0.000000 -0.304107
444969.388004 3945232.358737 0.000000 -0.305083
444969.338575 3945232.418456 0.000000 -0.305564
444969.290560 3945232.479348 0.000000 -0.305547
444969.243958 3945232.541415 0.000000 -0.305030
444969.198769 3945232.604655 0.000000 -0.304019
444969.154995 3945232.669069 0.000000 -0.302520
444969.112634 3945232.734657 0.000000 -0.300547
444969.071686 3945232.801418 0.000000 -0.298113
444969.032152 3945232.869354 0.000000 -0.295238
444968.994032 3945232.938463 0.000000 -0.291943
444968.957325 3945233.008745 0.000000 -0.288252
444968.922032 3945233.080202 0.000000 -0.284192
444968.888153 3945233.152832 0.000000 -0.279791
444968.855687 3945233.226637 0.000000 -0.274848
444968.824634 3945233.301615 0.000000 -0.269115
444968.794995 3945233.377766 0.000000 -0.262566
444968.766770 3945233.455092 0.000000 -0.255202
444968.739959 3945233.533591 0.000000 -0.247048
444968.714561 3945233.613264 0.000000 -0.238151
444968.690576 3945233.694111 0.000000 -0.228578
444968.668005 3945233.776131 0.000000 -0.218412
444968.646848 3945233.859326 0.000000 -0.207747
444968.627104 3945233.943694 0.000000 -0.196684
444968.608774 3945234.029236 0.000000 -0.185325
444968.591858 3945234.115952 0.000000 -0.173774
444968.576355 3945234.203841 0.000000 -0.162129
444968.562266 3945234.292904 0.000000 -0.150481
444968.549590 3945234.383141 0.000000 -0.138916
444968.538328 3945234.474552 0.000000 -0.127506
444968.528479 3945234.567136 0.000000 -0.116318
444968.519493 3945234.662821 0.000000 -0.105515
444968.510815 3945234.763530 0.000000 -0.095272
444968.502448 3945234.869264 0.000000 -0.085651
444968.494390 3945234.980024 0.000000 -0.076690
444968.486642 3945235.095809 0.000000 -0.068414
444968.479204 3945235.216619 0.000000 -0.060827
444968.472076 3945235.342455 0.000000 -0.053925
444968.465257 3945235.473316 0.000000 -0.047688
444968.458748 3945235.609202 0.000000 -0.042092
444968.452548 3945235.750113 0.000000 -0.037102
444968.446659 3945235.896049 0.000000 -0.032681
444968.441079 3945236.047011 0.000000 -0.028790
444968.435809 3945236.202998 0.000000 -0.025387
444968.430848 3945236.364010 0.000000 -0.022429
444968.426197 3945236.530047 0.000000 -0.019875
444968.421856 3945236.701110 0.000000 -0.017685
444968.417825 3945236.877198 0.000000 -0.015821
444968.414104 3945237.058311 0.000000 -0.014248
444968.410692 3945237.244449 0.000000 -0.012933
444968.407590 3945237.435613 0.000000 -0.011844
444968.404797 3945237.631802 0.000000 -0.010912
444968.402315 3945237.833016 0.000000 -0.010076
444968.400142 3945238.039255 0.000000 -0.009324
444968.398279 3945238.250520 0.000000 -0.008645
444968.396725 3945238.466810 0.000000 -0.008031
444968.395481 3945238.688125 0.000000 -0.007474
444968.394547 3945238.914465 0.000000 -0.006968
444968.393923 3945239.145830 0.000000 -0.006506
444968.393609 3945239.382221 0.000000 -0.006085
444968.393604 3945239.623637 0.000000 -0.005699
444968.393909 3945239.870078 0.000000 -0.005346
444968.394523 3945240.121545 0.000000 -0.005021
444968.395448 3945240.378037 0.000000 -0.004722
444968.396682 3945240.639554 0.000000 -0.004445
444968.398225 3945240.906096 0.000000 -0.004167
444968.400079 3945241.177663 0.000000 -0.003889
444968.402242 3945241.454256 0.000000 -0.003611
444968.404715 3945241.735874 0.000000 -0.003334
444968.407498 3945242.022517 0.000000 -0.003056
444968.410590 3945242.314185 0.000000 -0.002778
444968.413992 3945242.610879 0.000000 -0.002500
444968.417704 3945242.912598 0.000000 -0.002222
444968.421726 3945243.219342 0.000000 -0.001945
444968.426057 3945243.531111 0.000000 -0.001667
444968.430698 3945243.847906 0.000000 -0.001389
444968.435649 3945244.169726 0.000000 -0.001111
444968.440910 3945244.496571 0.000000 -0.000833
444968.446480 3945244.828441 0.000000 -0.000556
444968.452360 3945245.165337 0.000000 -0.000278
