444935.588481 3945354.214415 0.000000 0.000000
444935.624047 3945354.212154 0.000000 0.000000
444935.659255 3945354.209915 0.000000 0.000000
444935.694105 3945354.207699 0.000000 0.000000
444935.728599 3945354.205506 0.000000 0.000000
444935.762734 3945354.203335 0.000000 0.000000
444935.796513 3945354.201188 0.000000 0.000000
444935.829934 3945354.199063 0.000000 0.000000
444935.862997 3945354.196960 0.000000 0.000000
444935.895703 3945354.194881 0.000000 0.000000
444935.928052 3945354.192824 0.000000 0.000000
444935.960043 3945354.190790 0.000000 0.000000
444935.991677 3945354.188778 0.000000 0.000000
444936.022953 3945354.186790 0.000000 0.000000
444936.053872 3945354.184824 0.000000 0.000000
444936.084433 3945354.182881 0.000000 0.000000
444936.114637 3945354.180960 0.000000 0.000000
444936.144483 3945354.179062 0.000000 0.000000
444936.173972 3945354.177187 0.000000 0.000000
444936.203104 3945354.175335 0.000000 0.000000
444936.231878 3945354.173505 0.000000 0.000000
444936.260295 3945354.171699 0.000000 0.000000
444936.288354 3945354.169915 0.000000 0.000000
444936.316056 3945354.168153 0.000000 0.000000
444936.343400 3945354.166414 0.000000 0.000000
444936.370387 3945354.164699 0.000000 0.000000
444936.397017 3945354.163005 0.000000 0.000000
444936.423289 3945354.161335 0.000000 0.000000
444936.449203 3945354.159687 0.000000 0.000000
444936.474761 3945354.158062 0.000000 0.000000
444936.499960 3945354.156460 0.000000 0.000000
444936.524803 3945354.154880 0.000000 0.000000
444936.549287 3945354.153323 0.000000 0.000000
444936.573415 3945354.151789 0.000000 0.000000
444936.597185 3945354.150278 0.000000 0.000000
444936.620597 3945354.148789 0.000000 0.000000
444936.643652 3945354.147323 0.000000 0.000000
444936.666350 3945354.145880 0.000000 0.000000
444936.688690 3945354.144460 0.000000 0.000000
444936.710673 3945354.143062 0.000000 0.000000
444936.732298 3945354.141687 0.000000 0.000000
444936.753566 3945354.140335 0.000000 0.000000
444936.774477 3945354.139005 0.000000 0.000000
444936.795029 3945354.137698 0.000000 0.000000
444936.815225 3945354.136414 0.000000 0.000000
444936.835063 3945354.135153 0.000000 0.000000
444936.854544 3945354.133914 0.000000 0.000000
444936.873667 3945354.132698 0.000000 0.000000
444936.892433 3945354.131505 0.000000 0.000000
444936.910841 3945354.130334 0.000000 0.000000
444936.928892 3945354.129187 0.000000 0.000000
444936.946764 3945354.128050 0.000000 0.000000
444936.964636 3945354.126914 0.000000 0.000000
444936.982508 3945354.125778 0.000000 0.000000
444937.000380 3945354.124641 0.000000 0.000000
444937.018253 3945354.123505 0.000000 0.000000
444937.036125 3945354.122368 0.000000 0.000000
444937.053997 3945354.121232 0.000000 0.000000
444937.071869 3945354.120096 0.000000 0.000000
444937.089741 3945354.118959 0.000000 0.000000
444937.107613 3945354.117823 0.000000 0.000000
444937.125485 3945354.116687 0.000000 0.000000
444937.143358 3945354.115550 0.000000 0.000000
444937.161230 3945354.114414 0.000000 0.000000
444937.179102 3945354.113277 0.000000 0.000000
444937.196974 3945354.112141 0.000000 0.000000
444937.214846 3945354.111005 0.000000 0.000000
444937.232718 3945354.109868 0.000000 0.000000
444937.250590 3945354.108732 0.000000 0.000000
444937.268463 3945354.107595 0.000000 0.000000
444937.286335 3945354.106459 0.000000 0.000000
444937.304207 3945354.105323 0.000000 0.000000
444937.322079 3945354.104186 0.000000 0.000000
444937.339951 3945354.103050 0.000000 0.000000
444937.357823 3945354.101914 0.000000 0.000000
444937.375695 3945354.100777 0.000000 0.000000
444937.393568 3945354.099641 0.000000 0.000000
444937.411440 3945354.098504 0.000000 0.000000
444937.429312 3945354.097368 0.000000 0.000000
444937.447184 3945354.096232 0.000000 0.000000
444937.465056 3945354.095095 0.000000 0.000000
444937.482928 3945354.093959 0.000000 0.000000
444937.500800 3945354.092823 0.000000 0.000000
444937.518673 3945354.091686 0.000000 0.000000
444937.536545 3945354.090550 0.000000 0.000000
444937.554417 3945354.089413 0.000000 0.000000
444937.572289 3945354.088277 0.000000 0.000000
444937.590161 3945354.087141 0.000000 0.000000
444937.608033 3945354.086004 0.000000 0.000000
444937.625905 3945354.084868 0.000000 0.000000
444937.643778 3945354.083732 0.000000 0.000000
444937.661650 3945354.082595 0.000000 0.000000
444937.679522 3945354.081459 0.000000 0.000000
444937.697394 3945354.080322 0.000000 0.000000
444937.715266 3945354.079186 0.000000 0.000000
444937.733138 3945354.078050 0.000000 0.000000
444937.751010 3945354.076913 0.000000 0.000000
444937.768883 3945354.075777 0.000000 0.000000
444937.786755 3945354.074640 0.000000 0.000000
444937.804627 3945354.073504 0.000000 0.000000
444937.822499 3945354.072368 0.000000 0.000000
444937.840371 3945354.071231 0.000000 0.000000
444937.858243 3945354.070095 0.000000 0.000000
444937.876115 3945354.068959 0.000000 0.000000
444937.893988 3945354.067822 0.000000 0.000000
444937.911860 3945354.066686 0.000000 0.000000
444937.929732 3945354.065549 0.000000 0.000000
444937.947604 3945354.064413 0.000000 0.000000
444937.965476 3945354.063277 0.000000 0.000000
444937.983348 3945354.062140 0.000000 0.000000
444938.001220 3945354.061004 0.000000 0.000000
444938.019093 3945354.059868 0.000000 0.000000
444938.036965 3945354.058731 0.000000 0.000000
444938.054837 3945354.057595 0.000000 0.000000
444938.072709 3945354.056458 0.000000 0.000000
444938.090581 3945354.055322 0.000000 0.000000
444938.108453 3945354.054186 0.000000 0.000000
444938.126325 3945354.053049 0.000000 0.000000
444938.144198 3945354.051913 0.000000 0.000000
444938.162070 3945354.050777 0.000000 0.000000
444938.179942 3945354.049640 0.000000 0.000000
444938.197814 3945354.048504 0.000000 0.000000
444938.215686 3945354.047367 0.000000 0.000000
444938.233558 3945354.046231 0.000000 0.000000
444938.251430 3945354.045095 0.000000 0.000000
444938.269303 3945354.043958 0.000000 0.000000
444938.287175 3945354.042822 0.000000 0.000000
444938.305047 3945354.041686 0.000000 0.000000
444938.322919 3945354.040549 0.000000 0.000000
444938.340791 3945354.039413 0.000000 0.000000
444938.358663 3945354.038276 0.000000 0.000000
444938.376535 3945354.037140 0.000000 0.000000
444938.394408 3945354.036004 0.000000 0.000000
444938.412280 3945354.034867 0.000000 0.000000
444938.430152 3945354.033731 0.000000 0.000000
444938.448024 3945354.032594 0.000000 0.000000
444938.465896 3945354.031458 0.000000 0.000000
444938.483768 3945354.030322 0.000000 0.000000
444938.501640 3945354.029185 0.000000 0.000000
444938.519513 3945354.028049 0.000000 0.000000
444938.537385 3945354.026913 0.000000 0.000000
444938.555257 3945354.025776 0.000000 0.000000
444938.573129 3945354.024640 0.000000 0.000000
444938.591001 3945354.023503 0.000000 0.000000
444938.608873 3945354.022367 0.000000 0.000000
444938.626745 3945354.021231 0.000000 0.000000
444938.644618 3945354.020094 0.000000 0.000000
444938.662490 3945354.018958 0.000000 0.000000
444938.680362 3945354.017822 0.000000 0.000000
444938.698234 3945354.016685 0.000000 0.000000
444938.716106 3945354.015549 0.000000 0.000000
444938.733978 3945354.014412 0.000000 0.000000
444938.751850 3945354.013276 0.000000 0.000000
444938.769723 3945354.012140 0.000000 0.000000
444938.787595 3945354.011003 0.000000 0.000000
444938.805467 3945354.009867 0.000000 0.000000
444938.823339 3945354.008731 0.000000 0.000000
444938.841211 3945354.007594 0.000000 0.000000
444938.859083 3945354.006458 0.000000 0.000000
444938.876955 3945354.005321 0.000000 0.000000
444938.894828 3945354.004185 0.000000 0.000000
444938.912700 3945354.003049 0.000000 0.000000
444938.930572 3945354.001912 0.000000 0.000000
444938.948444 3945354.000776 0.000000 0.000000
444938.966316 3945353.999639 0.000000 0.000000
444938.984188 3945353.998503 0.000000 0.000000
444939.002060 3945353.997367 0.000000 0.000000
444939.019933 3945353.996230 0.000000 0.000000
444939.037805 3945353.995094 0.000000 0.000000
444939.055677 3945353.993958 0.000000 0.000000
444939.073549 3945353.992821 0.000000 0.000000
444939.091421 3945353.991685 0.000000 0.000000
444939.109293 3945353.990548 0.000000 0.000000
444939.127165 3945353.989412 0.000000 0.000000
444939.145038 3945353.988276 0.000000 0.000000
444939.162910 3945353.987139 0.000000 0.000000
444939.180782 3945353.986003 0.000000 0.000000
444939.198654 3945353.984867 0.000000 0.000000
444939.216526 3945353.983730 0.000000 0.000000
444939.234398 3945353.982594 0.000000 0.000000
444939.252270 3945353.981457 0.000000 0.000000
444939.270143 3945353.980321 0.000000 0.000000
444939.288015 3945353.979185 0.000000 0.000000
444939.305887 3945353.978048 0.000000 0.000000
444939.323759 3945353.976912 0.000000 0.000000
444939.341631 3945353.975776 0.000000 0.000000
444939.359503 3945353.974639 0.000000 0.000000
444939.377375 3945353.973503 0.000000 0.000000
444939.395248 3945353.972366 0.000000 0.000000
444939.413120 3945353.971230 0.000000 0.000000
444939.430992 3945353.970094 0.000000 0.000000
444939.448864 3945353.968957 0.000000 0.000000
444939.466736 3945353.967821 0.000000 0.000000
444939.484608 3945353.966684 0.000000 0.000000
444939.502480 3945353.965548 0.000000 0.000000
444939.520353 3945353.964412 0.000000 0.000000
444939.538225 3945353.963275 0.000000 0.000000
444939.556097 3945353.962139 0.000000 0.000000
444939.573969 3945353.961003 0.000000 0.000000
444939.591841 3945353.959866 0.000000 0.000000
444939.609713 3945353.958730 0.000000 0.000000
444939.627585 3945353.957593 0.000000 0.000000
444939.645458 3945353.956457 0.000000 0.000000
444939.663330 3945353.955321 0.000000 0.000000
444939.681202 3945353.954184 0.000000 0.000000
444939.699074 3945353.953048 0.000000 0.000000
444939.716946 3945353.951912 0.000000 0.000000
444939.734818 3945353.950775 0.000000 0.000000
444939.752690 3945353.949639 0.000000 0.000000
444939.770563 3945353.948502 0.000000 0.000000
444939.788435 3945353.947366 0.000000 0.000000
444939.806307 3945353.946230 0.000000 0.000000
444939.824179 3945353.945093 0.000000 0.000000
444939.842051 3945353.943957 0.000000 0.000000
444939.859923 3945353.942821 0.000000 0.000000
444939.877795 3945353.941684 0.000000 0.000000
444939.895668 3945353.940548 0.000000 0.000000
444939.913540 3945353.939411 0.000000 0.000000
444939.931412 3945353.938275 0.000000 0.000000
444939.949284 3945353.937139 0.000000 0.000000
444939.967156 3945353.936002 0.000000 0.000000
444939.985028 3945353.934866 0.000000 0.000000
444940.002900 3945353.933729 0.000000 0.000000
444940.020773 3945353.932593 0.000000 0.000000
444940.038645 3945353.931457 0.000000 0.000000
444940.056517 3945353.930320 0.000000 0.000000
444940.074389 3945353.929184 0.000000 0.000000
444940.092261 3945353.928048 0.000000 0.000000
444940.110133 3945353.926911 0.000000 0.000000
444940.128005 3945353.925775 0.000000 0.000000
444940.145878 3945353.924638 0.000000 0.000000
444940.163750 3945353.923502 0.000000 0.000000
444940.181622 3945353.922366 0.000000 0.000000
444940.199494 3945353.921229 0.000000 0.000000
444940.217366 3945353.920093 0.000000 0.000000
444940.235238 3945353.918957 0.000000 0.000000
444940.253110 3945353.917820 0.000000 0.000000
444940.270983 3945353.916684 0.000000 0.000000
444940.288855 3945353.915547 0.000000 0.000000
444940.306727 3945353.914411 0.000000 0.000000
444940.324599 3945353.913275 0.000000 0.000000
444940.342471 3945353.912138 0.000000 0.000000
444940.360343 3945353.911002 0.000000 0.000000
444940.378216 3945353.909866 0.000000 0.000000
444940.396088 3945353.908729 0.000000 0.000000
444940.413960 3945353.907593 0.000000 0.000000
444940.431832 3945353.906456 0.000000 0.000000
444940.449704 3945353.905320 0.000000 0.000000
444940.467576 3945353.904184 0.000000 0.000000
444940.485448 3945353.903047 0.000000 0.000000
444940.503321 3945353.901911 0.000000 0.000000
444940.521193 3945353.900774 0.000000 0.000000
444940.539065 3945353.899638 0.000000 0.000000
444940.556937 3945353.898502 0.000000 0.000000
444940.574809 3945353.897365 0.000000 0.000000
444940.592681 3945353.896229 0.000000 0.000000
444940.610553 3945353.895093 0.000000 0.000000
444940.628426 3945353.893956 0.000000 0.000000
444940.646298 3945353.892820 0.000000 -0.000000
444940.664170 3945353.891683 0.000000 -0.000000
444940.682042 3945353.890547 0.000000 0.000000
444940.699914 3945353.889411 0.000000 0.000000
444940.717786 3945353.888274 0.000000 -0.000000
444940.735658 3945353.887138 0.000000 0.000000
444940.753531 3945353.886002 0.000000 -0.000000
444940.771403 3945353.884865 0.000000 -0.000000
444940.789275 3945353.883729 0.000000 -0.000000
444940.807147 3945353.882592 0.000000 0.000000
444940.825019 3945353.881456 0.000000 0.000000
444940.842891 3945353.880320 0.000000 0.000000
444940.860763 3945353.879183 0.000000 0.000000
444940.878636 3945353.878047 0.000000 -0.000000
444940.896508 3945353.876911 0.000000 0.000000
444940.914380 3945353.875774 0.000000 0.000000
444940.932252 3945353.874638 0.000000 -0.000000
444940.950124 3945353.873501 0.000000 -0.000000
444940.967996 3945353.872365 0.000000 -0.000000
444940.985868 3945353.871229 0.000000 0.000000
444941.003741 3945353.870092 0.000000 0.000000
444941.021613 3945353.868956 0.000000 -0.000000
444941.039485 3945353.867820 0.000000 0.000000
444941.057357 3945353.866683 0.000000 0.000000
444941.075229 3945353.865547 0.000000 -0.000000
444941.093101 3945353.864410 0.000000 -0.000000
444941.110973 3945353.863274 0.000000 0.000000
444941.128846 3945353.862138 0.000000 -0.000000
444941.146718 3945353.861001 0.000000 -0.000000
444941.164590 3945353.859865 0.000000 -0.000000
444941.182462 3945353.858728 0.000000 0.000000
444941.200334 3945353.857592 0.000000 0.000000
444941.218206 3945353.856456 0.000000 0.000000
444941.236078 3945353.855319 0.000000 0.000000
444941.253951 3945353.854183 0.000000 0.000000
444941.271823 3945353.853047 0.000000 -0.000000
444941.289695 3945353.851910 0.000000 -0.000000
444941.307567 3945353.850774 0.000000 0.000000
444941.325439 3945353.849637 0.000000 -0.000000
444941.343311 3945353.848501 0.000000 0.000000
444941.361183 3945353.847365 0.000000 -0.000000
444941.379056 3945353.846228 0.000000 0.000000
444941.396928 3945353.845092 0.000000 0.000000
444941.414800 3945353.843956 0.000000 0.000000
444941.432672 3945353.842819 0.000000 0.000000
444941.450544 3945353.841683 0.000000 0.000000
444941.468416 3945353.840546 0.000000 0.000000
444941.486288 3945353.839410 0.000000 -0.000000
444941.504161 3945353.838274 0.000000 -0.000000
444941.522033 3945353.837137 0.000000 0.000000
444941.539905 3945353.836001 0.000000 0.000000
444941.557777 3945353.834865 0.000000 -0.000000
444941.575649 3945353.833728 0.000000 0.000000
444941.593521 3945353.832592 0.000000 -0.000000
444941.611393 3945353.831455 0.000000 -0.000000
444941.629266 3945353.830319 0.000000 0.000000
444941.647138 3945353.829183 0.000000 0.000000
444941.665010 3945353.828046 0.000000 0.000000
444941.682882 3945353.826910 0.000000 0.000000
444941.700754 3945353.825773 0.000000 0.000000
444941.718626 3945353.824637 0.000000 -0.000000
444941.736498 3945353.823501 0.000000 0.000000
444941.754371 3945353.822364 0.000000 0.000000
444941.772243 3945353.821228 0.000000 -0.000000
444941.790115 3945353.820092 0.000000 -0.000000
444941.807987 3945353.818955 0.000000 -0.000000
444941.825859 3945353.817819 0.000000 0.000000
444941.843731 3945353.816682 0.000000 0.000000
444941.861603 3945353.815546 0.000000 0.000000
444941.879476 3945353.814410 0.000000 0.000000
444941.897348 3945353.813273 0.000000 -0.000000
444941.915220 3945353.812137 0.000000 -0.000000
444941.933092 3945353.811001 0.000000 -0.000000
444941.950964 3945353.809864 0.000000 0.000000
444941.968836 3945353.808728 0.000000 -0.000000
444941.986708 3945353.807591 0.000000 0.000000
444942.004581 3945353.806455 0.000000 0.000000
444942.022453 3945353.805319 0.000000 -0.000000
444942.040325 3945353.804182 0.000000 -0.000000
444942.058197 3945353.803046 0.000000 -0.000000
444942.076069 3945353.801910 0.000000 0.000000
444942.093941 3945353.800773 0.000000 -0.000000
444942.111813 3945353.799637 0.000000 -0.000000
444942.129686 3945353.798500 0.000000 0.000000
444942.147558 3945353.797364 0.000000 0.000000
444942.165430 3945353.796228 0.000000 0.000000
444942.183302 3945353.795091 0.000000 0.000000
444942.201174 3945353.793955 0.000000 -0.000000
444942.219046 3945353.792818 0.000000 0.000000
444942.236918 3945353.791682 0.000000 0.000000
444942.254791 3945353.790546 0.000000 0.000000
444942.272663 3945353.789409 0.000000 -0.000000
444942.290535 3945353.788273 0.000000 -0.000000
444942.308407 3945353.787137 0.000000 -0.000000
444942.326279 3945353.786000 0.000000 0.000000
444942.344151 3945353.784864 0.000000 -0.000000
444942.362023 3945353.783727 0.000000 0.000000
444942.379896 3945353.782591 0.000000 0.000000
444942.397768 3945353.781455 0.000000 -0.000000
444942.415640 3945353.780318 0.000000 -0.000000
444942.433512 3945353.779182 0.000000 -0.000000
444942.451384 3945353.778046 0.000000 -0.000000
444942.469256 3945353.776909 0.000000 0.000000
444942.487128 3945353.775773 0.000000 0.000000
444942.505001 3945353.774636 0.000000 0.000000
444942.522873 3945353.773500 0.000000 -0.000000
444942.540745 3945353.772364 0.000000 0.000000
444942.558617 3945353.771227 0.000000 -0.000000
444942.576489 3945353.770091 0.000000 -0.000000
444942.594361 3945353.768955 0.000000 0.000000
444942.612233 3945353.767818 0.000000 0.000000
444942.630106 3945353.766682 0.000000 0.000000
444942.647978 3945353.765545 0.000000 -0.000000
444942.665850 3945353.764409 0.000000 0.000000
444942.683722 3945353.763273 0.000000 0.000000
444942.701594 3945353.762136 0.000000 -0.000000
444942.719466 3945353.761000 0.000000 0.000000
444942.737338 3945353.759863 0.000000 -0.000000
444942.755211 3945353.758727 0.000000 0.000000
444942.773083 3945353.757591 0.000000 0.000000
444942.790955 3945353.756454 0.000000 -0.000000
444942.808827 3945353.755318 0.000000 0.000000
444942.826699 3945353.754182 0.000000 -0.000000
444942.844571 3945353.753045 0.000000 -0.000000
444942.862443 3945353.751909 0.000000 0.000000
444942.880316 3945353.750772 0.000000 -0.000000
444942.898188 3945353.749636 0.000000 -0.000000
444942.916060 3945353.748500 0.000000 -0.000000
444942.933932 3945353.747363 0.000000 -0.000000
444942.951804 3945353.746227 0.000000 -0.000000
444942.969676 3945353.745091 0.000000 -0.000000
444942.987548 3945353.743954 0.000000 0.000000
444943.005421 3945353.742818 0.000000 -0.000000
444943.023293 3945353.741681 0.000000 0.000000
444943.041165 3945353.740545 0.000000 0.000000
444943.059037 3945353.739409 0.000000 -0.000000
444943.076909 3945353.738272 0.000000 0.000000
444943.094781 3945353.737136 0.000000 0.000000
444943.112653 3945353.736000 0.000000 0.000000
444943.130526 3945353.734863 0.000000 0.000000
444943.148398 3945353.733727 0.000000 0.000000
444943.166270 3945353.732590 0.000000 -0.000000
444943.184142 3945353.731454 0.000000 0.000000
444943.202014 3945353.730318 0.000000 0.000000
444943.219886 3945353.729181 0.000000 -0.000000
444943.237758 3945353.728045 0.000000 0.000000
444943.255631 3945353.726909 0.000000 -0.000000
444943.273503 3945353.725772 0.000000 0.000000
444943.291375 3945353.724636 0.000000 -0.000000
444943.309247 3945353.723499 0.000000 -0.000000
444943.327119 3945353.722363 0.000000 -0.000000
444943.344991 3945353.721227 0.000000 -0.000000
444943.362863 3945353.720090 0.000000 -0.000000
444943.380736 3945353.718954 0.000000 0.000000
444943.398608 3945353.717817 0.000000 0.000000
444943.416480 3945353.716681 0.000000 0.000000
444943.434352 3945353.715545 0.000000 0.000000
444943.452224 3945353.714408 0.000000 -0.000000
444943.470096 3945353.713272 0.000000 0.000000
444943.487968 3945353.712136 0.000000 -0.000000
444943.505841 3945353.710999 0.000000 -0.000000
444943.523713 3945353.709863 0.000000 -0.000000
444943.541585 3945353.708726 0.000000 -0.000000
444943.559457 3945353.707590 0.000000 -0.000000
444943.577329 3945353.706454 0.000000 -0.000000
444943.595201 3945353.705317 0.000000 -0.000000
444943.613073 3945353.704181 0.000000 -0.000000
444943.630946 3945353.703045 0.000000 0.000000
444943.648818 3945353.701908 0.000000 -0.000000
444943.666690 3945353.700772 0.000000 0.000000
444943.684562 3945353.699635 0.000000 -0.000000
444943.702434 3945353.698499 0.000000 -0.000000
444943.720306 3945353.697363 0.000000 -0.000000
444943.738178 3945353.696226 0.000000 -0.000000
444943.756051 3945353.695090 0.000000 0.000000
444943.773923 3945353.693954 0.000000 -0.000000
444943.791795 3945353.692817 0.000000 0.000000
444943.809667 3945353.691681 0.000000 -0.000000
444943.827539 3945353.690544 0.000000 0.000000
444943.845411 3945353.689408 0.000000 -0.000000
444943.863283 3945353.688272 0.000000 0.000000
444943.881156 3945353.687135 0.000000 0.000000
444943.899028 3945353.685999 0.000000 -0.000000
444943.916900 3945353.684862 0.000000 0.000000
444943.934772 3945353.683726 0.000000 -0.000000
444943.952644 3945353.682590 0.000000 -0.000000
444943.970516 3945353.681453 0.000000 0.000000
444943.988388 3945353.680317 0.000000 -0.000000
444944.006261 3945353.679181 0.000000 -0.000000
444944.024133 3945353.678044 0.000000 0.000000
444944.042005 3945353.676908 0.000000 -0.000000
444944.059877 3945353.675771 0.000000 -0.000000
444944.077749 3945353.674635 0.000000 -0.000000
444944.095621 3945353.673499 0.000000 -0.000000
444944.113493 3945353.672362 0.000000 -0.000000
444944.131366 3945353.671226 0.000000 0.000000
444944.149238 3945353.670090 0.000000 -0.000000
444944.167110 3945353.668953 0.000000 0.000000
444944.184982 3945353.667817 0.000000 -0.000000
444944.202854 3945353.666680 0.000000 0.000000
444944.220726 3945353.665544 0.000000 -0.000000
444944.238598 3945353.664408 0.000000 -0.000000
444944.256471 3945353.663271 0.000000 0.000000
444944.274343 3945353.662135 0.000000 -0.000000
444944.292215 3945353.660999 0.000000 -0.000000
444944.310087 3945353.659862 0.000000 -0.000000
444944.327959 3945353.658726 0.000000 0.000000
444944.345831 3945353.657589 0.000000 -0.000000
444944.363703 3945353.656453 0.000000 0.000000
444944.381576 3945353.655317 0.000000 0.000000
444944.399448 3945353.654180 0.000000 0.000000
444944.417320 3945353.653044 0.000000 -0.000000
444944.435192 3945353.651907 0.000000 0.000000
444944.453064 3945353.650771 0.000000 -0.000000
444944.470936 3945353.649635 0.000000 0.000000
444944.488808 3945353.648498 0.000000 0.000000
444944.506681 3945353.647362 0.000000 0.000000
444944.524553 3945353.646226 0.000000 -0.000000
444944.542425 3945353.645089 0.000000 -0.000000
444944.560297 3945353.643953 0.000000 0.000000
444944.578169 3945353.642816 0.000000 0.000000
444944.596041 3945353.641680 0.000000 -0.000000
444944.613913 3945353.640544 0.000000 -0.000000
444944.631786 3945353.639407 0.000000 -0.000000
444944.649658 3945353.638271 0.000000 -0.000000
444944.667530 3945353.637135 0.000000 -0.000000
444944.685402 3945353.635998 0.000000 0.000000
444944.703274 3945353.634862 0.000000 0.000000
444944.721146 3945353.633725 0.000000 0.000000
444944.739018 3945353.632589 0.000000 0.000000
444944.756891 3945353.631453 0.000000 0.000000
444944.774763 3945353.630316 0.000000 0.000000
444944.792635 3945353.629180 0.000000 -0.000000
444944.810507 3945353.628044 0.000000 0.000000
444944.828379 3945353.626907 0.000000 0.000000
444944.846251 3945353.625771 0.000000 0.000000
444944.864123 3945353.624634 0.000000 -0.000000
444944.881996 3945353.623498 0.000000 0.000000
444944.899868 3945353.622362 0.000000 0.000000
444944.917740 3945353.621225 0.000000 0.000000
444944.935612 3945353.620089 0.000000 0.000000
444944.953484 3945353.618952 0.000000 0.000000
444944.971356 3945353.617816 0.000000 0.000000
444944.989228 3945353.616680 0.000000 0.000000
444945.007101 3945353.615543 0.000000 0.000000
444945.024973 3945353.614407 0.000000 0.000000
444945.042845 3945353.613271 0.000000 0.000000
444945.060717 3945353.612134 0.000000 0.000000
444945.078589 3945353.610998 0.000000 0.000000
444945.096461 3945353.609861 0.000000 0.000000
444945.114334 3945353.608725 0.000000 0.000000
444945.132206 3945353.607589 0.000000 0.000000
444945.150078 3945353.606452 0.000000 0.000000
444945.167950 3945353.605316 0.000000 0.000000
444945.185822 3945353.604180 0.000000 0.000000
444945.203694 3945353.603043 0.000000 0.000000
444945.221566 3945353.601907 0.000000 0.000000
444945.239439 3945353.600770 0.000000 0.000000
444945.257311 3945353.599634 0.000000 0.000000
444945.275183 3945353.598498 0.000000 0.000000
444945.293055 3945353.597361 0.000000 0.000000
444945.310927 3945353.596225 0.000000 0.000000
444945.328799 3945353.595089 0.000000 0.000000
444945.346671 3945353.593952 0.000000 0.000000
444945.364544 3945353.592816 0.000000 0.000000
444945.382416 3945353.591679 0.000000 0.000000
444945.400288 3945353.590543 0.000000 0.000000
444945.418160 3945353.589407 0.000000 0.000000
444945.436032 3945353.588270 0.000000 0.000000
444945.453904 3945353.587134 0.000000 0.000000
444945.471776 3945353.585997 0.000000 0.000000
444945.489649 3945353.584861 0.000000 0.000000
444945.507521 3945353.583725 0.000000 0.000000
444945.525393 3945353.582588 0.000000 0.000000
444945.543265 3945353.581452 0.000000 0.000000
444945.561137 3945353.580316 0.000000 0.000000
444945.579009 3945353.579179 0.000000 0.000000
444945.596881 3945353.578043 0.000000 0.000000
444945.614754 3945353.576906 0.000000 0.000000
444945.632626 3945353.575770 0.000000 0.000000
444945.650498 3945353.574634 0.000000 0.000000
444945.668370 3945353.573497 0.000000 0.000000
444945.686242 3945353.572361 0.000000 0.000000
444945.704114 3945353.571225 0.000000 0.000000
444945.721986 3945353.570088 0.000000 0.000000
444945.739859 3945353.568952 0.000000 0.000000
444945.757731 3945353.567815 0.000000 0.000000
444945.775603 3945353.566679 0.000000 0.000000
444945.793475 3945353.565543 0.000000 0.000000
444945.811347 3945353.564406 0.000000 0.000000
444945.829219 3945353.563270 0.000000 0.000000
444945.847091 3945353.562134 0.000000 0.000000
444945.864964 3945353.560997 0.000000 0.000000
444945.882836 3945353.559861 0.000000 0.000000
444945.900708 3945353.558724 0.000000 0.000000
444945.918580 3945353.557588 0.000000 0.000000
444945.936452 3945353.556452 0.000000 0.000000
444945.954324 3945353.555315 0.000000 0.000000
444945.972196 3945353.554179 0.000000 0.000000
444945.990069 3945353.553043 0.000000 0.000000
444946.007941 3945353.551906 0.000000 0.000000
444946.025813 3945353.550770 0.000000 0.000000
444946.043685 3945353.549633 0.000000 0.000000
444946.061557 3945353.548497 0.000000 0.000000
444946.079429 3945353.547361 0.000000 0.000000
444946.097301 3945353.546224 0.000000 0.000000
444946.115174 3945353.545088 0.000000 0.000000
444946.133046 3945353.543951 0.000000 0.000000
444946.150918 3945353.542815 0.000000 0.000000
444946.168790 3945353.541679 0.000000 0.000000
444946.186662 3945353.540542 0.000000 0.000000
444946.204534 3945353.539406 0.000000 0.000000
444946.222406 3945353.538270 0.000000 0.000000
444946.240279 3945353.537133 0.000000 0.000000
444946.258151 3945353.535997 0.000000 0.000000
444946.276023 3945353.534860 0.000000 0.000000
444946.293895 3945353.533724 0.000000 0.000000
444946.311767 3945353.532588 0.000000 0.000000
444946.329639 3945353.531451 0.000000 0.000000
444946.347511 3945353.530315 0.000000 0.000000
444946.365384 3945353.529179 0.000000 0.000000
444946.383256 3945353.528042 0.000000 0.000000
444946.401128 3945353.526906 0.000000 0.000000
444946.419000 3945353.525769 0.000000 0.000000
444946.436872 3945353.524633 0.000000 0.000000
444946.454744 3945353.523497 0.000000 0.000000
444946.472616 3945353.522360 0.000000 0.000000
444946.490489 3945353.521224 0.000000 0.000000
444946.508361 3945353.520088 0.000000 0.000000
444946.526233 3945353.518951 0.000000 0.000000
444946.544105 3945353.517815 0.000000 0.000000
444946.561977 3945353.516678 0.000000 0.000000
444946.579849 3945353.515542 0.000000 0.000000
444946.597721 3945353.514406 0.000000 0.000000
444946.615594 3945353.513269 0.000000 0.000000
444946.633466 3945353.512133 0.000000 0.000000
444946.651338 3945353.510996 0.000000 0.000000
444946.669210 3945353.509860 0.000000 0.000000
444946.687082 3945353.508724 0.000000 0.000000
444946.704954 3945353.507587 0.000000 0.000000
444946.722826 3945353.506451 0.000000 0.000000
444946.740699 3945353.505315 0.000000 0.000000
444946.758571 3945353.504178 0.000000 0.000000
444946.776443 3945353.503042 0.000000 0.000000
444946.794315 3945353.501905 0.000000 0.000000
444946.812187 3945353.500769 0.000000 0.000000
444946.830059 3945353.499633 0.000000 0.000000
444946.847931 3945353.498496 0.000000 0.000000
444946.865804 3945353.497360 0.000000 0.000000
444946.883676 3945353.496224 0.000000 0.000000
444946.901548 3945353.495087 0.000000 0.000000
444946.919420 3945353.493951 0.000000 0.000000
444946.937292 3945353.492814 0.000000 0.000000
444946.955164 3945353.491678 0.000000 0.000000
444946.973036 3945353.490542 0.000000 0.000000
444946.990909 3945353.489405 0.000000 0.000000
444947.008781 3945353.488269 0.000000 0.000000
444947.026653 3945353.487133 0.000000 0.000000
444947.044525 3945353.485996 0.000000 0.000000
444947.062397 3945353.484860 0.000000 0.000000
444947.080269 3945353.483723 0.000000 0.000000
444947.098141 3945353.482587 0.000000 0.000000
444947.116014 3945353.481451 0.000000 0.000000
444947.133886 3945353.480314 0.000000 0.000000
444947.151758 3945353.479178 0.000000 0.000000
444947.169630 3945353.478041 0.000000 0.000000
444947.187502 3945353.476905 0.000000 0.000000
444947.205374 3945353.475769 0.000000 0.000000
444947.223246 3945353.474632 0.000000 0.000000
444947.241119 3945353.473496 0.000000 0.000000
444947.258991 3945353.472360 0.000000 0.000000
444947.276863 3945353.471223 0.000000 0.000000
444947.294735 3945353.470087 0.000000 0.000000
444947.312607 3945353.468950 0.000000 0.000000
444947.330479 3945353.467814 0.000000 0.000000
444947.348351 3945353.466678 0.000000 0.000000
444947.366224 3945353.465541 0.000000 0.000000
444947.384096 3945353.464405 0.000000 0.000000
444947.401968 3945353.463269 0.000000 0.000000
444947.419840 3945353.462132 0.000000 0.000000
444947.437712 3945353.460996 0.000000 0.000000
444947.455584 3945353.459859 0.000000 0.000000
444947.473456 3945353.458723 0.000000 0.000000
444947.491329 3945353.457587 0.000000 0.000000
444947.509201 3945353.456450 0.000000 0.000000
444947.527073 3945353.455314 0.000000 0.000000
444947.544945 3945353.454178 0.000000 0.000000
444947.562817 3945353.453041 0.000000 0.000000
444947.580689 3945353.451905 0.000000 0.000000
444947.598561 3945353.450768 0.000000 0.000000
444947.616434 3945353.449632 0.000000 0.000000
444947.634306 3945353.448496 0.000000 0.000000
444947.652178 3945353.447359 0.000000 0.000000
444947.670050 3945353.446223 0.000000 0.000000
444947.687922 3945353.445086 0.000000 0.000000
444947.705794 3945353.443950 0.000000 0.000000
444947.723666 3945353.442814 0.000000 0.000000
444947.741539 3945353.441677 0.000000 0.000000
444947.759411 3945353.440541 0.000000 0.000000
444947.777283 3945353.439405 0.000000 0.000000
444947.795155 3945353.438268 0.000000 0.000000
444947.813027 3945353.437132 0.000000 0.000000
444947.830899 3945353.435995 0.000000 0.000000
444947.848771 3945353.434859 0.000000 0.000000
444947.866644 3945353.433723 0.000000 0.000000
444947.884516 3945353.432586 0.000000 0.000000
444947.902388 3945353.431450 0.000000 0.000000
444947.920260 3945353.430314 0.000000 0.000000
444947.938132 3945353.429177 0.000000 0.000000
444947.956004 3945353.428041 0.000000 0.000000
444947.973876 3945353.426904 0.000000 0.000000
444947.991749 3945353.425768 0.000000 0.000000
444948.009621 3945353.424632 0.000000 0.000000
444948.027493 3945353.423495 0.000000 0.000000
444948.045365 3945353.422359 0.000000 0.000000
444948.063237 3945353.421223 0.000000 0.000000
444948.081109 3945353.420086 0.000000 0.000000
444948.098981 3945353.418950 0.000000 0.000000
444948.116854 3945353.417813 0.000000 0.000000
444948.134726 3945353.416677 0.000000 0.000000
444948.152598 3945353.415541 0.000000 0.000000
444948.170470 3945353.414404 0.000000 0.000000
444948.188342 3945353.413268 0.000000 0.000000
444948.206214 3945353.412132 0.000000 0.000000
444948.224086 3945353.410995 0.000000 0.000000
444948.241959 3945353.409859 0.000000 0.000000
444948.259831 3945353.408722 0.000000 0.000000
444948.277703 3945353.407586 0.000000 0.000000
444948.295575 3945353.406450 0.000000 0.000000
444948.313447 3945353.405313 0.000000 0.000000
444948.331319 3945353.404177 0.000000 0.000000
444948.349191 3945353.403040 0.000000 0.000000
444948.367064 3945353.401904 0.000000 0.000000
444948.384936 3945353.400768 0.000000 0.000000
444948.402808 3945353.399631 0.000000 0.000000
444948.420680 3945353.398495 0.000000 0.000000
444948.438552 3945353.397359 0.000000 0.000000
444948.456424 3945353.396222 0.000000 0.000000
444948.474296 3945353.395086 0.000000 0.000000
444948.492169 3945353.393949 0.000000 0.000000
444948.510041 3945353.392813 0.000000 0.000000
444948.527913 3945353.391677 0.000000 0.000000
444948.545785 3945353.390540 0.000000 0.000000
444948.563836 3945353.389393 0.000000 0.000000
444948.582244 3945353.388222 0.000000 0.000000
444948.601010 3945353.387029 0.000000 0.000000
444948.620133 3945353.385813 0.000000 0.000000
444948.639614 3945353.384574 0.000000 0.000000
444948.659452 3945353.383313 0.000000 0.000000
444948.679647 3945353.382029 0.000000 0.000000
444948.700200 3945353.380722 0.000000 0.000000
444948.721111 3945353.379392 0.000000 0.000000
444948.742379 3945353.378040 0.000000 0.000000
444948.764004 3945353.376665 0.000000 0.000000
444948.785987 3945353.375267 0.000000 0.000000
444948.808327 3945353.373847 0.000000 0.000000
444948.831024 3945353.372404 0.000000 0.000000
444948.854080 3945353.370938 0.000000 0.000000
444948.877492 3945353.369449 0.000000 0.000000
444948.901262 3945353.367938 0.000000 0.000000
444948.925389 3945353.366404 0.000000 0.000000
444948.949874 3945353.364847 0.000000 0.000000
444948.974716 3945353.363267 0.000000 0.000000
444948.999916 3945353.361665 0.000000 0.000000
444949.025473 3945353.360040 0.000000 0.000000
444949.051388 3945353.358392 0.000000 0.000000
444949.077660 3945353.356722 0.000000 0.000000
444949.104290 3945353.355028 0.000000 0.000000
444949.131276 3945353.353313 0.000000 0.000000
444949.158621 3945353.351574 0.000000 0.000000
444949.186323 3945353.349812 0.000000 0.000000
444949.214382 3945353.348028 0.000000 0.000000
444949.242799 3945353.346222 0.000000 0.000000
444949.271573 3945353.344392 0.000000 0.000000
444949.300704 3945353.342540 0.000000 0.000000
444949.330193 3945353.340665 0.000000 0.000000
444949.360040 3945353.338767 0.000000 0.000000
444949.390244 3945353.336846 0.000000 0.000000
444949.420805 3945353.334903 0.000000 0.000000
444949.451724 3945353.332937 0.000000 0.000000
444949.483000 3945353.330949 0.000000 0.000000
444949.514634 3945353.328937 0.000000 0.000000
444949.546625 3945353.326903 0.000000 0.000000
444949.578974 3945353.324846 0.000000 0.000000
444949.611680 3945353.322767 0.000000 0.000000
444949.644743 3945353.320664 0.000000 0.000000
444949.678164 3945353.318539 0.000000 0.000000
444949.711942 3945353.316392 0.000000 0.000000
444949.746078 3945353.314221 0.000000 0.000000
444949.780571 3945353.312028 0.000000 0.000000
444949.815422 3945353.309812 0.000000 0.000000
444949.850630 3945353.307573 0.000000 0.000000
