444949.886196 3945353.305312 0.000000 0.000000
444950.259931 3945353.297445 0.000000 -0.000576
444950.627626 3945353.289169 0.000000 -0.001152
444950.989280 3945353.280484 0.000000 -0.001728
444951.344893 3945353.271391 0.000000 -0.002305
444951.694465 3945353.261889 0.000000 -0.002881
444952.037997 3945353.251979 0.000000 -0.003457
444952.375487 3945353.241659 0.000000 -0.004033
444952.706937 3945353.230931 0.000000 -0.004609
444953.032345 3945353.219795 0.000000 -0.005185
444953.351713 3945353.208249 0.000000 -0.005761
444953.665040 3945353.196295 0.000000 -0.006338
444953.972326 3945353.183933 0.000000 -0.006914
444954.273571 3945353.171161 0.000000 -0.007490
444954.568776 3945353.157981 0.000000 -0.008066
444954.857939 3945353.144392 0.000000 -0.008642
444955.141062 3945353.130395 0.000000 -0.009218
444955.418143 3945353.115989 0.000000 -0.009794
444955.689184 3945353.101174 0.000000 -0.010478
444955.954184 3945353.085950 0.000000 -0.011226
444956.213143 3945353.070318 0.000000 -0.012047
444956.466062 3945353.054277 0.000000 -0.012951
444956.712939 3945353.037828 0.000000 -0.013947
444956.953776 3945353.020970 0.000000 -0.015049
444957.188571 3945353.003703 0.000000 -0.016270
444957.417326 3945352.986027 0.000000 -0.017626
444957.640040 3945352.967943 0.000000 -0.019139
444957.856713 3945352.949450 0.000000 -0.020830
444958.067345 3945352.930548 0.000000 -0.022727
444958.271937 3945352.911238 0.000000 -0.024861
444958.470487 3945352.891519 0.000000 -0.027272
444958.662997 3945352.871391 0.000000 -0.030007
444958.849465 3945352.850855 0.000000 -0.033120
444959.029893 3945352.829910 0.000000 -0.036680
444959.204280 3945352.808556 0.000000 -0.040770
444959.372626 3945352.786793 0.000000 -0.045422
444959.534931 3945352.764622 0.000000 -0.050630
444959.691196 3945352.742042 0.000000 -0.056440
444959.841419 3945352.719054 0.000000 -0.062890
444959.985602 3945352.695657 0.000000 -0.070013
444960.123744 3945352.671851 0.000000 -0.077829
444960.255845 3945352.647636 0.000000 -0.086345
444960.381905 3945352.623013 0.000000 -0.095545
444960.501924 3945352.597981 0.000000 -0.105388
444960.615902 3945352.572540 0.000000 -0.115803
444960.723839 3945352.546691 0.000000 -0.126681
444960.825736 3945352.520433 0.000000 -0.137871
444960.921592 3945352.493767 0.000000 -0.149178
444961.011407 3945352.466691 0.000000 -0.160357
444961.095180 3945352.439207 0.000000 -0.171115
444961.172914 3945352.411314 0.000000 -0.181111
444961.247051 3945352.382770 0.000000 -0.190557
444961.320040 3945352.353332 0.000000 -0.199859
444961.391879 3945352.323000 0.000000 -0.208922
444961.462569 3945352.291774 0.000000 -0.217652
444961.532109 3945352.259654 0.000000 -0.225955
444961.600500 3945352.226640 0.000000 -0.233748
444961.667741 3945352.192732 0.000000 -0.240958
444961.733833 3945352.157930 0.000000 -0.247536
444961.798776 3945352.122234 0.000000 -0.253458
444961.862569 3945352.085644 0.000000 -0.258733
444961.925212 3945352.048160 0.000000 -0.263411
444961.986707 3945352.009782 0.000000 -0.267579
444962.047051 3945351.970510 0.000000 -0.271364
444962.106247 3945351.930344 0.000000 -0.274928
444962.164293 3945351.889284 0.000000 -0.278461
444962.221189 3945351.847330 0.000000 -0.282168
444962.276937 3945351.804482 0.000000 -0.286260
444962.331534 3945351.760740 0.000000 -0.290481
444962.384983 3945351.716104 0.000000 -0.294425
444962.437281 3945351.670574 0.000000 -0.298070
444962.488431 3945351.624150 0.000000 -0.301394
444962.538431 3945351.576832 0.000000 -0.304377
444962.587281 3945351.528620 0.000000 -0.307003
444962.634983 3945351.479514 0.000000 -0.309253
444962.681534 3945351.429514 0.000000 -0.311114
444962.726937 3945351.378620 0.000000 -0.312573
444962.771189 3945351.326832 0.000000 -0.313622
444962.814293 3945351.274150 0.000000 -0.314253
444962.856247 3945351.220574 0.000000 -0.314462
444962.897051 3945351.166104 0.000000 -0.314248
444962.936707 3945351.110740 0.000000 -0.313612
444962.975212 3945351.054482 0.000000 -0.312558
444963.012569 3945350.997330 0.000000 -0.311093
444963.048776 3945350.939284 0.000000 -0.309227
444963.083833 3945350.880344 0.000000 -0.307197
444963.117741 3945350.820510 0.000000 -0.305060
444963.150500 3945350.759782 0.000000 -0.302560
444963.182109 3945350.698160 0.000000 -0.299461
444963.212569 3945350.635644 0.000000 -0.295559
444963.241879 3945350.572234 0.000000 -0.290699
444963.270040 3945350.507930 0.000000 -0.284781
444963.297051 3945350.442732 0.000000 -0.277766
444963.322914 3945350.376640 0.000000 -0.269667
444963.347626 3945350.309654 0.000000 -0.260546
444963.371189 3945350.241774 0.000000 -0.250506
444963.393603 3945350.173000 0.000000 -0.239677
444963.414868 3945350.103332 0.000000 -0.228206
444963.434983 3945350.032770 0.000000 -0.216250
444963.453948 3945349.961314 0.000000 -0.203963
444963.471764 3945349.888964 0.000000 -0.191493
444963.488666 3945349.813222 0.000000 -0.178621
444963.504889 3945349.731590 0.000000 -0.165297
444963.520433 3945349.644067 0.000000 -0.151873
444963.535298 3945349.550654 0.000000 -0.138646
444963.549484 3945349.451350 0.000000 -0.125852
444963.562992 3945349.346156 0.000000 -0.113672
444963.575820 3945349.235071 0.000000 -0.102236
444963.587969 3945349.118097 0.000000 -0.091627
444963.599440 3945348.995231 0.000000 -0.081889
444963.610232 3945348.866476 0.000000 -0.073033
444963.620344 3945348.731830 0.000000 -0.065044
444963.629778 3945348.591293 0.000000 -0.057889
444963.638533 3945348.444867 0.000000 -0.051521
444963.646609 3945348.292550 0.000000 -0.045884
444963.654006 3945348.134342 0.000000 -0.040918
444963.660724 3945347.970244 0.000000 -0.036561
444963.666763 3945347.800256 0.000000 -0.032752
444963.672123 3945347.624377 0.000000 -0.029442
444963.676804 3945347.442608 0.000000 -0.026565
444963.680806 3945347.254948 0.000000 -0.024053
444963.684130 3945347.061399 0.000000 -0.021850
444963.686774 3945346.861958 0.000000 -0.019909
444963.688740 3945346.656628 0.000000 -0.018192
444963.690026 3945346.445407 0.000000 -0.016668
444963.690634 3945346.228295 0.000000 -0.015310
444963.690563 3945346.005293 0.000000 -0.014096
444963.689813 3945345.776401 0.000000 -0.013008
444963.688383 3945345.541619 0.000000 -0.012030
444963.686275 3945345.300946 0.000000 -0.011147
444963.683488 3945345.054382 0.000000 -0.010349
444963.680023 3945344.801929 0.000000 -0.009626
444963.675878 3945344.543585 0.000000 -0.008969
444963.671054 3945344.279350 0.000000 -0.008370
444963.665551 3945344.009225 0.000000 -0.007824
444963.659370 3945343.733210 0.000000 -0.007335
444963.652509 3945343.451304 0.000000 -0.006846
444963.644970 3945343.163508 0.000000 -0.006357
444963.636751 3945342.869822 0.000000 -0.005868
444963.627854 3945342.570245 0.000000 -0.005379
444963.618278 3945342.264778 0.000000 -0.004890
444963.608023 3945341.953420 0.000000 -0.004401
444963.597089 3945341.636172 0.000000 -0.003912
444963.585476 3945341.313034 0.000000 -0.003423
444963.573184 3945340.984005 0.000000 -0.002934
444963.560213 3945340.649086 0.000000 -0.002445
444963.546563 3945340.308276 0.000000 -0.001956
444963.532234 3945339.961576 0.000000 -0.001467
444963.517227 3945339.608986 0.000000 -0.000978
444963.501540 3945339.250505 0.000000 -0.000489
