444987.903241 3945352.230917 0.000000 0.000000
444987.935723 3945352.228861 0.000000 -0.000000
444987.967878 3945352.226826 0.000000 -0.000000
444987.999707 3945352.224812 0.000000 -0.000000
444988.031209 3945352.222818 0.000000 -0.000000
444988.062385 3945352.220845 0.000000 -0.000000
444988.093235 3945352.218892 0.000000 -0.000000
444988.123758 3945352.216960 0.000000 -0.000000
444988.153955 3945352.215049 0.000000 -0.000000
444988.183825 3945352.213159 0.000000 -0.000000
444988.213369 3945352.211289 0.000000 -0.000000
444988.242586 3945352.209440 0.000000 -0.000000
444988.271477 3945352.207611 0.000000 -0.000000
444988.300042 3945352.205803 0.000000 -0.000000
444988.328280 3945352.204016 0.000000 -0.000000
444988.356191 3945352.202249 0.000000 -0.000000
444988.383776 3945352.200503 0.000000 -0.000000
444988.411035 3945352.198778 0.000000 -0.000000
444988.437967 3945352.197074 0.000000 -0.000000
444988.464573 3945352.195390 0.000000 -0.000000
444988.490852 3945352.193727 0.000000 -0.000000
444988.516805 3945352.192084 0.000000 -0.000000
444988.542431 3945352.190462 0.000000 -0.000000
444988.567731 3945352.188861 0.000000 -0.000000
444988.592705 3945352.187280 0.000000 -0.000000
444988.617352 3945352.185720 0.000000 -0.000000
444988.641672 3945352.184181 0.000000 -0.000000
444988.665666 3945352.182662 0.000000 -0.000000
444988.689334 3945352.181164 0.000000 -0.000000
444988.712675 3945352.179687 0.000000 -0.000000
444988.735690 3945352.178230 0.000000 -0.000000
444988.758378 3945352.176794 0.000000 -0.000000
444988.780740 3945352.175379 0.000000 -0.000000
444988.802776 3945352.173985 0.000000 -0.000000
444988.824485 3945352.172611 0.000000 -0.000000
444988.845867 3945352.171257 0.000000 -0.000000
444988.866923 3945352.169925 0.000000 -0.000000
444988.887653 3945352.168613 0.000000 -0.000000
444988.908056 3945352.167321 0.000000 -0.000000
444988.928133 3945352.166051 0.000000 -0.000000
444988.947883 3945352.164801 0.000000 -0.000000
444988.967307 3945352.163571 0.000000 -0.000000
444988.986404 3945352.162362 0.000000 -0.000000
444989.005175 3945352.161174 0.000000 -0.000000
444989.023620 3945352.160007 0.000000 -0.000000
444989.041738 3945352.158860 0.000000 -0.000000
444989.059529 3945352.157734 0.000000 -0.000000
444989.076994 3945352.156629 0.000000 -0.000000
444989.094133 3945352.155544 0.000000 -0.000000
444989.110945 3945352.154480 0.000000 -0.000000
444989.127431 3945352.153437 0.000000 -0.000000
444989.143753 3945352.152404 0.000000 -0.000000
444989.160076 3945352.151371 0.000000 -0.000000
444989.176398 3945352.150338 0.000000 -0.000000
444989.192721 3945352.149304 0.000000 -0.000000
444989.209044 3945352.148271 0.000000 -0.000000
444989.225366 3945352.147238 0.000000 -0.000000
444989.241689 3945352.146205 0.000000 -0.000000
444989.258011 3945352.145172 0.000000 -0.000000
444989.274334 3945352.144139 0.000000 -0.000000
444989.290656 3945352.143106 0.000000 -0.000000
444989.306979 3945352.142073 0.000000 -0.000000
444989.323301 3945352.141040 0.000000 -0.000000
444989.339624 3945352.140007 0.000000 -0.000000
444989.355946 3945352.138974 0.000000 -0.000000
444989.372269 3945352.137941 0.000000 -0.000000
444989.388591 3945352.136908 0.000000 -0.000000
444989.404914 3945352.135875 0.000000 -0.000000
444989.421237 3945352.134841 0.000000 -0.000000
444989.437559 3945352.133808 0.000000 -0.000000
444989.453882 3945352.132775 0.000000 -0.000000
444989.470204 3945352.131742 0.000000 -0.000000
444989.486527 3945352.130709 0.000000 -0.000000
444989.502849 3945352.129676 0.000000 -0.000000
444989.519172 3945352.128643 0.000000 -0.000000
444989.535494 3945352.127610 0.000000 -0.000000
444989.551817 3945352.126577 0.000000 -0.000000
444989.568139 3945352.125544 0.000000 -0.000000
444989.584462 3945352.124511 0.000000 -0.000000
444989.600784 3945352.123478 0.000000 -0.000000
444989.617107 3945352.122445 0.000000 -0.000000
444989.633429 3945352.121412 0.000000 -0.000000
444989.649752 3945352.120378 0.000000 -0.000000
444989.666075 3945352.119345 0.000000 -0.000000
444989.682397 3945352.118312 0.000000 -0.000000
444989.698720 3945352.117279 0.000000 -0.000000
444989.715042 3945352.116246 0.000000 -0.000000
444989.731365 3945352.115213 0.000000 -0.000000
444989.747687 3945352.114180 0.000000 -0.000000
444989.764010 3945352.113147 0.000000 -0.000000
444989.780332 3945352.112114 0.000000 -0.000000
444989.796655 3945352.111081 0.000000 -0.000000
444989.812977 3945352.110048 0.000000 -0.000000
444989.829300 3945352.109015 0.000000 -0.000000
444989.845622 3945352.107982 0.000000 -0.000000
444989.861945 3945352.106948 0.000000 -0.000000
444989.878268 3945352.105915 0.000000 -0.000000
444989.894590 3945352.104882 0.000000 -0.000000
444989.910913 3945352.103849 0.000000 -0.000000
444989.927235 3945352.102816 0.000000 -0.000000
444989.943558 3945352.101783 0.000000 -0.000000
444989.959880 3945352.100750 0.000000 -0.000000
444989.976203 3945352.099717 0.000000 -0.000000
444989.992525 3945352.098684 0.000000 -0.000000
444990.008848 3945352.097651 0.000000 -0.000000
444990.025170 3945352.096618 0.000000 -0.000000
444990.041493 3945352.095585 0.000000 -0.000000
444990.057815 3945352.094552 0.000000 -0.000000
444990.074138 3945352.093519 0.000000 -0.000000
444990.090460 3945352.092485 0.000000 -0.000000
444990.106783 3945352.091452 0.000000 -0.000000
444990.123106 3945352.090419 0.000000 -0.000000
444990.139428 3945352.089386 0.000000 -0.000000
444990.155751 3945352.088353 0.000000 -0.000000
444990.172073 3945352.087320 0.000000 -0.000000
444990.188396 3945352.086287 0.000000 -0.000000
444990.204718 3945352.085254 0.000000 -0.000000
444990.221041 3945352.084221 0.000000 -0.000000
444990.237363 3945352.083188 0.000000 -0.000000
444990.253686 3945352.082155 0.000000 -0.000000
444990.270008 3945352.081122 0.000000 -0.000000
444990.286331 3945352.080089 0.000000 -0.000000
444990.302653 3945352.079056 0.000000 -0.000000
444990.318976 3945352.078022 0.000000 -0.000000
444990.335299 3945352.076989 0.000000 -0.000000
444990.351621 3945352.075956 0.000000 -0.000000
444990.367944 3945352.074923 0.000000 -0.000000
444990.384266 3945352.073890 0.000000 -0.000000
444990.400589 3945352.072857 0.000000 -0.000000
444990.416911 3945352.071824 0.000000 -0.000000
444990.433234 3945352.070791 0.000000 -0.000000
444990.449556 3945352.069758 0.000000 -0.000000
444990.465879 3945352.068725 0.000000 -0.000000
444990.482201 3945352.067692 0.000000 -0.000000
444990.498524 3945352.066659 0.000000 -0.000000
444990.514846 3945352.065626 0.000000 -0.000000
444990.531169 3945352.064593 0.000000 -0.000000
444990.547491 3945352.063559 0.000000 -0.000000
444990.563814 3945352.062526 0.000000 -0.000000
444990.580137 3945352.061493 0.000000 -0.000000
444990.596459 3945352.060460 0.000000 -0.000000
444990.612782 3945352.059427 0.000000 -0.000000
444990.629104 3945352.058394 0.000000 -0.000000
444990.645427 3945352.057361 0.000000 -0.000000
444990.661749 3945352.056328 0.000000 -0.000000
444990.678072 3945352.055295 0.000000 -0.000000
444990.694394 3945352.054262 0.000000 -0.000000
444990.710717 3945352.053229 0.000000 -0.000000
444990.727039 3945352.052196 0.000000 -0.000000
444990.743362 3945352.051163 0.000000 -0.000000
444990.759684 3945352.050130 0.000000 -0.000000
444990.776007 3945352.049096 0.000000 -0.000000
444990.792330 3945352.048063 0.000000 -0.000000
444990.808652 3945352.047030 0.000000 -0.000000
444990.824975 3945352.045997 0.000000 -0.000000
444990.841297 3945352.044964 0.000000 -0.000000
444990.857620 3945352.043931 0.000000 -0.000000
444990.873942 3945352.042898 0.000000 -0.000000
444990.890265 3945352.041865 0.000000 -0.000000
444990.906587 3945352.040832 0.000000 -0.000000
444990.922910 3945352.039799 0.000000 -0.000000
444990.939232 3945352.038766 0.000000 -0.000000
444990.955555 3945352.037733 0.000000 -0.000000
444990.971877 3945352.036700 0.000000 -0.000000
444990.988200 3945352.035667 0.000000 -0.000000
444991.004522 3945352.034633 0.000000 -0.000000
444991.020845 3945352.033600 0.000000 -0.000000
444991.037168 3945352.032567 0.000000 -0.000000
444991.053490 3945352.031534 0.000000 -0.000000
444991.069813 3945352.030501 0.000000 -0.000000
444991.086135 3945352.029468 0.000000 -0.000000
444991.102458 3945352.028435 0.000000 -0.000000
444991.118780 3945352.027402 0.000000 -0.000000
444991.135103 3945352.026369 0.000000 -0.000000
444991.151425 3945352.025336 0.000000 -0.000000
444991.167748 3945352.024303 0.000000 -0.000000
444991.184070 3945352.023270 0.000000 -0.000000
444991.200393 3945352.022237 0.000000 -0.000000
444991.216715 3945352.021204 0.000000 -0.000000
444991.233038 3945352.020170 0.000000 -0.000000
444991.249361 3945352.019137 0.000000 -0.000000
444991.265683 3945352.018104 0.000000 -0.000000
444991.282006 3945352.017071 0.000000 -0.000000
444991.298328 3945352.016038 0.000000 -0.000000
444991.314651 3945352.015005 0.000000 -0.000000
444991.330973 3945352.013972 0.000000 -0.000000
444991.347296 3945352.012939 0.000000 -0.000000
444991.363618 3945352.011906 0.000000 -0.000000
444991.379941 3945352.010873 0.000000 -0.000000
444991.396263 3945352.009840 0.000000 -0.000000
444991.412586 3945352.008807 0.000000 -0.000000
444991.428908 3945352.007774 0.000000 -0.000000
444991.445231 3945352.006741 0.000000 -0.000000
444991.461553 3945352.005707 0.000000 -0.000000
444991.477876 3945352.004674 0.000000 -0.000000
444991.494199 3945352.003641 0.000000 -0.000000
444991.510521 3945352.002608 0.000000 -0.000000
444991.526844 3945352.001575 0.000000 -0.000000
444991.543166 3945352.000542 0.000000 -0.000000
444991.559489 3945351.999509 0.000000 -0.000000
444991.575811 3945351.998476 0.000000 -0.000000
444991.592134 3945351.997443 0.000000 -0.000000
444991.608456 3945351.996410 0.000000 -0.000000
444991.624779 3945351.995377 0.000000 -0.000000
444991.641101 3945351.994344 0.000000 -0.000000
444991.657424 3945351.993311 0.000000 -0.000000
444991.673746 3945351.992278 0.000000 -0.000000
444991.690069 3945351.991244 0.000000 -0.000000
444991.706392 3945351.990211 0.000000 -0.000000
444991.722714 3945351.989178 0.000000 -0.000000
444991.739037 3945351.988145 0.000000 0.000000
444991.755359 3945351.987112 0.000000 0.000000
444991.771682 3945351.986079 0.000000 0.000000
444991.788004 3945351.985046 0.000000 0.000000
444991.804327 3945351.984013 0.000000 0.000000
444991.820649 3945351.982980 0.000000 0.000000
444991.836972 3945351.981947 0.000000 0.000000
444991.853294 3945351.980914 0.000000 0.000000
444991.869617 3945351.979881 0.000000 0.000000
444991.885939 3945351.978848 0.000000 0.000000
444991.902262 3945351.977815 0.000000 0.000000
444991.918584 3945351.976781 0.000000 0.000000
444991.934907 3945351.975748 0.000000 0.000000
444991.951230 3945351.974715 0.000000 0.000000
444991.967552 3945351.973682 0.000000 0.000000
444991.983875 3945351.972649 0.000000 0.000000
444992.000197 3945351.971616 0.000000 0.000000
444992.016520 3945351.970583 0.000000 0.000000
444992.032842 3945351.969550 0.000000 0.000000
444992.049165 3945351.968517 0.000000 0.000000
444992.065487 3945351.967484 0.000000 0.000000
444992.081810 3945351.966451 0.000000 0.000000
444992.098132 3945351.965418 0.000000 0.000000
444992.114455 3945351.964385 0.000000 0.000000
444992.130777 3945351.963352 0.000000 0.000000
444992.147100 3945351.962318 0.000000 0.000000
444992.163423 3945351.961285 0.000000 0.000000
444992.179745 3945351.960252 0.000000 0.000000
444992.196068 3945351.959219 0.000000 0.000000
444992.212390 3945351.958186 0.000000 0.000000
444992.228713 3945351.957153 0.000000 0.000000
444992.245035 3945351.956120 0.000000 0.000000
444992.261358 3945351.955087 0.000000 0.000000
444992.277680 3945351.954054 0.000000 0.000000
444992.294003 3945351.953021 0.000000 0.000000
444992.310325 3945351.951988 0.000000 0.000000
444992.326648 3945351.950955 0.000000 0.000000
444992.342970 3945351.949922 0.000000 0.000000
444992.359293 3945351.948889 0.000000 0.000000
444992.375615 3945351.947855 0.000000 0.000000
444992.391938 3945351.946822 0.000000 0.000000
444992.408261 3945351.945789 0.000000 0.000000
444992.424583 3945351.944756 0.000000 0.000000
444992.440906 3945351.943723 0.000000 0.000000
444992.457228 3945351.942690 0.000000 0.000000
444992.473551 3945351.941657 0.000000 0.000000
444992.489873 3945351.940624 0.000000 0.000000
444992.506196 3945351.939591 0.000000 0.000000
444992.522518 3945351.938558 0.000000 0.000000
444992.538841 3945351.937525 0.000000 0.000000
444992.555163 3945351.936492 0.000000 0.000000
444992.571486 3945351.935459 0.000000 0.000000
444992.587808 3945351.934425 0.000000 0.000000
444992.604131 3945351.933392 0.000000 0.000000
444992.620454 3945351.932359 0.000000 0.000000
444992.636776 3945351.931326 0.000000 0.000000
444992.653099 3945351.930293 0.000000 0.000000
444992.669421 3945351.929260 0.000000 0.000000
444992.685744 3945351.928227 0.000000 0.000000
444992.702066 3945351.927194 0.000000 0.000000
444992.718389 3945351.926161 0.000000 0.000000
444992.734711 3945351.925128 0.000000 0.000000
444992.751034 3945351.924095 0.000000 0.000000
444992.767356 3945351.923062 0.000000 0.000000
444992.783679 3945351.922029 0.000000 0.000000
444992.800001 3945351.920996 0.000000 0.000000
444992.816324 3945351.919962 0.000000 0.000000
444992.832646 3945351.918929 0.000000 0.000000
444992.848969 3945351.917896 0.000000 0.000000
444992.865292 3945351.916863 0.000000 0.000000
444992.881614 3945351.915830 0.000000 0.000000
444992.897937 3945351.914797 0.000000 0.000000
444992.914259 3945351.913764 0.000000 0.000000
444992.930582 3945351.912731 0.000000 0.000000
444992.946904 3945351.911698 0.000000 0.000000
444992.963227 3945351.910665 0.000000 0.000000
444992.979549 3945351.909632 0.000000 0.000000
444992.995872 3945351.908599 0.000000 0.000000
444993.012194 3945351.907566 0.000000 0.000000
444993.028517 3945351.906533 0.000000 0.000000
444993.044839 3945351.905499 0.000000 0.000000
444993.061162 3945351.904466 0.000000 0.000000
444993.077485 3945351.903433 0.000000 0.000000
444993.093807 3945351.902400 0.000000 0.000000
444993.110130 3945351.901367 0.000000 0.000000
444993.126452 3945351.900334 0.000000 0.000000
444993.142775 3945351.899301 0.000000 0.000000
444993.159097 3945351.898268 0.000000 0.000000
444993.175420 3945351.897235 0.000000 0.000000
444993.191742 3945351.896202 0.000000 0.000000
444993.208065 3945351.895169 0.000000 0.000000
444993.224551 3945351.894125 0.000000 0.000000
444993.241363 3945351.893061 0.000000 0.000000
444993.258501 3945351.891977 0.000000 0.000000
444993.275967 3945351.890871 0.000000 0.000000
444993.293758 3945351.889745 0.000000 0.000000
444993.311876 3945351.888598 0.000000 0.000000
444993.330321 3945351.887431 0.000000 0.000000
444993.349091 3945351.886243 0.000000 0.000000
444993.368189 3945351.885034 0.000000 0.000000
444993.387613 3945351.883805 0.000000 0.000000
444993.407363 3945351.882555 0.000000 0.000000
444993.427440 3945351.881284 0.000000 0.000000
444993.447843 3945351.879993 0.000000 0.000000
444993.468572 3945351.878681 0.000000 0.000000
444993.489629 3945351.877348 0.000000 0.000000
444993.511011 3945351.875995 0.000000 0.000000
444993.532720 3945351.874621 0.000000 0.000000
444993.554755 3945351.873226 0.000000 0.000000
444993.577117 3945351.871811 0.000000 0.000000
444993.599806 3945351.870375 0.000000 0.000000
444993.622820 3945351.868918 0.000000 0.000000
444993.646162 3945351.867441 0.000000 0.000000
444993.669829 3945351.865943 0.000000 0.000000
444993.693823 3945351.864425 0.000000 0.000000
444993.718144 3945351.862885 0.000000 0.000000
444993.742791 3945351.861325 0.000000 0.000000
444993.767765 3945351.859745 0.000000 0.000000
444993.793064 3945351.858143 0.000000 0.000000
444993.818691 3945351.856522 0.000000 0.000000
444993.844644 3945351.854879 0.000000 0.000000
444993.870923 3945351.853216 0.000000 0.000000
444993.897529 3945351.851532 0.000000 0.000000
444993.924461 3945351.849827 0.000000 0.000000
444993.951720 3945351.848102 0.000000 0.000000
444993.979305 3945351.846356 0.000000 0.000000
444994.007216 3945351.844590 0.000000 0.000000
444994.035454 3945351.842802 0.000000 0.000000
444994.064019 3945351.840994 0.000000 0.000000
444994.092909 3945351.839166 0.000000 0.000000
444994.122127 3945351.837317 0.000000 0.000000
444994.151671 3945351.835447 0.000000 0.000000
444994.181541 3945351.833556 0.000000 0.000000
444994.211738 3945351.831645 0.000000 0.000000
444994.242261 3945351.829713 0.000000 0.000000
444994.273110 3945351.827761 0.000000 0.000000
444994.304286 3945351.825788 0.000000 0.000000
444994.335789 3945351.823794 0.000000 0.000000
444994.367618 3945351.821779 0.000000 0.000000
444994.399773 3945351.819744 0.000000 0.000000
