444935.588481 3945357.768182 0.000000 0.000000
444935.564178 3945357.779937 0.000000 -0.000547
444935.540119 3945357.791573 0.000000 -0.001095
444935.516304 3945357.803091 0.000000 -0.001642
444935.492734 3945357.814491 0.000000 -0.002190
444935.469408 3945357.825773 0.000000 -0.002737
444935.446326 3945357.836937 0.000000 -0.003285
444935.423488 3945357.847983 0.000000 -0.003832
444935.400895 3945357.858910 0.000000 -0.004380
444935.378546 3945357.869720 0.000000 -0.004927
444935.356441 3945357.880411 0.000000 -0.005475
444935.334580 3945357.890984 0.000000 -0.006022
444935.312964 3945357.901439 0.000000 -0.006570
444935.291592 3945357.911776 0.000000 -0.007117
444935.270464 3945357.921995 0.000000 -0.007665
444935.249580 3945357.932095 0.000000 -0.008212
444935.228941 3945357.942078 0.000000 -0.008760
444935.208546 3945357.951942 0.000000 -0.009307
444935.188395 3945357.961688 0.000000 -0.009855
444935.168488 3945357.971316 0.000000 -0.010402
444935.148826 3945357.980826 0.000000 -0.010950
444935.129408 3945357.990218 0.000000 -0.011497
444935.110234 3945357.999491 0.000000 -0.012045
444935.091304 3945358.008647 0.000000 -0.012592
444935.072619 3945358.017684 0.000000 -0.013140
444935.054178 3945358.026603 0.000000 -0.013687
444935.035981 3945358.035405 0.000000 -0.014235
444935.018028 3945358.044088 0.000000 -0.014782
444935.000320 3945358.052652 0.000000 -0.015330
444934.982856 3945358.061099 0.000000 -0.015877
444934.965636 3945358.069428 0.000000 -0.016425
444934.948661 3945358.077638 0.000000 -0.016972
444934.931929 3945358.085730 0.000000 -0.017520
444934.915442 3945358.093704 0.000000 -0.018067
444934.899199 3945358.101560 0.000000 -0.018615
444934.883201 3945358.109298 0.000000 -0.019162
444934.867447 3945358.116918 0.000000 -0.019710
444934.851937 3945358.124420 0.000000 -0.020257
444934.836671 3945358.131803 0.000000 -0.020805
444934.821649 3945358.139068 0.000000 -0.021352
444934.806872 3945358.146216 0.000000 -0.021900
444934.792339 3945358.153245 0.000000 -0.022447
444934.778050 3945358.160156 0.000000 -0.022995
444934.764005 3945358.166948 0.000000 -0.023542
444934.750205 3945358.173623 0.000000 -0.024090
444934.736649 3945358.180179 0.000000 -0.024637
444934.723337 3945358.186618 0.000000 -0.025185
444934.710270 3945358.192938 0.000000 -0.025732
444934.697447 3945358.199140 0.000000 -0.026280
444934.684868 3945358.205224 0.000000 -0.026827
444934.672533 3945358.211190 0.000000 -0.027375
444934.660320 3945358.217097 0.000000 -0.027922
444934.648108 3945358.223004 0.000000 -0.028470
444934.635895 3945358.228910 0.000000 -0.029017
444934.623682 3945358.234817 0.000000 -0.029565
444934.611470 3945358.240724 0.000000 -0.030112
444934.599257 3945358.246631 0.000000 -0.030660
444934.587044 3945358.252537 0.000000 -0.031207
444934.574832 3945358.258444 0.000000 -0.031755
444934.562619 3945358.264351 0.000000 -0.032302
444934.550406 3945358.270258 0.000000 -0.032850
444934.538194 3945358.276164 0.000000 -0.033397
444934.525981 3945358.282071 0.000000 -0.033945
444934.513768 3945358.287978 0.000000 -0.034492
444934.501556 3945358.293885 0.000000 -0.035040
444934.489343 3945358.299792 0.000000 -0.035587
444934.477130 3945358.305698 0.000000 -0.036135
444934.464918 3945358.311605 0.000000 -0.036682
444934.452705 3945358.317512 0.000000 -0.037230
444934.440493 3945358.323419 0.000000 -0.037777
444934.428280 3945358.329325 0.000000 -0.038325
444934.416067 3945358.335232 0.000000 -0.038872
444934.403855 3945358.341139 0.000000 -0.039420
444934.391642 3945358.347046 0.000000 -0.039967
444934.379429 3945358.352952 0.000000 -0.040515
444934.367217 3945358.358859 0.000000 -0.041062
444934.355004 3945358.364766 0.000000 -0.041610
444934.342791 3945358.370673 0.000000 -0.042157
444934.330579 3945358.376580 0.000000 -0.042705
444934.318366 3945358.382486 0.000000 -0.043252
444934.306153 3945358.388393 0.000000 -0.043800
444934.293941 3945358.394300 0.000000 -0.044347
444934.281728 3945358.400207 0.000000 -0.044895
444934.269516 3945358.406113 0.000000 -0.045442
444934.257303 3945358.412020 0.000000 -0.045990
444934.245090 3945358.417927 0.000000 -0.046537
444934.232878 3945358.423834 0.000000 -0.047085
444934.220665 3945358.429740 0.000000 -0.047632
444934.208452 3945358.435647 0.000000 -0.048180
444934.196240 3945358.441554 0.000000 -0.048727
444934.184027 3945358.447461 0.000000 -0.049275
444934.171814 3945358.453368 0.000000 -0.049822
444934.159602 3945358.459274 0.000000 -0.050370
444934.147389 3945358.465181 0.000000 -0.050917
444934.135176 3945358.471088 0.000000 -0.051465
444934.122964 3945358.476995 0.000000 -0.052012
444934.110751 3945358.482901 0.000000 -0.052560
444934.098539 3945358.488808 0.000000 -0.053107
444934.086326 3945358.494715 0.000000 -0.053655
444934.074113 3945358.500622 0.000000 -0.054202
444934.061901 3945358.506528 0.000000 -0.054750
444934.049688 3945358.512435 0.000000 -0.055297
444934.037475 3945358.518342 0.000000 -0.055845
444934.025263 3945358.524249 0.000000 -0.056392
444934.013050 3945358.530156 0.000000 -0.056940
444934.000837 3945358.536062 0.000000 -0.057487
444933.988625 3945358.541969 0.000000 -0.058035
444933.976412 3945358.547876 0.000000 -0.058582
444933.964199 3945358.553783 0.000000 -0.059130
444933.951987 3945358.559689 0.000000 -0.059677
444933.939774 3945358.565596 0.000000 -0.060225
444933.927562 3945358.571503 0.000000 -0.060772
444933.915349 3945358.577410 0.000000 -0.061320
444933.903136 3945358.583316 0.000000 -0.061867
444933.890924 3945358.589223 0.000000 -0.062415
444933.878711 3945358.595130 0.000000 -0.062962
444933.866498 3945358.601037 0.000000 -0.063510
444933.854286 3945358.606944 0.000000 -0.064057
444933.842073 3945358.612850 0.000000 -0.064605
444933.829860 3945358.618757 0.000000 -0.065152
444933.817648 3945358.624664 0.000000 -0.065700
444933.805435 3945358.630571 0.000000 -0.066247
444933.793222 3945358.636477 0.000000 -0.066795
444933.781010 3945358.642384 0.000000 -0.067342
444933.768797 3945358.648291 0.000000 -0.067890
444933.756585 3945358.654198 0.000000 -0.068437
444933.744372 3945358.660104 0.000000 -0.068985
444933.732159 3945358.666011 0.000000 -0.069532
444933.719947 3945358.671918 0.000000 -0.070080
444933.707734 3945358.677825 0.000000 -0.070627
444933.695521 3945358.683732 0.000000 -0.071175
444933.683309 3945358.689638 0.000000 -0.071722
444933.671096 3945358.695545 0.000000 -0.072270
444933.658883 3945358.701452 0.000000 -0.072817
444933.646671 3945358.707359 0.000000 -0.073365
444933.634458 3945358.713265 0.000000 -0.073912
444933.622245 3945358.719172 0.000000 -0.074460
444933.610033 3945358.725079 0.000000 -0.075007
444933.597820 3945358.730986 0.000000 -0.075555
444933.585608 3945358.736892 0.000000 -0.076102
444933.573395 3945358.742799 0.000000 -0.076650
444933.561182 3945358.748706 0.000000 -0.077197
444933.548970 3945358.754613 0.000000 -0.077745
444933.536757 3945358.760520 0.000000 -0.078292
444933.524544 3945358.766426 0.000000 -0.078840
444933.512332 3945358.772333 0.000000 -0.079387
444933.500119 3945358.778240 0.000000 -0.079935
444933.487906 3945358.784147 0.000000 -0.080482
444933.475694 3945358.790053 0.000000 -0.081030
444933.463481 3945358.795960 0.000000 -0.081577
444933.451268 3945358.801867 0.000000 -0.082125
444933.439056 3945358.807774 0.000000 -0.082672
444933.426843 3945358.813680 0.000000 -0.083220
444933.414630 3945358.819587 0.000000 -0.083767
444933.402418 3945358.825494 0.000000 -0.084315
444933.390205 3945358.831401 0.000000 -0.084862
444933.377993 3945358.837308 0.000000 -0.085410
444933.365780 3945358.843214 0.000000 -0.085957
444933.353567 3945358.849121 0.000000 -0.086505
444933.341355 3945358.855028 0.000000 -0.087052
444933.329142 3945358.860935 0.000000 -0.087600
444933.316929 3945358.866841 0.000000 -0.088147
444933.304717 3945358.872748 0.000000 -0.088695
444933.292504 3945358.878655 0.000000 -0.089242
444933.280291 3945358.884562 0.000000 -0.089790
444933.268079 3945358.890468 0.000000 -0.090337
444933.255866 3945358.896375 0.000000 -0.090885
444933.243653 3945358.902282 0.000000 -0.091432
444933.231441 3945358.908189 0.000000 -0.091980
444933.219228 3945358.914096 0.000000 -0.092527
444933.207016 3945358.920002 0.000000 -0.093075
444933.194803 3945358.925909 0.000000 -0.093622
444933.182590 3945358.931816 0.000000 -0.094170
444933.170378 3945358.937723 0.000000 -0.094717
444933.158165 3945358.943629 0.000000 -0.095265
444933.145952 3945358.949536 0.000000 -0.095812
444933.133740 3945358.955443 0.000000 -0.096360
444933.121527 3945358.961350 0.000000 -0.096907
444933.109314 3945358.967256 0.000000 -0.097455
444933.097102 3945358.973163 0.000000 -0.098002
444933.084889 3945358.979070 0.000000 -0.098550
444933.072676 3945358.984977 0.000000 -0.099097
444933.060464 3945358.990884 0.000000 -0.099645
444933.048251 3945358.996790 0.000000 -0.100192
444933.036039 3945359.002697 0.000000 -0.100740
444933.023826 3945359.008604 0.000000 -0.101287
444933.011613 3945359.014511 0.000000 -0.101835
444932.999401 3945359.020417 0.000000 -0.102382
444932.987188 3945359.026324 0.000000 -0.102930
444932.974975 3945359.032231 0.000000 -0.103477
444932.962763 3945359.038138 0.000000 -0.104025
444932.950550 3945359.044044 0.000000 -0.104572
444932.938337 3945359.049951 0.000000 -0.105120
444932.926125 3945359.055858 0.000000 -0.105667
444932.913912 3945359.061765 0.000000 -0.106215
444932.901699 3945359.067672 0.000000 -0.106762
444932.889487 3945359.073578 0.000000 -0.107310
444932.877274 3945359.079485 0.000000 -0.107857
444932.865062 3945359.085392 0.000000 -0.108405
444932.852849 3945359.091299 0.000000 -0.108952
444932.840636 3945359.097205 0.000000 -0.109500
444932.828424 3945359.103112 0.000000 -0.110047
444932.816211 3945359.109019 0.000000 -0.110595
444932.803998 3945359.114926 0.000000 -0.111142
444932.791786 3945359.120832 0.000000 -0.111690
444932.779573 3945359.126739 0.000000 -0.112237
444932.767360 3945359.132646 0.000000 -0.112785
444932.755148 3945359.138553 0.000000 -0.113332
444932.742935 3945359.144460 0.000000 -0.113880
444932.730722 3945359.150366 0.000000 -0.114427
444932.718510 3945359.156273 0.000000 -0.114975
444932.706297 3945359.162180 0.000000 -0.115522
444932.694085 3945359.168087 0.000000 -0.116070
444932.681872 3945359.173993 0.000000 -0.116617
444932.669659 3945359.179900 0.000000 -0.117165
444932.657447 3945359.185807 0.000000 -0.117712
444932.645234 3945359.191714 0.000000 -0.118260
444932.633021 3945359.197620 0.000000 -0.118807
444932.620809 3945359.203527 0.000000 -0.119355
444932.608596 3945359.209434 0.000000 -0.119902
444932.596383 3945359.215341 0.000000 -0.120450
444932.584171 3945359.221247 0.000000 -0.120997
444932.571958 3945359.227154 0.000000 -0.121545
444932.559745 3945359.233061 0.000000 -0.122092
444932.547533 3945359.238968 0.000000 -0.122640
444932.535320 3945359.244875 0.000000 -0.123187
444932.523108 3945359.250781 0.000000 -0.123735
444932.510895 3945359.256688 0.000000 -0.124282
444932.498682 3945359.262595 0.000000 -0.124830
444932.486470 3945359.268502 0.000000 -0.125377
444932.474257 3945359.274408 0.000000 -0.125925
444932.462044 3945359.280315 0.000000 -0.126472
444932.449832 3945359.286222 0.000000 -0.127020
444932.437619 3945359.292129 0.000000 -0.127567
444932.425406 3945359.298035 0.000000 -0.128115
444932.413194 3945359.303942 0.000000 -0.128662
444932.400981 3945359.309849 0.000000 -0.129210
444932.388768 3945359.315756 0.000000 -0.129757
444932.376556 3945359.321663 0.000000 -0.130305
444932.364343 3945359.327569 0.000000 -0.130852
444932.352130 3945359.333476 0.000000 -0.131400
444932.339918 3945359.339383 0.000000 -0.131947
444932.327705 3945359.345290 0.000000 -0.132495
444932.315493 3945359.351196 0.000000 -0.133042
444932.303280 3945359.357103 0.000000 -0.133590
444932.291067 3945359.363010 0.000000 -0.134137
444932.278855 3945359.368917 0.000000 -0.134685
444932.266642 3945359.374823 0.000000 -0.135232
444932.254429 3945359.380730 0.000000 -0.135780
444932.242217 3945359.386637 0.000000 -0.136327
444932.230004 3945359.392544 0.000000 -0.136875
444932.217791 3945359.398451 0.000000 -0.137422
444932.205579 3945359.404357 0.000000 -0.137970
444932.193366 3945359.410264 0.000000 -0.138517
444932.181153 3945359.416171 0.000000 -0.139065
444932.168941 3945359.422078 0.000000 -0.139612
444932.156728 3945359.427984 0.000000 -0.140160
444932.144516 3945359.433891 0.000000 -0.140707
444932.132303 3945359.439798 0.000000 -0.141255
444932.120090 3945359.445705 0.000000 -0.141802
444932.107878 3945359.451611 0.000000 -0.142350
444932.095665 3945359.457518 0.000000 -0.142897
444932.083452 3945359.463425 0.000000 -0.143445
444932.071240 3945359.469332 0.000000 -0.143992
444932.059027 3945359.475239 0.000000 -0.144540
444932.046814 3945359.481145 0.000000 -0.145087
444932.034602 3945359.487052 0.000000 -0.145635
444932.022389 3945359.492959 0.000000 -0.146182
444932.010176 3945359.498866 0.000000 -0.146730
444931.997964 3945359.504772 0.000000 -0.147277
444931.985751 3945359.510679 0.000000 -0.147825
444931.973539 3945359.516586 0.000000 -0.148372
444931.961326 3945359.522493 0.000000 -0.148920
444931.949113 3945359.528399 0.000000 -0.149467
444931.936901 3945359.534306 0.000000 -0.150015
444931.924688 3945359.540213 0.000000 -0.150562
444931.912475 3945359.546120 0.000000 -0.151110
444931.900263 3945359.552027 0.000000 -0.151657
444931.888050 3945359.557933 0.000000 -0.152205
444931.875837 3945359.563840 0.000000 -0.152752
444931.863625 3945359.569747 0.000000 -0.153300
444931.851412 3945359.575654 0.000000 -0.153847
444931.839199 3945359.581560 0.000000 -0.154395
444931.826987 3945359.587467 0.000000 -0.154942
444931.814774 3945359.593374 0.000000 -0.155490
444931.802562 3945359.599281 0.000000 -0.156037
444931.790349 3945359.605187 0.000000 -0.156585
444931.778136 3945359.611094 0.000000 -0.157132
444931.765924 3945359.617001 0.000000 -0.157680
444931.753711 3945359.622908 0.000000 -0.158227
444931.741498 3945359.628815 0.000000 -0.158775
444931.729286 3945359.634721 0.000000 -0.159322
444931.717073 3945359.640628 0.000000 -0.159870
444931.704860 3945359.646535 0.000000 -0.160417
444931.692648 3945359.652442 0.000000 -0.160965
444931.680435 3945359.658348 0.000000 -0.161512
444931.668222 3945359.664255 0.000000 -0.162060
444931.656010 3945359.670162 0.000000 -0.162607
444931.643797 3945359.676069 0.000000 -0.163155
444931.631585 3945359.681975 0.000000 -0.163702
444931.619372 3945359.687882 0.000000 -0.164250
444931.607159 3945359.693789 0.000000 -0.164797
444931.594947 3945359.699696 0.000000 -0.165345
444931.582734 3945359.705603 0.000000 -0.165892
444931.570521 3945359.711509 0.000000 -0.166440
444931.558309 3945359.717416 0.000000 -0.166987
444931.546096 3945359.723323 0.000000 -0.167535
444931.533883 3945359.729230 0.000000 -0.168082
444931.521671 3945359.735136 0.000000 -0.168630
444931.509458 3945359.741043 0.000000 -0.169177
444931.497245 3945359.746950 0.000000 -0.169725
444931.485033 3945359.752857 0.000000 -0.170272
444931.472820 3945359.758763 0.000000 -0.170820
444931.460608 3945359.764670 0.000000 -0.171367
444931.448395 3945359.770577 0.000000 -0.171915
444931.436182 3945359.776484 0.000000 -0.172462
444931.423970 3945359.782391 0.000000 -0.173010
444931.411757 3945359.788297 0.000000 -0.173557
444931.399544 3945359.794204 0.000000 -0.174105
444931.387332 3945359.800111 0.000000 -0.174652
444931.375119 3945359.806018 0.000000 -0.175200
444931.362906 3945359.811924 0.000000 -0.175747
444931.350694 3945359.817831 0.000000 -0.176295
444931.338481 3945359.823738 0.000000 -0.176842
444931.326268 3945359.829645 0.000000 -0.177390
444931.314056 3945359.835551 0.000000 -0.177937
444931.301843 3945359.841458 0.000000 -0.178485
444931.289630 3945359.847365 0.000000 -0.179032
444931.277418 3945359.853272 0.000000 -0.179580
444931.265205 3945359.859179 0.000000 -0.180127
444931.252993 3945359.865085 0.000000 -0.180675
444931.240780 3945359.870992 0.000000 -0.181222
444931.228567 3945359.876899 0.000000 -0.181770
444931.216355 3945359.882806 0.000000 -0.182317
444931.204142 3945359.888712 0.000000 -0.182865
444931.191929 3945359.894619 0.000000 -0.183412
444931.179717 3945359.900526 0.000000 -0.183960
444931.167504 3945359.906433 0.000000 -0.184507
444931.155291 3945359.912339 0.000000 -0.185055
444931.143079 3945359.918246 0.000000 -0.185602
444931.130866 3945359.924153 0.000000 -0.186150
444931.118653 3945359.930060 0.000000 -0.186697
444931.106441 3945359.935967 0.000000 -0.187245
444931.094228 3945359.941873 0.000000 -0.187792
444931.082016 3945359.947780 0.000000 -0.188340
444931.069803 3945359.953687 0.000000 -0.188887
444931.057590 3945359.959594 0.000000 -0.189777
444931.045378 3945359.965500 0.000000 -0.190660
444931.033165 3945359.971407 0.000000 -0.191535
444931.020952 3945359.977314 0.000000 -0.192403
444931.008740 3945359.983221 0.000000 -0.193264
444930.996598 3945359.989248 0.000000 -0.194103
444930.984600 3945359.995515 0.000000 -0.194906
444930.972744 3945360.002023 0.000000 -0.195671
444930.961031 3945360.008771 0.000000 -0.196400
444930.949460 3945360.015759 0.000000 -0.197092
444930.938032 3945360.022988 0.000000 -0.197746
444930.926747 3945360.030457 0.000000 -0.198363
444930.915604 3945360.038167 0.000000 -0.198942
444930.904604 3945360.046117 0.000000 -0.199484
444930.893747 3945360.054307 0.000000 -0.199988
444930.883033 3945360.062738 0.000000 -0.200454
444930.872461 3945360.071409 0.000000 -0.200883
444930.862032 3945360.080320 0.000000 -0.201273
444930.851745 3945360.089472 0.000000 -0.201625
444930.841601 3945360.098864 0.000000 -0.201939
444930.831600 3945360.108496 0.000000 -0.202215
444930.821742 3945360.118369 0.000000 -0.202453
444930.812026 3945360.128483 0.000000 -0.202653
444930.802453 3945360.138836 0.000000 -0.202814
444930.793022 3945360.149430 0.000000 -0.202938
444930.783734 3945360.160265 0.000000 -0.203023
444930.774589 3945360.171339 0.000000 -0.203071
444930.765587 3945360.182654 0.000000 -0.203081
444930.756727 3945360.194210 0.000000 -0.203053
444930.748010 3945360.206006 0.000000 -0.202987
444930.739436 3945360.218042 0.000000 -0.202883
444930.731004 3945360.230319 0.000000 -0.202743
444930.722715 3945360.242836 0.000000 -0.202565
444930.714569 3945360.255593 0.000000 -0.202349
444930.706565 3945360.268591 0.000000 -0.202097
444930.698704 3945360.281829 0.000000 -0.201808
444930.690986 3945360.295307 0.000000 -0.201483
444930.683410 3945360.309026 0.000000 -0.201121
444930.675977 3945360.322985 0.000000 -0.200723
444930.668687 3945360.337185 0.000000 -0.200290
444930.661539 3945360.351625 0.000000 -0.199820
444930.654534 3945360.366305 0.000000 -0.199316
444930.647672 3945360.381226 0.000000 -0.198776
444930.640952 3945360.396387 0.000000 -0.198201
444930.634375 3945360.411788 0.000000 -0.197592
444930.627941 3945360.427430 0.000000 -0.196949
444930.621650 3945360.443312 0.000000 -0.196272
444930.615501 3945360.459434 0.000000 -0.195562
444930.609495 3945360.475797 0.000000 -0.194819
444930.603631 3945360.492401 0.000000 -0.194042
444930.597910 3945360.509244 0.000000 -0.193236
444930.592332 3945360.526328 0.000000 -0.192402
444930.586897 3945360.543653 0.000000 -0.191541
444930.581604 3945360.561217 0.000000 -0.190652
444930.576454 3945360.579022 0.000000 -0.189736
444930.571375 3945360.596948 0.000000 -0.188808
444930.566296 3945360.614873 0.000000 -0.187881
444930.561217 3945360.632798 0.000000 -0.186956
444930.556138 3945360.650724 0.000000 -0.186032
444930.551060 3945360.668649 0.000000 -0.185110
444930.545981 3945360.686574 0.000000 -0.184190
444930.540902 3945360.704500 0.000000 -0.183271
444930.535823 3945360.722425 0.000000 -0.182355
444930.530744 3945360.740350 0.000000 -0.181439
444930.525666 3945360.758276 0.000000 -0.180526
444930.520587 3945360.776201 0.000000 -0.179614
444930.515508 3945360.794126 0.000000 -0.178704
444930.510429 3945360.812051 0.000000 -0.177796
444930.505350 3945360.829977 0.000000 -0.176889
444930.500272 3945360.847902 0.000000 -0.175984
444930.495193 3945360.865827 0.000000 -0.175081
444930.490114 3945360.883753 0.000000 -0.174180
444930.485035 3945360.901678 0.000000 -0.173281
444930.479956 3945360.919603 0.000000 -0.172383
444930.474878 3945360.937529 0.000000 -0.171488
444930.469799 3945360.955454 0.000000 -0.170594
444930.464720 3945360.973379 0.000000 -0.169702
444930.459641 3945360.991304 0.000000 -0.168812
444930.454562 3945361.009230 0.000000 -0.167924
444930.449484 3945361.027155 0.000000 -0.167037
444930.444405 3945361.045080 0.000000 -0.166153
444930.439326 3945361.063006 0.000000 -0.165270
444930.434247 3945361.080931 0.000000 -0.164390
444930.429168 3945361.098856 0.000000 -0.163511
444930.424090 3945361.116782 0.000000 -0.162634
444930.419011 3945361.134707 0.000000 -0.161759
444930.413932 3945361.152632 0.000000 -0.160887
444930.408853 3945361.170558 0.000000 -0.160016
444930.403774 3945361.188483 0.000000 -0.159147
444930.398696 3945361.206408 0.000000 -0.158280
444930.393617 3945361.224333 0.000000 -0.157415
444930.388538 3945361.242259 0.000000 -0.156552
444930.383459 3945361.260184 0.000000 -0.155692
444930.378381 3945361.278109 0.000000 -0.154833
444930.373302 3945361.296035 0.000000 -0.153976
444930.368223 3945361.313960 0.000000 -0.153121
444930.363144 3945361.331885 0.000000 -0.152269
444930.358065 3945361.349811 0.000000 -0.151418
444930.352987 3945361.367736 0.000000 -0.150570
444930.347908 3945361.385661 0.000000 -0.149723
444930.342829 3945361.403586 0.000000 -0.148879
444930.337750 3945361.421512 0.000000 -0.148037
444930.332671 3945361.439437 0.000000 -0.147197
444930.327593 3945361.457362 0.000000 -0.146359
444930.322514 3945361.475288 0.000000 -0.145523
444930.317435 3945361.493213 0.000000 -0.144689
444930.312356 3945361.511138 0.000000 -0.143858
444930.307277 3945361.529064 0.000000 -0.143028
444930.302199 3945361.546989 0.000000 -0.142201
444930.297120 3945361.564914 0.000000 -0.141376
444930.292041 3945361.582840 0.000000 -0.140553
444930.286962 3945361.600765 0.000000 -0.139729
444930.281883 3945361.618690 0.000000 -0.138902
444930.276805 3945361.636615 0.000000 -0.138072
444930.271726 3945361.654541 0.000000 -0.137239
444930.266647 3945361.672466 0.000000 -0.136403
444930.261568 3945361.690391 0.000000 -0.135563
444930.256489 3945361.708317 0.000000 -0.134722
444930.251411 3945361.726242 0.000000 -0.133877
444930.246332 3945361.744167 0.000000 -0.133030
444930.241253 3945361.762093 0.000000 -0.132180
444930.236174 3945361.780018 0.000000 -0.131328
444930.231095 3945361.797943 0.000000 -0.130474
444930.226017 3945361.815868 0.000000 -0.129618
444930.220938 3945361.833794 0.000000 -0.128760
444930.215859 3945361.851719 0.000000 -0.127900
444930.210780 3945361.869644 0.000000 -0.127038
444930.205701 3945361.887570 0.000000 -0.126174
444930.200623 3945361.905495 0.000000 -0.125309
444930.195544 3945361.923420 0.000000 -0.124443
444930.190465 3945361.941346 0.000000 -0.123575
444930.185386 3945361.959271 0.000000 -0.122706
444930.180307 3945361.977196 0.000000 -0.121836
444930.175229 3945361.995121 0.000000 -0.120965
444930.170150 3945362.013047 0.000000 -0.120093
444930.165071 3945362.030972 0.000000 -0.119220
444930.159992 3945362.048897 0.000000 -0.118347
444930.154913 3945362.066823 0.000000 -0.117473
444930.149835 3945362.084748 0.000000 -0.116599
444930.144756 3945362.102673 0.000000 -0.115725
444930.139677 3945362.120599 0.000000 -0.114850
444930.134598 3945362.138524 0.000000 -0.113975
444930.129519 3945362.156449 0.000000 -0.113100
444930.124441 3945362.174375 0.000000 -0.112226
444930.119362 3945362.192300 0.000000 -0.111351
444930.114283 3945362.210225 0.000000 -0.110477
444930.109204 3945362.228150 0.000000 -0.109604
444930.104125 3945362.246076 0.000000 -0.108731
444930.099047 3945362.264001 0.000000 -0.107858
444930.093968 3945362.281926 0.000000 -0.106987
444930.088889 3945362.299852 0.000000 -0.106116
444930.083810 3945362.317777 0.000000 -0.105246
444930.078731 3945362.335702 0.000000 -0.104377
444930.073653 3945362.353628 0.000000 -0.103510
444930.068574 3945362.371553 0.000000 -0.102644
444930.063495 3945362.389478 0.000000 -0.101779
444930.058416 3945362.407403 0.000000 -0.100915
444930.053337 3945362.425329 0.000000 -0.100053
444930.048259 3945362.443254 0.000000 -0.099193
444930.043180 3945362.461179 0.000000 -0.098334
444930.038101 3945362.479105 0.000000 -0.097477
444930.033022 3945362.497030 0.000000 -0.097078
444930.027943 3945362.514955 0.000000 -0.096678
444930.022865 3945362.532881 0.000000 -0.096279
444930.017786 3945362.550806 0.000000 -0.095879
444930.012707 3945362.568731 0.000000 -0.095480
444930.007628 3945362.586657 0.000000 -0.095080
444930.002549 3945362.604582 0.000000 -0.094681
444929.997471 3945362.622507 0.000000 -0.094281
444929.992392 3945362.640432 0.000000 -0.093882
444929.987313 3945362.658358 0.000000 -0.093482
444929.982234 3945362.676283 0.000000 -0.093083
444929.977155 3945362.694208 0.000000 -0.092683
444929.972077 3945362.712134 0.000000 -0.092284
444929.966998 3945362.730059 0.000000 -0.091884
444929.961919 3945362.747984 0.000000 -0.091485
444929.956840 3945362.765910 0.000000 -0.091085
444929.951761 3945362.783835 0.000000 -0.090686
444929.946683 3945362.801760 0.000000 -0.090286
444929.941604 3945362.819685 0.000000 -0.089887
444929.936525 3945362.837611 0.000000 -0.089487
444929.931446 3945362.855536 0.000000 -0.089088
444929.926367 3945362.873461 0.000000 -0.088688
444929.921289 3945362.891387 0.000000 -0.088289
444929.916210 3945362.909312 0.000000 -0.087889
444929.911131 3945362.927237 0.000000 -0.087490
444929.906052 3945362.945163 0.000000 -0.087090
444929.900973 3945362.963088 0.000000 -0.086691
444929.895895 3945362.981013 0.000000 -0.086291
444929.890816 3945362.998939 0.000000 -0.085892
444929.885737 3945363.016864 0.000000 -0.085492
444929.880658 3945363.034789 0.000000 -0.085093
444929.875579 3945363.052714 0.000000 -0.084693
444929.870501 3945363.070640 0.000000 -0.084294
444929.865422 3945363.088565 0.000000 -0.083894
444929.860343 3945363.106490 0.000000 -0.083495
444929.855264 3945363.124416 0.000000 -0.083095
444929.850185 3945363.142341 0.000000 -0.082696
444929.845107 3945363.160266 0.000000 -0.082296
444929.840028 3945363.178192 0.000000 -0.081897
444929.834949 3945363.196117 0.000000 -0.081497
444929.829870 3945363.214042 0.000000 -0.081098
444929.824791 3945363.231967 0.000000 -0.080698
444929.819713 3945363.249893 0.000000 -0.080299
444929.814634 3945363.267818 0.000000 -0.079899
444929.809555 3945363.285743 0.000000 -0.079500
444929.804476 3945363.303669 0.000000 -0.079100
444929.799398 3945363.321594 0.000000 -0.078701
444929.794319 3945363.339519 0.000000 -0.078301
444929.789240 3945363.357445 0.000000 -0.077902
444929.784161 3945363.375370 0.000000 -0.077502
444929.779082 3945363.393295 0.000000 -0.077103
444929.774004 3945363.411220 0.000000 -0.076703
444929.768925 3945363.429146 0.000000 -0.076304
444929.763846 3945363.447071 0.000000 -0.075904
444929.758767 3945363.464996 0.000000 -0.075505
444929.753688 3945363.482922 0.000000 -0.075105
444929.748610 3945363.500847 0.000000 -0.074706
444929.743531 3945363.518772 0.000000 -0.074306
444929.738452 3945363.536698 0.000000 -0.073907
444929.733373 3945363.554623 0.000000 -0.073507
444929.728294 3945363.572548 0.000000 -0.073108
444929.723216 3945363.590474 0.000000 -0.072708
444929.718137 3945363.608399 0.000000 -0.072309
444929.713058 3945363.626324 0.000000 -0.071909
444929.707979 3945363.644249 0.000000 -0.071510
444929.702900 3945363.662175 0.000000 -0.071110
444929.697822 3945363.680100 0.000000 -0.070711
444929.692743 3945363.698025 0.000000 -0.070311
444929.687664 3945363.715951 0.000000 -0.069912
444929.682585 3945363.733876 0.000000 -0.069513
444929.677506 3945363.751801 0.000000 -0.069113
444929.672428 3945363.769727 0.000000 -0.068714
444929.667349 3945363.787652 0.000000 -0.068314
444929.662270 3945363.805577 0.000000 -0.067915
444929.657191 3945363.823502 0.000000 -0.067515
444929.652112 3945363.841428 0.000000 -0.067116
444929.647034 3945363.859353 0.000000 -0.066716
444929.641955 3945363.877278 0.000000 -0.066317
444929.636876 3945363.895204 0.000000 -0.065917
444929.631797 3945363.913129 0.000000 -0.065518
444929.626718 3945363.931054 0.000000 -0.065118
444929.621640 3945363.948980 0.000000 -0.064719
444929.616561 3945363.966905 0.000000 -0.064319
444929.611482 3945363.984830 0.000000 -0.063920
444929.606403 3945364.002756 0.000000 -0.063520
444929.601324 3945364.020681 0.000000 -0.063121
444929.596246 3945364.038606 0.000000 -0.062721
444929.591167 3945364.056531 0.000000 -0.062322
444929.586088 3945364.074457 0.000000 -0.061922
444929.581009 3945364.092382 0.000000 -0.061523
444929.575930 3945364.110307 0.000000 -0.061123
444929.570852 3945364.128233 0.000000 -0.060724
444929.565773 3945364.146158 0.000000 -0.060324
444929.560694 3945364.164083 0.000000 -0.059925
444929.555615 3945364.182009 0.000000 -0.059525
444929.550536 3945364.199934 0.000000 -0.059126
444929.545458 3945364.217859 0.000000 -0.058726
444929.540379 3945364.235784 0.000000 -0.058327
444929.535300 3945364.253710 0.000000 -0.057927
444929.530221 3945364.271635 0.000000 -0.057528
444929.525142 3945364.289560 0.000000 -0.057128
444929.520064 3945364.307486 0.000000 -0.056729
444929.514985 3945364.325411 0.000000 -0.056329
444929.509906 3945364.343336 0.000000 -0.055930
444929.504827 3945364.361262 0.000000 -0.055530
444929.499748 3945364.379187 0.000000 -0.055131
444929.494670 3945364.397112 0.000000 -0.054731
444929.489591 3945364.415038 0.000000 -0.054332
444929.484512 3945364.432963 0.000000 -0.053932
444929.479433 3945364.450888 0.000000 -0.053533
444929.474354 3945364.468813 0.000000 -0.053133
444929.469276 3945364.486739 0.000000 -0.052734
444929.464197 3945364.504664 0.000000 -0.052334
444929.459118 3945364.522589 0.000000 -0.051935
444929.454039 3945364.540515 0.000000 -0.051535
444929.448960 3945364.558440 0.000000 -0.051136
444929.443882 3945364.576365 0.000000 -0.050736
444929.438803 3945364.594291 0.000000 -0.050337
444929.433724 3945364.612216 0.000000 -0.049937
444929.428645 3945364.630141 0.000000 -0.049538
444929.423566 3945364.648066 0.000000 -0.049138
444929.418488 3945364.665992 0.000000 -0.048739
444929.413409 3945364.683917 0.000000 -0.048339
444929.408330 3945364.701842 0.000000 -0.047940
444929.403251 3945364.719768 0.000000 -0.047540
444929.398172 3945364.737693 0.000000 -0.047141
444929.393094 3945364.755618 0.000000 -0.046741
444929.388015 3945364.773544 0.000000 -0.046342
444929.382936 3945364.791469 0.000000 -0.045942
444929.377857 3945364.809394 0.000000 -0.045543
444929.372778 3945364.827319 0.000000 -0.045143
444929.367700 3945364.845245 0.000000 -0.044744
444929.362621 3945364.863170 0.000000 -0.044344
444929.357542 3945364.881095 0.000000 -0.043945
444929.352463 3945364.899021 0.000000 -0.043545
444929.347384 3945364.916946 0.000000 -0.043146
444929.342306 3945364.934871 0.000000 -0.042746
444929.337227 3945364.952797 0.000000 -0.042347
444929.332148 3945364.970722 0.000000 -0.041947
444929.327069 3945364.988647 0.000000 -0.041548
444929.321990 3945365.006573 0.000000 -0.041148
444929.316912 3945365.024498 0.000000 -0.040749
444929.311833 3945365.042423 0.000000 -0.040349
444929.306754 3945365.060348 0.000000 -0.039950
444929.301675 3945365.078274 0.000000 -0.039550
444929.296596 3945365.096199 0.000000 -0.039151
444929.291518 3945365.114124 0.000000 -0.038751
444929.286439 3945365.132050 0.000000 -0.038352
444929.281360 3945365.149975 0.000000 -0.037952
444929.276281 3945365.167900 0.000000 -0.037553
444929.271202 3945365.185826 0.000000 -0.037153
444929.266124 3945365.203751 0.000000 -0.036754
444929.261045 3945365.221676 0.000000 -0.036354
444929.255966 3945365.239601 0.000000 -0.035955
444929.250887 3945365.257527 0.000000 -0.035555
444929.245808 3945365.275452 0.000000 -0.035156
444929.240730 3945365.293377 0.000000 -0.034756
444929.235651 3945365.311303 0.000000 -0.034357
444929.230572 3945365.329228 0.000000 -0.033957
444929.225493 3945365.347153 0.000000 -0.033558
444929.220414 3945365.365079 0.000000 -0.033158
444929.215336 3945365.383004 0.000000 -0.032759
444929.210257 3945365.400929 0.000000 -0.032359
444929.205178 3945365.418855 0.000000 -0.031960
444929.200099 3945365.436780 0.000000 -0.031560
444929.195021 3945365.454705 0.000000 -0.031161
444929.189942 3945365.472630 0.000000 -0.030761
444929.184863 3945365.490556 0.000000 -0.030362
444929.179784 3945365.508481 0.000000 -0.029962
444929.174705 3945365.526406 0.000000 -0.029563
444929.169627 3945365.544332 0.000000 -0.029163
444929.164548 3945365.562257 0.000000 -0.028764
444929.159469 3945365.580182 0.000000 -0.028364
444929.154390 3945365.598108 0.000000 -0.027965
444929.149311 3945365.616033 0.000000 -0.027565
444929.144233 3945365.633958 0.000000 -0.027166
444929.139154 3945365.651883 0.000000 -0.026766
444929.134075 3945365.669809 0.000000 -0.026367
444929.128996 3945365.687734 0.000000 -0.025967
444929.123917 3945365.705659 0.000000 -0.025568
444929.118839 3945365.723585 0.000000 -0.025168
444929.113760 3945365.741510 0.000000 -0.024769
444929.108681 3945365.759435 0.000000 -0.024369
444929.103602 3945365.777361 0.000000 -0.023970
444929.098523 3945365.795286 0.000000 -0.023570
444929.093445 3945365.813211 0.000000 -0.023171
444929.088366 3945365.831137 0.000000 -0.022771
444929.083287 3945365.849062 0.000000 -0.022372
444929.078208 3945365.866987 0.000000 -0.021972
444929.073129 3945365.884912 0.000000 -0.021573
444929.068051 3945365.902838 0.000000 -0.021173
444929.062972 3945365.920763 0.000000 -0.020774
444929.057893 3945365.938688 0.000000 -0.020374
444929.052814 3945365.956614 0.000000 -0.019975
444929.047685 3945365.974718 0.000000 -0.019575
444929.042453 3945365.993181 0.000000 -0.019176
444929.037121 3945366.012003 0.000000 -0.018776
444929.031686 3945366.031183 0.000000 -0.018377
444929.026150 3945366.050721 0.000000 -0.017977
444929.020513 3945366.070619 0.000000 -0.017578
444929.014774 3945366.090874 0.000000 -0.017178
444929.008933 3945366.111488 0.000000 -0.016779
444929.002991 3945366.132461 0.000000 -0.016379
444928.996947 3945366.153792 0.000000 -0.015980
444928.990802 3945366.175482 0.000000 -0.015580
444928.984555 3945366.197530 0.000000 -0.015181
444928.978207 3945366.219936 0.000000 -0.014781
444928.971757 3945366.242701 0.000000 -0.014382
444928.965205 3945366.265825 0.000000 -0.013982
444928.958552 3945366.289307 0.000000 -0.013583
444928.951797 3945366.313148 0.000000 -0.013183
444928.944940 3945366.337347 0.000000 -0.012784
444928.937983 3945366.361905 0.000000 -0.012384
444928.930923 3945366.386821 0.000000 -0.011985
444928.923762 3945366.412096 0.000000 -0.011585
444928.916499 3945366.437729 0.000000 -0.011186
444928.909135 3945366.463720 0.000000 -0.010786
444928.901669 3945366.490071 0.000000 -0.010387
444928.894102 3945366.516779 0.000000 -0.009987
444928.886433 3945366.543847 0.000000 -0.009588
444928.878662 3945366.571272 0.000000 -0.009188
444928.870790 3945366.599057 0.000000 -0.008789
444928.862816 3945366.627199 0.000000 -0.008389
444928.854741 3945366.655700 0.000000 -0.007990
444928.846564 3945366.684560 0.000000 -0.007590
444928.838286 3945366.713778 0.000000 -0.007191
444928.829906 3945366.743355 0.000000 -0.006791
444928.821424 3945366.773290 0.000000 -0.006392
444928.812841 3945366.803584 0.000000 -0.005992
444928.804156 3945366.834237 0.000000 -0.005593
444928.795370 3945366.865247 0.000000 -0.005193
444928.786482 3945366.896617 0.000000 -0.004794
444928.777492 3945366.928344 0.000000 -0.004394
444928.768401 3945366.960431 0.000000 -0.003995
444928.759209 3945366.992875 0.000000 -0.003595
444928.749915 3945367.025679 0.000000 -0.003196
444928.740519 3945367.058841 0.000000 -0.002796
444928.731021 3945367.092361 0.000000 -0.002397
444928.721423 3945367.126240 0.000000 -0.001997
444928.711722 3945367.160477 0.000000 -0.001598
444928.701920 3945367.195073 0.000000 -0.001198
444928.692016 3945367.230027 0.000000 -0.000799
444928.682011 3945367.265340 0.000000 -0.000399
