444949.720904 3945357.354954 0.000000 0.000000
444949.685750 3945357.355982 0.000000 0.000000
444949.650949 3945357.356999 0.000000 0.000000
444949.616501 3945357.358006 0.000000 0.000000
444949.582407 3945357.359003 0.000000 0.000000
444949.548665 3945357.359990 0.000000 0.000000
444949.515278 3945357.360966 0.000000 0.000000
444949.482243 3945357.361932 0.000000 0.000000
444949.449562 3945357.362888 0.000000 0.000000
444949.417234 3945357.363833 0.000000 0.000000
444949.385259 3945357.364768 0.000000 0.000000
444949.353638 3945357.365692 0.000000 0.000000
444949.322370 3945357.366607 0.000000 0.000000
444949.291455 3945357.367511 0.000000 0.000000
444949.260894 3945357.368404 0.000000 0.000000
444949.230686 3945357.369287 0.000000 0.000000
444949.200831 3945357.370160 0.000000 0.000000
444949.171330 3945357.371023 0.000000 0.000000
444949.142182 3945357.371875 0.000000 0.000000
444949.113387 3945357.372717 0.000000 0.000000
444949.084945 3945357.373549 0.000000 0.000000
444949.056857 3945357.374370 0.000000 0.000000
444949.029122 3945357.375181 0.000000 0.000000
444949.001741 3945357.375982 0.000000 0.000000
444948.974712 3945357.376772 0.000000 0.000000
444948.948037 3945357.377552 0.000000 0.000000
444948.921716 3945357.378322 0.000000 0.000000
444948.895747 3945357.379081 0.000000 0.000000
444948.870132 3945357.379830 0.000000 0.000000
444948.844871 3945357.380569 0.000000 0.000000
444948.819962 3945357.381297 0.000000 0.000000
444948.795407 3945357.382015 0.000000 0.000000
444948.771205 3945357.382723 0.000000 0.000000
444948.747357 3945357.383420 0.000000 0.000000
444948.723862 3945357.384107 0.000000 0.000000
444948.700720 3945357.384784 0.000000 0.000000
444948.677931 3945357.385450 0.000000 0.000000
444948.655496 3945357.386106 0.000000 0.000000
444948.633414 3945357.386752 0.000000 0.000000
444948.611686 3945357.387387 0.000000 0.000000
444948.590310 3945357.388012 0.000000 0.000000
444948.569288 3945357.388627 0.000000 0.000000
444948.548620 3945357.389231 0.000000 0.000000
444948.528304 3945357.389825 0.000000 0.000000
444948.508342 3945357.390409 0.000000 0.000000
444948.488734 3945357.390982 0.000000 0.000000
444948.469478 3945357.391545 0.000000 0.000000
444948.450576 3945357.392098 0.000000 0.000000
444948.432027 3945357.392640 0.000000 0.000000
444948.413832 3945357.393172 0.000000 0.000000
444948.395990 3945357.393694 0.000000 0.000000
444948.378324 3945357.394210 0.000000 0.000000
444948.360659 3945357.394727 0.000000 0.000000
444948.342993 3945357.395243 0.000000 0.000000
444948.325327 3945357.395760 0.000000 0.000000
444948.307662 3945357.396276 0.000000 0.000000
444948.289996 3945357.396793 0.000000 0.000000
444948.272331 3945357.397310 0.000000 0.000000
444948.254665 3945357.397826 0.000000 0.000000
444948.237000 3945357.398343 0.000000 0.000000
444948.219334 3945357.398859 0.000000 0.000000
444948.201669 3945357.399376 0.000000 0.000000
444948.184003 3945357.399892 0.000000 0.000000
444948.166338 3945357.400409 0.000000 0.000000
444948.148672 3945357.400925 0.000000 0.000000
444948.131007 3945357.401442 0.000000 0.000000
444948.113341 3945357.401958 0.000000 0.000000
444948.095676 3945357.402475 0.000000 0.000000
444948.078010 3945357.402991 0.000000 0.000000
444948.060345 3945357.403508 0.000000 0.000000
444948.042679 3945357.404025 0.000000 0.000000
444948.025014 3945357.404541 0.000000 0.000000
444948.007348 3945357.405058 0.000000 0.000000
444947.989682 3945357.405574 0.000000 0.000000
444947.972017 3945357.406091 0.000000 0.000000
444947.954351 3945357.406607 0.000000 0.000000
444947.936686 3945357.407124 0.000000 0.000000
444947.919020 3945357.407640 0.000000 0.000000
444947.901355 3945357.408157 0.000000 0.000000
444947.883689 3945357.408673 0.000000 0.000000
444947.866024 3945357.409190 0.000000 0.000000
444947.848358 3945357.409706 0.000000 0.000000
444947.830693 3945357.410223 0.000000 0.000000
444947.813027 3945357.410739 0.000000 0.000000
444947.795362 3945357.411256 0.000000 0.000000
444947.777696 3945357.411773 0.000000 0.000000
444947.760031 3945357.412289 0.000000 0.000000
444947.742365 3945357.412806 0.000000 0.000000
444947.724700 3945357.413322 0.000000 0.000000
444947.707034 3945357.413839 0.000000 0.000000
444947.689368 3945357.414355 0.000000 0.000000
444947.671703 3945357.414872 0.000000 0.000000
444947.654037 3945357.415388 0.000000 0.000000
444947.636372 3945357.415905 0.000000 0.000000
444947.618706 3945357.416421 0.000000 0.000000
444947.601041 3945357.416938 0.000000 0.000000
444947.583375 3945357.417454 0.000000 0.000000
444947.565710 3945357.417971 0.000000 0.000000
444947.548044 3945357.418488 0.000000 0.000000
444947.530379 3945357.419004 0.000000 0.000000
444947.512713 3945357.419521 0.000000 0.000000
444947.495048 3945357.420037 0.000000 0.000000
444947.477382 3945357.420554 0.000000 0.000000
444947.459717 3945357.421070 0.000000 0.000000
444947.442051 3945357.421587 0.000000 0.000000
444947.424386 3945357.422103 0.000000 0.000000
444947.406720 3945357.422620 0.000000 0.000000
444947.389054 3945357.423136 0.000000 0.000000
444947.371389 3945357.423653 0.000000 0.000000
444947.353723 3945357.424169 0.000000 0.000000
444947.336058 3945357.424686 0.000000 0.000000
444947.318392 3945357.425203 0.000000 0.000000
444947.300727 3945357.425719 0.000000 0.000000
444947.283061 3945357.426236 0.000000 0.000000
444947.265396 3945357.426752 0.000000 0.000000
444947.247730 3945357.427269 0.000000 0.000000
444947.230065 3945357.427785 0.000000 0.000000
444947.212399 3945357.428302 0.000000 0.000000
444947.194734 3945357.428818 0.000000 0.000000
444947.177068 3945357.429335 0.000000 0.000000
444947.159403 3945357.429851 0.000000 0.000000
444947.141737 3945357.430368 0.000000 0.000000
444947.124072 3945357.430884 0.000000 0.000000
444947.106406 3945357.431401 0.000000 0.000000
444947.088740 3945357.431917 0.000000 0.000000
444947.071075 3945357.432434 0.000000 0.000000
444947.053409 3945357.432951 0.000000 0.000000
444947.035744 3945357.433467 0.000000 0.000000
444947.018078 3945357.433984 0.000000 0.000000
444947.000413 3945357.434500 0.000000 0.000000
444946.982747 3945357.435017 0.000000 0.000000
444946.965082 3945357.435533 0.000000 0.000000
444946.947416 3945357.436050 0.000000 0.000000
444946.929751 3945357.436566 0.000000 0.000000
444946.912085 3945357.437083 0.000000 0.000000
444946.894420 3945357.437599 0.000000 0.000000
444946.876754 3945357.438116 0.000000 0.000000
444946.859089 3945357.438632 0.000000 0.000000
444946.841423 3945357.439149 0.000000 0.000000
444946.823758 3945357.439666 0.000000 0.000000
444946.806092 3945357.440182 0.000000 0.000000
444946.788426 3945357.440699 0.000000 0.000000
444946.770761 3945357.441215 0.000000 0.000000
444946.753095 3945357.441732 0.000000 0.000000
444946.735430 3945357.442248 0.000000 0.000000
444946.717764 3945357.442765 0.000000 0.000000
444946.700099 3945357.443281 0.000000 0.000000
444946.682433 3945357.443798 0.000000 0.000000
444946.664768 3945357.444314 0.000000 0.000000
444946.647102 3945357.444831 0.000000 0.000000
444946.629437 3945357.445347 0.000000 0.000000
444946.611771 3945357.445864 0.000000 0.000000
444946.594106 3945357.446380 0.000000 0.000000
444946.576440 3945357.446897 0.000000 0.000000
444946.558775 3945357.447414 0.000000 0.000000
444946.541109 3945357.447930 0.000000 0.000000
444946.523444 3945357.448447 0.000000 0.000000
444946.505778 3945357.448963 0.000000 0.000000
444946.488112 3945357.449480 0.000000 0.000000
444946.470447 3945357.449996 0.000000 0.000000
444946.452781 3945357.450513 0.000000 0.000000
444946.435116 3945357.451029 0.000000 0.000000
444946.417450 3945357.451546 0.000000 0.000000
444946.399785 3945357.452062 0.000000 0.000000
444946.382119 3945357.452579 0.000000 0.000000
444946.364454 3945357.453095 0.000000 0.000000
444946.346788 3945357.453612 0.000000 0.000000
444946.329123 3945357.454129 0.000000 0.000000
444946.311457 3945357.454645 0.000000 0.000000
444946.293792 3945357.455162 0.000000 0.000000
444946.276126 3945357.455678 0.000000 0.000000
444946.258461 3945357.456195 0.000000 0.000000
444946.240795 3945357.456711 0.000000 0.000000
444946.223130 3945357.457228 0.000000 0.000000
444946.205464 3945357.457744 0.000000 0.000000
444946.187798 3945357.458261 0.000000 0.000000
444946.170133 3945357.458777 0.000000 0.000000
444946.152467 3945357.459294 0.000000 0.000000
444946.134802 3945357.459810 0.000000 0.000000
444946.117136 3945357.460327 0.000000 0.000000
444946.099471 3945357.460843 0.000000 0.000000
444946.081805 3945357.461360 0.000000 0.000000
444946.064140 3945357.461877 0.000000 0.000000
444946.046474 3945357.462393 0.000000 0.000000
444946.028809 3945357.462910 0.000000 0.000000
444946.011143 3945357.463426 0.000000 0.000000
444945.993478 3945357.463943 0.000000 0.000000
444945.975812 3945357.464459 0.000000 0.000000
444945.958147 3945357.464976 0.000000 0.000000
444945.940481 3945357.465492 0.000000 0.000000
444945.922816 3945357.466009 0.000000 0.000000
444945.905150 3945357.466525 0.000000 0.000000
444945.887484 3945357.467042 0.000000 0.000000
444945.869819 3945357.467558 0.000000 0.000000
444945.852153 3945357.468075 0.000000 0.000000
444945.834488 3945357.468592 0.000000 0.000000
444945.816822 3945357.469108 0.000000 0.000000
444945.799157 3945357.469625 0.000000 0.000000
444945.781491 3945357.470141 0.000000 0.000000
444945.763826 3945357.470658 0.000000 0.000000
444945.746160 3945357.471174 0.000000 0.000000
444945.728495 3945357.471691 0.000000 0.000000
444945.710829 3945357.472207 0.000000 0.000000
444945.693164 3945357.472724 0.000000 0.000000
444945.675498 3945357.473240 0.000000 0.000000
444945.657833 3945357.473757 0.000000 0.000000
444945.640167 3945357.474273 0.000000 0.000000
444945.622502 3945357.474790 0.000000 0.000000
444945.604836 3945357.475306 0.000000 0.000000
444945.587170 3945357.475823 0.000000 0.000000
444945.569505 3945357.476340 0.000000 0.000000
444945.551839 3945357.476856 0.000000 0.000000
444945.534174 3945357.477373 0.000000 0.000000
444945.516508 3945357.477889 0.000000 0.000000
444945.498843 3945357.478406 0.000000 0.000000
444945.481177 3945357.478922 0.000000 0.000000
444945.463512 3945357.479439 0.000000 0.000000
444945.445846 3945357.479955 0.000000 0.000000
444945.428181 3945357.480472 0.000000 0.000000
444945.410515 3945357.480988 0.000000 0.000000
444945.392850 3945357.481505 0.000000 0.000000
444945.375184 3945357.482021 0.000000 0.000000
444945.357519 3945357.482538 0.000000 0.000000
444945.339853 3945357.483055 0.000000 0.000000
444945.322188 3945357.483571 0.000000 0.000000
444945.304522 3945357.484088 0.000000 0.000000
444945.286857 3945357.484604 0.000000 0.000000
444945.269191 3945357.485121 0.000000 0.000000
444945.251525 3945357.485637 0.000000 0.000000
444945.233860 3945357.486154 0.000000 0.000000
444945.216194 3945357.486670 0.000000 0.000000
444945.198529 3945357.487187 0.000000 0.000000
444945.180863 3945357.487703 0.000000 0.000000
444945.163198 3945357.488220 0.000000 0.000000
444945.145532 3945357.488736 0.000000 0.000000
444945.127867 3945357.489253 0.000000 0.000000
444945.110201 3945357.489769 0.000000 0.000000
444945.092536 3945357.490286 0.000000 0.000000
444945.074870 3945357.490803 0.000000 0.000000
444945.057205 3945357.491319 0.000000 0.000000
444945.039539 3945357.491836 0.000000 0.000000
444945.021874 3945357.492352 0.000000 0.000000
444945.004208 3945357.492869 0.000000 0.000000
444944.986543 3945357.493385 0.000000 0.000000
444944.968877 3945357.493902 0.000000 0.000000
444944.951211 3945357.494418 0.000000 0.000000
444944.933546 3945357.494935 0.000000 0.000000
444944.915880 3945357.495451 0.000000 0.000000
444944.898215 3945357.495968 0.000000 0.000000
444944.880549 3945357.496484 0.000000 0.000000
444944.862884 3945357.497001 0.000000 0.000000
444944.845218 3945357.497518 0.000000 0.000000
444944.827553 3945357.498034 0.000000 0.000000
444944.809887 3945357.498551 0.000000 0.000000
444944.792222 3945357.499067 0.000000 0.000000
444944.774556 3945357.499584 0.000000 0.000000
444944.756891 3945357.500100 0.000000 0.000000
444944.739225 3945357.500617 0.000000 0.000000
444944.721560 3945357.501133 0.000000 0.000000
444944.703894 3945357.501650 0.000000 0.000000
444944.686229 3945357.502166 0.000000 0.000000
444944.668563 3945357.502683 0.000000 0.000000
444944.650897 3945357.503199 0.000000 0.000000
444944.633232 3945357.503716 0.000000 0.000000
444944.615566 3945357.504233 0.000000 0.000000
444944.597901 3945357.504749 0.000000 0.000000
444944.580235 3945357.505266 0.000000 0.000000
444944.562570 3945357.505782 0.000000 0.000000
444944.544904 3945357.506299 0.000000 -0.000000
444944.527239 3945357.506815 0.000000 -0.000000
444944.509573 3945357.507332 0.000000 0.000000
444944.491908 3945357.507848 0.000000 -0.000000
444944.474242 3945357.508365 0.000000 -0.000000
444944.456577 3945357.508881 0.000000 0.000000
444944.438911 3945357.509398 0.000000 0.000000
444944.421246 3945357.509914 0.000000 0.000000
444944.403580 3945357.510431 0.000000 0.000000
444944.385915 3945357.510947 0.000000 0.000000
444944.368249 3945357.511464 0.000000 0.000000
444944.350583 3945357.511981 0.000000 0.000000
444944.332918 3945357.512497 0.000000 0.000000
444944.315252 3945357.513014 0.000000 0.000000
444944.297587 3945357.513530 0.000000 0.000000
444944.279921 3945357.514047 0.000000 0.000000
444944.262256 3945357.514563 0.000000 0.000000
444944.244590 3945357.515080 0.000000 0.000000
444944.226925 3945357.515596 0.000000 0.000000
444944.209259 3945357.516113 0.000000 0.000000
444944.191594 3945357.516629 0.000000 0.000000
444944.173928 3945357.517146 0.000000 0.000000
444944.156263 3945357.517662 0.000000 -0.000000
444944.138597 3945357.518179 0.000000 0.000000
444944.120932 3945357.518696 0.000000 -0.000000
444944.103266 3945357.519212 0.000000 0.000000
444944.085601 3945357.519729 0.000000 0.000000
444944.067935 3945357.520245 0.000000 -0.000000
444944.050269 3945357.520762 0.000000 0.000000
444944.032604 3945357.521278 0.000000 0.000000
444944.014938 3945357.521795 0.000000 0.000000
444943.997273 3945357.522311 0.000000 0.000000
444943.979607 3945357.522828 0.000000 0.000000
444943.961942 3945357.523344 0.000000 -0.000000
444943.944276 3945357.523861 0.000000 -0.000000
444943.926611 3945357.524377 0.000000 0.000000
444943.908945 3945357.524894 0.000000 0.000000
444943.891280 3945357.525410 0.000000 0.000000
444943.873614 3945357.525927 0.000000 0.000000
444943.855949 3945357.526444 0.000000 0.000000
444943.838283 3945357.526960 0.000000 0.000000
444943.820618 3945357.527477 0.000000 0.000000
444943.802952 3945357.527993 0.000000 -0.000000
444943.785287 3945357.528510 0.000000 0.000000
444943.767621 3945357.529026 0.000000 -0.000000
444943.749955 3945357.529543 0.000000 -0.000000
444943.732290 3945357.530059 0.000000 0.000000
444943.714624 3945357.530576 0.000000 -0.000000
444943.696959 3945357.531092 0.000000 0.000000
444943.679293 3945357.531609 0.000000 -0.000000
444943.661628 3945357.532125 0.000000 -0.000000
444943.643962 3945357.532642 0.000000 0.000000
444943.626297 3945357.533159 0.000000 0.000000
444943.608631 3945357.533675 0.000000 -0.000000
444943.590966 3945357.534192 0.000000 -0.000000
444943.573300 3945357.534708 0.000000 0.000000
444943.555635 3945357.535225 0.000000 -0.000000
444943.537969 3945357.535741 0.000000 0.000000
444943.520304 3945357.536258 0.000000 -0.000000
444943.502638 3945357.536774 0.000000 0.000000
444943.484973 3945357.537291 0.000000 0.000000
444943.467307 3945357.537807 0.000000 -0.000000
444943.449641 3945357.538324 0.000000 0.000000
444943.431976 3945357.538840 0.000000 -0.000000
444943.414310 3945357.539357 0.000000 0.000000
444943.396645 3945357.539873 0.000000 0.000000
444943.378979 3945357.540390 0.000000 -0.000000
444943.361314 3945357.540907 0.000000 0.000000
444943.343648 3945357.541423 0.000000 0.000000
444943.325983 3945357.541940 0.000000 0.000000
444943.308317 3945357.542456 0.000000 0.000000
444943.290652 3945357.542973 0.000000 0.000000
444943.272986 3945357.543489 0.000000 0.000000
444943.255321 3945357.544006 0.000000 0.000000
444943.237655 3945357.544522 0.000000 0.000000
444943.219990 3945357.545039 0.000000 -0.000000
444943.202324 3945357.545555 0.000000 -0.000000
444943.184659 3945357.546072 0.000000 0.000000
444943.166993 3945357.546588 0.000000 -0.000000
444943.149327 3945357.547105 0.000000 -0.000000
444943.131662 3945357.547622 0.000000 -0.000000
444943.113996 3945357.548138 0.000000 0.000000
444943.096331 3945357.548655 0.000000 -0.000000
444943.078665 3945357.549171 0.000000 0.000000
444943.061000 3945357.549688 0.000000 -0.000000
444943.043334 3945357.550204 0.000000 -0.000000
444943.025669 3945357.550721 0.000000 -0.000000
444943.008003 3945357.551237 0.000000 0.000000
444942.990338 3945357.551754 0.000000 0.000000
444942.972672 3945357.552270 0.000000 -0.000000
444942.955007 3945357.552787 0.000000 -0.000000
444942.937341 3945357.553303 0.000000 0.000000
444942.919676 3945357.553820 0.000000 -0.000000
444942.902010 3945357.554336 0.000000 0.000000
444942.884345 3945357.554853 0.000000 -0.000000
444942.866679 3945357.555370 0.000000 -0.000000
444942.849013 3945357.555886 0.000000 -0.000000
444942.831348 3945357.556403 0.000000 0.000000
444942.813682 3945357.556919 0.000000 0.000000
444942.796017 3945357.557436 0.000000 -0.000000
444942.778351 3945357.557952 0.000000 -0.000000
444942.760686 3945357.558469 0.000000 -0.000000
444942.743020 3945357.558985 0.000000 0.000000
444942.725355 3945357.559502 0.000000 -0.000000
444942.707689 3945357.560018 0.000000 -0.000000
444942.690024 3945357.560535 0.000000 -0.000000
444942.672358 3945357.561051 0.000000 0.000000
444942.654693 3945357.561568 0.000000 -0.000000
444942.637027 3945357.562085 0.000000 -0.000000
444942.619362 3945357.562601 0.000000 -0.000000
444942.601696 3945357.563118 0.000000 0.000000
444942.584031 3945357.563634 0.000000 -0.000000
444942.566365 3945357.564151 0.000000 0.000000
444942.548700 3945357.564667 0.000000 -0.000000
444942.531034 3945357.565184 0.000000 -0.000000
444942.513368 3945357.565700 0.000000 0.000000
444942.495703 3945357.566217 0.000000 -0.000000
444942.478037 3945357.566733 0.000000 -0.000000
444942.460372 3945357.567250 0.000000 -0.000000
444942.442706 3945357.567766 0.000000 -0.000000
444942.425041 3945357.568283 0.000000 -0.000000
444942.407375 3945357.568799 0.000000 -0.000000
444942.389710 3945357.569316 0.000000 -0.000000
444942.372044 3945357.569833 0.000000 -0.000000
444942.354379 3945357.570349 0.000000 -0.000000
444942.336713 3945357.570866 0.000000 -0.000000
444942.319048 3945357.571382 0.000000 -0.000000
444942.301382 3945357.571899 0.000000 -0.000000
444942.283717 3945357.572415 0.000000 0.000000
444942.266051 3945357.572932 0.000000 -0.000000
444942.248386 3945357.573448 0.000000 -0.000000
444942.230720 3945357.573965 0.000000 -0.000000
444942.213054 3945357.574481 0.000000 -0.000000
444942.195389 3945357.574998 0.000000 -0.000000
444942.177723 3945357.575514 0.000000 0.000000
444942.160058 3945357.576031 0.000000 -0.000000
444942.142392 3945357.576548 0.000000 -0.000000
444942.124727 3945357.577064 0.000000 -0.000000
444942.107061 3945357.577581 0.000000 -0.000000
444942.089396 3945357.578097 0.000000 -0.000000
444942.071730 3945357.578614 0.000000 -0.000000
444942.054065 3945357.579130 0.000000 -0.000000
444942.036399 3945357.579647 0.000000 -0.000000
444942.018734 3945357.580163 0.000000 -0.000000
444942.001068 3945357.580680 0.000000 -0.000000
444941.983403 3945357.581196 0.000000 -0.000000
444941.965737 3945357.581713 0.000000 -0.000000
444941.948072 3945357.582229 0.000000 -0.000000
444941.930406 3945357.582746 0.000000 -0.000000
444941.912740 3945357.583262 0.000000 -0.000000
444941.895075 3945357.583779 0.000000 0.000000
444941.877409 3945357.584296 0.000000 -0.000000
444941.859744 3945357.584812 0.000000 -0.000000
444941.842078 3945357.585329 0.000000 -0.000000
444941.824413 3945357.585845 0.000000 0.000000
444941.806747 3945357.586362 0.000000 -0.000000
444941.789082 3945357.586878 0.000000 -0.000000
444941.771416 3945357.587395 0.000000 -0.000000
444941.753751 3945357.587911 0.000000 -0.000000
444941.736085 3945357.588428 0.000000 0.000000
444941.718420 3945357.588944 0.000000 -0.000000
444941.700754 3945357.589461 0.000000 -0.000000
444941.683089 3945357.589977 0.000000 -0.000000
444941.665423 3945357.590494 0.000000 -0.000000
444941.647758 3945357.591011 0.000000 -0.000000
444941.630092 3945357.591527 0.000000 -0.000000
444941.612426 3945357.592044 0.000000 -0.000000
444941.594761 3945357.592560 0.000000 -0.000000
444941.577095 3945357.593077 0.000000 -0.000000
444941.559430 3945357.593593 0.000000 -0.000000
444941.541764 3945357.594110 0.000000 -0.000000
444941.524099 3945357.594626 0.000000 -0.000000
444941.506433 3945357.595143 0.000000 -0.000000
444941.488768 3945357.595659 0.000000 -0.000000
444941.471102 3945357.596176 0.000000 -0.000000
444941.453437 3945357.596692 0.000000 -0.000000
444941.435771 3945357.597209 0.000000 -0.000000
444941.418106 3945357.597726 0.000000 -0.000000
444941.400440 3945357.598242 0.000000 -0.000000
444941.382775 3945357.598759 0.000000 -0.000000
444941.365109 3945357.599275 0.000000 -0.000000
444941.347444 3945357.599792 0.000000 -0.000000
444941.329778 3945357.600308 0.000000 -0.000000
444941.312112 3945357.600825 0.000000 -0.000000
444941.294447 3945357.601341 0.000000 -0.000000
444941.276781 3945357.601858 0.000000 -0.000000
444941.259116 3945357.602374 0.000000 -0.000000
444941.241450 3945357.602891 0.000000 -0.000000
444941.223785 3945357.603407 0.000000 -0.000000
444941.206119 3945357.603924 0.000000 -0.000000
444941.188454 3945357.604440 0.000000 0.000000
444941.170788 3945357.604957 0.000000 -0.000000
444941.153123 3945357.605474 0.000000 -0.000000
444941.135457 3945357.605990 0.000000 -0.000000
444941.117792 3945357.606507 0.000000 -0.000000
444941.100126 3945357.607023 0.000000 -0.000000
444941.082461 3945357.607540 0.000000 0.000000
444941.064795 3945357.608056 0.000000 -0.000000
444941.047130 3945357.608573 0.000000 0.000000
444941.029464 3945357.609089 0.000000 -0.000000
444941.011798 3945357.609606 0.000000 -0.000000
444940.994133 3945357.610122 0.000000 -0.000000
444940.976467 3945357.610639 0.000000 0.000000
444940.958802 3945357.611155 0.000000 -0.000000
444940.941136 3945357.611672 0.000000 -0.000000
444940.923471 3945357.612189 0.000000 -0.000000
444940.905805 3945357.612705 0.000000 0.000000
444940.888140 3945357.613222 0.000000 -0.000000
444940.870474 3945357.613738 0.000000 -0.000000
444940.852809 3945357.614255 0.000000 0.000000
444940.835143 3945357.614771 0.000000 -0.000000
444940.817478 3945357.615288 0.000000 -0.000000
444940.799812 3945357.615804 0.000000 -0.000000
444940.782147 3945357.616321 0.000000 0.000000
444940.764481 3945357.616837 0.000000 0.000000
444940.746816 3945357.617354 0.000000 -0.000000
444940.729150 3945357.617870 0.000000 -0.000000
444940.711484 3945357.618387 0.000000 -0.000000
444940.693819 3945357.618903 0.000000 -0.000000
444940.676153 3945357.619420 0.000000 -0.000000
444940.658488 3945357.619937 0.000000 -0.000000
444940.640822 3945357.620453 0.000000 -0.000000
444940.623157 3945357.620970 0.000000 -0.000000
444940.605491 3945357.621486 0.000000 -0.000000
444940.587826 3945357.622003 0.000000 -0.000000
444940.570160 3945357.622519 0.000000 -0.000000
444940.552495 3945357.623036 0.000000 -0.000000
444940.534829 3945357.623552 0.000000 -0.000000
444940.517164 3945357.624069 0.000000 -0.000000
444940.499498 3945357.624585 0.000000 -0.000000
444940.481833 3945357.625102 0.000000 -0.000000
444940.464167 3945357.625618 0.000000 -0.000000
444940.446502 3945357.626135 0.000000 -0.000000
444940.428836 3945357.626652 0.000000 -0.000000
444940.411170 3945357.627168 0.000000 -0.000000
444940.393505 3945357.627685 0.000000 -0.000000
444940.375839 3945357.628201 0.000000 -0.000000
444940.358174 3945357.628718 0.000000 -0.000000
444940.340508 3945357.629234 0.000000 -0.000000
444940.322843 3945357.629751 0.000000 -0.000000
444940.305177 3945357.630267 0.000000 -0.000000
444940.287512 3945357.630784 0.000000 -0.000000
444940.269846 3945357.631300 0.000000 -0.000000
444940.252181 3945357.631817 0.000000 -0.000000
444940.234515 3945357.632333 0.000000 -0.000000
444940.216850 3945357.632850 0.000000 -0.000000
444940.199184 3945357.633366 0.000000 -0.000000
444940.181519 3945357.633883 0.000000 -0.000000
444940.163853 3945357.634400 0.000000 -0.000000
444940.146188 3945357.634916 0.000000 -0.000000
444940.128522 3945357.635433 0.000000 -0.000000
444940.110856 3945357.635949 0.000000 -0.000000
444940.093191 3945357.636466 0.000000 -0.000000
444940.075525 3945357.636982 0.000000 -0.000000
444940.057860 3945357.637499 0.000000 -0.000000
444940.040194 3945357.638015 0.000000 -0.000000
444940.022529 3945357.638532 0.000000 -0.000000
444940.004863 3945357.639048 0.000000 -0.000000
444939.987198 3945357.639565 0.000000 -0.000000
444939.969532 3945357.640081 0.000000 -0.000000
444939.951867 3945357.640598 0.000000 -0.000000
444939.934201 3945357.641115 0.000000 -0.000000
444939.916536 3945357.641631 0.000000 -0.000000
444939.898870 3945357.642148 0.000000 -0.000000
444939.881205 3945357.642664 0.000000 -0.000000
444939.863539 3945357.643181 0.000000 -0.000000
444939.845874 3945357.643697 0.000000 -0.000000
444939.828208 3945357.644214 0.000000 -0.000000
444939.810543 3945357.644730 0.000000 -0.000000
444939.792877 3945357.645247 0.000000 -0.000000
444939.775211 3945357.645763 0.000000 -0.000000
444939.757546 3945357.646280 0.000000 -0.000000
444939.739880 3945357.646796 0.000000 -0.000000
444939.722215 3945357.647313 0.000000 -0.000000
444939.704549 3945357.647829 0.000000 -0.000000
444939.686884 3945357.648346 0.000000 -0.000000
444939.669218 3945357.648863 0.000000 -0.000000
444939.651553 3945357.649379 0.000000 -0.000000
444939.633887 3945357.649896 0.000000 -0.000000
444939.616222 3945357.650412 0.000000 -0.000000
444939.598556 3945357.650929 0.000000 -0.000000
444939.580891 3945357.651445 0.000000 -0.000000
444939.563225 3945357.651962 0.000000 -0.000000
444939.545560 3945357.652478 0.000000 -0.000000
444939.527894 3945357.652995 0.000000 -0.000000
444939.510229 3945357.653511 0.000000 -0.000000
444939.492563 3945357.654028 0.000000 -0.000000
444939.474897 3945357.654544 0.000000 -0.000000
444939.457232 3945357.655061 0.000000 -0.000000
444939.439566 3945357.655578 0.000000 -0.000000
444939.421901 3945357.656094 0.000000 -0.000000
444939.404235 3945357.656611 0.000000 -0.000000
444939.386570 3945357.657127 0.000000 -0.000000
444939.368904 3945357.657644 0.000000 -0.000000
444939.351239 3945357.658160 0.000000 -0.000000
444939.333573 3945357.658677 0.000000 -0.000000
444939.315908 3945357.659193 0.000000 -0.000000
444939.298242 3945357.659710 0.000000 -0.000000
444939.280577 3945357.660226 0.000000 -0.000000
444939.262911 3945357.660743 0.000000 -0.000000
444939.245246 3945357.661259 0.000000 -0.000000
444939.227580 3945357.661776 0.000000 -0.000000
444939.209915 3945357.662292 0.000000 -0.000000
444939.192249 3945357.662809 0.000000 -0.000000
444939.174583 3945357.663326 0.000000 -0.000000
444939.156918 3945357.663842 0.000000 -0.000000
444939.139252 3945357.664359 0.000000 -0.000000
444939.121587 3945357.664875 0.000000 -0.000000
444939.103921 3945357.665392 0.000000 -0.000000
444939.086256 3945357.665908 0.000000 -0.000000
444939.068590 3945357.666425 0.000000 -0.000000
444939.050925 3945357.666941 0.000000 -0.000000
444939.033259 3945357.667458 0.000000 -0.000000
444939.015594 3945357.667974 0.000000 -0.000000
444938.997928 3945357.668491 0.000000 -0.000000
444938.980263 3945357.669007 0.000000 -0.000000
444938.962597 3945357.669524 0.000000 -0.000000
444938.944932 3945357.670041 0.000000 -0.000000
444938.927266 3945357.670557 0.000000 -0.000000
444938.909601 3945357.671074 0.000000 -0.000000
444938.891935 3945357.671590 0.000000 -0.000000
444938.874269 3945357.672107 0.000000 -0.000000
444938.856604 3945357.672623 0.000000 -0.000000
444938.838938 3945357.673140 0.000000 -0.000000
444938.821273 3945357.673656 0.000000 -0.000000
444938.803607 3945357.674173 0.000000 -0.000000
444938.785942 3945357.674689 0.000000 -0.000000
444938.768276 3945357.675206 0.000000 -0.000000
444938.750611 3945357.675722 0.000000 -0.000000
444938.732945 3945357.676239 0.000000 -0.000000
444938.715280 3945357.676756 0.000000 -0.000000
444938.697614 3945357.677272 0.000000 -0.000000
444938.679949 3945357.677789 0.000000 -0.000000
444938.662283 3945357.678305 0.000000 -0.000000
444938.644618 3945357.678822 0.000000 -0.000000
444938.626952 3945357.679338 0.000000 -0.000000
444938.609287 3945357.679855 0.000000 -0.000000
444938.591621 3945357.680371 0.000000 -0.000000
444938.573955 3945357.680888 0.000000 -0.000000
444938.556290 3945357.681404 0.000000 -0.000000
444938.538624 3945357.681921 0.000000 -0.000000
444938.520959 3945357.682437 0.000000 -0.000000
444938.503293 3945357.682954 0.000000 -0.000000
444938.485628 3945357.683470 0.000000 -0.000000
444938.467962 3945357.683987 0.000000 -0.000000
444938.450297 3945357.684504 0.000000 -0.000000
444938.432631 3945357.685020 0.000000 -0.000000
444938.414966 3945357.685537 0.000000 -0.000000
444938.397300 3945357.686053 0.000000 -0.000000
444938.379635 3945357.686570 0.000000 -0.000000
444938.361969 3945357.687086 0.000000 -0.000000
444938.344304 3945357.687603 0.000000 -0.000000
444938.326638 3945357.688119 0.000000 -0.000000
444938.308973 3945357.688636 0.000000 -0.000000
444938.291307 3945357.689152 0.000000 -0.000000
444938.273641 3945357.689669 0.000000 -0.000000
444938.255976 3945357.690185 0.000000 -0.000000
444938.238310 3945357.690702 0.000000 -0.000000
444938.220645 3945357.691219 0.000000 -0.000000
444938.202979 3945357.691735 0.000000 -0.000000
444938.185314 3945357.692252 0.000000 -0.000000
444938.167648 3945357.692768 0.000000 -0.000000
444938.149983 3945357.693285 0.000000 -0.000000
444938.132317 3945357.693801 0.000000 -0.000000
444938.114652 3945357.694318 0.000000 -0.000000
444938.096986 3945357.694834 0.000000 -0.000000
444938.079321 3945357.695351 0.000000 -0.000000
444938.061655 3945357.695867 0.000000 -0.000000
444938.043990 3945357.696384 0.000000 -0.000000
444938.026324 3945357.696900 0.000000 -0.000000
444938.008659 3945357.697417 0.000000 -0.000000
444937.990993 3945357.697933 0.000000 -0.000000
444937.973327 3945357.698450 0.000000 -0.000000
444937.955662 3945357.698967 0.000000 -0.000000
444937.937996 3945357.699483 0.000000 -0.000000
444937.920331 3945357.700000 0.000000 -0.000000
444937.902665 3945357.700516 0.000000 -0.000000
444937.885000 3945357.701033 0.000000 -0.000000
444937.867334 3945357.701549 0.000000 -0.000000
444937.849669 3945357.702066 0.000000 -0.000000
444937.832003 3945357.702582 0.000000 -0.000000
444937.814338 3945357.703099 0.000000 -0.000000
444937.796672 3945357.703615 0.000000 -0.000000
444937.779007 3945357.704132 0.000000 -0.000000
444937.761341 3945357.704648 0.000000 -0.000000
444937.743676 3945357.705165 0.000000 -0.000000
444937.726010 3945357.705682 0.000000 -0.000000
444937.708345 3945357.706198 0.000000 -0.000000
444937.690679 3945357.706715 0.000000 -0.000000
444937.673013 3945357.707231 0.000000 -0.000000
444937.655348 3945357.707748 0.000000 -0.000000
444937.637682 3945357.708264 0.000000 -0.000000
444937.620017 3945357.708781 0.000000 -0.000000
444937.602351 3945357.709297 0.000000 -0.000000
444937.584686 3945357.709814 0.000000 -0.000000
444937.567020 3945357.710330 0.000000 -0.000000
444937.549355 3945357.710847 0.000000 -0.000000
444937.531689 3945357.711363 0.000000 -0.000000
444937.514024 3945357.711880 0.000000 -0.000000
444937.496358 3945357.712396 0.000000 -0.000000
444937.478693 3945357.712913 0.000000 -0.000000
444937.461027 3945357.713430 0.000000 -0.000000
444937.443362 3945357.713946 0.000000 -0.000000
444937.425696 3945357.714463 0.000000 -0.000000
444937.408031 3945357.714979 0.000000 -0.000000
444937.390365 3945357.715496 0.000000 -0.000000
444937.372700 3945357.716012 0.000000 -0.000000
444937.355034 3945357.716529 0.000000 -0.000000
444937.337368 3945357.717045 0.000000 -0.000000
444937.319703 3945357.717562 0.000000 -0.000000
444937.302037 3945357.718078 0.000000 -0.000000
444937.284372 3945357.718595 0.000000 -0.000000
444937.266706 3945357.719111 0.000000 -0.000000
444937.249041 3945357.719628 0.000000 -0.000000
444937.231375 3945357.720145 0.000000 -0.000000
444937.213710 3945357.720661 0.000000 -0.000000
444937.196044 3945357.721178 0.000000 -0.000000
444937.178379 3945357.721694 0.000000 -0.000000
444937.160713 3945357.722211 0.000000 -0.000000
444937.143048 3945357.722727 0.000000 -0.000000
444937.125382 3945357.723244 0.000000 -0.000000
444937.107717 3945357.723760 0.000000 -0.000000
444937.090051 3945357.724277 0.000000 -0.000000
444937.072386 3945357.724793 0.000000 -0.000000
444937.054720 3945357.725310 0.000000 -0.000000
444937.037054 3945357.725826 0.000000 -0.000000
444937.019389 3945357.726343 0.000000 -0.000000
444937.001723 3945357.726859 0.000000 -0.000000
444936.984058 3945357.727376 0.000000 -0.000000
444936.966392 3945357.727893 0.000000 -0.000000
444936.948727 3945357.728409 0.000000 -0.000000
444936.931061 3945357.728926 0.000000 -0.000000
444936.913396 3945357.729442 0.000000 -0.000000
444936.895554 3945357.729964 0.000000 -0.000000
444936.877358 3945357.730496 0.000000 -0.000000
444936.858809 3945357.731038 0.000000 -0.000000
444936.839907 3945357.731591 0.000000 -0.000000
444936.820652 3945357.732154 0.000000 -0.000000
444936.801043 3945357.732727 0.000000 -0.000000
444936.781081 3945357.733311 0.000000 -0.000000
444936.760766 3945357.733905 0.000000 -0.000000
444936.740097 3945357.734509 0.000000 -0.000000
444936.719075 3945357.735124 0.000000 -0.000000
444936.697700 3945357.735749 0.000000 -0.000000
444936.675971 3945357.736384 0.000000 -0.000000
444936.653889 3945357.737030 0.000000 -0.000000
444936.631454 3945357.737686 0.000000 -0.000000
444936.608665 3945357.738352 0.000000 -0.000000
444936.585524 3945357.739029 0.000000 -0.000000
444936.562028 3945357.739716 0.000000 -0.000000
444936.538180 3945357.740413 0.000000 -0.000000
444936.513978 3945357.741121 0.000000 -0.000000
444936.489423 3945357.741839 0.000000 -0.000000
444936.464515 3945357.742567 0.000000 -0.000000
444936.439253 3945357.743306 0.000000 -0.000000
444936.413638 3945357.744055 0.000000 -0.000000
444936.387670 3945357.744814 0.000000 -0.000000
444936.361348 3945357.745584 0.000000 -0.000000
444936.334673 3945357.746364 0.000000 -0.000000
444936.307645 3945357.747154 0.000000 -0.000000
444936.280263 3945357.747955 0.000000 -0.000000
444936.252528 3945357.748766 0.000000 -0.000000
444936.224440 3945357.749587 0.000000 -0.000000
444936.195999 3945357.750419 0.000000 -0.000000
444936.167204 3945357.751261 0.000000 -0.000000
444936.138056 3945357.752113 0.000000 -0.000000
444936.108554 3945357.752976 0.000000 -0.000000
444936.078699 3945357.753848 0.000000 -0.000000
444936.048491 3945357.754732 0.000000 -0.000000
444936.017930 3945357.755625 0.000000 -0.000000
444935.987015 3945357.756529 0.000000 -0.000000
444935.955747 3945357.757444 0.000000 -0.000000
444935.924126 3945357.758368 0.000000 -0.000000
444935.892152 3945357.759303 0.000000 -0.000000
444935.859824 3945357.760248 0.000000 -0.000000
444935.827142 3945357.761204 0.000000 -0.000000
444935.794108 3945357.762170 0.000000 -0.000000
444935.760720 3945357.763146 0.000000 -0.000000
444935.726979 3945357.764133 0.000000 -0.000000
444935.692884 3945357.765130 0.000000 -0.000000
444935.658437 3945357.766137 0.000000 -0.000000
444935.623635 3945357.767154 0.000000 -0.000000
