444987.903241 3945355.371456 0.000000 0.000000
444987.557082 3945355.394121 0.000000 -0.001277
444987.216227 3945355.417490 0.000000 -0.002554
444986.880675 3945355.441562 0.000000 -0.003830
444986.550426 3945355.466337 0.000000 -0.005107
444986.225480 3945355.491815 0.000000 -0.006384
444985.905837 3945355.517996 0.000000 -0.007661
444985.591498 3945355.544880 0.000000 -0.008937
444985.282462 3945355.572468 0.000000 -0.010214
444984.978728 3945355.600759 0.000000 -0.011491
444984.680298 3945355.629753 0.000000 -0.012768
444984.387171 3945355.659450 0.000000 -0.014044
444984.099347 3945355.689850 0.000000 -0.015321
444983.816827 3945355.720953 0.000000 -0.016598
444983.539609 3945355.752759 0.000000 -0.017875
444983.267695 3945355.785269 0.000000 -0.019152
444983.001084 3945355.818482 0.000000 -0.020428
444982.739776 3945355.852398 0.000000 -0.021705
444982.483771 3945355.887017 0.000000 -0.022982
444982.233069 3945355.922339 0.000000 -0.024472
444981.987670 3945355.958364 0.000000 -0.026091
444981.747575 3945355.995093 0.000000 -0.027854
444981.512783 3945356.032524 0.000000 -0.029776
444981.283293 3945356.070659 0.000000 -0.031875
444981.059107 3945356.109497 0.000000 -0.034172
444980.840225 3945356.149038 0.000000 -0.036689
444980.626645 3945356.189282 0.000000 -0.039454
444980.418368 3945356.230229 0.000000 -0.042495
444980.215395 3945356.271880 0.000000 -0.045848
444980.017725 3945356.314233 0.000000 -0.049551
444979.825357 3945356.357290 0.000000 -0.053650
444979.638293 3945356.401050 0.000000 -0.058198
444979.456533 3945356.445513 0.000000 -0.063151
444979.280075 3945356.490679 0.000000 -0.068431
444979.108920 3945356.536549 0.000000 -0.074038
444978.943069 3945356.583121 0.000000 -0.079963
444978.782521 3945356.630397 0.000000 -0.086193
444978.627276 3945356.678376 0.000000 -0.092705
444978.477334 3945356.727058 0.000000 -0.099469
444978.332695 3945356.776443 0.000000 -0.106443
444978.193359 3945356.826531 0.000000 -0.113572
444978.059327 3945356.877322 0.000000 -0.120790
444977.930597 3945356.928817 0.000000 -0.128016
444977.807171 3945356.981015 0.000000 -0.135156
444977.689048 3945357.033915 0.000000 -0.142101
444977.576228 3945357.087519 0.000000 -0.148727
444977.468711 3945357.141826 0.000000 -0.154896
444977.366498 3945357.196837 0.000000 -0.160455
444977.269587 3945357.252550 0.000000 -0.165241
444977.177980 3945357.308967 0.000000 -0.169079
444977.091676 3945357.366086 0.000000 -0.171784
444977.008700 3945357.423902 0.000000 -0.173685
444976.927078 3945357.482408 0.000000 -0.175227
444976.846810 3945357.541604 0.000000 -0.176403
444976.767895 3945357.601489 0.000000 -0.177217
444976.690335 3945357.662063 0.000000 -0.177681
444976.614128 3945357.723328 0.000000 -0.177818
444976.539275 3945357.785282 0.000000 -0.177663
444976.465775 3945357.847925 0.000000 -0.177264
444976.393630 3945357.911259 0.000000 -0.176679
444976.322838 3945357.975282 0.000000 -0.175980
444976.253400 3945358.039994 0.000000 -0.175245
444976.185315 3945358.105397 0.000000 -0.174563
444976.118585 3945358.171489 0.000000 -0.174028
444976.053208 3945358.238270 0.000000 -0.173737
444975.989185 3945358.305741 0.000000 -0.173787
444975.926516 3945358.373902 0.000000 -0.174274
444975.865200 3945358.442753 0.000000 -0.175289
444975.805239 3945358.512293 0.000000 -0.176913
444975.746631 3945358.582523 0.000000 -0.178813
444975.689377 3945358.653443 0.000000 -0.180597
444975.633476 3945358.725052 0.000000 -0.182258
444975.578930 3945358.797351 0.000000 -0.183792
444975.525737 3945358.870339 0.000000 -0.185191
444975.473898 3945358.944017 0.000000 -0.186450
444975.423412 3945359.018385 0.000000 -0.187565
444975.374281 3945359.093443 0.000000 -0.188530
444975.326503 3945359.169190 0.000000 -0.189342
444975.280079 3945359.245627 0.000000 -0.189997
444975.235009 3945359.322753 0.000000 -0.190493
444975.191292 3945359.400569 0.000000 -0.190828
444975.148930 3945359.479075 0.000000 -0.191000
444975.107921 3945359.558270 0.000000 -0.190986
444975.068266 3945359.638155 0.000000 -0.190717
444975.029964 3945359.718730 0.000000 -0.190126
444974.993017 3945359.799994 0.000000 -0.189153
444974.957423 3945359.881948 0.000000 -0.187743
444974.923183 3945359.964592 0.000000 -0.185856
444974.890296 3945360.047925 0.000000 -0.183460
444974.858764 3945360.131948 0.000000 -0.180538
444974.828585 3945360.216661 0.000000 -0.177084
444974.799760 3945360.302063 0.000000 -0.173106
444974.772289 3945360.388155 0.000000 -0.168621
444974.746171 3945360.474937 0.000000 -0.163657
444974.721407 3945360.562408 0.000000 -0.158253
444974.697997 3945360.650569 0.000000 -0.152450
444974.675941 3945360.739420 0.000000 -0.146298
444974.655239 3945360.828960 0.000000 -0.139847
444974.635890 3945360.919190 0.000000 -0.133151
444974.617895 3945361.010109 0.000000 -0.126262
444974.601254 3945361.101718 0.000000 -0.119233
444974.585624 3945361.195824 0.000000 -0.112093
444974.570661 3945361.294231 0.000000 -0.104911
444974.556366 3945361.396941 0.000000 -0.097784
444974.542738 3945361.503954 0.000000 -0.090798
444974.529778 3945361.615269 0.000000 -0.084025
444974.517486 3945361.730886 0.000000 -0.077521
444974.505862 3945361.850806 0.000000 -0.071334
444974.494905 3945361.975028 0.000000 -0.065498
444974.484615 3945362.103552 0.000000 -0.060034
444974.474994 3945362.236379 0.000000 -0.054957
444974.466040 3945362.373509 0.000000 -0.050270
444974.457753 3945362.514940 0.000000 -0.045971
444974.450134 3945362.660674 0.000000 -0.042051
444974.443183 3945362.810711 0.000000 -0.038496
444974.436900 3945362.965050 0.000000 -0.035290
444974.431284 3945363.123691 0.000000 -0.032412
444974.426336 3945363.286635 0.000000 -0.029842
444974.422055 3945363.453881 0.000000 -0.027557
444974.418442 3945363.625430 0.000000 -0.025514
444974.415497 3945363.801281 0.000000 -0.023669
444974.413219 3945363.981434 0.000000 -0.021997
444974.411609 3945364.165890 0.000000 -0.020479
444974.410667 3945364.354648 0.000000 -0.019098
444974.410392 3945364.547709 0.000000 -0.017838
444974.410785 3945364.745072 0.000000 -0.016686
444974.411846 3945364.946738 0.000000 -0.015632
444974.413574 3945365.152706 0.000000 -0.014665
444974.415970 3945365.362976 0.000000 -0.013776
444974.419033 3945365.577549 0.000000 -0.012957
444974.422764 3945365.796424 0.000000 -0.012202
444974.427163 3945366.019601 0.000000 -0.011505
444974.432229 3945366.247081 0.000000 -0.010899
444974.437963 3945366.478863 0.000000 -0.010294
444974.444365 3945366.714948 0.000000 -0.009688
444974.451434 3945366.955335 0.000000 -0.009083
444974.459171 3945367.200025 0.000000 -0.008477
444974.467576 3945367.449017 0.000000 -0.007872
444974.476648 3945367.702311 0.000000 -0.007266
444974.486388 3945367.959908 0.000000 -0.006661
444974.496796 3945368.221807 0.000000 -0.006055
444974.507871 3945368.488009 0.000000 -0.005450
444974.519613 3945368.758513 0.000000 -0.004844
444974.532024 3945369.033320 0.000000 -0.004239
444974.545102 3945369.312428 0.000000 -0.003633
444974.558848 3945369.595840 0.000000 -0.003028
444974.573261 3945369.883553 0.000000 -0.002422
444974.588342 3945370.175569 0.000000 -0.001817
444974.604090 3945370.471888 0.000000 -0.001211
444974.620507 3945370.772509 0.000000 -0.000606
