444987.903241 3945355.371456 0.000000 0.000000
444987.523326 3945355.391191 0.000000 -0.000000
444987.147230 3945355.410729 0.000000 -0.000000
444986.774953 3945355.430068 0.000000 -0.000000
444986.406493 3945355.449209 0.000000 -0.000000
444986.041852 3945355.468151 0.000000 -0.000000
444985.681029 3945355.486895 0.000000 -0.000000
444985.324024 3945355.505441 0.000000 -0.000000
444984.970837 3945355.523788 0.000000 -0.000000
444984.621469 3945355.541937 0.000000 -0.000000
444984.275919 3945355.559888 0.000000 -0.000000
444983.934187 3945355.577640 0.000000 -0.000000
444983.596273 3945355.595194 0.000000 -0.000000
444983.262178 3945355.612550 0.000000 -0.000000
444982.931901 3945355.629707 0.000000 -0.000000
444982.605442 3945355.646666 0.000000 -0.000000
444982.282801 3945355.663427 0.000000 -0.000000
444981.963978 3945355.679989 0.000000 -0.000000
444981.648974 3945355.696353 0.000000 0.000000
444981.337788 3945355.712518 0.000000 -0.000000
444981.030420 3945355.728485 0.000000 -0.000000
444980.726871 3945355.744254 0.000000 0.000000
444980.427139 3945355.759825 0.000000 -0.000000
444980.131226 3945355.775197 0.000000 0.000000
444979.839131 3945355.790370 0.000000 0.000000
444979.550855 3945355.805346 0.000000 -0.000000
444979.266396 3945355.820123 0.000000 -0.000000
444978.985756 3945355.834702 0.000000 0.000000
444978.708934 3945355.849082 0.000000 -0.000000
444978.435930 3945355.863264 0.000000 -0.000000
444978.166745 3945355.877248 0.000000 0.000000
444977.901378 3945355.891033 0.000000 0.000000
444977.639829 3945355.904620 0.000000 -0.000000
444977.382098 3945355.918008 0.000000 -0.000000
444977.128185 3945355.931199 0.000000 -0.000000
444976.878091 3945355.944191 0.000000 0.000000
444976.631815 3945355.956984 0.000000 -0.000000
444976.389357 3945355.969579 0.000000 0.000000
444976.150718 3945355.981976 0.000000 -0.000000
444975.915896 3945355.994175 0.000000 -0.000000
444975.684893 3945356.006175 0.000000 -0.000000
444975.457708 3945356.017977 0.000000 -0.000000
444975.234341 3945356.029580 0.000000 -0.000000
444975.014793 3945356.040985 0.000000 -0.000000
444974.799063 3945356.052192 0.000000 0.000000
444974.587151 3945356.063201 0.000000 0.000000
444974.379057 3945356.074011 0.000000 -0.000000
444974.174782 3945356.084622 0.000000 0.000000
444973.974324 3945356.095036 0.000000 -0.000000
444973.777685 3945356.105251 0.000000 0.000000
444973.584865 3945356.115267 0.000000 -0.000000
444973.393953 3945356.125185 0.000000 -0.000000
444973.203041 3945356.135102 0.000000 -0.000000
444973.012130 3945356.145020 0.000000 -0.000000
444972.821218 3945356.154937 0.000000 0.000000
444972.630306 3945356.164855 0.000000 0.000000
444972.439394 3945356.174772 0.000000 -0.000000
444972.248483 3945356.184690 0.000000 -0.000000
444972.057571 3945356.194607 0.000000 -0.000000
444971.866659 3945356.204525 0.000000 0.000000
444971.675748 3945356.214442 0.000000 0.000000
444971.484836 3945356.224360 0.000000 -0.000000
444971.293924 3945356.234277 0.000000 0.000000
444971.103013 3945356.244195 0.000000 0.000000
444970.912101 3945356.254112 0.000000 0.000000
444970.721189 3945356.264030 0.000000 -0.000000
444970.530278 3945356.273947 0.000000 0.000000
444970.339366 3945356.283865 0.000000 -0.000000
444970.148454 3945356.293782 0.000000 0.000000
444969.957543 3945356.303700 0.000000 -0.000000
444969.766631 3945356.313617 0.000000 -0.000000
444969.575719 3945356.323535 0.000000 0.000000
444969.384808 3945356.333452 0.000000 -0.000000
444969.193896 3945356.343370 0.000000 0.000000
444969.002984 3945356.353287 0.000000 -0.000000
444968.812073 3945356.363205 0.000000 -0.000000
444968.621161 3945356.373122 0.000000 -0.000000
444968.430249 3945356.383040 0.000000 -0.000000
444968.239337 3945356.392957 0.000000 0.000000
444968.048426 3945356.402875 0.000000 -0.000000
444967.857514 3945356.412792 0.000000 0.000000
444967.666602 3945356.422710 0.000000 0.000000
444967.475691 3945356.432627 0.000000 0.000000
444967.284779 3945356.442545 0.000000 0.000000
444967.093867 3945356.452462 0.000000 -0.000000
444966.902956 3945356.462380 0.000000 -0.000000
444966.712044 3945356.472297 0.000000 0.000000
444966.521132 3945356.482214 0.000000 -0.000000
444966.330221 3945356.492132 0.000000 -0.000000
444966.139309 3945356.502049 0.000000 0.000000
444965.948397 3945356.511967 0.000000 -0.000000
444965.757486 3945356.521884 0.000000 0.000000
444965.566574 3945356.531802 0.000000 -0.000000
444965.375662 3945356.541719 0.000000 0.000000
444965.184751 3945356.551637 0.000000 -0.000000
444964.993839 3945356.561554 0.000000 -0.000000
444964.802927 3945356.571472 0.000000 -0.000000
444964.612015 3945356.581389 0.000000 -0.000000
444964.421104 3945356.591307 0.000000 0.000000
444964.230192 3945356.601224 0.000000 -0.000000
444964.039280 3945356.611142 0.000000 -0.000000
444963.846460 3945356.621159 0.000000 -0.000000
444963.649821 3945356.631374 0.000000 -0.000000
444963.449363 3945356.641787 0.000000 -0.000000
444963.245088 3945356.652399 0.000000 0.000000
444963.036994 3945356.663209 0.000000 -0.000000
444962.825082 3945356.674217 0.000000 -0.000000
444962.609352 3945356.685424 0.000000 -0.000000
444962.389804 3945356.696829 0.000000 0.000000
444962.166437 3945356.708432 0.000000 0.000000
444961.939252 3945356.720234 0.000000 0.000000
444961.708249 3945356.732234 0.000000 0.000000
444961.473427 3945356.744433 0.000000 -0.000000
444961.234788 3945356.756830 0.000000 0.000000
444960.992330 3945356.769425 0.000000 0.000000
444960.746054 3945356.782219 0.000000 -0.000000
444960.495960 3945356.795210 0.000000 0.000000
444960.242047 3945356.808401 0.000000 -0.000000
444959.984316 3945356.821789 0.000000 0.000000
444959.722767 3945356.835376 0.000000 -0.000000
444959.457400 3945356.849162 0.000000 -0.000000
444959.188215 3945356.863145 0.000000 0.000000
444958.915211 3945356.877327 0.000000 -0.000000
444958.638389 3945356.891708 0.000000 -0.000000
444958.357749 3945356.906286 0.000000 0.000000
444958.073290 3945356.921063 0.000000 0.000000
444957.785014 3945356.936039 0.000000 0.000000
444957.492919 3945356.951213 0.000000 -0.000000
444957.197006 3945356.966585 0.000000 0.000000
444956.897274 3945356.982155 0.000000 0.000000
444956.593725 3945356.997924 0.000000 0.000000
444956.286357 3945357.013891 0.000000 -0.000000
444955.975171 3945357.030057 0.000000 -0.000000
444955.660167 3945357.046421 0.000000 -0.000000
444955.341344 3945357.062983 0.000000 0.000000
444955.018703 3945357.079743 0.000000 0.000000
444954.692244 3945357.096702 0.000000 0.000000
444954.361967 3945357.113859 0.000000 0.000000
444954.027872 3945357.131215 0.000000 0.000000
444953.689958 3945357.148769 0.000000 0.000000
444953.348226 3945357.166521 0.000000 0.000000
444953.002676 3945357.184472 0.000000 0.000000
444952.653308 3945357.202621 0.000000 0.000000
444952.300121 3945357.220968 0.000000 0.000000
444951.943116 3945357.239514 0.000000 0.000000
444951.582293 3945357.258258 0.000000 0.000000
444951.217652 3945357.277200 0.000000 0.000000
444950.849192 3945357.296341 0.000000 0.000000
444950.476915 3945357.315680 0.000000 0.000000
444950.100819 3945357.335218 0.000000 0.000000
