445003.960336 3945089.663582 0.000000 0.000000
445003.609789 3945089.684706 0.000000 0.000000
445003.262764 3945089.705618 0.000000 0.000000
445002.919263 3945089.726318 0.000000 0.000000
445002.579285 3945089.746805 0.000000 0.000000
445002.242830 3945089.767080 0.000000 0.000000
445001.909897 3945089.787142 0.000000 0.000000
445001.580488 3945089.806993 0.000000 0.000000
445001.254603 3945089.826631 0.000000 0.000000
445000.932240 3945089.846057 0.000000 -0.000000
445000.613400 3945089.865270 0.000000 -0.000000
445000.298083 3945089.884271 0.000000 -0.000000
444999.986290 3945089.903060 0.000000 -0.000000
444999.678019 3945089.921636 0.000000 -0.000000
444999.373272 3945089.940001 0.000000 -0.000000
444999.072048 3945089.958153 0.000000 -0.000000
444998.774347 3945089.976092 0.000000 -0.000000
444998.480168 3945089.993819 0.000000 -0.000000
444998.189513 3945090.011334 0.000000 -0.000000
444997.902382 3945090.028637 0.000000 0.000000
444997.618773 3945090.045727 0.000000 0.000000
444997.338687 3945090.062606 0.000000 -0.000000
444997.062124 3945090.079271 0.000000 0.000000
444996.789085 3945090.095725 0.000000 0.000000
444996.519568 3945090.111966 0.000000 -0.000000
444996.253575 3945090.127995 0.000000 0.000000
444995.991105 3945090.143811 0.000000 0.000000
444995.732158 3945090.159416 0.000000 0.000000
444995.476733 3945090.174808 0.000000 -0.000000
444995.224832 3945090.189987 0.000000 0.000000
444994.976455 3945090.204955 0.000000 -0.000000
444994.731600 3945090.219710 0.000000 -0.000000
444994.490268 3945090.234252 0.000000 -0.000000
444994.252459 3945090.248583 0.000000 -0.000000
444994.018174 3945090.262701 0.000000 0.000000
444993.787411 3945090.276607 0.000000 -0.000000
444993.560172 3945090.290300 0.000000 0.000000
444993.336456 3945090.303782 0.000000 0.000000
444993.116263 3945090.317051 0.000000 -0.000000
444992.899592 3945090.330107 0.000000 -0.000000
444992.686445 3945090.342952 0.000000 -0.000000
444992.476821 3945090.355584 0.000000 0.000000
444992.270721 3945090.368003 0.000000 -0.000000
444992.068143 3945090.380211 0.000000 -0.000000
444991.869088 3945090.392206 0.000000 -0.000000
444991.673557 3945090.403989 0.000000 0.000000
444991.481548 3945090.415559 0.000000 0.000000
444991.293063 3945090.426917 0.000000 -0.000000
444991.108101 3945090.438063 0.000000 -0.000000
444990.926661 3945090.448997 0.000000 0.000000
444990.748745 3945090.459718 0.000000 -0.000000
444990.572591 3945090.470333 0.000000 -0.000000
444990.396436 3945090.480949 0.000000 0.000000
444990.220282 3945090.491564 0.000000 -0.000000
444990.044127 3945090.502179 0.000000 0.000000
444989.867973 3945090.512794 0.000000 -0.000000
444989.691818 3945090.523409 0.000000 0.000000
444989.515664 3945090.534024 0.000000 0.000000
444989.339509 3945090.544639 0.000000 -0.000000
444989.163354 3945090.555255 0.000000 -0.000000
444988.987200 3945090.565870 0.000000 0.000000
444988.811045 3945090.576485 0.000000 -0.000000
444988.634891 3945090.587100 0.000000 -0.000000
444988.458736 3945090.597715 0.000000 0.000000
444988.282582 3945090.608330 0.000000 0.000000
444988.106427 3945090.618945 0.000000 -0.000000
444987.930273 3945090.629561 0.000000 -0.000000
444987.754118 3945090.640176 0.000000 0.000000
444987.577964 3945090.650791 0.000000 0.000000
444987.401809 3945090.661406 0.000000 -0.000000
444987.225654 3945090.672021 0.000000 -0.000000
444987.049500 3945090.682636 0.000000 -0.000000
444986.873345 3945090.693251 0.000000 0.000000
444986.697191 3945090.703867 0.000000 -0.000000
444986.521036 3945090.714482 0.000000 0.000000
444986.344882 3945090.725097 0.000000 0.000000
444986.168727 3945090.735712 0.000000 -0.000000
444985.992573 3945090.746327 0.000000 -0.000000
444985.816418 3945090.756942 0.000000 0.000000
444985.640264 3945090.767558 0.000000 0.000000
444985.464109 3945090.778173 0.000000 -0.000000
444985.287954 3945090.788788 0.000000 -0.000000
444985.111800 3945090.799403 0.000000 0.000000
444984.935645 3945090.810018 0.000000 0.000000
444984.759491 3945090.820633 0.000000 -0.000000
444984.583336 3945090.831248 0.000000 -0.000000
444984.407182 3945090.841864 0.000000 -0.000000
444984.231027 3945090.852479 0.000000 -0.000000
444984.054873 3945090.863094 0.000000 0.000000
444983.878718 3945090.873709 0.000000 0.000000
444983.702564 3945090.884324 0.000000 -0.000000
444983.526409 3945090.894939 0.000000 -0.000000
444983.350254 3945090.905554 0.000000 -0.000000
444983.174100 3945090.916170 0.000000 0.000000
444982.997945 3945090.926785 0.000000 -0.000000
444982.821791 3945090.937400 0.000000 0.000000
444982.645636 3945090.948015 0.000000 0.000000
444982.469482 3945090.958630 0.000000 0.000000
444982.293327 3945090.969245 0.000000 0.000000
444982.117173 3945090.979860 0.000000 0.000000
444981.941018 3945090.990476 0.000000 0.000000
444981.763102 3945091.001197 0.000000 0.000000
444981.581663 3945091.012131 0.000000 0.000000
444981.396701 3945091.023276 0.000000 0.000000
444981.208215 3945091.034635 0.000000 0.000000
444981.016207 3945091.046205 0.000000 0.000000
444980.820675 3945091.057988 0.000000 0.000000
444980.621621 3945091.069983 0.000000 -0.000000
444980.419043 3945091.082191 0.000000 -0.000000
444980.212942 3945091.094610 0.000000 -0.000000
444980.003318 3945091.107242 0.000000 -0.000000
444979.790171 3945091.120087 0.000000 -0.000000
444979.573501 3945091.133143 0.000000 0.000000
444979.353308 3945091.146412 0.000000 0.000000
444979.129591 3945091.159893 0.000000 -0.000000
444978.902352 3945091.173587 0.000000 0.000000
444978.671590 3945091.187493 0.000000 -0.000000
444978.437304 3945091.201611 0.000000 -0.000000
444978.199495 3945091.215941 0.000000 0.000000
444977.958164 3945091.230484 0.000000 -0.000000
444977.713309 3945091.245239 0.000000 -0.000000
444977.464931 3945091.260207 0.000000 0.000000
444977.213030 3945091.275386 0.000000 0.000000
444976.957606 3945091.290778 0.000000 0.000000
444976.698659 3945091.306382 0.000000 0.000000
444976.436188 3945091.322199 0.000000 0.000000
444976.170195 3945091.338228 0.000000 0.000000
444975.900679 3945091.354469 0.000000 0.000000
444975.627639 3945091.370923 0.000000 -0.000000
444975.351076 3945091.387588 0.000000 -0.000000
444975.070991 3945091.404466 0.000000 -0.000000
444974.787382 3945091.421557 0.000000 0.000000
444974.500250 3945091.438859 0.000000 -0.000000
444974.209595 3945091.456374 0.000000 0.000000
444973.915417 3945091.474102 0.000000 0.000000
444973.617716 3945091.492041 0.000000 0.000000
444973.316491 3945091.510193 0.000000 0.000000
444973.011744 3945091.528557 0.000000 0.000000
444972.703474 3945091.547134 0.000000 0.000000
444972.391680 3945091.565923 0.000000 0.000000
444972.076363 3945091.584924 0.000000 0.000000
444971.757524 3945091.604137 0.000000 0.000000
444971.435161 3945091.623563 0.000000 0.000000
444971.109275 3945091.643201 0.000000 0.000000
444970.779866 3945091.663051 0.000000 0.000000
444970.446934 3945091.683114 0.000000 0.000000
444970.110479 3945091.703389 0.000000 0.000000
444969.770500 3945091.723876 0.000000 0.000000
444969.426999 3945091.744576 0.000000 0.000000
444969.079975 3945091.765488 0.000000 0.000000
