445026.307312 3945089.337349 0.000000 0.000000
445026.177892 3945089.479176 0.000000 0.000667
445026.049861 3945089.619248 0.000000 0.001333
445025.923218 3945089.757564 0.000000 0.002000
445025.797965 3945089.894124 0.000000 0.002667
445025.674101 3945090.028928 0.000000 0.003334
445025.551626 3945090.161977 0.000000 0.004000
445025.430539 3945090.293270 0.000000 0.004667
445025.310842 3945090.422807 0.000000 0.005334
445025.192534 3945090.550588 0.000000 0.006001
445025.075615 3945090.676614 0.000000 0.006667
445024.960085 3945090.800883 0.000000 0.007334
445024.845943 3945090.923397 0.000000 0.008001
445024.733191 3945091.044155 0.000000 0.008668
445024.621828 3945091.163158 0.000000 0.009334
445024.511854 3945091.280405 0.000000 0.010001
445024.403269 3945091.395896 0.000000 0.010668
445024.296073 3945091.509631 0.000000 0.011335
445024.190266 3945091.621610 0.000000 0.012001
445024.085848 3945091.731834 0.000000 0.012668
445023.982819 3945091.840302 0.000000 0.013335
445023.881179 3945091.947014 0.000000 0.014001
445023.780928 3945092.051970 0.000000 0.014668
445023.682066 3945092.155170 0.000000 0.015335
445023.584593 3945092.256615 0.000000 0.016002
445023.488509 3945092.356304 0.000000 0.016668
445023.393814 3945092.454238 0.000000 0.017335
445023.300508 3945092.550415 0.000000 0.018002
445023.208591 3945092.644837 0.000000 0.018669
445023.118063 3945092.737503 0.000000 0.019335
445023.028924 3945092.828413 0.000000 0.020002
445022.941174 3945092.917567 0.000000 0.020669
445022.854813 3945093.004966 0.000000 0.021336
445022.769841 3945093.090609 0.000000 0.022002
445022.686259 3945093.174496 0.000000 0.023546
445022.604065 3945093.256627 0.000000 0.025190
445022.523260 3945093.337003 0.000000 0.026936
445022.443844 3945093.415623 0.000000 0.028787
445022.365817 3945093.492487 0.000000 0.030744
445022.289180 3945093.567595 0.000000 0.032806
445022.213931 3945093.640948 0.000000 0.034973
445022.140071 3945093.712544 0.000000 0.037245
445022.067600 3945093.782385 0.000000 0.039620
445021.996519 3945093.850471 0.000000 0.042095
445021.926826 3945093.916800 0.000000 0.044668
445021.858522 3945093.981374 0.000000 0.047333
445021.791608 3945094.044192 0.000000 0.050086
445021.726082 3945094.105254 0.000000 0.052920
445021.661945 3945094.164560 0.000000 0.055830
445021.599198 3945094.222111 0.000000 0.058806
445021.537839 3945094.277906 0.000000 0.061840
445021.477022 3945094.332478 0.000000 0.064900
445021.415898 3945094.386361 0.000000 0.067959
445021.354467 3945094.439553 0.000000 0.071010
445021.292731 3945094.492057 0.000000 0.074046
445021.230687 3945094.543870 0.000000 0.077059
445021.168337 3945094.594994 0.000000 0.080042
445021.105681 3945094.645428 0.000000 0.082987
445021.042718 3945094.695173 0.000000 0.085886
445020.979448 3945094.744228 0.000000 0.088732
445020.915872 3945094.792593 0.000000 0.091516
445020.851990 3945094.840269 0.000000 0.094230
445020.787801 3945094.887255 0.000000 0.096865
445020.723305 3945094.933551 0.000000 0.099415
445020.658503 3945094.979157 0.000000 0.101870
445020.593395 3945095.024074 0.000000 0.104224
445020.527980 3945095.068302 0.000000 0.106470
445020.462258 3945095.111839 0.000000 0.108601
445020.396230 3945095.154687 0.000000 0.110611
445020.329895 3945095.196846 0.000000 0.112490
445020.263254 3945095.238315 0.000000 0.114226
445020.196306 3945095.279094 0.000000 0.115815
445020.129052 3945095.319183 0.000000 0.117251
445020.061492 3945095.358583 0.000000 0.118530
445019.993624 3945095.397293 0.000000 0.119650
445019.925451 3945095.435313 0.000000 0.120611
445019.856971 3945095.472644 0.000000 0.121410
445019.788184 3945095.509285 0.000000 0.122051
445019.719091 3945095.545237 0.000000 0.122534
445019.649691 3945095.580498 0.000000 0.122863
445019.579985 3945095.615071 0.000000 0.123044
445019.509972 3945095.648953 0.000000 0.123081
445019.439653 3945095.682146 0.000000 0.122982
445019.369027 3945095.714649 0.000000 0.122753
445019.298094 3945095.746463 0.000000 0.122431
445019.226856 3945095.777587 0.000000 0.122042
445019.155310 3945095.808021 0.000000 0.121587
445019.083458 3945095.837765 0.000000 0.121065
445019.011300 3945095.866820 0.000000 0.120476
445018.938835 3945095.895186 0.000000 0.119821
445018.866064 3945095.922861 0.000000 0.119099
445018.792986 3945095.949847 0.000000 0.118310
445018.719602 3945095.976143 0.000000 0.117456
445018.645911 3945096.001750 0.000000 0.116537
445018.571913 3945096.026667 0.000000 0.115554
445018.497609 3945096.050894 0.000000 0.114507
445018.422999 3945096.074432 0.000000 0.113398
445018.348082 3945096.097280 0.000000 0.112229
445018.272858 3945096.119438 0.000000 0.110999
445018.197328 3945096.140907 0.000000 0.109711
445018.121492 3945096.161686 0.000000 0.108367
445018.045195 3945096.181852 0.000000 0.106976
445017.968286 3945096.201482 0.000000 0.105552
445017.890764 3945096.220575 0.000000 0.104098
445017.812628 3945096.239132 0.000000 0.102616
445017.733880 3945096.257152 0.000000 0.101112
445017.654518 3945096.274636 0.000000 0.099588
445017.574544 3945096.291584 0.000000 0.098047
445017.493957 3945096.307995 0.000000 0.096494
445017.412756 3945096.323870 0.000000 0.094931
445017.330943 3945096.339209 0.000000 0.093361
445017.248516 3945096.354011 0.000000 0.091787
445017.165476 3945096.368276 0.000000 0.090212
445017.081824 3945096.382005 0.000000 0.088639
445016.997558 3945096.395198 0.000000 0.087071
445016.912679 3945096.407855 0.000000 0.085510
445016.827188 3945096.419975 0.000000 0.083959
445016.741083 3945096.431558 0.000000 0.082419
445016.654365 3945096.442606 0.000000 0.080893
445016.567034 3945096.453117 0.000000 0.079425
445016.479091 3945096.463091 0.000000 0.078058
445016.390534 3945096.472529 0.000000 0.076794
445016.301364 3945096.481431 0.000000 0.075631
445016.211581 3945096.489796 0.000000 0.074572
445016.121185 3945096.497625 0.000000 0.073617
445016.030176 3945096.504917 0.000000 0.072766
445015.938554 3945096.511673 0.000000 0.072020
445015.846319 3945096.517893 0.000000 0.071380
445015.753471 3945096.523576 0.000000 0.070848
445015.660010 3945096.528723 0.000000 0.070423
445015.565936 3945096.533334 0.000000 0.070107
445015.471249 3945096.537408 0.000000 0.069900
445015.375949 3945096.540945 0.000000 0.069805
445015.280036 3945096.543947 0.000000 0.069822
445015.183510 3945096.546412 0.000000 0.069948
445015.086370 3945096.548340 0.000000 0.070179
445014.988618 3945096.549732 0.000000 0.070516
445014.890253 3945096.550588 0.000000 0.070960
445014.791275 3945096.550907 0.000000 0.071513
445014.691683 3945096.550690 0.000000 0.072176
445014.591479 3945096.549937 0.000000 0.072951
445014.490662 3945096.548647 0.000000 0.073840
445014.389231 3945096.546820 0.000000 0.074845
445014.287188 3945096.544458 0.000000 0.075968
445014.184531 3945096.541558 0.000000 0.077211
445014.081262 3945096.538123 0.000000 0.078576
445013.977379 3945096.534151 0.000000 0.080068
445013.872884 3945096.529643 0.000000 0.081687
445013.767775 3945096.524598 0.000000 0.083438
445013.662054 3945096.519017 0.000000 0.085323
445013.555719 3945096.512899 0.000000 0.087346
445013.449372 3945096.505939 0.000000 0.089435
445013.343612 3945096.497829 0.000000 0.091515
445013.238439 3945096.488570 0.000000 0.093585
445013.133854 3945096.478161 0.000000 0.095641
445013.029857 3945096.466603 0.000000 0.097682
445012.926447 3945096.453896 0.000000 0.099705
445012.823624 3945096.440039 0.000000 0.101708
445012.721390 3945096.425032 0.000000 0.103687
445012.619742 3945096.408876 0.000000 0.105640
445012.518682 3945096.391571 0.000000 0.107564
445012.418209 3945096.373117 0.000000 0.109456
445012.318324 3945096.353513 0.000000 0.111312
445012.219027 3945096.332759 0.000000 0.113130
445012.120317 3945096.310856 0.000000 0.114905
445012.022194 3945096.287804 0.000000 0.116633
445011.924659 3945096.263602 0.000000 0.118312
445011.827711 3945096.238251 0.000000 0.119937
445011.731351 3945096.211750 0.000000 0.121503
445011.635579 3945096.184100 0.000000 0.122972
445011.540393 3945096.155301 0.000000 0.124300
445011.445796 3945096.125352 0.000000 0.125475
445011.351785 3945096.094253 0.000000 0.126487
445011.258363 3945096.062005 0.000000 0.127325
445011.165527 3945096.028608 0.000000 0.127979
445011.073280 3945095.994062 0.000000 0.128441
445010.981619 3945095.958366 0.000000 0.128701
445010.890547 3945095.921520 0.000000 0.128752
445010.800061 3945095.883525 0.000000 0.128587
445010.710163 3945095.844381 0.000000 0.128199
445010.620853 3945095.804087 0.000000 0.127584
445010.532130 3945095.762644 0.000000 0.126737
445010.443995 3945095.720051 0.000000 0.125653
445010.356447 3945095.676309 0.000000 0.124332
445010.269487 3945095.631418 0.000000 0.122807
445010.183114 3945095.585377 0.000000 0.121117
445010.097328 3945095.538187 0.000000 0.119266
445010.012130 3945095.489847 0.000000 0.117262
445009.927520 3945095.440358 0.000000 0.115108
445009.843497 3945095.389719 0.000000 0.112813
445009.760061 3945095.337931 0.000000 0.110383
445009.677213 3945095.284994 0.000000 0.107827
445009.594953 3945095.230907 0.000000 0.105151
445009.513280 3945095.175671 0.000000 0.102364
445009.432194 3945095.119285 0.000000 0.099475
445009.351696 3945095.061750 0.000000 0.096491
445009.271785 3945095.003066 0.000000 0.093422
445009.192462 3945094.943232 0.000000 0.090276
445009.113727 3945094.882248 0.000000 0.087062
445009.035579 3945094.820115 0.000000 0.083788
445008.958018 3945094.756833 0.000000 0.080462
445008.880297 3945094.692216 0.000000 0.077134
445008.801669 3945094.626079 0.000000 0.073856
445008.722133 3945094.558421 0.000000 0.070636
445008.641690 3945094.489243 0.000000 0.067482
445008.560340 3945094.418544 0.000000 0.064401
445008.478082 3945094.346326 0.000000 0.061399
445008.394916 3945094.272586 0.000000 0.058481
445008.310843 3945094.197327 0.000000 0.055652
445008.225863 3945094.120547 0.000000 0.052917
445008.139975 3945094.042247 0.000000 0.050277
445008.053180 3945093.962427 0.000000 0.047737
445007.965477 3945093.881086 0.000000 0.045298
445007.876867 3945093.798225 0.000000 0.042961
445007.787349 3945093.713844 0.000000 0.040728
445007.696924 3945093.627942 0.000000 0.038598
445007.605591 3945093.540520 0.000000 0.036572
445007.513351 3945093.451578 0.000000 0.034649
445007.420203 3945093.361116 0.000000 0.032827
445007.326148 3945093.269133 0.000000 0.031801
445007.231186 3945093.175629 0.000000 0.030775
445007.135316 3945093.080606 0.000000 0.029749
445007.038538 3945092.984062 0.000000 0.028724
445006.940853 3945092.885998 0.000000 0.027698
445006.842261 3945092.786413 0.000000 0.026672
445006.742761 3945092.685308 0.000000 0.025646
445006.642354 3945092.582683 0.000000 0.024620
445006.541039 3945092.478538 0.000000 0.023594
445006.438816 3945092.372872 0.000000 0.022569
445006.335687 3945092.265686 0.000000 0.021543
445006.231649 3945092.156979 0.000000 0.020517
445006.126705 3945092.046752 0.000000 0.019491
445006.020853 3945091.935005 0.000000 0.018465
445005.914093 3945091.821738 0.000000 0.017439
445005.806426 3945091.706950 0.000000 0.016414
445005.697851 3945091.590642 0.000000 0.015388
445005.588369 3945091.472814 0.000000 0.014362
445005.477980 3945091.353465 0.000000 0.013336
445005.366683 3945091.232596 0.000000 0.012310
445005.254478 3945091.110206 0.000000 0.011284
445005.141366 3945090.986297 0.000000 0.010258
445005.027347 3945090.860867 0.000000 0.009233
445004.912420 3945090.733916 0.000000 0.008207
445004.796586 3945090.605446 0.000000 0.007181
445004.679844 3945090.475455 0.000000 0.006155
445004.562195 3945090.343944 0.000000 0.005129
445004.443638 3945090.210912 0.000000 0.004103
445004.324174 3945090.076360 0.000000 0.003078
445004.203802 3945089.940288 0.000000 0.002052
445004.082523 3945089.802695 0.000000 0.001026
