445134.685729 3945899.158350 0.000000 -0.003032
445135.035822 3945899.047735 0.000000 -0.003032
445135.380894 3945898.938287 0.000000 -0.003164
445135.720946 3945898.830005 0.000000 -0.003303
445136.055977 3945898.722890 0.000000 -0.003451
445136.385987 3945898.616942 0.000000 -0.003608
445136.710977 3945898.512160 0.000000 -0.003775
445137.030947 3945898.408545 0.000000 -0.003952
445137.345895 3945898.306097 0.000000 -0.004140
445137.655824 3945898.204815 0.000000 -0.004340
445137.960731 3945898.104699 0.000000 -0.004554
445138.260619 3945898.005751 0.000000 -0.004781
445138.555485 3945897.907969 0.000000 -0.005024
445138.845331 3945897.811353 0.000000 -0.005284
445139.130157 3945897.715905 0.000000 -0.005562
445139.409962 3945897.621623 0.000000 -0.005859
445139.684746 3945897.528507 0.000000 -0.006179
445139.954510 3945897.436558 0.000000 -0.006521
445140.219253 3945897.345776 0.000000 -0.006890
445140.478976 3945897.256161 0.000000 -0.007287
445140.733678 3945897.167712 0.000000 -0.007714
445140.983360 3945897.080429 0.000000 -0.008176
445141.228021 3945896.994314 0.000000 -0.008675
445141.467661 3945896.909365 0.000000 -0.009216
445141.702281 3945896.825582 0.000000 -0.009802
445141.931881 3945896.742966 0.000000 -0.010438
445142.156460 3945896.661517 0.000000 -0.011131
445142.376018 3945896.581235 0.000000 -0.011887
445142.590556 3945896.502119 0.000000 -0.012712
445142.800073 3945896.424170 0.000000 -0.013615
445143.004570 3945896.347387 0.000000 -0.014605
445143.204046 3945896.271771 0.000000 -0.015693
445143.398501 3945896.197322 0.000000 -0.016891
445143.587936 3945896.124039 0.000000 -0.018213
445143.772351 3945896.051923 0.000000 -0.019677
445143.951745 3945895.980973 0.000000 -0.021300
445144.126118 3945895.911190 0.000000 -0.023107
445144.295471 3945895.842574 0.000000 -0.025121
445144.459803 3945895.775125 0.000000 -0.027376
445144.619115 3945895.708842 0.000000 -0.029906
445144.773406 3945895.643725 0.000000 -0.032755
445144.922676 3945895.579776 0.000000 -0.035975
445145.066926 3945895.516993 0.000000 -0.039627
445145.206156 3945895.455376 0.000000 -0.043786
445145.340365 3945895.394927 0.000000 -0.048540
445145.469553 3945895.335643 0.000000 -0.054001
445145.593721 3945895.277527 0.000000 -0.060302
445145.712868 3945895.220577 0.000000 -0.067608
445145.826995 3945895.164794 0.000000 -0.076126
445145.936101 3945895.110177 0.000000 -0.086114
445146.040187 3945895.056727 0.000000 -0.047364
445146.141762 3945895.003860 0.000000 -0.000000
445146.243337 3945894.950994 0.000000 -0.000000
445146.344913 3945894.898127 0.000000 0.000000
445146.446488 3945894.845260 0.000000 -0.000000
445146.548063 3945894.792394 0.000000 0.000000
445146.649639 3945894.739527 0.000000 0.000000
445146.751214 3945894.686660 0.000000 -0.000000
445146.852789 3945894.633794 0.000000 -0.000000
445146.954365 3945894.580927 0.000000 0.000000
445147.055940 3945894.528060 0.000000 0.000000
445147.157515 3945894.475193 0.000000 0.000000
445147.259091 3945894.422327 0.000000 -0.000000
445147.360666 3945894.369460 0.000000 -0.000000
445147.462241 3945894.316593 0.000000 0.000000
445147.563817 3945894.263727 0.000000 0.000000
445147.665392 3945894.210860 0.000000 -0.000000
445147.766967 3945894.157993 0.000000 0.000000
445147.868542 3945894.105127 0.000000 -0.000000
445147.970118 3945894.052260 0.000000 0.000000
445148.071693 3945893.999393 0.000000 0.000000
445148.173268 3945893.946527 0.000000 -0.000000
445148.274844 3945893.893660 0.000000 0.000000
445148.376419 3945893.840793 0.000000 0.000000
445148.477994 3945893.787927 0.000000 -0.000000
445148.579570 3945893.735060 0.000000 0.000000
445148.681145 3945893.682193 0.000000 -0.000000
445148.782720 3945893.629326 0.000000 0.000000
445148.884296 3945893.576460 0.000000 0.000000
445148.985871 3945893.523593 0.000000 -0.000000
445149.087446 3945893.470726 0.000000 -0.000000
445149.189022 3945893.417860 0.000000 -0.000000
445149.290597 3945893.364993 0.000000 -0.000000
445149.392172 3945893.312126 0.000000 0.000000
445149.493748 3945893.259260 0.000000 -0.000000
445149.595323 3945893.206393 0.000000 0.000000
445149.696898 3945893.153526 0.000000 -0.000000
445149.798474 3945893.100660 0.000000 -0.000000
445149.900049 3945893.047793 0.000000 -0.000000
445150.001624 3945892.994926 0.000000 0.000000
445150.103199 3945892.942060 0.000000 -0.000000
445150.204775 3945892.889193 0.000000 0.000000
445150.306350 3945892.836326 0.000000 -0.000000
445150.407925 3945892.783460 0.000000 -0.000000
445150.509501 3945892.730593 0.000000 0.000000
445150.611076 3945892.677726 0.000000 0.000000
445150.712651 3945892.624859 0.000000 0.000000
445150.814227 3945892.571993 0.000000 -0.000000
445150.915802 3945892.519126 0.000000 -0.000000
445151.017377 3945892.466259 0.000000 -0.000000
445151.118953 3945892.413393 0.000000 -0.000000
445151.220528 3945892.360526 0.000000 -0.000000
445151.322103 3945892.307659 0.000000 0.000000
445151.423679 3945892.254793 0.000000 -0.000000
445151.525254 3945892.201926 0.000000 -0.000000
445151.626829 3945892.149059 0.000000 0.000000
445151.728405 3945892.096193 0.000000 -0.000000
445151.829980 3945892.043326 0.000000 -0.000000
445151.931555 3945891.990459 0.000000 -0.000000
445152.033131 3945891.937593 0.000000 -0.000000
445152.134706 3945891.884726 0.000000 0.000000
445152.236281 3945891.831859 0.000000 0.000000
445152.337857 3945891.778992 0.000000 0.000000
445152.439432 3945891.726126 0.000000 -0.000000
445152.541007 3945891.673259 0.000000 0.000000
445152.642582 3945891.620392 0.000000 0.000000
445152.744158 3945891.567526 0.000000 0.000000
445152.845733 3945891.514659 0.000000 0.000000
445152.947308 3945891.461792 0.000000 -0.000000
445153.048884 3945891.408926 0.000000 0.000000
445153.150459 3945891.356059 0.000000 0.000000
445153.252034 3945891.303192 0.000000 -0.000000
445153.353610 3945891.250326 0.000000 0.000000
445153.455185 3945891.197459 0.000000 0.000000
445153.556760 3945891.144592 0.000000 0.000000
445153.658336 3945891.091726 0.000000 0.000000
445153.759911 3945891.038859 0.000000 -0.000000
445153.861486 3945890.985992 0.000000 0.000000
445153.963062 3945890.933125 0.000000 0.000000
445154.064637 3945890.880259 0.000000 -0.000000
445154.166212 3945890.827392 0.000000 -0.000000
445154.267788 3945890.774525 0.000000 -0.000000
445154.369363 3945890.721659 0.000000 -0.000000
445154.470938 3945890.668792 0.000000 -0.000000
445154.572514 3945890.615925 0.000000 0.000000
445154.674089 3945890.563059 0.000000 -0.000000
445154.775664 3945890.510192 0.000000 0.000000
445154.877239 3945890.457325 0.000000 -0.000000
445154.978815 3945890.404459 0.000000 -0.000000
445155.080390 3945890.351592 0.000000 0.000000
445155.181965 3945890.298725 0.000000 -0.000000
445155.283541 3945890.245859 0.000000 0.000000
445155.385116 3945890.192992 0.000000 -0.000000
445155.486691 3945890.140125 0.000000 -0.000000
445155.588267 3945890.087259 0.000000 -0.000000
445155.689842 3945890.034392 0.000000 -0.000000
445155.791417 3945889.981525 0.000000 -0.000000
445155.892993 3945889.928658 0.000000 0.000000
445155.994568 3945889.875792 0.000000 -0.000000
445156.096143 3945889.822925 0.000000 -0.000000
445156.197719 3945889.770058 0.000000 -0.000000
445156.299294 3945889.717192 0.000000 -0.000000
445156.400869 3945889.664325 0.000000 0.000000
445156.502445 3945889.611458 0.000000 0.000000
445156.604020 3945889.558592 0.000000 -0.000000
445156.705595 3945889.505725 0.000000 -0.000000
445156.807171 3945889.452858 0.000000 0.000000
445156.908746 3945889.399992 0.000000 -0.000000
445157.010321 3945889.347125 0.000000 0.000000
445157.111896 3945889.294258 0.000000 0.000000
445157.213472 3945889.241392 0.000000 -0.000000
445157.315047 3945889.188525 0.000000 -0.000000
445157.416622 3945889.135658 0.000000 0.000000
445157.518198 3945889.082791 0.000000 0.000000
445157.619773 3945889.029925 0.000000 -0.000000
445157.721348 3945888.977058 0.000000 0.000000
445157.822924 3945888.924191 0.000000 -0.000000
445157.924499 3945888.871325 0.000000 -0.000000
445158.026074 3945888.818458 0.000000 -0.000000
445158.127650 3945888.765591 0.000000 0.000000
445158.229225 3945888.712725 0.000000 0.000000
445158.330800 3945888.659858 0.000000 -0.000000
445158.432376 3945888.606991 0.000000 0.000000
445158.533951 3945888.554125 0.000000 0.000000
445158.635526 3945888.501258 0.000000 -0.000000
445158.737102 3945888.448391 0.000000 0.000000
445158.838677 3945888.395525 0.000000 -0.000000
445158.940252 3945888.342658 0.000000 0.000000
445159.041828 3945888.289791 0.000000 -0.000000
445159.143403 3945888.236924 0.000000 0.000000
445159.244978 3945888.184058 0.000000 0.000000
445159.346554 3945888.131191 0.000000 0.000000
445159.448129 3945888.078324 0.000000 0.000000
445159.549704 3945888.025458 0.000000 -0.000000
445159.651279 3945887.972591 0.000000 0.000000
445159.752855 3945887.919724 0.000000 -0.000000
445159.854430 3945887.866858 0.000000 -0.000000
445159.956005 3945887.813991 0.000000 0.000000
445160.057581 3945887.761124 0.000000 0.000000
445160.159156 3945887.708258 0.000000 -0.000000
445160.260731 3945887.655391 0.000000 0.000000
445160.362307 3945887.602524 0.000000 -0.000000
445160.463882 3945887.549658 0.000000 -0.000000
445160.565457 3945887.496791 0.000000 0.000000
445160.667033 3945887.443924 0.000000 -0.000000
445160.768608 3945887.391057 0.000000 -0.000000
445160.870183 3945887.338191 0.000000 -0.000000
445160.971759 3945887.285324 0.000000 0.000000
445161.073334 3945887.232457 0.000000 -0.000000
445161.174909 3945887.179591 0.000000 0.000000
445161.276485 3945887.126724 0.000000 0.002083
445161.377996 3945887.073922 0.000000 0.004181
445161.479379 3945887.021247 0.000000 0.004200
445161.580633 3945886.968701 0.000000 0.004219
445161.681759 3945886.916284 0.000000 0.004239
445161.782757 3945886.863994 0.000000 0.004258
445161.883627 3945886.811833 0.000000 0.004277
445161.984368 3945886.759801 0.000000 0.004297
445162.084981 3945886.707896 0.000000 0.004317
445162.185466 3945886.656120 0.000000 0.004337
445162.285822 3945886.604472 0.000000 0.004357
445162.386051 3945886.552953 0.000000 0.004377
445162.486150 3945886.501562 0.000000 0.004397
445162.586122 3945886.450299 0.000000 0.004417
445162.685965 3945886.399164 0.000000 0.004438
445162.785680 3945886.348158 0.000000 0.004458
445162.885267 3945886.297280 0.000000 0.004479
445162.984725 3945886.246531 0.000000 0.004500
445163.084055 3945886.195909 0.000000 0.004521
445163.183256 3945886.145416 0.000000 0.004542
445163.282330 3945886.095051 0.000000 0.004563
445163.381275 3945886.044815 0.000000 0.004584
445163.480092 3945885.994707 0.000000 0.004606
445163.578780 3945885.944727 0.000000 0.004627
445163.677340 3945885.894876 0.000000 0.004649
445163.775772 3945885.845152 0.000000 0.004671
445163.874076 3945885.795558 0.000000 0.004693
445163.972251 3945885.746091 0.000000 0.004715
445164.070298 3945885.696753 0.000000 0.004737
445164.168216 3945885.647543 0.000000 0.004760
445164.266007 3945885.598461 0.000000 0.004782
445164.363669 3945885.549508 0.000000 0.004805
445164.461202 3945885.500683 0.000000 0.004828
445164.558608 3945885.451986 0.000000 0.004851
445164.655885 3945885.403417 0.000000 0.004874
445164.753034 3945885.354977 0.000000 0.004897
445164.850054 3945885.306665 0.000000 0.004920
445164.946946 3945885.258482 0.000000 0.004944
445165.043710 3945885.210427 0.000000 0.004967
445165.140346 3945885.162500 0.000000 0.004991
445165.236853 3945885.114701 0.000000 0.005015
445165.333232 3945885.067031 0.000000 0.005039
445165.429482 3945885.019489 0.000000 0.005064
445165.525605 3945884.972075 0.000000 0.005088
445165.621599 3945884.924790 0.000000 0.005113
445165.717464 3945884.877633 0.000000 0.005137
445165.813202 3945884.830604 0.000000 0.005162
445165.908811 3945884.783703 0.000000 0.005187
445166.004292 3945884.736931 0.000000 0.005213
445166.099644 3945884.690287 0.000000 0.005238
445166.194868 3945884.643772 0.000000 0.002629
445166.290028 3945884.597320 0.000000 -0.000000
445166.385189 3945884.550869 0.000000 0.000000
445166.480349 3945884.504418 0.000000 0.000000
445166.575509 3945884.457966 0.000000 -0.000000
445166.670669 3945884.411515 0.000000 -0.000000
445166.765829 3945884.365063 0.000000 0.000000
445166.860989 3945884.318612 0.000000 -0.000000
445166.956149 3945884.272161 0.000000 -0.000000
445167.051309 3945884.225709 0.000000 0.000000
445167.146469 3945884.179258 0.000000 -0.000000
445167.241629 3945884.132806 0.000000 0.000000
445167.336789 3945884.086355 0.000000 0.000000
445167.431949 3945884.039904 0.000000 0.000000
445167.527109 3945883.993452 0.000000 0.000000
445167.622269 3945883.947001 0.000000 0.000000
445167.717429 3945883.900549 0.000000 -0.000000
445167.812589 3945883.854098 0.000000 -0.000000
445167.907749 3945883.807647 0.000000 0.000000
445168.002909 3945883.761195 0.000000 0.000000
445168.098069 3945883.714744 0.000000 0.000000
445168.193229 3945883.668292 0.000000 -0.000000
445168.288389 3945883.621841 0.000000 0.000000
445168.383549 3945883.575390 0.000000 0.000000
445168.478709 3945883.528938 0.000000 0.000000
445168.573869 3945883.482487 0.000000 -0.000000
445168.669029 3945883.436035 0.000000 -0.000000
445168.764189 3945883.389584 0.000000 -0.000000
445168.859349 3945883.343133 0.000000 -0.000000
445168.954509 3945883.296681 0.000000 -0.000000
445169.049670 3945883.250230 0.000000 -0.000000
445169.144830 3945883.203778 0.000000 0.000000
445169.239990 3945883.157327 0.000000 -0.000000
445169.335150 3945883.110876 0.000000 0.000000
445169.430310 3945883.064424 0.000000 -0.000000
445169.525470 3945883.017973 0.000000 0.000000
445169.620630 3945882.971521 0.000000 -0.000000
445169.715790 3945882.925070 0.000000 0.000000
445169.810950 3945882.878619 0.000000 -0.000000
445169.906110 3945882.832167 0.000000 0.000000
445170.001270 3945882.785716 0.000000 0.000000
445170.096430 3945882.739264 0.000000 -0.000000
445170.191590 3945882.692813 0.000000 0.000000
445170.286750 3945882.646361 0.000000 -0.000000
445170.381910 3945882.599910 0.000000 0.000000
445170.477070 3945882.553459 0.000000 0.000000
445170.572230 3945882.507007 0.000000 0.000000
445170.667390 3945882.460556 0.000000 0.000000
445170.762550 3945882.414104 0.000000 0.000000
445170.857710 3945882.367653 0.000000 -0.000000
445170.952870 3945882.321202 0.000000 -0.000000
445171.048030 3945882.274750 0.000000 -0.000000
445171.143190 3945882.228299 0.000000 -0.000000
445171.238350 3945882.181847 0.000000 0.000000
445171.333510 3945882.135396 0.000000 0.000000
445171.428670 3945882.088945 0.000000 0.000000
445171.523830 3945882.042493 0.000000 -0.000000
445171.618990 3945881.996042 0.000000 0.000000
445171.714150 3945881.949590 0.000000 0.000000
445171.809311 3945881.903139 0.000000 -0.000000
445171.904471 3945881.856688 0.000000 -0.000000
445171.999631 3945881.810236 0.000000 -0.000000
445172.094791 3945881.763785 0.000000 0.000000
445172.189951 3945881.717333 0.000000 0.000000
445172.285111 3945881.670882 0.000000 -0.000000
445172.380271 3945881.624431 0.000000 -0.000000
445172.475431 3945881.577979 0.000000 -0.000000
445172.570591 3945881.531528 0.000000 0.000000
445172.665751 3945881.485076 0.000000 -0.000000
445172.760911 3945881.438625 0.000000 0.000000
445172.856071 3945881.392174 0.000000 -0.000000
445172.951231 3945881.345722 0.000000 0.000000
445173.046391 3945881.299271 0.000000 -0.000000
445173.141551 3945881.252819 0.000000 0.000000
445173.236711 3945881.206368 0.000000 -0.000000
445173.331871 3945881.159917 0.000000 0.000000
445173.427031 3945881.113465 0.000000 0.000000
445173.522191 3945881.067014 0.000000 0.000000
445173.617351 3945881.020562 0.000000 -0.000000
445173.712511 3945880.974111 0.000000 -0.000000
445173.807671 3945880.927660 0.000000 -0.000000
445173.902831 3945880.881208 0.000000 -0.000000
445173.997991 3945880.834757 0.000000 -0.000000
445174.093151 3945880.788305 0.000000 -0.000000
445174.188311 3945880.741854 0.000000 0.000000
445174.283471 3945880.695403 0.000000 -0.000000
445174.378631 3945880.648951 0.000000 0.000000
445174.473792 3945880.602500 0.000000 -0.000000
445174.568952 3945880.556048 0.000000 0.000000
445174.664112 3945880.509597 0.000000 -0.000000
445174.759272 3945880.463146 0.000000 -0.000000
445174.854432 3945880.416694 0.000000 -0.000000
445174.949592 3945880.370243 0.000000 -0.000000
445175.044752 3945880.323791 0.000000 0.000000
445175.139912 3945880.277340 0.000000 0.000000
445175.235072 3945880.230889 0.000000 -0.000000
445175.330232 3945880.184437 0.000000 -0.000000
445175.425392 3945880.137986 0.000000 0.000000
445175.520552 3945880.091534 0.000000 0.000000
445175.615712 3945880.045083 0.000000 0.000000
445175.710872 3945879.998632 0.000000 -0.000000
445175.806032 3945879.952180 0.000000 -0.000000
445175.901192 3945879.905729 0.000000 0.000000
445175.996352 3945879.859277 0.000000 0.000000
445176.091512 3945879.812826 0.000000 -0.000000
445176.186672 3945879.766374 0.000000 0.000000
445176.281832 3945879.719923 0.000000 0.000000
445176.376992 3945879.673472 0.000000 0.000000
445176.472152 3945879.627020 0.000000 -0.000000
445176.567312 3945879.580569 0.000000 -0.000000
445176.662472 3945879.534117 0.000000 0.000000
445176.757632 3945879.487666 0.000000 -0.000000
445176.852792 3945879.441215 0.000000 0.000000
445176.947952 3945879.394763 0.000000 -0.000000
445177.043112 3945879.348312 0.000000 0.000000
445177.138273 3945879.301860 0.000000 0.000000
445177.233433 3945879.255409 0.000000 0.000000
445177.328593 3945879.208958 0.000000 0.000000
445177.423753 3945879.162506 0.000000 0.000000
445177.518913 3945879.116055 0.000000 -0.000000
445177.614073 3945879.069603 0.000000 -0.000000
445177.709233 3945879.023152 0.000000 0.000000
445177.804393 3945878.976701 0.000000 -0.000000
445177.899553 3945878.930249 0.000000 0.000000
445177.994713 3945878.883798 0.000000 -0.000000
445178.089873 3945878.837346 0.000000 -0.000000
445178.185033 3945878.790895 0.000000 0.000000
445178.280193 3945878.744444 0.000000 -0.000000
445178.375353 3945878.697992 0.000000 0.000000
445178.470513 3945878.651541 0.000000 -0.000000
445178.565673 3945878.605089 0.000000 -0.000000
445178.660833 3945878.558638 0.000000 0.000000
445178.755993 3945878.512187 0.000000 0.000000
445178.851153 3945878.465735 0.000000 0.000000
445178.946313 3945878.419284 0.000000 0.000000
445179.041473 3945878.372832 0.000000 0.000000
445179.136633 3945878.326381 0.000000 0.000000
445179.231793 3945878.279930 0.000000 0.000000
445179.326953 3945878.233478 0.000000 -0.000000
445179.422113 3945878.187027 0.000000 0.000000
445179.517273 3945878.140575 0.000000 -0.000000
445179.612433 3945878.094124 0.000000 -0.000000
445179.707593 3945878.047673 0.000000 -0.000000
445179.802754 3945878.001221 0.000000 0.000000
445179.897914 3945877.954770 0.000000 -0.000000
445179.993074 3945877.908318 0.000000 0.000000
445180.088234 3945877.861867 0.000000 0.000000
445180.183394 3945877.815416 0.000000 0.000000
445180.278554 3945877.768964 0.000000 -0.000000
445180.373714 3945877.722513 0.000000 0.000000
445180.468874 3945877.676061 0.000000 -0.006224
445180.564805 3945877.629155 0.000000 -0.011990
445180.662278 3945877.581339 0.000000 -0.011412
445180.761293 3945877.532612 0.000000 -0.010872
445180.861850 3945877.482976 0.000000 -0.010365
445180.963949 3945877.432429 0.000000 -0.009888
445181.067591 3945877.380973 0.000000 -0.009441
445181.172774 3945877.328606 0.000000 -0.009020
445181.279499 3945877.275329 0.000000 -0.008624
445181.387767 3945877.221143 0.000000 -0.008251
445181.497576 3945877.166046 0.000000 -0.007898
445181.608928 3945877.110040 0.000000 -0.007566
445181.721821 3945877.053123 0.000000 -0.007252
445181.836257 3945876.995296 0.000000 -0.006955
445181.952235 3945876.936560 0.000000 -0.006674
445182.069754 3945876.876913 0.000000 -0.006408
445182.188816 3945876.816356 0.000000 -0.006156
445182.309420 3945876.754890 0.000000 -0.005917
445182.431566 3945876.692513 0.000000 -0.005690
445182.555253 3945876.629226 0.000000 -0.005474
445182.680483 3945876.565029 0.000000 -0.005270
445182.807255 3945876.499923 0.000000 -0.005075
445182.935569 3945876.433906 0.000000 -0.004890
445183.065425 3945876.366979 0.000000 -0.004714
445183.196823 3945876.299142 0.000000 -0.004546
445183.329763 3945876.230395 0.000000 -0.004386
445183.464246 3945876.160738 0.000000 -0.004233
445183.600270 3945876.090171 0.000000 -0.004088
445183.737836 3945876.018694 0.000000 -0.003949
445183.876944 3945875.946307 0.000000 -0.003816
445184.017595 3945875.873010 0.000000 -0.003689
445184.159787 3945875.798803 0.000000 -0.003568
445184.303521 3945875.723686 0.000000 -0.003451
445184.448798 3945875.647659 0.000000 -0.003340
445184.595616 3945875.570722 0.000000 -0.003234
445184.743977 3945875.492875 0.000000 -0.003132
445184.893880 3945875.414118 0.000000 -0.003034
445185.045324 3945875.334451 0.000000 -0.002941
445185.198311 3945875.253874 0.000000 -0.002851
445185.352840 3945875.172387 0.000000 -0.002765
445185.508910 3945875.089989 0.000000 -0.002682
445185.666523 3945875.006682 0.000000 -0.002602
445185.825678 3945874.922465 0.000000 -0.002526
445185.986375 3945874.837338 0.000000 -0.002453
445186.148614 3945874.751300 0.000000 -0.002382
445186.312395 3945874.664353 0.000000 -0.002314
445186.477718 3945874.576496 0.000000 -0.002249
445186.644583 3945874.487729 0.000000 -0.002186
445186.812990 3945874.398051 0.000000 -0.002125
445186.982939 3945874.307464 0.000000 -0.002067
445187.154431 3945874.215966 0.000000 -0.001012
445187.326693 3945874.124014 0.000000 -0.000000
445187.498955 3945874.032062 0.000000 -0.000000
445187.671217 3945873.940109 0.000000 -0.000000
445187.843480 3945873.848157 0.000000 0.000000
445188.015742 3945873.756204 0.000000 -0.000000
445188.188004 3945873.664252 0.000000 -0.000000
445188.360266 3945873.572300 0.000000 0.000000
445188.532528 3945873.480347 0.000000 -0.000000
445188.704791 3945873.388395 0.000000 -0.000000
445188.877053 3945873.296442 0.000000 -0.000000
445189.049315 3945873.204490 0.000000 0.000000
445189.221577 3945873.112538 0.000000 -0.000000
445189.393840 3945873.020585 0.000000 -0.000000
445189.566102 3945872.928633 0.000000 0.000000
445189.738364 3945872.836681 0.000000 0.000000
445189.910626 3945872.744728 0.000000 -0.000000
445190.082889 3945872.652776 0.000000 0.000000
445190.255151 3945872.560823 0.000000 0.000000
445190.427413 3945872.468871 0.000000 -0.000000
445190.599675 3945872.376919 0.000000 0.000000
445190.771938 3945872.284966 0.000000 -0.000000
445190.944200 3945872.193014 0.000000 0.000000
445191.116462 3945872.101061 0.000000 -0.000000
445191.288724 3945872.009109 0.000000 -0.000000
445191.460986 3945871.917157 0.000000 0.000000
445191.633249 3945871.825204 0.000000 0.000000
445191.805511 3945871.733252 0.000000 0.000000
445191.977773 3945871.641299 0.000000 0.000000
445192.150035 3945871.549347 0.000000 -0.000000
445192.322298 3945871.457395 0.000000 -0.000000
445192.494560 3945871.365442 0.000000 -0.000000
445192.666822 3945871.273490 0.000000 -0.000000
445192.839084 3945871.181537 0.000000 0.000000
445193.011347 3945871.089585 0.000000 -0.000000
445193.183609 3945870.997633 0.000000 -0.000000
445193.355871 3945870.905680 0.000000 0.000000
445193.528133 3945870.813728 0.000000 -0.000000
445193.700396 3945870.721775 0.000000 -0.000000
445193.872658 3945870.629823 0.000000 -0.000000
445194.044920 3945870.537871 0.000000 -0.000000
445194.217182 3945870.445918 0.000000 -0.000000
445194.389445 3945870.353966 0.000000 -0.000000
445194.561707 3945870.262013 0.000000 0.000000
445194.733969 3945870.170061 0.000000 0.000000
445194.906231 3945870.078109 0.000000 -0.000000
445195.078493 3945869.986156 0.000000 -0.000000
445195.250756 3945869.894204 0.000000 -0.000000
445195.423018 3945869.802252 0.000000 -0.000000
445195.595280 3945869.710299 0.000000 -0.000000
445195.767542 3945869.618347 0.000000 -0.003629
445195.939733 3945869.526276 0.000000 -0.007259
445196.111782 3945869.433967 0.000000 -0.007261
445196.283688 3945869.341420 0.000000 -0.007262
445196.455451 3945869.248636 0.000000 -0.007264
445196.627072 3945869.155615 0.000000 -0.007265
445196.798550 3945869.062356 0.000000 -0.007266
445196.969885 3945868.968859 0.000000 -0.007268
445197.141078 3945868.875124 0.000000 -0.007269
445197.312129 3945868.781152 0.000000 -0.007270
445197.483037 3945868.686943 0.000000 -0.007271
445197.653802 3945868.592495 0.000000 -0.007272
445197.824425 3945868.497811 0.000000 -0.007273
445197.994905 3945868.402888 0.000000 -0.007274
445198.165243 3945868.307728 0.000000 -0.007275
445198.335438 3945868.212330 0.000000 -0.007276
445198.505490 3945868.116695 0.000000 -0.007277
445198.675400 3945868.020822 0.000000 -0.007278
445198.845168 3945867.924712 0.000000 -0.007279
445199.014792 3945867.828364 0.000000 -0.007279
445199.184275 3945867.731778 0.000000 -0.007280
445199.353614 3945867.634955 0.000000 -0.007281
445199.522812 3945867.537894 0.000000 -0.007281
445199.691866 3945867.440596 0.000000 -0.007282
445199.860778 3945867.343060 0.000000 -0.007283
445200.029548 3945867.245286 0.000000 -0.007283
445200.198175 3945867.147275 0.000000 -0.007283
445200.366659 3945867.049026 0.000000 -0.007284
445200.535001 3945866.950539 0.000000 -0.007284
445200.703200 3945866.851815 0.000000 -0.007284
445200.871257 3945866.752854 0.000000 -0.007285
445201.039171 3945866.653654 0.000000 -0.007285
445201.206942 3945866.554217 0.000000 -0.007285
445201.374571 3945866.454543 0.000000 -0.007285
445201.542058 3945866.354631 0.000000 -0.007285
445201.709402 3945866.254481 0.000000 -0.007285
445201.876603 3945866.154094 0.000000 -0.007285
445202.043662 3945866.053469 0.000000 -0.007285
445202.210578 3945865.952606 0.000000 -0.007285
445202.377351 3945865.851506 0.000000 -0.007285
445202.543982 3945865.750169 0.000000 -0.007285
445202.710471 3945865.648593 0.000000 -0.007285
445202.876817 3945865.546780 0.000000 -0.007284
445203.043020 3945865.444730 0.000000 -0.007284
445203.209081 3945865.342442 0.000000 -0.007284
445203.374999 3945865.239916 0.000000 -0.007283
445203.540775 3945865.137153 0.000000 -0.007283
445203.706408 3945865.034152 0.000000 -0.007282
445203.871899 3945864.930913 0.000000 -0.007282
445204.037247 3945864.827437 0.000000 -0.007281
445204.202452 3945864.723723 0.000000 -0.003640
445204.367586 3945864.619891 0.000000 -0.000000
445204.532720 3945864.516058 0.000000 -0.000000
445204.697854 3945864.412226 0.000000 0.000000
445204.862989 3945864.308393 0.000000 0.000000
445205.028123 3945864.204560 0.000000 0.000000
445205.193257 3945864.100728 0.000000 -0.000000
445205.358391 3945863.996895 0.000000 -0.000000
445205.523525 3945863.893063 0.000000 0.000000
445205.688659 3945863.789230 0.000000 0.000000
445205.853793 3945863.685398 0.000000 0.000000
445206.018928 3945863.581565 0.000000 -0.000000
445206.184062 3945863.477733 0.000000 -0.000000
445206.349196 3945863.373900 0.000000 0.000000
445206.514330 3945863.270068 0.000000 -0.000000
445206.679464 3945863.166235 0.000000 0.000000
445206.844598 3945863.062402 0.000000 -0.000000
445207.009732 3945862.958570 0.000000 0.000000
445207.174867 3945862.854737 0.000000 0.000000
445207.340001 3945862.750905 0.000000 0.000000
445207.505135 3945862.647072 0.000000 -0.000000
445207.670269 3945862.543240 0.000000 -0.000000
445207.835403 3945862.439407 0.000000 -0.000000
445208.000537 3945862.335575 0.000000 -0.000000
445208.165671 3945862.231742 0.000000 -0.000000
445208.330806 3945862.127909 0.000000 0.000000
445208.495940 3945862.024077 0.000000 0.000000
445208.661074 3945861.920244 0.000000 0.000000
445208.826208 3945861.816412 0.000000 0.000000
445208.991342 3945861.712579 0.000000 0.000000
445209.156476 3945861.608747 0.000000 0.000000
445209.321610 3945861.504914 0.000000 -0.000000
445209.486745 3945861.401082 0.000000 0.000000
445209.651879 3945861.297249 0.000000 -0.000000
445209.817013 3945861.193417 0.000000 -0.000000
445209.982147 3945861.089584 0.000000 -0.000000
445210.147281 3945860.985751 0.000000 -0.000000
445210.312415 3945860.881919 0.000000 -0.000000
445210.477549 3945860.778086 0.000000 0.000000
445210.642684 3945860.674254 0.000000 -0.000000
445210.807818 3945860.570421 0.000000 0.000000
445210.972952 3945860.466589 0.000000 -0.000000
445211.138086 3945860.362756 0.000000 0.000000
445211.303220 3945860.258924 0.000000 0.000000
445211.468354 3945860.155091 0.000000 0.000000
445211.633488 3945860.051259 0.000000 0.000000
445211.798623 3945859.947426 0.000000 0.000000
445211.963757 3945859.843593 0.000000 -0.000000
445212.128891 3945859.739761 0.000000 0.000000
445212.294025 3945859.635928 0.000000 -0.000000
445212.459159 3945859.532096 0.000000 -0.000896
445212.623976 3945859.428422 0.000000 -0.001807
445212.788159 3945859.325068 0.000000 -0.001827
445212.951708 3945859.222031 0.000000 -0.001847
445213.114622 3945859.119313 0.000000 -0.001867
445213.276902 3945859.016913 0.000000 -0.001888
445213.438548 3945858.914832 0.000000 -0.001909
445213.599560 3945858.813070 0.000000 -0.001930
445213.759938 3945858.711625 0.000000 -0.001952
445213.919681 3945858.610499 0.000000 -0.001974
445214.078791 3945858.509692 0.000000 -0.001996
445214.237266 3945858.409203 0.000000 -0.002019
445214.395107 3945858.309033 0.000000 -0.002042
445214.552313 3945858.209180 0.000000 -0.002065
445214.708886 3945858.109647 0.000000 -0.002089
445214.864824 3945858.010431 0.000000 -0.002113
445215.020128 3945857.911535 0.000000 -0.002138
445215.174798 3945857.812956 0.000000 -0.002163
445215.328833 3945857.714696 0.000000 -0.002188
445215.482235 3945857.616755 0.000000 -0.002213
445215.635002 3945857.519132 0.000000 -0.002239
445215.787135 3945857.421827 0.000000 -0.002266
445215.938634 3945857.324841 0.000000 -0.002293
445216.089499 3945857.228173 0.000000 -0.002320
445216.239729 3945857.131824 0.000000 -0.002348
445216.389325 3945857.035793 0.000000 -0.002376
445216.538287 3945856.940081 0.000000 -0.002404
445216.686615 3945856.844687 0.000000 -0.002433
445216.834309 3945856.749611 0.000000 -0.002463
445216.981368 3945856.654854 0.000000 -0.002493
445217.127794 3945856.560415 0.000000 -0.002523
445217.273585 3945856.466295 0.000000 -0.002554
445217.418742 3945856.372493 0.000000 -0.002586
445217.563264 3945856.279010 0.000000 -0.002618
445217.707153 3945856.185845 0.000000 -0.002650
445217.850407 3945856.092998 0.000000 -0.002683
445217.993027 3945856.000470 0.000000 -0.002717
445218.135013 3945855.908260 0.000000 -0.002751
445218.276365 3945855.816369 0.000000 -0.002786
445218.417082 3945855.724796 0.000000 -0.002821
445218.557165 3945855.633542 0.000000 -0.002857
445218.696614 3945855.542606 0.000000 -0.002894
445218.835429 3945855.451988 0.000000 -0.002931
445218.973610 3945855.361689 0.000000 -0.002968
445219.111156 3945855.271709 0.000000 -0.003007
445219.248069 3945855.182047 0.000000 -0.003046
445219.384347 3945855.092703 0.000000 -0.003086
445219.519991 3945855.003678 0.000000 -0.003126
445219.655000 3945854.914971 0.000000 -0.003167
445219.789376 3945854.826582 0.000000 -0.003209
445219.923117 3945854.738512 0.000000 -0.001613
445220.057875 3945854.649722 0.000000 -0.000000
445220.195302 3945854.559174 0.000000 -0.000000
445220.335398 3945854.466868 0.000000 0.000000
445220.478162 3945854.372803 0.000000 0.000000
445220.623594 3945854.276981 0.000000 0.000000
445220.771695 3945854.179400 0.000000 -0.000000
445220.922464 3945854.080060 0.000000 0.000000
445221.075902 3945853.978963 0.000000 0.000000
445221.232008 3945853.876107 0.000000 -0.000000
445221.390783 3945853.771493 0.000000 -0.000000
445221.552226 3945853.665121 0.000000 -0.000000
445221.716338 3945853.556991 0.000000 0.000000
445221.883118 3945853.447103 0.000000 -0.000000
445222.052567 3945853.335456 0.000000 0.000000
445222.224684 3945853.222051 0.000000 -0.000000
445222.399470 3945853.106888 0.000000 -0.000000
445222.576924 3945852.989967 0.000000 -0.000000
445222.757046 3945852.871287 0.000000 0.000000
445222.939837 3945852.750849 0.000000 -0.000000
445223.125297 3945852.628653 0.000000 -0.000000
445223.313425 3945852.504699 0.000000 0.000000
445223.504222 3945852.378987 0.000000 0.000000
445223.697687 3945852.251516 0.000000 0.000000
445223.893820 3945852.122287 0.000000 -0.000000
445224.092622 3945851.991300 0.000000 -0.000000
445224.294093 3945851.858555 0.000000 0.000000
445224.498232 3945851.724051 0.000000 -0.000000
445224.705039 3945851.587789 0.000000 0.000000
445224.914515 3945851.449769 0.000000 -0.000000
445225.126660 3945851.309991 0.000000 -0.000000
445225.341473 3945851.168455 0.000000 -0.000000
445225.558954 3945851.025160 0.000000 0.000000
445225.779104 3945850.880107 0.000000 0.000000
445226.001922 3945850.733296 0.000000 0.000000
445226.227409 3945850.584727 0.000000 0.000000
445226.455564 3945850.434400 0.000000 0.000000
445226.686388 3945850.282314 0.000000 -0.000000
445226.919880 3945850.128470 0.000000 0.000000
445227.156041 3945849.972868 0.000000 -0.000000
445227.394870 3945849.815508 0.000000 0.000000
445227.636368 3945849.656389 0.000000 0.000000
445227.880534 3945849.495512 0.000000 -0.000000
445228.127369 3945849.332878 0.000000 0.000000
445228.376872 3945849.168484 0.000000 -0.000000
445228.629044 3945849.002333 0.000000 -0.000000
445228.883884 3945848.834423 0.000000 0.000000
445229.141393 3945848.664755 0.000000 0.000000
445229.401570 3945848.493329 0.000000 0.000000
445229.664416 3945848.320145 0.000000 -0.000000
