445134.685729 3945899.158350 0.000000 -0.003032
445135.035822 3945899.047735 0.000000 -0.003032
445135.380894 3945898.938287 0.000000 -0.003164
445135.720946 3945898.830005 0.000000 -0.003303
445136.055977 3945898.722890 0.000000 -0.003451
445136.385987 3945898.616942 0.000000 -0.003608
445136.710977 3945898.512160 0.000000 -0.003775
445137.030947 3945898.408545 0.000000 -0.003952
445137.345895 3945898.306097 0.000000 -0.004140
445137.655824 3945898.204815 0.000000 -0.004340
445137.960731 3945898.104699 0.000000 -0.004554
445138.260619 3945898.005751 0.000000 -0.004781
445138.555485 3945897.907969 0.000000 -0.005024
445138.845331 3945897.811353 0.000000 -0.005284
445139.130157 3945897.715905 0.000000 -0.005562
445139.409962 3945897.621623 0.000000 -0.005859
445139.684746 3945897.528507 0.000000 -0.006179
445139.954510 3945897.436558 0.000000 -0.006521
445140.219253 3945897.345776 0.000000 -0.006890
445140.478976 3945897.256161 0.000000 -0.007287
445140.733678 3945897.167712 0.000000 -0.007714
445140.983360 3945897.080429 0.000000 -0.008176
445141.228021 3945896.994314 0.000000 -0.008675
445141.467661 3945896.909365 0.000000 -0.009216
445141.702281 3945896.825582 0.000000 -0.009802
445141.931881 3945896.742966 0.000000 -0.010438
445142.156460 3945896.661517 0.000000 -0.011131
445142.376018 3945896.581235 0.000000 -0.011887
445142.590556 3945896.502119 0.000000 -0.012712
445142.800073 3945896.424170 0.000000 -0.013615
445143.004570 3945896.347387 0.000000 -0.014605
445143.204046 3945896.271771 0.000000 -0.015693
445143.398501 3945896.197322 0.000000 -0.016891
445143.587936 3945896.124039 0.000000 -0.018213
445143.772351 3945896.051923 0.000000 -0.019677
445143.951745 3945895.980973 0.000000 -0.021300
445144.126118 3945895.911190 0.000000 -0.023107
445144.295471 3945895.842574 0.000000 -0.025121
445144.459803 3945895.775125 0.000000 -0.027376
445144.619115 3945895.708842 0.000000 -0.029906
445144.773406 3945895.643725 0.000000 -0.032755
445144.922676 3945895.579776 0.000000 -0.035975
445145.066926 3945895.516993 0.000000 -0.039627
445145.206156 3945895.455376 0.000000 -0.043786
445145.340365 3945895.394927 0.000000 -0.048540
445145.469553 3945895.335643 0.000000 -0.054001
445145.593721 3945895.277527 0.000000 -0.060302
445145.712868 3945895.220577 0.000000 -0.067608
445145.826995 3945895.164794 0.000000 -0.076126
445145.936101 3945895.110177 0.000000 -0.086114
445146.040187 3945895.056727 0.000000 -0.047364
445146.141762 3945895.003860 0.000000 -0.000000
445146.243337 3945894.950994 0.000000 -0.000000
445146.344913 3945894.898127 0.000000 0.000000
445146.446488 3945894.845260 0.000000 -0.000000
445146.548063 3945894.792394 0.000000 0.000000
445146.649639 3945894.739527 0.000000 0.000000
445146.751214 3945894.686660 0.000000 -0.000000
445146.852789 3945894.633794 0.000000 -0.000000
445146.954365 3945894.580927 0.000000 0.000000
445147.055940 3945894.528060 0.000000 0.000000
445147.157515 3945894.475193 0.000000 0.000000
445147.259091 3945894.422327 0.000000 -0.000000
445147.360666 3945894.369460 0.000000 -0.000000
445147.462241 3945894.316593 0.000000 0.000000
445147.563817 3945894.263727 0.000000 0.000000
445147.665392 3945894.210860 0.000000 -0.000000
445147.766967 3945894.157993 0.000000 0.000000
445147.868542 3945894.105127 0.000000 -0.000000
445147.970118 3945894.052260 0.000000 0.000000
445148.071693 3945893.999393 0.000000 0.000000
445148.173268 3945893.946527 0.000000 -0.000000
445148.274844 3945893.893660 0.000000 0.000000
445148.376419 3945893.840793 0.000000 0.000000
445148.477994 3945893.787927 0.000000 -0.000000
445148.579570 3945893.735060 0.000000 0.000000
445148.681145 3945893.682193 0.000000 -0.000000
445148.782720 3945893.629326 0.000000 0.000000
445148.884296 3945893.576460 0.000000 0.000000
445148.985871 3945893.523593 0.000000 -0.000000
445149.087446 3945893.470726 0.000000 -0.000000
445149.189022 3945893.417860 0.000000 -0.000000
445149.290597 3945893.364993 0.000000 -0.000000
445149.392172 3945893.312126 0.000000 0.000000
445149.493748 3945893.259260 0.000000 -0.000000
445149.595323 3945893.206393 0.000000 0.000000
445149.696898 3945893.153526 0.000000 -0.000000
445149.798474 3945893.100660 0.000000 -0.000000
445149.900049 3945893.047793 0.000000 -0.000000
445150.001624 3945892.994926 0.000000 0.000000
445150.103199 3945892.942060 0.000000 -0.000000
445150.204775 3945892.889193 0.000000 0.000000
445150.306350 3945892.836326 0.000000 -0.000000
445150.407925 3945892.783460 0.000000 -0.000000
445150.509501 3945892.730593 0.000000 0.000000
445150.611076 3945892.677726 0.000000 0.000000
445150.712651 3945892.624859 0.000000 0.000000
445150.814227 3945892.571993 0.000000 -0.000000
445150.915802 3945892.519126 0.000000 -0.000000
445151.017377 3945892.466259 0.000000 -0.000000
445151.118953 3945892.413393 0.000000 -0.000000
445151.220528 3945892.360526 0.000000 -0.000000
445151.322103 3945892.307659 0.000000 0.000000
445151.423679 3945892.254793 0.000000 -0.000000
445151.525254 3945892.201926 0.000000 -0.000000
445151.626829 3945892.149059 0.000000 0.000000
445151.728405 3945892.096193 0.000000 -0.000000
445151.829980 3945892.043326 0.000000 -0.000000
445151.931555 3945891.990459 0.000000 -0.000000
445152.033131 3945891.937593 0.000000 -0.000000
445152.134706 3945891.884726 0.000000 0.000000
445152.236281 3945891.831859 0.000000 0.000000
445152.337857 3945891.778992 0.000000 0.000000
445152.439432 3945891.726126 0.000000 -0.000000
445152.541007 3945891.673259 0.000000 0.000000
445152.642582 3945891.620392 0.000000 0.000000
445152.744158 3945891.567526 0.000000 0.000000
445152.845733 3945891.514659 0.000000 0.000000
445152.947308 3945891.461792 0.000000 -0.000000
445153.048884 3945891.408926 0.000000 0.000000
445153.150459 3945891.356059 0.000000 0.000000
445153.252034 3945891.303192 0.000000 -0.000000
445153.353610 3945891.250326 0.000000 0.000000
445153.455185 3945891.197459 0.000000 0.000000
445153.556760 3945891.144592 0.000000 0.000000
445153.658336 3945891.091726 0.000000 0.000000
445153.759911 3945891.038859 0.000000 -0.000000
445153.861486 3945890.985992 0.000000 0.000000
445153.963062 3945890.933125 0.000000 0.000000
445154.064637 3945890.880259 0.000000 -0.000000
445154.166212 3945890.827392 0.000000 -0.000000
445154.267788 3945890.774525 0.000000 -0.000000
445154.369363 3945890.721659 0.000000 -0.000000
445154.470938 3945890.668792 0.000000 -0.000000
445154.572514 3945890.615925 0.000000 0.000000
445154.674089 3945890.563059 0.000000 -0.000000
445154.775664 3945890.510192 0.000000 0.000000
445154.877239 3945890.457325 0.000000 -0.000000
445154.978815 3945890.404459 0.000000 -0.000000
445155.080390 3945890.351592 0.000000 0.000000
445155.181965 3945890.298725 0.000000 -0.000000
445155.283541 3945890.245859 0.000000 0.000000
445155.385116 3945890.192992 0.000000 -0.000000
445155.486691 3945890.140125 0.000000 -0.000000
445155.588267 3945890.087259 0.000000 -0.000000
445155.689842 3945890.034392 0.000000 -0.000000
445155.791417 3945889.981525 0.000000 -0.000000
445155.892993 3945889.928658 0.000000 0.000000
445155.994568 3945889.875792 0.000000 -0.000000
445156.096143 3945889.822925 0.000000 -0.000000
445156.197719 3945889.770058 0.000000 -0.000000
445156.299294 3945889.717192 0.000000 -0.000000
445156.400869 3945889.664325 0.000000 0.000000
445156.502445 3945889.611458 0.000000 0.000000
445156.604020 3945889.558592 0.000000 -0.000000
445156.705595 3945889.505725 0.000000 -0.000000
445156.807171 3945889.452858 0.000000 0.000000
445156.908746 3945889.399992 0.000000 -0.000000
445157.010321 3945889.347125 0.000000 0.000000
445157.111896 3945889.294258 0.000000 0.000000
445157.213472 3945889.241392 0.000000 -0.000000
445157.315047 3945889.188525 0.000000 -0.000000
445157.416622 3945889.135658 0.000000 0.000000
445157.518198 3945889.082791 0.000000 0.000000
445157.619773 3945889.029925 0.000000 -0.000000
445157.721348 3945888.977058 0.000000 0.000000
445157.822924 3945888.924191 0.000000 -0.000000
445157.924499 3945888.871325 0.000000 -0.000000
445158.026074 3945888.818458 0.000000 -0.000000
445158.127650 3945888.765591 0.000000 0.000000
445158.229225 3945888.712725 0.000000 0.000000
445158.330800 3945888.659858 0.000000 -0.000000
445158.432376 3945888.606991 0.000000 0.000000
445158.533951 3945888.554125 0.000000 0.000000
445158.635526 3945888.501258 0.000000 -0.000000
445158.737102 3945888.448391 0.000000 0.000000
445158.838677 3945888.395525 0.000000 -0.000000
445158.940252 3945888.342658 0.000000 0.000000
445159.041828 3945888.289791 0.000000 -0.000000
445159.143403 3945888.236924 0.000000 0.000000
445159.244978 3945888.184058 0.000000 0.000000
445159.346554 3945888.131191 0.000000 0.000000
445159.448129 3945888.078324 0.000000 0.000000
445159.549704 3945888.025458 0.000000 -0.000000
445159.651279 3945887.972591 0.000000 0.000000
445159.752855 3945887.919724 0.000000 -0.000000
445159.854430 3945887.866858 0.000000 -0.000000
445159.956005 3945887.813991 0.000000 0.000000
445160.057581 3945887.761124 0.000000 0.000000
445160.159156 3945887.708258 0.000000 -0.000000
445160.260731 3945887.655391 0.000000 0.000000
445160.362307 3945887.602524 0.000000 -0.000000
445160.463882 3945887.549658 0.000000 -0.000000
445160.565457 3945887.496791 0.000000 0.000000
445160.667033 3945887.443924 0.000000 -0.000000
445160.768608 3945887.391057 0.000000 -0.000000
445160.870183 3945887.338191 0.000000 -0.000000
445160.971759 3945887.285324 0.000000 0.000000
445161.073334 3945887.232457 0.000000 -0.000000
445161.174909 3945887.179591 0.000000 0.000000
445161.276485 3945887.126724 0.000000 0.002083
445161.377996 3945887.073922 0.000000 0.004181
445161.479379 3945887.021247 0.000000 0.004200
445161.580633 3945886.968701 0.000000 0.004219
445161.681759 3945886.916284 0.000000 0.004239
445161.782757 3945886.863994 0.000000 0.004258
445161.883627 3945886.811833 0.000000 0.004277
445161.984368 3945886.759801 0.000000 0.004297
445162.084981 3945886.707896 0.000000 0.004317
445162.185466 3945886.656120 0.000000 0.004337
445162.285822 3945886.604472 0.000000 0.004357
445162.386051 3945886.552953 0.000000 0.004377
445162.486150 3945886.501562 0.000000 0.004397
445162.586122 3945886.450299 0.000000 0.004417
445162.685965 3945886.399164 0.000000 0.004438
445162.785680 3945886.348158 0.000000 0.004458
445162.885267 3945886.297280 0.000000 0.004479
445162.984725 3945886.246531 0.000000 0.004500
445163.084055 3945886.195909 0.000000 0.004521
445163.183256 3945886.145416 0.000000 0.004542
445163.282330 3945886.095051 0.000000 0.004563
445163.381275 3945886.044815 0.000000 0.004584
445163.480092 3945885.994707 0.000000 0.004606
445163.578780 3945885.944727 0.000000 0.004627
445163.677340 3945885.894876 0.000000 0.004649
445163.775772 3945885.845152 0.000000 0.004671
445163.874076 3945885.795558 0.000000 0.004693
445163.972251 3945885.746091 0.000000 0.004715
445164.070298 3945885.696753 0.000000 0.004737
445164.168216 3945885.647543 0.000000 0.004760
445164.266007 3945885.598461 0.000000 0.004782
445164.363669 3945885.549508 0.000000 0.004805
445164.461202 3945885.500683 0.000000 0.004828
445164.558608 3945885.451986 0.000000 0.004851
445164.655885 3945885.403417 0.000000 0.004874
445164.753034 3945885.354977 0.000000 0.004897
445164.850054 3945885.306665 0.000000 0.004920
445164.946946 3945885.258482 0.000000 0.004944
445165.043710 3945885.210427 0.000000 0.004967
445165.140346 3945885.162500 0.000000 0.004991
445165.236853 3945885.114701 0.000000 0.005015
445165.333232 3945885.067031 0.000000 0.005039
445165.429482 3945885.019489 0.000000 0.005064
445165.525605 3945884.972075 0.000000 0.005088
445165.621599 3945884.924790 0.000000 0.005113
445165.717464 3945884.877633 0.000000 0.005137
445165.813202 3945884.830604 0.000000 0.005162
445165.908811 3945884.783703 0.000000 0.005187
445166.004292 3945884.736931 0.000000 0.005213
445166.099644 3945884.690287 0.000000 0.005238
445166.194868 3945884.643772 0.000000 0.002629
445166.290028 3945884.597320 0.000000 -0.000000
445166.385189 3945884.550869 0.000000 0.000000
445166.480349 3945884.504418 0.000000 0.000000
445166.575509 3945884.457966 0.000000 -0.000000
445166.670669 3945884.411515 0.000000 -0.000000
445166.765829 3945884.365063 0.000000 0.000000
445166.860989 3945884.318612 0.000000 -0.000000
445166.956149 3945884.272161 0.000000 -0.000000
445167.051309 3945884.225709 0.000000 0.000000
445167.146469 3945884.179258 0.000000 -0.000000
445167.241629 3945884.132806 0.000000 0.000000
445167.336789 3945884.086355 0.000000 0.000000
445167.431949 3945884.039904 0.000000 0.000000
445167.527109 3945883.993452 0.000000 0.000000
445167.622269 3945883.947001 0.000000 0.000000
445167.717429 3945883.900549 0.000000 -0.000000
445167.812589 3945883.854098 0.000000 -0.000000
445167.907749 3945883.807647 0.000000 0.000000
445168.002909 3945883.761195 0.000000 0.000000
445168.098069 3945883.714744 0.000000 0.000000
445168.193229 3945883.668292 0.000000 -0.000000
445168.288389 3945883.621841 0.000000 0.000000
445168.383549 3945883.575390 0.000000 0.000000
445168.478709 3945883.528938 0.000000 0.000000
445168.573869 3945883.482487 0.000000 -0.000000
445168.669029 3945883.436035 0.000000 -0.000000
445168.764189 3945883.389584 0.000000 -0.000000
445168.859349 3945883.343133 0.000000 -0.000000
445168.954509 3945883.296681 0.000000 -0.000000
445169.049670 3945883.250230 0.000000 -0.000000
445169.144830 3945883.203778 0.000000 0.000000
445169.239990 3945883.157327 0.000000 -0.000000
445169.335150 3945883.110876 0.000000 0.000000
445169.430310 3945883.064424 0.000000 -0.000000
445169.525470 3945883.017973 0.000000 0.000000
445169.620630 3945882.971521 0.000000 -0.000000
445169.715790 3945882.925070 0.000000 0.000000
445169.810950 3945882.878619 0.000000 -0.000000
445169.906110 3945882.832167 0.000000 0.000000
445170.001270 3945882.785716 0.000000 0.000000
445170.096430 3945882.739264 0.000000 -0.000000
445170.191590 3945882.692813 0.000000 0.000000
445170.286750 3945882.646361 0.000000 -0.000000
445170.381910 3945882.599910 0.000000 0.000000
445170.477070 3945882.553459 0.000000 0.000000
445170.572230 3945882.507007 0.000000 0.000000
445170.667390 3945882.460556 0.000000 0.000000
445170.762550 3945882.414104 0.000000 0.000000
445170.857710 3945882.367653 0.000000 -0.000000
445170.952870 3945882.321202 0.000000 -0.000000
445171.048030 3945882.274750 0.000000 -0.000000
445171.143190 3945882.228299 0.000000 -0.000000
445171.238350 3945882.181847 0.000000 0.000000
445171.333510 3945882.135396 0.000000 0.000000
445171.428670 3945882.088945 0.000000 0.000000
445171.523830 3945882.042493 0.000000 -0.000000
445171.618990 3945881.996042 0.000000 0.000000
445171.714150 3945881.949590 0.000000 0.000000
445171.809311 3945881.903139 0.000000 -0.000000
445171.904471 3945881.856688 0.000000 -0.000000
445171.999631 3945881.810236 0.000000 -0.000000
445172.094791 3945881.763785 0.000000 0.000000
445172.189951 3945881.717333 0.000000 0.000000
445172.285111 3945881.670882 0.000000 -0.000000
445172.380271 3945881.624431 0.000000 -0.000000
445172.475431 3945881.577979 0.000000 -0.000000
445172.570591 3945881.531528 0.000000 0.000000
445172.665751 3945881.485076 0.000000 -0.000000
445172.760911 3945881.438625 0.000000 0.000000
445172.856071 3945881.392174 0.000000 -0.000000
445172.951231 3945881.345722 0.000000 0.000000
445173.046391 3945881.299271 0.000000 -0.000000
445173.141551 3945881.252819 0.000000 0.000000
445173.236711 3945881.206368 0.000000 -0.000000
445173.331871 3945881.159917 0.000000 0.000000
445173.427031 3945881.113465 0.000000 0.000000
445173.522191 3945881.067014 0.000000 0.000000
445173.617351 3945881.020562 0.000000 -0.000000
445173.712511 3945880.974111 0.000000 -0.000000
445173.807671 3945880.927660 0.000000 -0.000000
445173.902831 3945880.881208 0.000000 -0.000000
445173.997991 3945880.834757 0.000000 -0.000000
445174.093151 3945880.788305 0.000000 -0.000000
445174.188311 3945880.741854 0.000000 0.000000
445174.283471 3945880.695403 0.000000 -0.000000
445174.378631 3945880.648951 0.000000 0.000000
445174.473792 3945880.602500 0.000000 -0.000000
445174.568952 3945880.556048 0.000000 0.000000
445174.664112 3945880.509597 0.000000 -0.000000
445174.759272 3945880.463146 0.000000 -0.000000
445174.854432 3945880.416694 0.000000 -0.000000
445174.949592 3945880.370243 0.000000 -0.000000
445175.044752 3945880.323791 0.000000 0.000000
445175.139912 3945880.277340 0.000000 0.000000
445175.235072 3945880.230889 0.000000 -0.000000
445175.330232 3945880.184437 0.000000 -0.000000
445175.425392 3945880.137986 0.000000 0.000000
445175.520552 3945880.091534 0.000000 0.000000
445175.615712 3945880.045083 0.000000 0.000000
445175.710872 3945879.998632 0.000000 -0.000000
445175.806032 3945879.952180 0.000000 -0.000000
445175.901192 3945879.905729 0.000000 0.000000
445175.996352 3945879.859277 0.000000 0.000000
445176.091512 3945879.812826 0.000000 -0.000000
445176.186672 3945879.766374 0.000000 0.000000
445176.281832 3945879.719923 0.000000 0.000000
445176.376992 3945879.673472 0.000000 0.000000
445176.472152 3945879.627020 0.000000 -0.000000
445176.567312 3945879.580569 0.000000 -0.000000
445176.662472 3945879.534117 0.000000 0.000000
445176.757632 3945879.487666 0.000000 -0.000000
445176.852792 3945879.441215 0.000000 0.000000
445176.947952 3945879.394763 0.000000 -0.000000
445177.043112 3945879.348312 0.000000 0.000000
445177.138273 3945879.301860 0.000000 0.000000
445177.233433 3945879.255409 0.000000 0.000000
445177.328593 3945879.208958 0.000000 0.000000
445177.423753 3945879.162506 0.000000 0.000000
445177.518913 3945879.116055 0.000000 -0.000000
445177.614073 3945879.069603 0.000000 -0.000000
445177.709233 3945879.023152 0.000000 0.000000
445177.804393 3945878.976701 0.000000 -0.000000
445177.899553 3945878.930249 0.000000 0.000000
445177.994713 3945878.883798 0.000000 -0.000000
445178.089873 3945878.837346 0.000000 -0.000000
445178.185033 3945878.790895 0.000000 0.000000
445178.280193 3945878.744444 0.000000 -0.000000
445178.375353 3945878.697992 0.000000 0.000000
445178.470513 3945878.651541 0.000000 -0.000000
445178.565673 3945878.605089 0.000000 -0.000000
445178.660833 3945878.558638 0.000000 0.000000
445178.755993 3945878.512187 0.000000 0.000000
445178.851153 3945878.465735 0.000000 0.000000
445178.946313 3945878.419284 0.000000 0.000000
445179.041473 3945878.372832 0.000000 0.000000
445179.136633 3945878.326381 0.000000 0.000000
445179.231793 3945878.279930 0.000000 0.000000
445179.326953 3945878.233478 0.000000 -0.000000
445179.422113 3945878.187027 0.000000 0.000000
445179.517273 3945878.140575 0.000000 -0.000000
445179.612433 3945878.094124 0.000000 -0.000000
445179.707593 3945878.047673 0.000000 -0.000000
445179.802754 3945878.001221 0.000000 0.000000
445179.897914 3945877.954770 0.000000 -0.000000
445179.993074 3945877.908318 0.000000 0.000000
445180.088234 3945877.861867 0.000000 0.000000
445180.183394 3945877.815416 0.000000 0.000000
445180.278554 3945877.768964 0.000000 -0.000000
445180.373714 3945877.722513 0.000000 0.000000
445180.468874 3945877.676061 0.000000 -0.006224
445180.564805 3945877.629155 0.000000 -0.011990
445180.662278 3945877.581339 0.000000 -0.011412
445180.761293 3945877.532612 0.000000 -0.010872
445180.861850 3945877.482976 0.000000 -0.010365
445180.963949 3945877.432429 0.000000 -0.009888
445181.067591 3945877.380973 0.000000 -0.009441
445181.172774 3945877.328606 0.000000 -0.009020
445181.279499 3945877.275329 0.000000 -0.008624
445181.387767 3945877.221143 0.000000 -0.008251
445181.497576 3945877.166046 0.000000 -0.007898
445181.608928 3945877.110040 0.000000 -0.007566
445181.721821 3945877.053123 0.000000 -0.007252
445181.836257 3945876.995296 0.000000 -0.006955
445181.952235 3945876.936560 0.000000 -0.006674
445182.069754 3945876.876913 0.000000 -0.006408
445182.188816 3945876.816356 0.000000 -0.006156
445182.309420 3945876.754890 0.000000 -0.005917
445182.431566 3945876.692513 0.000000 -0.005690
445182.555253 3945876.629226 0.000000 -0.005474
445182.680483 3945876.565029 0.000000 -0.005270
445182.807255 3945876.499923 0.000000 -0.005075
445182.935569 3945876.433906 0.000000 -0.004890
445183.065425 3945876.366979 0.000000 -0.004714
445183.196823 3945876.299142 0.000000 -0.004546
445183.329763 3945876.230395 0.000000 -0.004386
445183.464246 3945876.160738 0.000000 -0.004233
445183.600270 3945876.090171 0.000000 -0.004088
445183.737836 3945876.018694 0.000000 -0.003949
445183.876944 3945875.946307 0.000000 -0.003816
445184.017595 3945875.873010 0.000000 -0.003689
445184.159787 3945875.798803 0.000000 -0.003568
445184.303521 3945875.723686 0.000000 -0.003451
445184.448798 3945875.647659 0.000000 -0.003340
445184.595616 3945875.570722 0.000000 -0.003234
445184.743977 3945875.492875 0.000000 -0.003132
445184.893880 3945875.414118 0.000000 -0.003034
445185.045324 3945875.334451 0.000000 -0.002941
445185.198311 3945875.253874 0.000000 -0.002851
445185.352840 3945875.172387 0.000000 -0.002765
445185.508910 3945875.089989 0.000000 -0.002682
445185.666523 3945875.006682 0.000000 -0.002602
445185.825678 3945874.922465 0.000000 -0.002526
445185.986375 3945874.837338 0.000000 -0.002453
445186.148614 3945874.751300 0.000000 -0.002382
445186.312395 3945874.664353 0.000000 -0.002314
445186.477718 3945874.576496 0.000000 -0.002249
445186.644583 3945874.487729 0.000000 -0.002186
445186.812990 3945874.398051 0.000000 -0.002125
445186.982939 3945874.307464 0.000000 -0.002067
445187.154431 3945874.215966 0.000000 -0.001012
445187.326693 3945874.124014 0.000000 -0.000000
445187.498955 3945874.032062 0.000000 -0.000000
445187.671217 3945873.940109 0.000000 -0.000000
445187.843480 3945873.848157 0.000000 0.000000
445188.015742 3945873.756204 0.000000 -0.000000
445188.188004 3945873.664252 0.000000 -0.000000
445188.360266 3945873.572300 0.000000 0.000000
445188.532528 3945873.480347 0.000000 -0.000000
445188.704791 3945873.388395 0.000000 -0.000000
445188.877053 3945873.296442 0.000000 -0.000000
445189.049315 3945873.204490 0.000000 0.000000
445189.221577 3945873.112538 0.000000 -0.000000
445189.393840 3945873.020585 0.000000 -0.000000
445189.566102 3945872.928633 0.000000 0.000000
445189.738364 3945872.836681 0.000000 0.000000
445189.910626 3945872.744728 0.000000 -0.000000
445190.082889 3945872.652776 0.000000 0.000000
445190.255151 3945872.560823 0.000000 0.000000
445190.427413 3945872.468871 0.000000 -0.000000
445190.599675 3945872.376919 0.000000 0.000000
445190.771938 3945872.284966 0.000000 -0.000000
445190.944200 3945872.193014 0.000000 0.000000
445191.116462 3945872.101061 0.000000 -0.000000
445191.288724 3945872.009109 0.000000 -0.000000
445191.460986 3945871.917157 0.000000 0.000000
445191.633249 3945871.825204 0.000000 0.000000
445191.805511 3945871.733252 0.000000 0.000000
445191.977773 3945871.641299 0.000000 0.000000
445192.150035 3945871.549347 0.000000 -0.000000
445192.322298 3945871.457395 0.000000 -0.000000
445192.494560 3945871.365442 0.000000 -0.000000
445192.666822 3945871.273490 0.000000 -0.000000
445192.839084 3945871.181537 0.000000 0.000000
445193.011347 3945871.089585 0.000000 -0.000000
445193.183609 3945870.997633 0.000000 -0.000000
445193.355871 3945870.905680 0.000000 0.000000
445193.528133 3945870.813728 0.000000 -0.000000
445193.700396 3945870.721775 0.000000 -0.000000
445193.872658 3945870.629823 0.000000 -0.000000
445194.044920 3945870.537871 0.000000 -0.000000
445194.217182 3945870.445918 0.000000 -0.000000
445194.389445 3945870.353966 0.000000 -0.000000
445194.561707 3945870.262013 0.000000 0.000000
445194.733969 3945870.170061 0.000000 0.000000
445194.906231 3945870.078109 0.000000 -0.000000
445195.078493 3945869.986156 0.000000 -0.000000
445195.250756 3945869.894204 0.000000 -0.000000
445195.423018 3945869.802252 0.000000 -0.000000
445195.595280 3945869.710299 0.000000 -0.000000
445195.767542 3945869.618347 0.000000 -0.003629
445195.939733 3945869.526276 0.000000 -0.007259
445196.111782 3945869.433967 0.000000 -0.007261
445196.283688 3945869.341420 0.000000 -0.007262
445196.455451 3945869.248636 0.000000 -0.007264
445196.627072 3945869.155615 0.000000 -0.007265
445196.798550 3945869.062356 0.000000 -0.007266
445196.969885 3945868.968859 0.000000 -0.007268
445197.141078 3945868.875124 0.000000 -0.007269
445197.312129 3945868.781152 0.000000 -0.007270
445197.483037 3945868.686943 0.000000 -0.007271
445197.653802 3945868.592495 0.000000 -0.007272
445197.824425 3945868.497811 0.000000 -0.007273
445197.994905 3945868.402888 0.000000 -0.007274
445198.165243 3945868.307728 0.000000 -0.007275
445198.335438 3945868.212330 0.000000 -0.007276
445198.505490 3945868.116695 0.000000 -0.007277
445198.675400 3945868.020822 0.000000 -0.007278
445198.845168 3945867.924712 0.000000 -0.007279
445199.014792 3945867.828364 0.000000 -0.007279
445199.184275 3945867.731778 0.000000 -0.007280
445199.353614 3945867.634955 0.000000 -0.007281
445199.522812 3945867.537894 0.000000 -0.007281
445199.691866 3945867.440596 0.000000 -0.007282
445199.860778 3945867.343060 0.000000 -0.007283
445200.029548 3945867.245286 0.000000 -0.007283
445200.198175 3945867.147275 0.000000 -0.007283
445200.366659 3945867.049026 0.000000 -0.007284
445200.535001 3945866.950539 0.000000 -0.007284
445200.703200 3945866.851815 0.000000 -0.007284
445200.871257 3945866.752854 0.000000 -0.007285
445201.039171 3945866.653654 0.000000 -0.007285
445201.206942 3945866.554217 0.000000 -0.007285
445201.374571 3945866.454543 0.000000 -0.007285
445201.542058 3945866.354631 0.000000 -0.007285
445201.709402 3945866.254481 0.000000 -0.007285
445201.876603 3945866.154094 0.000000 -0.007285
445202.043662 3945866.053469 0.000000 -0.007285
445202.210578 3945865.952606 0.000000 -0.007285
445202.377351 3945865.851506 0.000000 -0.007285
445202.543982 3945865.750169 0.000000 -0.007285
445202.710471 3945865.648593 0.000000 -0.007285
445202.876817 3945865.546780 0.000000 -0.007284
445203.043020 3945865.444730 0.000000 -0.007284
445203.209081 3945865.342442 0.000000 -0.007284
445203.374999 3945865.239916 0.000000 -0.007283
445203.540775 3945865.137153 0.000000 -0.007283
445203.706408 3945865.034152 0.000000 -0.007282
445203.871899 3945864.930913 0.000000 -0.007282
445204.037247 3945864.827437 0.000000 -0.007281
445204.202452 3945864.723723 0.000000 -0.003640
445204.367586 3945864.619891 0.000000 -0.000000
445204.532720 3945864.516058 0.000000 -0.000000
445204.697854 3945864.412226 0.000000 0.000000
445204.862989 3945864.308393 0.000000 0.000000
445205.028123 3945864.204560 0.000000 0.000000
445205.193257 3945864.100728 0.000000 -0.000000
445205.358391 3945863.996895 0.000000 -0.000000
445205.523525 3945863.893063 0.000000 0.000000
445205.688659 3945863.789230 0.000000 0.000000
445205.853793 3945863.685398 0.000000 0.000000
445206.018928 3945863.581565 0.000000 -0.000000
445206.184062 3945863.477733 0.000000 -0.000000
445206.349196 3945863.373900 0.000000 0.000000
445206.514330 3945863.270068 0.000000 -0.000000
445206.679464 3945863.166235 0.000000 0.000000
445206.844598 3945863.062402 0.000000 -0.000000
445207.009732 3945862.958570 0.000000 0.000000
445207.174867 3945862.854737 0.000000 0.000000
445207.340001 3945862.750905 0.000000 0.000000
445207.505135 3945862.647072 0.000000 -0.000000
445207.670269 3945862.543240 0.000000 -0.000000
445207.835403 3945862.439407 0.000000 -0.000000
445208.000537 3945862.335575 0.000000 -0.000000
445208.165671 3945862.231742 0.000000 -0.000000
445208.330806 3945862.127909 0.000000 0.000000
445208.495940 3945862.024077 0.000000 0.000000
445208.661074 3945861.920244 0.000000 0.000000
445208.826208 3945861.816412 0.000000 0.000000
445208.991342 3945861.712579 0.000000 0.000000
445209.156476 3945861.608747 0.000000 0.000000
445209.321610 3945861.504914 0.000000 -0.000000
445209.486745 3945861.401082 0.000000 0.000000
445209.651879 3945861.297249 0.000000 -0.000000
445209.817013 3945861.193417 0.000000 -0.000000
445209.982147 3945861.089584 0.000000 -0.000000
445210.147281 3945860.985751 0.000000 -0.000000
445210.312415 3945860.881919 0.000000 -0.000000
445210.477549 3945860.778086 0.000000 0.000000
445210.642684 3945860.674254 0.000000 -0.000000
445210.807818 3945860.570421 0.000000 0.000000
445210.972952 3945860.466589 0.000000 -0.000000
445211.138086 3945860.362756 0.000000 0.000000
445211.303220 3945860.258924 0.000000 0.000000
445211.468354 3945860.155091 0.000000 0.000000
445211.633488 3945860.051259 0.000000 0.000000
445211.798623 3945859.947426 0.000000 0.000000
445211.963757 3945859.843593 0.000000 -0.000000
445212.128891 3945859.739761 0.000000 0.000000
445212.294025 3945859.635928 0.000000 -0.000000
445212.459159 3945859.532096 0.000000 -0.000896
445212.623976 3945859.428422 0.000000 -0.001807
445212.788159 3945859.325068 0.000000 -0.001827
445212.951708 3945859.222031 0.000000 -0.001847
445213.114622 3945859.119313 0.000000 -0.001867
445213.276902 3945859.016913 0.000000 -0.001888
445213.438548 3945858.914832 0.000000 -0.001909
445213.599560 3945858.813070 0.000000 -0.001930
445213.759938 3945858.711625 0.000000 -0.001952
445213.919681 3945858.610499 0.000000 -0.001974
445214.078791 3945858.509692 0.000000 -0.001996
445214.237266 3945858.409203 0.000000 -0.002019
445214.395107 3945858.309033 0.000000 -0.002042
445214.552313 3945858.209180 0.000000 -0.002065
445214.708886 3945858.109647 0.000000 -0.002089
445214.864824 3945858.010431 0.000000 -0.002113
445215.020128 3945857.911535 0.000000 -0.002138
445215.174798 3945857.812956 0.000000 -0.002163
445215.328833 3945857.714696 0.000000 -0.002188
445215.482235 3945857.616755 0.000000 -0.002213
445215.635002 3945857.519132 0.000000 -0.002239
445215.787135 3945857.421827 0.000000 -0.002266
445215.938634 3945857.324841 0.000000 -0.002293
445216.089499 3945857.228173 0.000000 -0.002320
445216.239729 3945857.131824 0.000000 -0.002348
445216.389325 3945857.035793 0.000000 -0.002376
445216.538287 3945856.940081 0.000000 -0.002404
445216.686615 3945856.844687 0.000000 -0.002433
445216.834309 3945856.749611 0.000000 -0.002463
445216.981368 3945856.654854 0.000000 -0.002493
445217.127794 3945856.560415 0.000000 -0.002523
445217.273585 3945856.466295 0.000000 -0.002554
445217.418742 3945856.372493 0.000000 -0.002586
445217.563264 3945856.279010 0.000000 -0.002618
445217.707153 3945856.185845 0.000000 -0.002650
445217.850407 3945856.092998 0.000000 -0.002683
445217.993027 3945856.000470 0.000000 -0.002717
445218.135013 3945855.908260 0.000000 -0.002751
445218.276365 3945855.816369 0.000000 -0.002786
445218.417082 3945855.724796 0.000000 -0.002821
445218.557165 3945855.633542 0.000000 -0.002857
445218.696614 3945855.542606 0.000000 -0.002894
445218.835429 3945855.451988 0.000000 -0.002931
445218.973610 3945855.361689 0.000000 -0.002968
445219.111156 3945855.271709 0.000000 -0.003007
445219.248069 3945855.182047 0.000000 -0.003046
445219.384347 3945855.092703 0.000000 -0.003086
445219.519991 3945855.003678 0.000000 -0.003126
445219.655000 3945854.914971 0.000000 -0.003167
445219.789376 3945854.826582 0.000000 -0.003209
445219.923117 3945854.738512 0.000000 -0.001613
445220.057875 3945854.649722 0.000000 -0.000000
445220.195302 3945854.559174 0.000000 -0.000000
445220.335398 3945854.466868 0.000000 0.000000
445220.478162 3945854.372803 0.000000 0.000000
445220.623594 3945854.276981 0.000000 0.000000
445220.771695 3945854.179400 0.000000 -0.000000
445220.922464 3945854.080060 0.000000 0.000000
445221.075902 3945853.978963 0.000000 0.000000
445221.232008 3945853.876107 0.000000 -0.000000
445221.390783 3945853.771493 0.000000 -0.000000
445221.552226 3945853.665121 0.000000 -0.000000
445221.716338 3945853.556991 0.000000 0.000000
445221.883118 3945853.447103 0.000000 -0.000000
445222.052567 3945853.335456 0.000000 0.000000
445222.224684 3945853.222051 0.000000 -0.000000
445222.399470 3945853.106888 0.000000 -0.000000
445222.576924 3945852.989967 0.000000 -0.000000
445222.757046 3945852.871287 0.000000 0.000000
445222.939837 3945852.750849 0.000000 -0.000000
445223.125297 3945852.628653 0.000000 -0.000000
445223.313425 3945852.504699 0.000000 0.000000
445223.504222 3945852.378987 0.000000 0.000000
445223.697687 3945852.251516 0.000000 0.000000
445223.893820 3945852.122287 0.000000 -0.000000
445224.092622 3945851.991300 0.000000 -0.000000
445224.294093 3945851.858555 0.000000 0.000000
445224.498232 3945851.724051 0.000000 -0.000000
445224.705039 3945851.587789 0.000000 0.000000
445224.914515 3945851.449769 0.000000 -0.000000
445225.126660 3945851.309991 0.000000 -0.000000
445225.341473 3945851.168455 0.000000 -0.000000
445225.558954 3945851.025160 0.000000 0.000000
445225.779104 3945850.880107 0.000000 0.000000
445226.001922 3945850.733296 0.000000 0.000000
445226.227409 3945850.584727 0.000000 0.000000
445226.455564 3945850.434400 0.000000 0.000000
445226.686388 3945850.282314 0.000000 -0.000000
445226.919880 3945850.128470 0.000000 0.000000
445227.156041 3945849.972868 0.000000 -0.000000
445227.394870 3945849.815508 0.000000 0.000000
445227.636368 3945849.656389 0.000000 0.000000
445227.880534 3945849.495512 0.000000 -0.000000
445228.127369 3945849.332878 0.000000 0.000000
445228.376872 3945849.168484 0.000000 -0.000000
445228.629044 3945849.002333 0.000000 -0.000000
445228.883884 3945848.834423 0.000000 0.000000
445229.141393 3945848.664755 0.000000 0.000000
445229.401570 3945848.493329 0.000000 0.000000
445229.664416 3945848.320145 0.000000 -0.000000
445136.491830 3945903.176007 0.000000 0.000000
445136.177434 3945903.331417 0.000000 0.000000
445135.866198 3945903.485265 0.000000 0.000000
445135.558122 3945903.637551 0.000000 -0.000000
445135.253206 3945903.788275 0.000000 -0.000000
445134.951449 3945903.937437 0.000000 -0.000000
445134.652852 3945904.085038 0.000000 -0.000000
445134.357415 3945904.231076 0.000000 0.000000
445134.065138 3945904.375553 0.000000 -0.000000
445133.776020 3945904.518467 0.000000 -0.000000
445133.490062 3945904.659820 0.000000 0.000000
445133.207264 3945904.799611 0.000000 -0.000000
445132.927625 3945904.937840 0.000000 0.000000
445132.651147 3945905.074507 0.000000 0.000000
445132.377828 3945905.209612 0.000000 0.000000
445132.107669 3945905.343155 0.000000 -0.000000
445131.840669 3945905.475137 0.000000 0.000000
445131.576830 3945905.605556 0.000000 -0.000000
445131.316150 3945905.734414 0.000000 0.000000
445131.058630 3945905.861709 0.000000 -0.000000
445130.804270 3945905.987443 0.000000 0.000000
445130.553069 3945906.111615 0.000000 0.000000
445130.305028 3945906.234224 0.000000 -0.000000
445130.060147 3945906.355272 0.000000 0.000000
445129.818426 3945906.474758 0.000000 0.000000
445129.579864 3945906.592683 0.000000 -0.000000
445129.344462 3945906.709045 0.000000 -0.000000
445129.112220 3945906.823845 0.000000 -0.000000
445128.883138 3945906.937084 0.000000 -0.000000
445128.657215 3945907.048760 0.000000 0.000000
445128.434453 3945907.158875 0.000000 -0.000000
445128.214850 3945907.267427 0.000000 -0.000000
445127.998406 3945907.374418 0.000000 -0.000000
445127.785123 3945907.479847 0.000000 -0.000000
445127.574999 3945907.583714 0.000000 0.000000
445127.368035 3945907.686019 0.000000 -0.000000
445127.164231 3945907.786762 0.000000 0.000000
445126.963586 3945907.885943 0.000000 0.000000
445126.766102 3945907.983563 0.000000 -0.000000
445126.571777 3945908.079620 0.000000 0.000000
445126.380611 3945908.174115 0.000000 -0.000000
445126.192606 3945908.267049 0.000000 -0.000000
445126.007760 3945908.358421 0.000000 0.000000
445125.826074 3945908.448231 0.000000 -0.000000
445125.647548 3945908.536478 0.000000 0.000000
445125.472182 3945908.623164 0.000000 0.000000
445125.299975 3945908.708288 0.000000 0.000000
445125.130928 3945908.791851 0.000000 0.000000
445124.965041 3945908.873851 0.000000 -0.000000
445124.802313 3945908.954289 0.000000 0.000000
445124.642746 3945909.033165 0.000000 -0.000000
445124.484758 3945909.111261 0.000000 0.000000
445124.326770 3945909.189356 0.000000 -0.000000
445124.168782 3945909.267452 0.000000 -0.000000
445124.010795 3945909.345547 0.000000 0.000000
445123.852807 3945909.423643 0.000000 -0.000000
445123.694819 3945909.501738 0.000000 0.000000
445123.536831 3945909.579834 0.000000 -0.000000
445123.378843 3945909.657929 0.000000 -0.000000
445123.220856 3945909.736025 0.000000 0.000000
445123.062868 3945909.814120 0.000000 -0.000000
445122.904880 3945909.892215 0.000000 0.000000
445122.746892 3945909.970311 0.000000 -0.000000
445122.588904 3945910.048406 0.000000 0.000000
445122.430917 3945910.126502 0.000000 -0.000000
445122.272929 3945910.204597 0.000000 0.000000
445122.114941 3945910.282693 0.000000 0.000000
445121.956953 3945910.360788 0.000000 -0.000000
445121.798965 3945910.438884 0.000000 -0.000000
445121.640978 3945910.516979 0.000000 -0.000000
445121.482990 3945910.595074 0.000000 -0.000000
445121.325002 3945910.673170 0.000000 0.000000
445121.167014 3945910.751265 0.000000 0.000000
445121.009026 3945910.829361 0.000000 -0.000000
445120.851039 3945910.907456 0.000000 0.000000
445120.693051 3945910.985552 0.000000 -0.000000
445120.535063 3945911.063647 0.000000 0.000000
445120.377075 3945911.141743 0.000000 -0.000000
445120.219088 3945911.219838 0.000000 -0.000000
445120.061100 3945911.297934 0.000000 0.000000
445119.903112 3945911.376029 0.000000 0.000000
445119.745124 3945911.454124 0.000000 -0.000000
445119.587136 3945911.532220 0.000000 -0.000000
445119.429149 3945911.610315 0.000000 -0.000000
445119.271161 3945911.688411 0.000000 -0.000000
445119.113173 3945911.766506 0.000000 -0.000000
445118.955185 3945911.844602 0.000000 -0.000000
445118.797197 3945911.922697 0.000000 -0.000000
445118.639210 3945912.000793 0.000000 0.000000
445118.481222 3945912.078888 0.000000 -0.000000
445118.323234 3945912.156983 0.000000 -0.000000
445118.165246 3945912.235079 0.000000 -0.000000
445118.007258 3945912.313174 0.000000 -0.000000
445117.849271 3945912.391270 0.000000 0.000000
445117.691283 3945912.469365 0.000000 -0.000000
445117.533295 3945912.547461 0.000000 0.000000
445117.375307 3945912.625556 0.000000 0.000000
445117.217319 3945912.703652 0.000000 0.000000
445117.059332 3945912.781747 0.000000 -0.000000
445116.901344 3945912.859843 0.000000 0.000000
445116.743356 3945912.937938 0.000000 0.000000
445116.585368 3945913.016033 0.000000 -0.000000
445116.427381 3945913.094129 0.000000 -0.000000
445116.269393 3945913.172224 0.000000 -0.000000
445116.111405 3945913.250320 0.000000 0.000000
445115.953417 3945913.328415 0.000000 -0.000000
445115.795429 3945913.406511 0.000000 -0.000000
445115.637442 3945913.484606 0.000000 -0.000000
445115.479454 3945913.562702 0.000000 -0.000000
445115.321466 3945913.640797 0.000000 -0.000000
445115.163478 3945913.718892 0.000000 0.000000
445115.005490 3945913.796988 0.000000 -0.000000
445114.847503 3945913.875083 0.000000 -0.000000
445114.689515 3945913.953179 0.000000 -0.000000
445114.531527 3945914.031274 0.000000 -0.000000
445114.373539 3945914.109370 0.000000 -0.000000
445114.215551 3945914.187465 0.000000 0.000000
445114.057564 3945914.265561 0.000000 0.000000
445113.899576 3945914.343656 0.000000 0.000000
445113.741588 3945914.421752 0.000000 -0.000000
445113.583600 3945914.499847 0.000000 0.000000
445113.425612 3945914.577942 0.000000 0.000000
445113.267625 3945914.656038 0.000000 0.000000
445113.109637 3945914.734133 0.000000 -0.000000
445112.951649 3945914.812229 0.000000 0.000000
445112.793661 3945914.890324 0.000000 0.000000
445112.635674 3945914.968420 0.000000 0.000000
445112.477686 3945915.046515 0.000000 -0.000000
445112.319698 3945915.124611 0.000000 -0.000000
445112.161710 3945915.202706 0.000000 -0.000000
445112.003722 3945915.280802 0.000000 -0.000000
445111.845735 3945915.358897 0.000000 -0.000000
445111.687747 3945915.436992 0.000000 0.000000
445111.529759 3945915.515088 0.000000 -0.000000
445111.371771 3945915.593183 0.000000 0.000000
445111.213783 3945915.671279 0.000000 0.000000
445111.055796 3945915.749374 0.000000 -0.000000
445110.897808 3945915.827470 0.000000 -0.000000
445110.739820 3945915.905565 0.000000 -0.000000
445110.581832 3945915.983661 0.000000 0.000000
445110.423844 3945916.061756 0.000000 0.000000
445110.265857 3945916.139851 0.000000 -0.000000
445110.107869 3945916.217947 0.000000 -0.000000
445109.949881 3945916.296042 0.000000 -0.000000
445109.791893 3945916.374138 0.000000 0.000000
445109.633905 3945916.452233 0.000000 -0.000000
445109.475918 3945916.530329 0.000000 0.000000
445109.317930 3945916.608424 0.000000 -0.000000
445109.159942 3945916.686520 0.000000 -0.000000
445109.001954 3945916.764615 0.000000 0.000000
445108.843967 3945916.842711 0.000000 -0.000000
445108.685979 3945916.920806 0.000000 0.000000
445108.527991 3945916.998901 0.000000 0.000000
445108.370003 3945917.076997 0.000000 -0.000000
445108.212015 3945917.155092 0.000000 0.000000
445108.054028 3945917.233188 0.000000 0.000000
445107.896040 3945917.311283 0.000000 0.000000
445107.738052 3945917.389379 0.000000 0.000000
445107.580064 3945917.467474 0.000000 0.000000
445107.422076 3945917.545570 0.000000 0.000000
445107.264089 3945917.623665 0.000000 -0.000000
445107.106101 3945917.701760 0.000000 -0.000000
445106.948113 3945917.779856 0.000000 0.000000
445106.790125 3945917.857951 0.000000 -0.000000
445106.632137 3945917.936047 0.000000 0.000000
445106.474150 3945918.014142 0.000000 0.000000
445106.316162 3945918.092238 0.000000 -0.000000
445106.158174 3945918.170333 0.000000 -0.000000
445106.000186 3945918.248429 0.000000 -0.000000
445105.842198 3945918.326524 0.000000 0.000000
445105.684211 3945918.404620 0.000000 0.000000
445105.526223 3945918.482715 0.000000 0.000000
445105.368235 3945918.560810 0.000000 0.000000
445105.210247 3945918.638906 0.000000 0.000000
445105.052260 3945918.717001 0.000000 0.000000
445104.894272 3945918.795097 0.000000 -0.000000
445104.736284 3945918.873192 0.000000 -0.000000
445104.578296 3945918.951288 0.000000 0.000000
445104.420308 3945919.029383 0.000000 0.000000
445104.262321 3945919.107479 0.000000 0.000000
445104.104333 3945919.185574 0.000000 -0.000000
445103.946345 3945919.263669 0.000000 -0.000000
445103.788357 3945919.341765 0.000000 0.000000
445103.630369 3945919.419860 0.000000 0.000000
445103.472382 3945919.497956 0.000000 0.000000
445103.314394 3945919.576051 0.000000 0.000000
445103.156406 3945919.654147 0.000000 -0.000000
445102.998418 3945919.732242 0.000000 0.000000
445102.840430 3945919.810338 0.000000 -0.000000
445102.682443 3945919.888433 0.000000 -0.000000
445102.524455 3945919.966529 0.000000 -0.000000
445102.366467 3945920.044624 0.000000 -0.000000
445102.208479 3945920.122719 0.000000 0.000000
445102.050491 3945920.200815 0.000000 -0.000000
445101.892504 3945920.278910 0.000000 -0.000000
445101.734516 3945920.357006 0.000000 0.000000
445101.576528 3945920.435101 0.000000 0.000000
445101.418540 3945920.513197 0.000000 -0.000000
445101.260553 3945920.591292 0.000000 -0.000000
445101.102565 3945920.669388 0.000000 0.000000
445100.944577 3945920.747483 0.000000 -0.000000
445100.786589 3945920.825579 0.000000 -0.000000
445100.628601 3945920.903674 0.000000 0.000000
445100.470614 3945920.981769 0.000000 -0.000000
445100.312626 3945921.059865 0.000000 -0.000000
445100.154638 3945921.137960 0.000000 -0.000000
445099.996650 3945921.216056 0.000000 -0.000000
445099.838662 3945921.294151 0.000000 0.000000
445099.680675 3945921.372247 0.000000 -0.000000
445099.522687 3945921.450342 0.000000 -0.000000
445099.364699 3945921.528438 0.000000 -0.000000
445099.206711 3945921.606533 0.000000 -0.000000
445099.048723 3945921.684628 0.000000 -0.000000
445098.890736 3945921.762724 0.000000 -0.000000
445098.732748 3945921.840819 0.000000 -0.000000
445098.574760 3945921.918915 0.000000 0.000000
445098.416772 3945921.997010 0.000000 -0.000000
445098.258784 3945922.075106 0.000000 -0.000000
445098.100797 3945922.153201 0.000000 0.000000
445097.942809 3945922.231297 0.000000 -0.000000
445097.784821 3945922.309392 0.000000 -0.000000
445097.626833 3945922.387488 0.000000 -0.000000
445097.468846 3945922.465583 0.000000 -0.000000
445097.310858 3945922.543678 0.000000 -0.000000
445097.152870 3945922.621774 0.000000 0.000000
445096.994882 3945922.699869 0.000000 -0.000000
445096.836894 3945922.777965 0.000000 -0.000000
445096.678907 3945922.856060 0.000000 0.000000
445096.520919 3945922.934156 0.000000 -0.000000
445096.362931 3945923.012251 0.000000 0.000000
445096.204943 3945923.090347 0.000000 -0.000000
445096.046955 3945923.168442 0.000000 -0.000000
445095.888968 3945923.246537 0.000000 0.000000
445095.730980 3945923.324633 0.000000 -0.000000
445095.572992 3945923.402728 0.000000 0.000000
445095.415004 3945923.480824 0.000000 -0.000000
445095.257016 3945923.558919 0.000000 0.000000
445095.099029 3945923.637015 0.000000 -0.000000
445094.941041 3945923.715110 0.000000 -0.000000
445094.783053 3945923.793206 0.000000 0.000000
445094.625065 3945923.871301 0.000000 0.000000
445094.467078 3945923.949397 0.000000 0.000000
445094.309090 3945924.027492 0.000000 -0.000000
445094.151102 3945924.105587 0.000000 -0.000000
445093.993114 3945924.183683 0.000000 -0.000000
445093.835126 3945924.261778 0.000000 0.000000
445093.677139 3945924.339874 0.000000 -0.000000
445093.519151 3945924.417969 0.000000 -0.000000
445093.361163 3945924.496065 0.000000 -0.000000
445093.203175 3945924.574160 0.000000 -0.000000
445093.045187 3945924.652256 0.000000 0.000000
445092.887200 3945924.730351 0.000000 0.000000
445092.729212 3945924.808446 0.000000 -0.000000
445092.571224 3945924.886542 0.000000 -0.000000
445092.413236 3945924.964637 0.000000 0.000000
445092.255248 3945925.042733 0.000000 -0.000000
445092.097261 3945925.120828 0.000000 -0.000000
445091.939273 3945925.198924 0.000000 -0.000000
445091.781285 3945925.277019 0.000000 0.000000
445091.623297 3945925.355115 0.000000 -0.000000
445091.465309 3945925.433210 0.000000 0.000000
445091.307322 3945925.511306 0.000000 -0.000000
445091.149334 3945925.589401 0.000000 -0.000000
445090.991346 3945925.667496 0.000000 0.000000
445090.833358 3945925.745592 0.000000 -0.000000
445090.675371 3945925.823687 0.000000 -0.000000
445090.517383 3945925.901783 0.000000 0.000000
445090.359395 3945925.979878 0.000000 -0.000000
445090.201407 3945926.057974 0.000000 -0.000000
445090.043419 3945926.136069 0.000000 -0.000000
445089.885432 3945926.214165 0.000000 0.000000
445089.727444 3945926.292260 0.000000 0.000000
445089.569456 3945926.370355 0.000000 -0.000000
445089.411468 3945926.448451 0.000000 -0.000000
445089.253480 3945926.526546 0.000000 0.000000
445089.095493 3945926.604642 0.000000 -0.000000
445088.937505 3945926.682737 0.000000 -0.000000
445088.779517 3945926.760833 0.000000 -0.000000
445088.621529 3945926.838928 0.000000 -0.000000
445088.463541 3945926.917024 0.000000 0.000000
445088.305554 3945926.995119 0.000000 -0.000000
445088.147566 3945927.073215 0.000000 0.000000
445087.989578 3945927.151310 0.000000 0.000000
445087.831590 3945927.229405 0.000000 0.000000
445087.673602 3945927.307501 0.000000 -0.000000
445087.515615 3945927.385596 0.000000 0.000000
445087.357627 3945927.463692 0.000000 -0.000000
445087.199639 3945927.541787 0.000000 -0.000000
445087.041651 3945927.619883 0.000000 -0.000000
445086.883664 3945927.697978 0.000000 0.000000
445086.725676 3945927.776074 0.000000 -0.000000
445086.567688 3945927.854169 0.000000 0.000000
445086.409700 3945927.932265 0.000000 0.000000
445086.251712 3945928.010360 0.000000 -0.000000
445086.093725 3945928.088455 0.000000 0.000000
445085.935737 3945928.166551 0.000000 0.000000
445085.777749 3945928.244646 0.000000 -0.000000
445085.619761 3945928.322742 0.000000 -0.000000
445085.461773 3945928.400837 0.000000 0.000000
445085.303786 3945928.478933 0.000000 0.000000
445085.145798 3945928.557028 0.000000 0.000000
445084.987810 3945928.635124 0.000000 0.000000
445084.829822 3945928.713219 0.000000 0.000000
445084.671834 3945928.791314 0.000000 -0.000000
445084.513847 3945928.869410 0.000000 0.000000
445084.355859 3945928.947505 0.000000 0.000000
445084.197871 3945929.025601 0.000000 -0.000000
445084.039883 3945929.103696 0.000000 0.000000
445083.881895 3945929.181792 0.000000 -0.000000
445083.723908 3945929.259887 0.000000 0.000000
445083.565920 3945929.337983 0.000000 -0.000000
445083.407932 3945929.416078 0.000000 -0.000000
445083.249944 3945929.494174 0.000000 -0.000000
445083.091957 3945929.572269 0.000000 -0.000000
445082.933969 3945929.650364 0.000000 0.000000
445082.775981 3945929.728460 0.000000 -0.000000
445082.617993 3945929.806555 0.000000 0.000000
445082.460005 3945929.884651 0.000000 -0.000000
445082.302018 3945929.962746 0.000000 -0.000000
445082.144030 3945930.040842 0.000000 0.000000
445081.986042 3945930.118937 0.000000 -0.000000
445081.828054 3945930.197033 0.000000 0.000000
445081.670066 3945930.275128 0.000000 0.000000
445081.512079 3945930.353223 0.000000 0.000000
445081.354091 3945930.431319 0.000000 -0.000000
445081.196103 3945930.509414 0.000000 -0.000000
445081.038115 3945930.587510 0.000000 0.000000
445080.880127 3945930.665605 0.000000 -0.000000
445080.722140 3945930.743701 0.000000 0.000000
445080.564152 3945930.821796 0.000000 -0.000000
445080.406164 3945930.899892 0.000000 -0.000000
445080.248176 3945930.977987 0.000000 -0.000000
445080.090188 3945931.056083 0.000000 -0.000000
445079.932201 3945931.134178 0.000000 0.000000
445079.774213 3945931.212273 0.000000 0.000000
445079.616225 3945931.290369 0.000000 -0.000000
445079.458237 3945931.368464 0.000000 0.000000
445079.300250 3945931.446560 0.000000 0.000000
445079.142262 3945931.524655 0.000000 -0.000000
445078.984274 3945931.602751 0.000000 0.000000
445078.826286 3945931.680846 0.000000 0.000000
445078.668298 3945931.758942 0.000000 0.000000
445078.510311 3945931.837037 0.000000 -0.000000
445078.352323 3945931.915132 0.000000 -0.000000
445078.194335 3945931.993228 0.000000 -0.000000
445078.036347 3945932.071323 0.000000 0.000000
445077.878359 3945932.149419 0.000000 -0.000000
445077.720372 3945932.227514 0.000000 0.000000
445077.562384 3945932.305610 0.000000 -0.000000
445077.404396 3945932.383705 0.000000 -0.000000
445077.246408 3945932.461801 0.000000 0.000000
445077.088420 3945932.539896 0.000000 -0.000000
445076.930433 3945932.617992 0.000000 0.000000
445076.772445 3945932.696087 0.000000 0.000000
445076.614457 3945932.774182 0.000000 0.000000
445076.456469 3945932.852278 0.000000 -0.000000
445076.298481 3945932.930373 0.000000 -0.000000
445076.140494 3945933.008469 0.000000 0.000000
445075.982506 3945933.086564 0.000000 -0.000000
445075.824518 3945933.164660 0.000000 -0.000000
445075.666530 3945933.242755 0.000000 0.000000
445075.508543 3945933.320851 0.000000 -0.000000
445075.350555 3945933.398946 0.000000 0.000000
445075.192567 3945933.477042 0.000000 -0.000000
445075.034579 3945933.555137 0.000000 0.000000
445074.876591 3945933.633232 0.000000 0.000000
445074.718604 3945933.711328 0.000000 -0.000000
445074.560616 3945933.789423 0.000000 -0.000000
445074.402628 3945933.867519 0.000000 -0.000000
445074.244640 3945933.945614 0.000000 -0.000000
445074.086652 3945934.023710 0.000000 0.000000
445073.928665 3945934.101805 0.000000 0.000000
445073.770677 3945934.179901 0.000000 -0.000000
445073.612689 3945934.257996 0.000000 -0.000000
445073.454701 3945934.336091 0.000000 0.000000
445073.296713 3945934.414187 0.000000 -0.000000
445073.138726 3945934.492282 0.000000 -0.000000
445072.980738 3945934.570378 0.000000 -0.000000
445072.822750 3945934.648473 0.000000 0.000000
445072.664762 3945934.726569 0.000000 0.000000
445072.506774 3945934.804664 0.000000 -0.000000
445072.348787 3945934.882760 0.000000 0.000000
445072.190799 3945934.960855 0.000000 -0.000000
445072.032811 3945935.038951 0.000000 -0.000000
445071.874823 3945935.117046 0.000000 0.000000
445071.716836 3945935.195141 0.000000 -0.000000
445071.558848 3945935.273237 0.000000 0.000000
445071.400860 3945935.351332 0.000000 0.000000
445071.242872 3945935.429428 0.000000 -0.000000
445071.084884 3945935.507523 0.000000 -0.000000
445070.926897 3945935.585619 0.000000 0.000000
445070.768909 3945935.663714 0.000000 -0.000000
445070.610921 3945935.741810 0.000000 -0.000000
445070.452933 3945935.819905 0.000000 -0.000000
445070.294945 3945935.898000 0.000000 -0.000000
445070.136958 3945935.976096 0.000000 -0.000000
445069.978970 3945936.054191 0.000000 0.000000
445069.820982 3945936.132287 0.000000 -0.000000
445069.662994 3945936.210382 0.000000 -0.000000
445069.505006 3945936.288478 0.000000 -0.000000
445069.347019 3945936.366573 0.000000 0.000000
445069.189031 3945936.444669 0.000000 0.000000
445069.031043 3945936.522764 0.000000 -0.000000
445068.873055 3945936.600860 0.000000 -0.000000
445068.715067 3945936.678955 0.000000 0.000000
445068.557080 3945936.757050 0.000000 -0.000000
445068.399092 3945936.835146 0.000000 -0.000000
445068.241104 3945936.913241 0.000000 -0.000000
445068.083116 3945936.991337 0.000000 -0.000000
445067.925129 3945937.069432 0.000000 -0.000000
445067.767141 3945937.147528 0.000000 -0.000000
445067.609153 3945937.225623 0.000000 -0.000000
445067.451165 3945937.303719 0.000000 0.000000
445067.293177 3945937.381814 0.000000 -0.000000
445067.135190 3945937.459909 0.000000 -0.000000
445066.977202 3945937.538005 0.000000 -0.000000
445066.819214 3945937.616100 0.000000 -0.000000
445066.661226 3945937.694196 0.000000 0.000000
445066.503238 3945937.772291 0.000000 -0.000000
445066.345251 3945937.850387 0.000000 -0.000000
445066.187263 3945937.928482 0.000000 0.000000
445066.029275 3945938.006578 0.000000 -0.000000
445065.871287 3945938.084673 0.000000 0.000000
445065.713299 3945938.162769 0.000000 0.000000
445065.555312 3945938.240864 0.000000 0.000000
445065.397324 3945938.318959 0.000000 -0.000000
445065.239336 3945938.397055 0.000000 0.000000
445065.081348 3945938.475150 0.000000 0.000000
445064.923360 3945938.553246 0.000000 -0.000000
445064.765373 3945938.631341 0.000000 -0.000000
445064.607385 3945938.709437 0.000000 0.000000
445064.449397 3945938.787532 0.000000 0.000000
445064.291409 3945938.865628 0.000000 0.000000
445064.133422 3945938.943723 0.000000 -0.000000
445063.975434 3945939.021819 0.000000 -0.000000
445063.817446 3945939.099914 0.000000 -0.000000
445063.659458 3945939.178009 0.000000 0.000000
445063.501470 3945939.256105 0.000000 -0.000000
445063.343483 3945939.334200 0.000000 -0.000000
445063.185495 3945939.412296 0.000000 -0.000000
445063.027507 3945939.490391 0.000000 0.000000
445062.869519 3945939.568487 0.000000 -0.000000
445062.711531 3945939.646582 0.000000 -0.000000
445062.553544 3945939.724678 0.000000 -0.000000
445062.395556 3945939.802773 0.000000 0.000000
445062.237568 3945939.880868 0.000000 0.000000
445062.079580 3945939.958964 0.000000 0.000000
445061.921592 3945940.037059 0.000000 -0.000000
445061.763605 3945940.115155 0.000000 -0.000000
445061.605617 3945940.193250 0.000000 0.000000
445061.447629 3945940.271346 0.000000 0.000000
445061.289641 3945940.349441 0.000000 -0.000000
445061.131653 3945940.427537 0.000000 0.000000
445060.973666 3945940.505632 0.000000 0.000000
445060.815678 3945940.583728 0.000000 -0.000000
445060.657690 3945940.661823 0.000000 0.000000
445060.499702 3945940.739918 0.000000 0.000000
445060.341715 3945940.818014 0.000000 0.000000
445060.183727 3945940.896109 0.000000 0.000000
445060.025739 3945940.974205 0.000000 0.000000
445059.867751 3945941.052300 0.000000 -0.000000
445059.709763 3945941.130396 0.000000 -0.000000
445059.551776 3945941.208491 0.000000 -0.000000
445059.393788 3945941.286587 0.000000 0.000000
445059.235800 3945941.364682 0.000000 -0.000000
445059.077812 3945941.442777 0.000000 0.000000
445058.919824 3945941.520873 0.000000 0.000000
445058.761837 3945941.598968 0.000000 -0.000000
445058.603849 3945941.677064 0.000000 0.000000
445058.445861 3945941.755159 0.000000 -0.000000
445058.287873 3945941.833255 0.000000 0.000000
445058.129885 3945941.911350 0.000000 0.000000
445057.971898 3945941.989446 0.000000 -0.000000
445057.813910 3945942.067541 0.000000 0.000000
445057.655922 3945942.145637 0.000000 -0.000000
445057.497934 3945942.223732 0.000000 -0.000000
445057.339946 3945942.301827 0.000000 0.000000
445057.181959 3945942.379923 0.000000 0.000000
445057.023971 3945942.458018 0.000000 -0.000000
445056.865983 3945942.536114 0.000000 0.000000
445056.707995 3945942.614209 0.000000 -0.000000
445056.550008 3945942.692305 0.000000 0.000000
445056.392020 3945942.770400 0.000000 0.000000
445056.234032 3945942.848496 0.000000 -0.000000
445056.076044 3945942.926591 0.000000 0.000000
445055.918056 3945943.004686 0.000000 -0.000000
445055.760069 3945943.082782 0.000000 -0.000000
445055.602081 3945943.160877 0.000000 -0.000000
445055.444093 3945943.238973 0.000000 0.000000
445055.286105 3945943.317068 0.000000 -0.000000
445055.128117 3945943.395164 0.000000 0.000000
445054.970130 3945943.473259 0.000000 -0.000000
445054.812142 3945943.551355 0.000000 0.000000
445054.654154 3945943.629450 0.000000 -0.000000
445054.496166 3945943.707546 0.000000 -0.000000
445054.338178 3945943.785641 0.000000 -0.000000
445054.180191 3945943.863736 0.000000 0.000000
445054.022203 3945943.941832 0.000000 0.000000
445053.864215 3945944.019927 0.000000 -0.000000
445053.706227 3945944.098023 0.000000 -0.000000
445053.548239 3945944.176118 0.000000 -0.000000
445053.390252 3945944.254214 0.000000 -0.000000
445053.232264 3945944.332309 0.000000 -0.000000
445053.074276 3945944.410405 0.000000 -0.000000
445052.916288 3945944.488500 0.000000 -0.000000
445052.758301 3945944.566596 0.000000 -0.000000
445052.600313 3945944.644691 0.000000 0.000000
445052.442325 3945944.722786 0.000000 -0.000000
445052.284337 3945944.800882 0.000000 -0.000000
445052.126349 3945944.878977 0.000000 0.000000
445051.968362 3945944.957073 0.000000 0.000000
445051.810374 3945945.035168 0.000000 -0.000000
445051.652386 3945945.113264 0.000000 0.000000
445051.494398 3945945.191359 0.000000 -0.000000
445051.336410 3945945.269455 0.000000 -0.000000
445051.178423 3945945.347550 0.000000 0.000000
445051.020435 3945945.425645 0.000000 0.000000
445050.862447 3945945.503741 0.000000 -0.000000
445050.704459 3945945.581836 0.000000 -0.000000
445050.546471 3945945.659932 0.000000 -0.000000
445050.388484 3945945.738027 0.000000 0.000000
445050.230496 3945945.816123 0.000000 -0.000000
445050.072508 3945945.894218 0.000000 0.000000
445049.914520 3945945.972314 0.000000 -0.000000
445049.756532 3945946.050409 0.000000 0.000000
445049.598545 3945946.128505 0.000000 0.000000
445049.440557 3945946.206600 0.000000 -0.000000
445049.282569 3945946.284695 0.000000 -0.000000
445049.124581 3945946.362791 0.000000 -0.000000
445048.966594 3945946.440886 0.000000 -0.000000
445048.808606 3945946.518982 0.000000 0.000000
445048.650618 3945946.597077 0.000000 0.000000
445048.492630 3945946.675173 0.000000 0.000000
445048.334642 3945946.753268 0.000000 -0.000000
445048.176655 3945946.831364 0.000000 -0.000000
445048.018667 3945946.909459 0.000000 0.000000
445047.860679 3945946.987554 0.000000 0.000000
445047.702691 3945947.065650 0.000000 0.000000
445047.544703 3945947.143745 0.000000 0.000000
445047.386716 3945947.221841 0.000000 -0.000000
445047.228728 3945947.299936 0.000000 -0.000000
445047.070740 3945947.378032 0.000000 0.000000
445046.912752 3945947.456127 0.000000 -0.000000
445046.754764 3945947.534223 0.000000 -0.000000
445046.596777 3945947.612318 0.000000 0.000000
445046.438789 3945947.690414 0.000000 -0.000000
445046.280801 3945947.768509 0.000000 0.000000
445046.122813 3945947.846604 0.000000 -0.000000
445045.964825 3945947.924700 0.000000 -0.000000
445045.806838 3945948.002795 0.000000 -0.000000
445045.648850 3945948.080891 0.000000 -0.000000
445045.490862 3945948.158986 0.000000 0.000000
445045.332874 3945948.237082 0.000000 0.000000
445045.174887 3945948.315177 0.000000 -0.000000
445045.016899 3945948.393273 0.000000 -0.000000
445044.858911 3945948.471368 0.000000 0.000000
445044.700923 3945948.549463 0.000000 0.000000
445044.542935 3945948.627559 0.000000 -0.000000
445044.384948 3945948.705654 0.000000 0.000000
445044.226960 3945948.783750 0.000000 0.000000
445044.068972 3945948.861845 0.000000 -0.000000
445043.910984 3945948.939941 0.000000 -0.000000
445043.752996 3945949.018036 0.000000 -0.000000
445043.595009 3945949.096132 0.000000 -0.000000
445043.437021 3945949.174227 0.000000 0.000000
445043.279033 3945949.252323 0.000000 -0.000000
445043.121045 3945949.330418 0.000000 -0.000000
445042.963057 3945949.408513 0.000000 -0.000000
445042.805070 3945949.486609 0.000000 0.000000
445042.647082 3945949.564704 0.000000 -0.000000
445042.489094 3945949.642800 0.000000 0.000000
445042.331106 3945949.720895 0.000000 -0.000000
445042.173118 3945949.798991 0.000000 -0.000000
445042.015131 3945949.877086 0.000000 -0.000000
445041.857143 3945949.955182 0.000000 -0.000000
445041.699155 3945950.033277 0.000000 -0.000000
445041.541167 3945950.111373 0.000000 -0.000000
445041.383180 3945950.189468 0.000000 0.000000
445041.225192 3945950.267563 0.000000 -0.000000
445041.067204 3945950.345659 0.000000 0.000000
445040.909216 3945950.423754 0.000000 -0.000000
445040.751228 3945950.501850 0.000000 -0.000000
445040.593241 3945950.579945 0.000000 -0.000000
445040.435253 3945950.658041 0.000000 -0.000000
445040.277265 3945950.736136 0.000000 0.000000
445040.119277 3945950.814232 0.000000 0.000000
445039.961289 3945950.892327 0.000000 -0.000000
445039.803302 3945950.970422 0.000000 -0.000000
445039.645314 3945951.048518 0.000000 0.000000
445039.487326 3945951.126613 0.000000 -0.000000
445039.329338 3945951.204709 0.000000 -0.000000
445039.171350 3945951.282804 0.000000 0.000000
445039.013363 3945951.360900 0.000000 -0.000000
445038.855375 3945951.438995 0.000000 -0.000000
445038.697387 3945951.517091 0.000000 -0.000000
445038.539399 3945951.595186 0.000000 0.000000
445038.381411 3945951.673282 0.000000 -0.000000
445038.223424 3945951.751377 0.000000 -0.000000
445038.065436 3945951.829472 0.000000 -0.000000
445037.907448 3945951.907568 0.000000 -0.000000
445037.749460 3945951.985663 0.000000 -0.000000
445037.591473 3945952.063759 0.000000 -0.000000
445037.433485 3945952.141854 0.000000 -0.000000
445037.275497 3945952.219950 0.000000 0.000000
445037.117509 3945952.298045 0.000000 0.000000
445036.959521 3945952.376141 0.000000 -0.000000
445036.801534 3945952.454236 0.000000 -0.000000
445036.643546 3945952.532331 0.000000 0.000000
445036.485558 3945952.610427 0.000000 -0.000000
445036.327570 3945952.688522 0.000000 0.000000
445036.169582 3945952.766618 0.000000 -0.000000
445036.011595 3945952.844713 0.000000 0.000000
445035.853607 3945952.922809 0.000000 0.000000
445035.695619 3945953.000904 0.000000 -0.000000
445035.537631 3945953.079000 0.000000 -0.000000
445035.379643 3945953.157095 0.000000 0.000000
445035.221656 3945953.235191 0.000000 0.000000
445035.063668 3945953.313286 0.000000 -0.000000
445034.905680 3945953.391381 0.000000 -0.000000
445034.747692 3945953.469477 0.000000 -0.000000
445034.589704 3945953.547572 0.000000 -0.000000
445034.431717 3945953.625668 0.000000 0.000000
445034.273729 3945953.703763 0.000000 -0.000000
445034.115741 3945953.781859 0.000000 -0.000000
445033.957753 3945953.859954 0.000000 0.000000
445033.799766 3945953.938050 0.000000 -0.000000
445033.641778 3945954.016145 0.000000 -0.000000
445033.483790 3945954.094240 0.000000 -0.000000
445033.325802 3945954.172336 0.000000 -0.000000
445033.167814 3945954.250431 0.000000 0.000000
445033.009827 3945954.328527 0.000000 0.000000
445032.851839 3945954.406622 0.000000 0.000000
445032.693851 3945954.484718 0.000000 -0.000000
445032.535863 3945954.562813 0.000000 -0.000000
445032.377875 3945954.640909 0.000000 0.000000
445032.219888 3945954.719004 0.000000 -0.000000
445032.061900 3945954.797100 0.000000 0.000000
445031.903912 3945954.875195 0.000000 -0.000000
445031.745924 3945954.953290 0.000000 -0.000000
445031.587936 3945955.031386 0.000000 -0.000000
445031.429949 3945955.109481 0.000000 0.000000
445031.271961 3945955.187577 0.000000 -0.000000
445031.113973 3945955.265672 0.000000 0.000000
445030.955985 3945955.343768 0.000000 0.000000
445030.797998 3945955.421863 0.000000 -0.000000
445030.640010 3945955.499959 0.000000 -0.000000
445030.482022 3945955.578054 0.000000 -0.000000
445030.324034 3945955.656150 0.000000 0.000000
445030.166046 3945955.734245 0.000000 0.000000
445030.008059 3945955.812340 0.000000 0.000000
445029.850071 3945955.890436 0.000000 0.000000
445029.692083 3945955.968531 0.000000 -0.000000
445029.534095 3945956.046627 0.000000 -0.000000
445029.376107 3945956.124722 0.000000 0.000000
445029.218120 3945956.202818 0.000000 0.000000
445029.060132 3945956.280913 0.000000 0.000000
445028.902144 3945956.359009 0.000000 0.000000
445028.744156 3945956.437104 0.000000 -0.000000
445028.586168 3945956.515199 0.000000 -0.000000
445028.428181 3945956.593295 0.000000 -0.000000
445028.270193 3945956.671390 0.000000 0.000000
445028.112205 3945956.749486 0.000000 -0.000000
445027.954217 3945956.827581 0.000000 -0.000000
445027.796229 3945956.905677 0.000000 -0.000000
445027.638242 3945956.983772 0.000000 -0.000000
445027.480254 3945957.061868 0.000000 -0.000000
445027.322266 3945957.139963 0.000000 0.000000
445027.164278 3945957.218059 0.000000 -0.000000
445027.006291 3945957.296154 0.000000 0.000000
445026.848303 3945957.374249 0.000000 0.000000
445026.690315 3945957.452345 0.000000 -0.000000
445026.532327 3945957.530440 0.000000 0.000000
445026.374339 3945957.608536 0.000000 -0.000000
445026.216352 3945957.686631 0.000000 -0.000000
445026.058364 3945957.764727 0.000000 0.000000
445025.900376 3945957.842822 0.000000 -0.000000
445025.742388 3945957.920918 0.000000 0.000000
445025.584400 3945957.999013 0.000000 -0.000000
445025.426413 3945958.077108 0.000000 -0.000000
445025.268425 3945958.155204 0.000000 -0.000000
445025.110437 3945958.233299 0.000000 -0.000000
445024.952449 3945958.311395 0.000000 -0.000000
445024.794461 3945958.389490 0.000000 0.000000
445024.636474 3945958.467586 0.000000 -0.000000
445024.478486 3945958.545681 0.000000 -0.000000
445024.320498 3945958.623777 0.000000 -0.000000
445024.162510 3945958.701872 0.000000 -0.000000
445024.004522 3945958.779968 0.000000 -0.000000
445023.846535 3945958.858063 0.000000 -0.000000
445023.688547 3945958.936158 0.000000 -0.000000
445023.530559 3945959.014254 0.000000 0.000000
445023.372571 3945959.092349 0.000000 0.000000
445023.214584 3945959.170445 0.000000 -0.000000
445023.056596 3945959.248540 0.000000 -0.000000
445022.898608 3945959.326636 0.000000 -0.000000
445022.740620 3945959.404731 0.000000 0.000000
445022.582632 3945959.482827 0.000000 -0.000000
445022.424645 3945959.560922 0.000000 -0.000000
445022.266657 3945959.639017 0.000000 -0.000000
445022.108669 3945959.717113 0.000000 -0.000000
445021.950681 3945959.795208 0.000000 0.000000
445021.791114 3945959.874085 0.000000 0.000000
445021.628386 3945959.954523 0.000000 -0.000000
445021.462499 3945960.036523 0.000000 0.000000
445021.293452 3945960.120085 0.000000 -0.000000
445021.121245 3945960.205210 0.000000 -0.000000
445020.945879 3945960.291895 0.000000 0.000000
445020.767353 3945960.380143 0.000000 -0.000000
445020.585667 3945960.469953 0.000000 0.000000
445020.400821 3945960.561325 0.000000 -0.000000
445020.212815 3945960.654258 0.000000 0.000000
445020.021650 3945960.748754 0.000000 0.000000
445019.827325 3945960.844811 0.000000 0.000000
445019.629841 3945960.942431 0.000000 -0.000000
445019.429196 3945961.041612 0.000000 -0.000000
445019.225392 3945961.142355 0.000000 -0.000000
445019.018428 3945961.244660 0.000000 -0.000000
445018.808304 3945961.348527 0.000000 -0.000000
445018.595020 3945961.453956 0.000000 0.000000
445018.378577 3945961.560947 0.000000 0.000000
445018.158974 3945961.669499 0.000000 0.000000
445017.936211 3945961.779614 0.000000 -0.000000
445017.710289 3945961.891290 0.000000 0.000000
445017.481207 3945962.004529 0.000000 -0.000000
445017.248964 3945962.119329 0.000000 0.000000
445017.013563 3945962.235691 0.000000 -0.000000
445016.775001 3945962.353615 0.000000 -0.000000
445016.533280 3945962.473101 0.000000 0.000000
445016.288399 3945962.594149 0.000000 0.000000
445016.040358 3945962.716759 0.000000 -0.000000
445015.789157 3945962.840931 0.000000 0.000000
445015.534797 3945962.966665 0.000000 0.000000
445015.277277 3945963.093960 0.000000 -0.000000
445015.016597 3945963.222818 0.000000 0.000000
445014.752757 3945963.353237 0.000000 0.000000
445014.485758 3945963.485218 0.000000 -0.000000
445014.215599 3945963.618762 0.000000 0.000000
445013.942280 3945963.753867 0.000000 -0.000000
445013.665801 3945963.890534 0.000000 -0.000000
445013.386163 3945964.028763 0.000000 -0.000000
445013.103365 3945964.168554 0.000000 -0.000000
445012.817407 3945964.309906 0.000000 -0.000000
445012.528289 3945964.452821 0.000000 -0.000000
445012.236012 3945964.597298 0.000000 -0.000000
445011.940575 3945964.743336 0.000000 0.000000
445011.641978 3945964.890937 0.000000 0.000000
445011.340221 3945965.040099 0.000000 -0.000000
445011.035305 3945965.190823 0.000000 -0.000000
445010.727228 3945965.343109 0.000000 0.000000
445010.415993 3945965.496957 0.000000 -0.000000
