353072.921677 4026008.413016 0.000000 0.000000
353072.773959 4026008.723757 0.000000 0.000000
353072.633322 4026009.019599 0.000000 0.000000
353072.499302 4026009.301523 0.000000 0.000000
353072.371460 4026009.570453 0.000000 0.000000
353072.249378 4026009.827263 0.000000 0.000000
353072.132666 4026010.072779 0.000000 0.000000
353072.020952 4026010.307779 0.000000 0.000000
353071.913889 4026010.532997 0.000000 0.000000
353071.811149 4026010.749121 0.000000 0.000000
353071.712423 4026010.956801 0.000000 0.000000
353071.617421 4026011.156646 0.000000 0.000000
353071.525873 4026011.349227 0.000000 0.000000
353071.437523 4026011.535080 0.000000 0.000000
353071.352134 4026011.714704 0.000000 0.000000
353071.269483 4026011.888568 0.000000 0.000000
353071.189363 4026012.057109 0.000000 0.000000
353071.111579 4026012.220735 0.000000 0.000000
353071.035952 4026012.379824 0.000000 0.000000
353070.962314 4026012.534729 0.000000 0.000000
353070.890509 4026012.685779 0.000000 0.000000
353070.820392 4026012.833276 0.000000 0.000000
353070.751830 4026012.977502 0.000000 0.000000
353070.684700 4026013.118717 0.000000 0.000000
353070.618887 4026013.257161 0.000000 -0.000000
353070.554286 4026013.393057 0.000000 0.000000
353070.490799 4026013.526607 0.000000 0.000000
353070.428337 4026013.658001 0.000000 -0.000000
353070.366819 4026013.787411 0.000000 -0.000000
353070.306169 4026013.914995 0.000000 -0.000000
353070.246317 4026014.040899 0.000000 -0.000000
353070.187201 4026014.165255 0.000000 -0.000000
353070.128763 4026014.288185 0.000000 -0.000000
353070.070950 4026014.409802 0.000000 -0.000000
353070.013712 4026014.530206 0.000000 -0.000000
353069.957007 4026014.649490 0.000000 -0.000000
353069.900794 4026014.767741 0.000000 -0.000000
353069.845035 4026014.885034 0.000000 0.000000
353069.789698 4026015.001443 0.000000 0.000000
353069.734750 4026015.117031 0.000000 -0.000000
353069.680163 4026015.231859 0.000000 0.000000
353069.625912 4026015.345982 0.000000 -0.000000
353069.571972 4026015.459450 0.000000 -0.000000
353069.518321 4026015.572310 0.000000 0.000000
353069.464939 4026015.684605 0.000000 0.000000
353069.411806 4026015.796376 0.000000 0.000000
353069.358904 4026015.907659 0.000000 0.000000
353069.306217 4026016.018491 0.000000 0.000000
353069.253730 4026016.128903 0.000000 -0.000000
353069.201427 4026016.238927 0.000000 0.000000
353069.149295 4026016.348592 0.000000 -0.000000
353069.097321 4026016.457925 0.000000 0.000000
353069.045492 4026016.566952 0.000000 -0.000000
353068.993798 4026016.675696 0.000000 -0.000000
353068.942226 4026016.784182 0.000000 -0.000000
353068.890768 4026016.892430 0.000000 0.000000
353068.839413 4026017.000460 0.000000 -0.000000
353068.788153 4026017.108291 0.000000 0.000000
353068.736979 4026017.215940 0.000000 0.000000
353068.685883 4026017.323425 0.000000 -0.000000
353068.634859 4026017.430759 0.000000 -0.000000
353068.583899 4026017.537958 0.000000 0.000000
353068.532997 4026017.645036 0.000000 0.000000
353068.482148 4026017.752003 0.000000 -0.000000
353068.431344 4026017.858872 0.000000 0.000000
353068.380583 4026017.965655 0.000000 -0.000000
353068.329858 4026018.072360 0.000000 -0.000000
353068.279165 4026018.178997 0.000000 -0.000000
353068.228499 4026018.285577 0.000000 -0.000000
353068.177858 4026018.392106 0.000000 -0.000000
353068.127237 4026018.498592 0.000000 0.000000
353068.076632 4026018.605045 0.000000 0.000000
353068.026040 4026018.711470 0.000000 -0.000000
353067.975458 4026018.817875 0.000000 -0.000000
353067.924882 4026018.924266 0.000000 0.000000
353067.874309 4026019.030651 0.000000 0.000000
353067.823736 4026019.137036 0.000000 0.000000
353067.773160 4026019.243427 0.000000 -0.000000
353067.722578 4026019.349832 0.000000 -0.000000
353067.671986 4026019.456257 0.000000 0.000000
353067.621381 4026019.562709 0.000000 -0.000000
353067.570760 4026019.669196 0.000000 -0.000000
353067.520119 4026019.775725 0.000000 0.000000
353067.469453 4026019.882304 0.000000 -0.000000
353067.418760 4026019.988942 0.000000 -0.000000
353067.368035 4026020.095647 0.000000 -0.000000
353067.317274 4026020.202430 0.000000 0.000000
353067.266471 4026020.309299 0.000000 -0.000000
353067.215621 4026020.416266 0.000000 -0.000000
353067.164719 4026020.523343 0.000000 0.000000
353067.113759 4026020.630543 0.000000 -0.000000
353067.062735 4026020.737877 0.000000 -0.000000
353067.011639 4026020.845362 0.000000 0.000000
353066.960465 4026020.953011 0.000000 -0.000000
353066.909205 4026021.060842 0.000000 0.000000
353066.857850 4026021.168872 0.000000 0.000000
353066.806392 4026021.277120 0.000000 0.000000
353066.754820 4026021.385606 0.000000 -0.000000
353066.703126 4026021.494350 0.000000 0.000000
353066.651297 4026021.603377 0.000000 0.000000
353066.599323 4026021.712710 0.000000 0.000000
353066.547191 4026021.822375 0.000000 -0.000000
353066.494888 4026021.932399 0.000000 -0.000000
353066.442401 4026022.042811 0.000000 -0.000000
353066.389714 4026022.153643 0.000000 0.000000
353066.336812 4026022.264926 0.000000 -0.000000
353066.283679 4026022.376697 0.000000 -0.000000
353066.230297 4026022.488992 0.000000 0.000000
353066.176646 4026022.601852 0.000000 0.000000
353066.122706 4026022.715320 0.000000 -0.000000
353066.068455 4026022.829443 0.000000 0.000000
353066.013868 4026022.944271 0.000000 -0.000000
353065.958921 4026023.059859 0.000000 -0.000000
353065.903583 4026023.176267 0.000000 -0.000000
353065.847824 4026023.293561 0.000000 0.000000
353065.791611 4026023.411812 0.000000 -0.000000
353065.734906 4026023.531096 0.000000 0.000000
353065.677669 4026023.651500 0.000000 -0.000000
353065.619855 4026023.773116 0.000000 -0.000000
353065.561417 4026023.896047 0.000000 0.000000
353065.502301 4026024.020403 0.000000 -0.000000
353065.442449 4026024.146307 0.000000 0.000000
353065.381799 4026024.273891 0.000000 0.000000
353065.320281 4026024.403300 0.000000 0.000000
353065.257819 4026024.534694 0.000000 -0.000000
353065.194332 4026024.668245 0.000000 0.000000
353065.129731 4026024.804141 0.000000 0.000000
353065.063918 4026024.942585 0.000000 0.000000
353064.996788 4026025.083800 0.000000 -0.000000
353064.928226 4026025.228026 0.000000 -0.000000
353064.858110 4026025.375523 0.000000 -0.000000
353064.786304 4026025.526572 0.000000 -0.000000
353064.712666 4026025.681478 0.000000 -0.000000
353064.637039 4026025.840567 0.000000 -0.000000
353064.559255 4026026.004193 0.000000 -0.000000
353064.479135 4026026.172734 0.000000 -0.000000
353064.396484 4026026.346598 0.000000 -0.000000
353064.311095 4026026.526222 0.000000 -0.000000
353064.222745 4026026.712075 0.000000 -0.000000
353064.131197 4026026.904655 0.000000 -0.000000
353064.036195 4026027.104500 0.000000 -0.000000
353063.937469 4026027.312181 0.000000 -0.000000
353063.834729 4026027.528305 0.000000 -0.000000
353063.727666 4026027.753522 0.000000 -0.000000
353063.615952 4026027.988523 0.000000 -0.000000
353063.499240 4026028.234039 0.000000 -0.000000
353063.377159 4026028.490849 0.000000 -0.000000
353063.249316 4026028.759779 0.000000 -0.000000
353063.115296 4026029.041703 0.000000 -0.000000
353062.974659 4026029.337545 0.000000 -0.000000
