353072.921677 4026008.413016 0.000000 0.000000
353072.770022 4026008.725661 0.000000 0.004985
353072.621722 4026009.020514 0.000000 0.009969
353072.476551 4026009.298652 0.000000 0.014954
353072.334295 4026009.561090 0.000000 0.019939
353072.194753 4026009.808792 0.000000 0.024924
353072.057741 4026010.042665 0.000000 0.029908
353071.923082 4026010.263565 0.000000 0.034893
353071.790615 4026010.472300 0.000000 0.039878
353071.660189 4026010.669631 0.000000 0.044862
353071.531662 4026010.856270 0.000000 0.049847
353071.404905 4026011.032892 0.000000 0.054832
353071.279796 4026011.200125 0.000000 0.059816
353071.156225 4026011.358561 0.000000 0.064801
353071.034088 4026011.508753 0.000000 0.069786
353070.913290 4026011.651219 0.000000 0.074771
353070.793745 4026011.786443 0.000000 0.079755
353070.675373 4026011.914877 0.000000 0.084740
353070.558101 4026012.036941 0.000000 0.089725
353070.441862 4026012.153029 0.000000 0.094709
353070.326596 4026012.263503 0.000000 0.099694
353070.212248 4026012.368704 0.000000 0.104679
353070.098769 4026012.468946 0.000000 0.109664
353069.986113 4026012.564521 0.000000 0.114648
353069.874240 4026012.655698 0.000000 0.119633
353069.763114 4026012.742727 0.000000 0.122609
353069.652703 4026012.825839 0.000000 0.125301
353069.542977 4026012.905247 0.000000 0.127704
353069.433912 4026012.981149 0.000000 0.129817
353069.325483 4026013.053724 0.000000 0.131645
353069.217672 4026013.123141 0.000000 0.133196
353069.110459 4026013.189553 0.000000 0.134483
353069.003830 4026013.253102 0.000000 0.135519
353068.897770 4026013.313919 0.000000 0.136324
353068.792267 4026013.372124 0.000000 0.136917
353068.687310 4026013.427827 0.000000 0.137317
353068.582891 4026013.481132 0.000000 0.137545
353068.478999 4026013.532132 0.000000 0.137623
353068.375627 4026013.580915 0.000000 0.137569
353068.272770 4026013.627562 0.000000 0.137404
353068.170419 4026013.672148 0.000000 0.137144
353068.068569 4026013.714744 0.000000 0.136806
353067.967215 4026013.755414 0.000000 0.136404
353067.866350 4026013.794221 0.000000 0.135950
353067.765971 4026013.831221 0.000000 0.135456
353067.666071 4026013.866470 0.000000 0.134931
353067.566645 4026013.900019 0.000000 0.134382
353067.467687 4026013.931916 0.000000 0.133817
353067.369194 4026013.962209 0.000000 0.133240
353067.271158 4026013.990942 0.000000 0.132655
353067.173574 4026014.018157 0.000000 0.132066
353067.076437 4026014.043895 0.000000 0.131476
353066.979739 4026014.068195 0.000000 0.130886
353066.883476 4026014.091094 0.000000 0.130299
353066.787641 4026014.112629 0.000000 0.129714
353066.692227 4026014.132832 0.000000 0.129134
353066.597229 4026014.151738 0.000000 0.128558
353066.502640 4026014.169376 0.000000 0.127989
353066.408454 4026014.185777 0.000000 0.127426
353066.314664 4026014.200968 0.000000 0.126871
353066.221264 4026014.214977 0.000000 0.126324
353066.128248 4026014.227829 0.000000 0.125786
353066.035610 4026014.239549 0.000000 0.125259
353065.943343 4026014.250160 0.000000 0.124743
353065.851442 4026014.259684 0.000000 0.124240
353065.759900 4026014.268142 0.000000 0.123751
353065.668712 4026014.275554 0.000000 0.123278
353065.577872 4026014.281938 0.000000 0.122822
353065.487375 4026014.287313 0.000000 0.122385
353065.397215 4026014.291694 0.000000 0.121968
353065.307387 4026014.295099 0.000000 0.121573
353065.217885 4026014.297541 0.000000 0.121201
353065.128706 4026014.299036 0.000000 0.120854
353065.039843 4026014.299595 0.000000 0.120533
353064.951294 4026014.299232 0.000000 0.120240
353064.863053 4026014.297959 0.000000 0.119974
353064.775116 4026014.295786 0.000000 0.119739
353064.687480 4026014.292723 0.000000 0.119533
353064.600141 4026014.288779 0.000000 0.119359
353064.513096 4026014.283965 0.000000 0.119217
353064.426341 4026014.278287 0.000000 0.119107
353064.339873 4026014.271753 0.000000 0.119031
353064.253690 4026014.264369 0.000000 0.118988
353064.167789 4026014.256144 0.000000 0.118980
353064.082169 4026014.247080 0.000000 0.119007
353063.996826 4026014.237185 0.000000 0.119069
353063.911760 4026014.226463 0.000000 0.119166
353063.826969 4026014.214917 0.000000 0.119299
353063.742452 4026014.202551 0.000000 0.119468
353063.658207 4026014.189369 0.000000 0.119673
353063.574234 4026014.175372 0.000000 0.119914
353063.490533 4026014.160563 0.000000 0.120191
353063.407103 4026014.144943 0.000000 0.120505
353063.323945 4026014.128514 0.000000 0.120854
353063.241058 4026014.111277 0.000000 0.121238
353063.158442 4026014.093230 0.000000 0.121658
353063.076099 4026014.074375 0.000000 0.122112
353062.994030 4026014.054711 0.000000 0.122600
353062.912234 4026014.034236 0.000000 0.123122
353062.830715 4026014.012949 0.000000 0.123676
353062.749472 4026013.990848 0.000000 0.124262
353062.668507 4026013.967931 0.000000 0.124878
353062.587823 4026013.944195 0.000000 0.125523
353062.507421 4026013.919637 0.000000 0.126196
353062.427304 4026013.894252 0.000000 0.126894
353062.347473 4026013.868037 0.000000 0.127615
353062.267930 4026013.840988 0.000000 0.128358
353062.188679 4026013.813099 0.000000 0.129121
353062.109721 4026013.784364 0.000000 0.129899
353062.031059 4026013.754778 0.000000 0.130692
353061.952697 4026013.724335 0.000000 0.131494
353061.874636 4026013.693027 0.000000 0.132304
353061.796879 4026013.660847 0.000000 0.133117
353061.719430 4026013.627788 0.000000 0.133929
353061.642291 4026013.593841 0.000000 0.134737
353061.565465 4026013.558998 0.000000 0.135535
353061.488954 4026013.523248 0.000000 0.136320
353061.412763 4026013.486584 0.000000 0.137085
353061.336893 4026013.448993 0.000000 0.137827
353061.261347 4026013.410467 0.000000 0.138539
353061.186128 4026013.370993 0.000000 0.139217
353061.111238 4026013.330560 0.000000 0.139854
353061.036681 4026013.289156 0.000000 0.140445
353060.962459 4026013.246769 0.000000 0.140984
353060.888573 4026013.203384 0.000000 0.141464
353060.815027 4026013.158989 0.000000 0.141880
353060.741821 4026013.113570 0.000000 0.142226
353060.668959 4026013.067111 0.000000 0.142496
353060.596442 4026013.019598 0.000000 0.142684
353060.524271 4026012.971014 0.000000 0.142784
353060.452447 4026012.921345 0.000000 0.142791
353060.380972 4026012.870572 0.000000 0.142700
353060.309846 4026012.818678 0.000000 0.142504
353060.239071 4026012.765647 0.000000 0.142201
353060.168645 4026012.711459 0.000000 0.141785
353060.098570 4026012.656095 0.000000 0.141254
353060.028844 4026012.599536 0.000000 0.140602
353059.959467 4026012.541763 0.000000 0.139829
353059.890439 4026012.482753 0.000000 0.138931
353059.821756 4026012.422487 0.000000 0.137908
353059.753419 4026012.360943 0.000000 0.136759
353059.685423 4026012.298097 0.000000 0.135482
353059.617767 4026012.233928 0.000000 0.134080
353059.550448 4026012.168412 0.000000 0.132552
353059.483461 4026012.101524 0.000000 0.130900
353059.416803 4026012.033241 0.000000 0.129128
353059.350469 4026011.963537 0.000000 0.127236
353059.284454 4026011.892385 0.000000 0.125230
353059.218752 4026011.819760 0.000000 0.123113
353059.153356 4026011.745635 0.000000 0.120888
353059.088260 4026011.669981 0.000000 0.118561
353059.023457 4026011.592770 0.000000 0.116137
353058.958937 4026011.513974 0.000000 0.113620
353058.894692 4026011.433563 0.000000 0.111017
353058.830712 4026011.351507 0.000000 0.108332
353058.766987 4026011.267773 0.000000 0.105572
353058.703506 4026011.182330 0.000000 0.102742
353058.640256 4026011.095145 0.000000 0.099849
353058.577223 4026011.006181 0.000000 0.096897
353058.514394 4026010.915402 0.000000 0.093894
353058.451751 4026010.822770 0.000000 0.090845
353058.389278 4026010.728240 0.000000 0.087756
353058.326954 4026010.631770 0.000000 0.084632
353058.264758 4026010.533309 0.000000 0.081480
353058.202666 4026010.432804 0.000000 0.078307
353058.140653 4026010.330199 0.000000 0.075117
353058.078688 4026010.225428 0.000000 0.071917
353058.016739 4026010.118423 0.000000 0.068714
353057.954772 4026010.009106 0.000000 0.065514
353057.892746 4026009.897394 0.000000 0.062325
353057.830619 4026009.783192 0.000000 0.059153
353057.768343 4026009.666397 0.000000 0.056006
353057.705865 4026009.546897 0.000000 0.052891
353057.643127 4026009.424565 0.000000 0.049817
353057.580066 4026009.299265 0.000000 0.046791
353057.516613 4026009.170843 0.000000 0.043821
353057.452692 4026009.039134 0.000000 0.040916
353057.388219 4026008.903955 0.000000 0.038083
353057.323104 4026008.765106 0.000000 0.035331
353057.257249 4026008.622367 0.000000 0.033725
353057.190547 4026008.475499 0.000000 0.032119
353057.122882 4026008.324242 0.000000 0.030513
353057.054127 4026008.168313 0.000000 0.028907
353056.984148 4026008.007403 0.000000 0.027301
353056.912796 4026007.841178 0.000000 0.025695
353056.839914 4026007.669276 0.000000 0.024089
353056.765331 4026007.491308 0.000000 0.022483
353056.688864 4026007.306849 0.000000 0.020877
353056.610317 4026007.115447 0.000000 0.019271
353056.529477 4026006.916611 0.000000 0.017665
353056.446121 4026006.709816 0.000000 0.016059
353056.360006 4026006.494497 0.000000 0.014453
353056.270874 4026006.270051 0.000000 0.012848
353056.178451 4026006.035831 0.000000 0.011242
353056.082444 4026005.791146 0.000000 0.009636
353055.982541 4026005.535258 0.000000 0.008030
353055.878412 4026005.267383 0.000000 0.006424
353055.769704 4026004.986683 0.000000 0.004818
353055.656045 4026004.692268 0.000000 0.003212
353055.537040 4026004.383195 0.000000 0.001606
