353062.826941 4026029.648286 0.000000 0.000000
353062.677920 4026029.957561 0.000000 -0.000041
353062.536047 4026030.252009 0.000000 -0.000083
353062.400857 4026030.532601 0.000000 -0.000124
353062.271909 4026030.800256 0.000000 -0.000166
353062.148790 4026031.055836 0.000000 -0.000207
353062.031109 4026031.300158 0.000000 -0.000249
353061.918500 4026031.533985 0.000000 -0.000290
353061.810617 4026031.758039 0.000000 -0.000332
353061.707138 4026031.972993 0.000000 -0.000373
353061.607757 4026032.179482 0.000000 -0.000415
353061.512191 4026032.378096 0.000000 -0.000456
353061.420174 4026032.569391 0.000000 -0.000498
353061.331457 4026032.753883 0.000000 -0.000539
353061.245809 4026032.932055 0.000000 -0.000581
353061.163014 4026033.104356 0.000000 -0.000622
353061.082870 4026033.271202 0.000000 -0.000663
353061.005191 4026033.432983 0.000000 -0.000705
353060.929805 4026033.590058 0.000000 -0.000746
353060.856551 4026033.742758 0.000000 -0.000788
353060.785280 4026033.891392 0.000000 -0.000829
353060.715856 4026034.036243 0.000000 -0.000871
353060.648152 4026034.177573 0.000000 -0.000912
353060.582052 4026034.315623 0.000000 -0.000954
353060.517449 4026034.450612 0.000000 -0.001001
353060.454246 4026034.582744 0.000000 -0.001046
353060.392352 4026034.712204 0.000000 -0.001088
353060.331685 4026034.839162 0.000000 -0.001127
353060.272170 4026034.963772 0.000000 -0.001162
353060.213739 4026035.086176 0.000000 -0.001194
353060.156328 4026035.206500 0.000000 -0.001222
353060.099880 4026035.324864 0.000000 -0.001246
353060.044345 4026035.441371 0.000000 -0.001266
353059.989675 4026035.556120 0.000000 -0.001282
353059.935826 4026035.669197 0.000000 -0.001295
353059.882759 4026035.780682 0.000000 -0.001303
353059.830440 4026035.890648 0.000000 -0.001308
353059.778836 4026035.999158 0.000000 -0.001310
353059.727917 4026036.106275 0.000000 -0.001308
353059.677656 4026036.212052 0.000000 -0.001304
353059.628028 4026036.316539 0.000000 -0.001296
353059.579010 4026036.419783 0.000000 -0.001286
353059.530581 4026036.521825 0.000000 -0.001274
353059.482722 4026036.622706 0.000000 -0.001259
353059.435414 4026036.722461 0.000000 -0.001242
353059.388639 4026036.821127 0.000000 -0.001224
353059.342382 4026036.918734 0.000000 -0.001204
353059.296627 4026037.015314 0.000000 -0.001183
353059.251359 4026037.110897 0.000000 -0.001160
353059.206564 4026037.205510 0.000000 -0.001137
353059.162228 4026037.299181 0.000000 -0.001113
353059.118339 4026037.391935 0.000000 -0.001088
353059.074884 4026037.483798 0.000000 -0.001062
353059.031851 4026037.574795 0.000000 -0.001036
353058.989228 4026037.664947 0.000000 -0.001009
353058.947003 4026037.754278 0.000000 -0.000982
353058.905167 4026037.842809 0.000000 -0.000955
353058.863708 4026037.930562 0.000000 -0.000928
353058.822616 4026038.017555 0.000000 -0.000901
353058.781883 4026038.103809 0.000000 -0.000874
353058.741498 4026038.189342 0.000000 -0.000847
353058.701454 4026038.274172 0.000000 -0.000820
353058.661740 4026038.358316 0.000000 -0.000793
353058.622349 4026038.441791 0.000000 -0.000767
353058.583273 4026038.524613 0.000000 -0.000741
353058.544504 4026038.606796 0.000000 -0.000715
353058.506036 4026038.688357 0.000000 -0.000690
353058.467860 4026038.769308 0.000000 -0.000665
353058.429970 4026038.849665 0.000000 -0.000640
353058.392360 4026038.929439 0.000000 -0.000616
353058.355022 4026039.008644 0.000000 -0.000592
353058.317952 4026039.087293 0.000000 -0.000569
353058.281143 4026039.165396 0.000000 -0.000546
353058.244590 4026039.242965 0.000000 -0.000524
353058.208287 4026039.320011 0.000000 -0.000503
353058.172229 4026039.396546 0.000000 -0.000482
353058.136410 4026039.472579 0.000000 -0.000461
353058.100827 4026039.548119 0.000000 -0.000441
353058.065473 4026039.623177 0.000000 -0.000422
353058.030346 4026039.697763 0.000000 -0.000403
353057.995440 4026039.771884 0.000000 -0.000384
353057.960750 4026039.845549 0.000000 -0.000367
353057.926274 4026039.918767 0.000000 -0.000349
353057.892007 4026039.991547 0.000000 -0.000333
353057.857944 4026040.063895 0.000000 -0.000316
353057.824083 4026040.135820 0.000000 -0.000301
353057.790420 4026040.207328 0.000000 -0.000285
353057.756950 4026040.278429 0.000000 -0.000271
353057.723672 4026040.349127 0.000000 -0.000256
353057.690580 4026040.419431 0.000000 -0.000243
353057.657673 4026040.489346 0.000000 -0.000229
353057.624947 4026040.558881 0.000000 -0.000216
353057.592398 4026040.628040 0.000000 -0.000204
353057.560024 4026040.696830 0.000000 -0.000192
353057.527822 4026040.765257 0.000000 -0.000180
353057.495789 4026040.833328 0.000000 -0.000168
353057.463922 4026040.901047 0.000000 -0.000157
353057.432218 4026040.968422 0.000000 -0.000147
353057.400674 4026041.035457 0.000000 -0.000136
353057.369289 4026041.102158 0.000000 -0.000126
353057.338058 4026041.168530 0.000000 -0.000116
353057.306980 4026041.234580 0.000000 -0.000107
353057.276053 4026041.300312 0.000000 -0.000097
353057.245272 4026041.365730 0.000000 -0.000088
353057.214637 4026041.430842 0.000000 -0.000080
353057.184145 4026041.495651 0.000000 -0.000071
353057.153793 4026041.560162 0.000000 -0.000063
353057.123578 4026041.624381 0.000000 -0.000055
353057.093500 4026041.688312 0.000000 -0.000047
353057.063555 4026041.751961 0.000000 -0.000039
353057.033740 4026041.815330 0.000000 -0.000031
353057.004055 4026041.878427 0.000000 -0.000024
353056.974496 4026041.941254 0.000000 -0.000016
353056.945062 4026042.003817 0.000000 -0.000009
353056.915750 4026042.066120 0.000000 -0.000002
353056.886558 4026042.128167 0.000000 0.000005
353056.857484 4026042.189964 0.000000 0.000012
353056.828526 4026042.251513 0.000000 0.000018
353056.799682 4026042.312821 0.000000 0.000025
353056.770950 4026042.373890 0.000000 0.000032
353056.742327 4026042.434726 0.000000 0.000038
353056.713813 4026042.495332 0.000000 0.000045
353056.685404 4026042.555713 0.000000 0.000051
353056.657098 4026042.615873 0.000000 0.000058
353056.628895 4026042.675815 0.000000 0.000064
353056.600791 4026042.735545 0.000000 0.000071
353056.572786 4026042.795066 0.000000 0.000077
353056.544876 4026042.854383 0.000000 0.000083
353056.517060 4026042.913498 0.000000 0.000090
353056.489336 4026042.972417 0.000000 0.000096
353056.461703 4026043.031143 0.000000 0.000103
353056.434158 4026043.089681 0.000000 0.000109
353056.406699 4026043.148034 0.000000 0.000116
353056.379325 4026043.206206 0.000000 0.000122
353056.352034 4026043.264201 0.000000 0.000129
353056.324823 4026043.322022 0.000000 0.000136
353056.297692 4026043.379675 0.000000 0.000142
353056.270637 4026043.437162 0.000000 0.000149
353056.243658 4026043.494488 0.000000 0.000156
353056.216753 4026043.551656 0.000000 0.000163
353056.189919 4026043.608670 0.000000 0.000170
353056.163155 4026043.665534 0.000000 0.000177
353056.136460 4026043.722251 0.000000 0.000184
353056.109831 4026043.778826 0.000000 0.000191
353056.083266 4026043.835261 0.000000 0.000198
353056.056765 4026043.891561 0.000000 0.000205
353056.030324 4026043.947728 0.000000 0.000213
353056.003943 4026044.003768 0.000000 0.000220
353055.977620 4026044.059683 0.000000 0.000228
353055.951353 4026044.115476 0.000000 0.000235
353055.925141 4026044.171152 0.000000 0.000243
353055.898981 4026044.226714 0.000000 0.000250
353055.872873 4026044.282165 0.000000 0.000258
353055.846813 4026044.337508 0.000000 0.000266
353055.820802 4026044.392747 0.000000 0.000273
353055.794837 4026044.447885 0.000000 0.000281
353055.768917 4026044.502926 0.000000 0.000289
353055.743041 4026044.557873 0.000000 0.000296
353055.717205 4026044.612728 0.000000 0.000304
353055.691411 4026044.667495 0.000000 0.000312
353055.665655 4026044.722177 0.000000 0.000319
353055.639936 4026044.776777 0.000000 0.000327
353055.614253 4026044.831298 0.000000 0.000335
353055.588605 4026044.885743 0.000000 0.000342
353055.562990 4026044.940114 0.000000 0.000350
353055.537406 4026044.994415 0.000000 0.000357
353055.511853 4026045.048648 0.000000 0.000364
353055.486330 4026045.102816 0.000000 0.000372
353055.460834 4026045.156922 0.000000 0.000379
353055.435365 4026045.210968 0.000000 0.000386
353055.409921 4026045.264956 0.000000 0.000393
353055.384502 4026045.318889 0.000000 0.000400
353055.359106 4026045.372770 0.000000 0.000407
353055.333732 4026045.426600 0.000000 0.000414
353055.308379 4026045.480383 0.000000 0.000421
353055.283046 4026045.534119 0.000000 0.000427
353055.257732 4026045.587812 0.000000 0.000434
353055.232436 4026045.641463 0.000000 0.000440
353055.207157 4026045.695075 0.000000 0.000446
353055.181894 4026045.748649 0.000000 0.000452
353055.156646 4026045.802187 0.000000 0.000458
353055.131412 4026045.855691 0.000000 0.000464
353055.106191 4026045.909163 0.000000 0.000469
353055.080983 4026045.962604 0.000000 0.000474
353055.055787 4026046.016017 0.000000 0.000480
353055.030601 4026046.069402 0.000000 0.000485
353055.005426 4026046.122762 0.000000 0.000489
353054.980261 4026046.176097 0.000000 0.000494
353054.955104 4026046.229409 0.000000 0.000499
353054.929956 4026046.282700 0.000000 0.000503
353054.904815 4026046.335970 0.000000 0.000507
353054.879681 4026046.389222 0.000000 0.000511
353054.854554 4026046.442455 0.000000 0.000514
353054.829432 4026046.495672 0.000000 0.000518
353054.804316 4026046.548873 0.000000 0.000521
353054.779205 4026046.602060 0.000000 0.000524
353054.754098 4026046.655232 0.000000 0.000527
353054.728996 4026046.708392 0.000000 0.000529
353054.703896 4026046.761540 0.000000 0.000532
353054.678800 4026046.814676 0.000000 0.000534
353054.653707 4026046.867803 0.000000 0.000536
353054.628617 4026046.920919 0.000000 0.000537
353054.603528 4026046.974027 0.000000 0.000539
353054.578442 4026047.027127 0.000000 0.000540
353054.553356 4026047.080218 0.000000 0.000541
353054.528273 4026047.133303 0.000000 0.000542
353054.503190 4026047.186381 0.000000 0.000542
353054.478108 4026047.239453 0.000000 0.000542
353054.453026 4026047.292519 0.000000 0.000542
353054.427945 4026047.345580 0.000000 0.000542
353054.402864 4026047.398636 0.000000 0.000541
353054.377783 4026047.451687 0.000000 0.000540
353054.352702 4026047.504735 0.000000 0.000539
353054.327621 4026047.557779 0.000000 0.000538
353054.302539 4026047.610819 0.000000 0.000536
353054.277456 4026047.663856 0.000000 0.000534
353054.252373 4026047.716891 0.000000 0.000532
353054.227289 4026047.769922 0.000000 0.000530
353054.202204 4026047.822951 0.000000 0.000527
353054.177118 4026047.875978 0.000000 0.000525
353054.152032 4026047.929003 0.000000 0.000522
353054.126944 4026047.982026 0.000000 0.000518
353054.101854 4026048.035047 0.000000 0.000515
353054.076764 4026048.088066 0.000000 0.000511
353054.051672 4026048.141084 0.000000 0.000507
353054.026579 4026048.194101 0.000000 0.000503
353054.001485 4026048.247116 0.000000 0.000498
353053.976390 4026048.300130 0.000000 0.000493
353053.951293 4026048.353143 0.000000 0.000488
353053.926194 4026048.406154 0.000000 0.000483
353053.901095 4026048.459165 0.000000 0.000478
353053.875993 4026048.512175 0.000000 0.000472
353053.850891 4026048.565184 0.000000 0.000467
353053.825787 4026048.618192 0.000000 0.000461
353053.800682 4026048.671199 0.000000 0.000454
353053.775575 4026048.724206 0.000000 0.000448
353053.750467 4026048.777212 0.000000 0.000442
353053.725357 4026048.830217 0.000000 0.000435
353053.700246 4026048.883221 0.000000 0.000428
353053.675134 4026048.936225 0.000000 0.000421
353053.650021 4026048.989228 0.000000 0.000414
353053.624906 4026049.042230 0.000000 0.000407
353053.599790 4026049.095232 0.000000 0.000399
353053.574673 4026049.148234 0.000000 0.000392
353053.549554 4026049.201234 0.000000 0.000384
353053.524435 4026049.254234 0.000000 0.000377
353053.499314 4026049.307234 0.000000 0.000369
353053.474192 4026049.360233 0.000000 0.000361
353053.449069 4026049.413231 0.000000 0.000353
353053.423944 4026049.466229 0.000000 0.000345
353053.398819 4026049.519227 0.000000 0.000337
353053.373693 4026049.572224 0.000000 0.000329
353053.348565 4026049.625220 0.000000 0.000321
353053.323437 4026049.678216 0.000000 0.000313
353053.298308 4026049.731212 0.000000 0.000305
353053.273177 4026049.784207 0.000000 0.000296
353053.248046 4026049.837201 0.000000 0.000288
353053.222914 4026049.890196 0.000000 0.000280
353053.197781 4026049.943190 0.000000 0.000272
353053.172647 4026049.996183 0.000000 0.000264
353053.147513 4026050.049176 0.000000 0.000256
353053.122377 4026050.102169 0.000000 0.000248
353053.097241 4026050.155161 0.000000 0.000240
353053.072104 4026050.208153 0.000000 0.000232
353053.046967 4026050.261145 0.000000 0.000225
353053.021829 4026050.314136 0.000000 0.000217
353052.996690 4026050.367127 0.000000 0.000209
353052.971550 4026050.420118 0.000000 0.000202
353052.946410 4026050.473108 0.000000 0.000195
353052.921270 4026050.526099 0.000000 0.000187
353052.896128 4026050.579088 0.000000 0.000180
353052.870987 4026050.632078 0.000000 0.000173
353052.845844 4026050.685068 0.000000 0.000166
353052.820702 4026050.738057 0.000000 0.000160
353052.795558 4026050.791046 0.000000 0.000153
353052.770415 4026050.844034 0.000000 0.000147
353052.745270 4026050.897023 0.000000 0.000140
353052.720126 4026050.950011 0.000000 0.000134
353052.694981 4026051.003000 0.000000 0.000128
353052.669836 4026051.055988 0.000000 0.000122
353052.644690 4026051.108975 0.000000 0.000117
353052.619544 4026051.161963 0.000000 0.000111
353052.594398 4026051.214951 0.000000 0.000106
353052.569251 4026051.267938 0.000000 0.000101
353052.544104 4026051.320925 0.000000 0.000096
353052.518957 4026051.373912 0.000000 0.000091
353052.493810 4026051.426899 0.000000 0.000087
353052.468662 4026051.479886 0.000000 0.000082
353052.443514 4026051.532873 0.000000 0.000078
353052.418366 4026051.585860 0.000000 0.000074
353052.393218 4026051.638846 0.000000 0.000070
353052.368070 4026051.691833 0.000000 0.000066
353052.342921 4026051.744819 0.000000 0.000063
353052.317772 4026051.797806 0.000000 0.000059
353052.292623 4026051.850792 0.000000 0.000056
353052.267474 4026051.903778 0.000000 0.000053
353052.242325 4026051.956764 0.000000 0.000050
353052.217175 4026052.009750 0.000000 0.000048
353052.192026 4026052.062736 0.000000 0.000045
353052.166876 4026052.115722 0.000000 0.000043
353052.141726 4026052.168708 0.000000 0.000041
353052.116576 4026052.221694 0.000000 0.000039
353052.091427 4026052.274680 0.000000 0.000037
353052.066276 4026052.327665 0.000000 0.000035
353052.041126 4026052.380651 0.000000 0.000033
353052.015976 4026052.433637 0.000000 0.000032
353051.990826 4026052.486622 0.000000 0.000031
353051.965675 4026052.539608 0.000000 0.000029
353051.940525 4026052.592594 0.000000 0.000028
353051.915375 4026052.645579 0.000000 0.000027
353051.890224 4026052.698565 0.000000 0.000027
353051.865073 4026052.751550 0.000000 0.000026
353051.839923 4026052.804536 0.000000 0.000025
353051.814772 4026052.857521 0.000000 0.000025
353051.789621 4026052.910506 0.000000 0.000025
353051.764470 4026052.963492 0.000000 0.000024
353051.739319 4026053.016477 0.000000 0.000024
353051.714168 4026053.069462 0.000000 0.000024
353051.689017 4026053.122448 0.000000 0.000024
353051.663866 4026053.175433 0.000000 0.000024
353051.638715 4026053.228418 0.000000 0.000025
353051.613563 4026053.281403 0.000000 0.000025
353051.588412 4026053.334388 0.000000 0.000025
353051.563261 4026053.387373 0.000000 0.000026
353051.538109 4026053.440358 0.000000 0.000026
353051.512958 4026053.493344 0.000000 0.000027
353051.487806 4026053.546329 0.000000 0.000028
353051.462654 4026053.599313 0.000000 0.000029
353051.437502 4026053.652298 0.000000 0.000030
353051.412350 4026053.705283 0.000000 0.000031
353051.387198 4026053.758268 0.000000 0.000032
353051.362046 4026053.811253 0.000000 0.000033
353051.336894 4026053.864238 0.000000 0.000034
353051.311742 4026053.917222 0.000000 0.000035
353051.286590 4026053.970207 0.000000 0.000036
353051.261437 4026054.023192 0.000000 0.000037
353051.236285 4026054.076176 0.000000 0.000039
353051.211132 4026054.129161 0.000000 0.000040
353051.185979 4026054.182145 0.000000 0.000042
353051.160826 4026054.235130 0.000000 0.000043
353051.135673 4026054.288114 0.000000 0.000045
353051.110520 4026054.341098 0.000000 0.000046
353051.085367 4026054.394082 0.000000 0.000048
353051.060213 4026054.447066 0.000000 0.000049
353051.035059 4026054.500050 0.000000 0.000051
353051.009906 4026054.553034 0.000000 0.000053
353050.984752 4026054.606018 0.000000 0.000055
353050.959598 4026054.659002 0.000000 0.000056
353050.934443 4026054.711986 0.000000 0.000058
353050.909289 4026054.764970 0.000000 0.000060
353050.884134 4026054.817953 0.000000 0.000062
353050.858979 4026054.870937 0.000000 0.000064
353050.833824 4026054.923920 0.000000 0.000066
353050.808669 4026054.976903 0.000000 0.000068
353050.783513 4026055.029886 0.000000 0.000070
353050.758358 4026055.082869 0.000000 0.000072
353050.733202 4026055.135852 0.000000 0.000074
353050.708046 4026055.188835 0.000000 0.000076
353050.682889 4026055.241818 0.000000 0.000078
353050.657733 4026055.294801 0.000000 0.000080
353050.632576 4026055.347783 0.000000 0.000083
353050.607419 4026055.400766 0.000000 0.000085
353050.582261 4026055.453748 0.000000 0.000087
353050.557104 4026055.506730 0.000000 0.000089
353050.531946 4026055.559712 0.000000 0.000091
353050.506788 4026055.612694 0.000000 0.000094
353050.481629 4026055.665676 0.000000 0.000096
353050.456470 4026055.718657 0.000000 0.000098
353050.431311 4026055.771639 0.000000 0.000100
353050.406152 4026055.824620 0.000000 0.000103
353050.380992 4026055.877601 0.000000 0.000105
353050.355832 4026055.930582 0.000000 0.000107
353050.330672 4026055.983563 0.000000 0.000109
353050.305511 4026056.036544 0.000000 0.000112
353050.280350 4026056.089524 0.000000 0.000114
353050.255188 4026056.142505 0.000000 0.000116
353050.230027 4026056.195485 0.000000 0.000118
353050.204864 4026056.248465 0.000000 0.000121
353050.179702 4026056.301444 0.000000 0.000123
353050.154539 4026056.354424 0.000000 0.000125
353050.129376 4026056.407404 0.000000 0.000127
353050.104212 4026056.460383 0.000000 0.000130
353050.079048 4026056.513362 0.000000 0.000132
353050.053883 4026056.566341 0.000000 0.000134
353050.028718 4026056.619319 0.000000 0.000136
353050.003553 4026056.672298 0.000000 0.000138
353049.978387 4026056.725276 0.000000 0.000140
353049.953221 4026056.778254 0.000000 0.000142
353049.928054 4026056.831232 0.000000 0.000144
353049.902887 4026056.884210 0.000000 0.000146
353049.877719 4026056.937187 0.000000 0.000148
353049.852551 4026056.990164 0.000000 0.000150
353049.827382 4026057.043141 0.000000 0.000152
353049.802213 4026057.096118 0.000000 0.000154
353049.777044 4026057.149094 0.000000 0.000155
353049.751874 4026057.202070 0.000000 0.000157
353049.726703 4026057.255046 0.000000 0.000159
353049.701532 4026057.308022 0.000000 0.000160
353049.676360 4026057.360998 0.000000 0.000162
353049.651188 4026057.413973 0.000000 0.000163
353049.626016 4026057.466948 0.000000 0.000165
353049.600843 4026057.519923 0.000000 0.000166
353049.575669 4026057.572897 0.000000 0.000167
353049.550495 4026057.625872 0.000000 0.000168
353049.525320 4026057.678846 0.000000 0.000170
353049.500145 4026057.731820 0.000000 0.000171
353049.474969 4026057.784793 0.000000 0.000171
353049.449793 4026057.837766 0.000000 0.000172
353049.424616 4026057.890739 0.000000 0.000173
353049.399439 4026057.943712 0.000000 0.000174
353049.374261 4026057.996685 0.000000 0.000174
353049.349082 4026058.049657 0.000000 0.000175
353049.323903 4026058.102629 0.000000 0.000175
353049.298723 4026058.155600 0.000000 0.000175
353049.273543 4026058.208572 0.000000 0.000176
353049.248362 4026058.261543 0.000000 0.000176
353049.223181 4026058.314514 0.000000 0.000176
353049.197999 4026058.367485 0.000000 0.000176
353049.172817 4026058.420455 0.000000 0.000175
353049.147634 4026058.473425 0.000000 0.000175
353049.122450 4026058.526395 0.000000 0.000175
353049.097266 4026058.579364 0.000000 0.000174
353049.072081 4026058.632334 0.000000 0.000174
353049.046896 4026058.685303 0.000000 0.000173
353049.021710 4026058.738271 0.000000 0.000172
353048.996524 4026058.791240 0.000000 0.000171
353048.971337 4026058.844208 0.000000 0.000170
353048.946150 4026058.897176 0.000000 0.000169
353048.920962 4026058.950144 0.000000 0.000168
353048.895773 4026059.003111 0.000000 0.000167
353048.870584 4026059.056079 0.000000 0.000165
353048.845395 4026059.109046 0.000000 0.000164
353048.820205 4026059.162012 0.000000 0.000162
353048.795014 4026059.214979 0.000000 0.000161
353048.769823 4026059.267945 0.000000 0.000159
353048.744631 4026059.320911 0.000000 0.000157
353048.719439 4026059.373877 0.000000 0.000155
353048.694247 4026059.426842 0.000000 0.000153
353048.669054 4026059.479808 0.000000 0.000151
353048.643860 4026059.532773 0.000000 0.000149
353048.618666 4026059.585738 0.000000 0.000147
353048.593472 4026059.638702 0.000000 0.000145
353048.568277 4026059.691667 0.000000 0.000142
353048.543081 4026059.744631 0.000000 0.000140
353048.517886 4026059.797595 0.000000 0.000137
353048.492689 4026059.850559 0.000000 0.000135
353048.467493 4026059.903522 0.000000 0.000132
353048.442296 4026059.956486 0.000000 0.000130
353048.417098 4026060.009449 0.000000 0.000127
353048.391900 4026060.062412 0.000000 0.000124
353048.366702 4026060.115375 0.000000 0.000122
353048.341503 4026060.168338 0.000000 0.000119
353048.316304 4026060.221300 0.000000 0.000116
353048.291105 4026060.274262 0.000000 0.000113
353048.265905 4026060.327224 0.000000 0.000111
353048.240705 4026060.380186 0.000000 0.000108
353048.215505 4026060.433148 0.000000 0.000105
353048.190304 4026060.486110 0.000000 0.000102
353048.165103 4026060.539071 0.000000 0.000099
353048.139902 4026060.592033 0.000000 0.000096
353048.114700 4026060.644994 0.000000 0.000094
353048.089498 4026060.697955 0.000000 0.000091
353048.064296 4026060.750916 0.000000 0.000088
353048.039093 4026060.803877 0.000000 0.000085
353048.013891 4026060.856838 0.000000 0.000082
353047.988688 4026060.909798 0.000000 0.000080
353047.963484 4026060.962759 0.000000 0.000077
353047.938281 4026061.015719 0.000000 0.000074
353047.913077 4026061.068679 0.000000 0.000072
353047.887873 4026061.121640 0.000000 0.000069
353047.862669 4026061.174600 0.000000 0.000066
353047.837465 4026061.227560 0.000000 0.000064
353047.812261 4026061.280519 0.000000 0.000061
353047.787056 4026061.333479 0.000000 0.000059
353047.761851 4026061.386439 0.000000 0.000056
353047.736646 4026061.439399 0.000000 0.000054
353047.711441 4026061.492358 0.000000 0.000052
353047.686236 4026061.545318 0.000000 0.000049
353047.661030 4026061.598277 0.000000 0.000047
353047.635824 4026061.651236 0.000000 0.000045
353047.610619 4026061.704196 0.000000 0.000043
353047.585413 4026061.757155 0.000000 0.000041
353047.560207 4026061.810114 0.000000 0.000039
353047.535001 4026061.863073 0.000000 0.000037
353047.509795 4026061.916032 0.000000 0.000035
353047.484588 4026061.968991 0.000000 0.000033
353047.459382 4026062.021950 0.000000 0.000032
353047.434176 4026062.074909 0.000000 0.000030
353047.408969 4026062.127868 0.000000 0.000028
353047.383762 4026062.180827 0.000000 0.000027
353047.358556 4026062.233786 0.000000 0.000025
353047.333349 4026062.286745 0.000000 0.000024
353047.308142 4026062.339703 0.000000 0.000022
353047.282935 4026062.392662 0.000000 0.000021
353047.257728 4026062.445621 0.000000 0.000020
353047.232521 4026062.498580 0.000000 0.000018
353047.207314 4026062.551538 0.000000 0.000017
353047.182107 4026062.604497 0.000000 0.000016
353047.156900 4026062.657455 0.000000 0.000015
353047.131693 4026062.710414 0.000000 0.000014
353047.106486 4026062.763373 0.000000 0.000013
353047.081278 4026062.816331 0.000000 0.000012
353047.056071 4026062.869290 0.000000 0.000011
353047.030864 4026062.922248 0.000000 0.000011
353047.005656 4026062.975207 0.000000 0.000010
353046.980449 4026063.028165 0.000000 0.000009
353046.955242 4026063.081124 0.000000 0.000008
353046.930034 4026063.134082 0.000000 0.000008
353046.904827 4026063.187041 0.000000 0.000007
353046.879620 4026063.239999 0.000000 0.000007
353046.854412 4026063.292958 0.000000 0.000006
353046.829205 4026063.345916 0.000000 0.000006
353046.803997 4026063.398875 0.000000 0.000005
353046.778790 4026063.451833 0.000000 0.000005
353046.753582 4026063.504792 0.000000 0.000004
353046.728375 4026063.557750 0.000000 0.000004
353046.703167 4026063.610709 0.000000 0.000004
353046.677960 4026063.663667 0.000000 0.000003
353046.652752 4026063.716625 0.000000 0.000003
353046.627545 4026063.769584 0.000000 0.000003
353046.602337 4026063.822542 0.000000 0.000003
353046.577130 4026063.875501 0.000000 0.000003
353046.551922 4026063.928459 0.000000 0.000002
353046.526715 4026063.981418 0.000000 0.000002
353046.501507 4026064.034376 0.000000 0.000002
353046.476299 4026064.087334 0.000000 0.000002
353046.451092 4026064.140293 0.000000 0.000002
353046.425884 4026064.193251 0.000000 0.000002
353046.400677 4026064.246210 0.000000 0.000002
353046.375469 4026064.299168 0.000000 0.000002
353046.350262 4026064.352127 0.000000 0.000002
353046.325054 4026064.405085 0.000000 0.000002
353046.299846 4026064.458043 0.000000 0.000002
353046.274639 4026064.511002 0.000000 0.000003
353046.249431 4026064.563960 0.000000 0.000003
353046.224224 4026064.616919 0.000000 0.000003
353046.199016 4026064.669877 0.000000 0.000003
353046.173808 4026064.722835 0.000000 0.000003
353046.148601 4026064.775794 0.000000 0.000004
353046.123393 4026064.828752 0.000000 0.000004
353046.098186 4026064.881711 0.000000 0.000004
353046.072978 4026064.934669 0.000000 0.000005
353046.047770 4026064.987627 0.000000 0.000005
353046.022563 4026065.040586 0.000000 0.000005
353045.997355 4026065.093544 0.000000 0.000006
353045.972147 4026065.146502 0.000000 0.000006
353045.946940 4026065.199461 0.000000 0.000007
353045.921732 4026065.252419 0.000000 0.000007
353045.896524 4026065.305377 0.000000 0.000008
353045.871316 4026065.358336 0.000000 0.000008
353045.846109 4026065.411294 0.000000 0.000009
353045.820901 4026065.464252 0.000000 0.000010
353045.795693 4026065.517211 0.000000 0.000010
353045.770485 4026065.570169 0.000000 0.000011
353045.745277 4026065.623127 0.000000 0.000012
353045.720069 4026065.676085 0.000000 0.000013
353045.694861 4026065.729044 0.000000 0.000014
353045.669653 4026065.782002 0.000000 0.000014
353045.644445 4026065.834960 0.000000 0.000015
353045.619237 4026065.887918 0.000000 0.000016
353045.594029 4026065.940876 0.000000 0.000017
353045.568821 4026065.993834 0.000000 0.000018
353045.543613 4026066.046793 0.000000 0.000020
353045.518404 4026066.099751 0.000000 0.000021
353045.493196 4026066.152709 0.000000 0.000022
353045.467988 4026066.205667 0.000000 0.000023
353045.442779 4026066.258625 0.000000 0.000024
353045.417571 4026066.311583 0.000000 0.000026
353045.392362 4026066.364541 0.000000 0.000027
353045.367153 4026066.417498 0.000000 0.000028
353045.341945 4026066.470456 0.000000 0.000030
353045.316736 4026066.523414 0.000000 0.000031
353045.291527 4026066.576372 0.000000 0.000033
353045.266318 4026066.629330 0.000000 0.000034
353045.241108 4026066.682287 0.000000 0.000036
353045.215899 4026066.735245 0.000000 0.000037
353045.190690 4026066.788202 0.000000 0.000039
353045.165480 4026066.841160 0.000000 0.000041
353045.140271 4026066.894117 0.000000 0.000042
353045.115061 4026066.947075 0.000000 0.000044
353045.089851 4026067.000032 0.000000 0.000046
353045.064641 4026067.052989 0.000000 0.000048
353045.039431 4026067.105946 0.000000 0.000049
353045.014220 4026067.158903 0.000000 0.000051
353044.989010 4026067.211860 0.000000 0.000053
353044.963799 4026067.264817 0.000000 0.000055
353044.938588 4026067.317774 0.000000 0.000057
353044.913377 4026067.370731 0.000000 0.000059
353044.888166 4026067.423688 0.000000 0.000061
353044.862955 4026067.476644 0.000000 0.000062
353044.837743 4026067.529601 0.000000 0.000064
353044.812532 4026067.582557 0.000000 0.000066
353044.787320 4026067.635514 0.000000 0.000068
353044.762107 4026067.688470 0.000000 0.000070
353044.736895 4026067.741426 0.000000 0.000072
353044.711682 4026067.794382 0.000000 0.000074
353044.686469 4026067.847338 0.000000 0.000075
353044.661256 4026067.900293 0.000000 0.000077
353044.636043 4026067.953249 0.000000 0.000079
353044.610829 4026068.006205 0.000000 0.000081
353044.585615 4026068.059160 0.000000 0.000082
353044.560401 4026068.112115 0.000000 0.000084
353044.535187 4026068.165071 0.000000 0.000086
353044.509972 4026068.218026 0.000000 0.000087
353044.484757 4026068.270980 0.000000 0.000089
353044.459542 4026068.323935 0.000000 0.000090
353044.434326 4026068.376890 0.000000 0.000092
353044.409111 4026068.429844 0.000000 0.000093
353044.383895 4026068.482799 0.000000 0.000095
353044.358678 4026068.535753 0.000000 0.000096
353044.333461 4026068.588707 0.000000 0.000097
353044.308244 4026068.641661 0.000000 0.000098
353044.283027 4026068.694615 0.000000 0.000099
353044.257809 4026068.747568 0.000000 0.000101
353044.232591 4026068.800522 0.000000 0.000101
353044.207373 4026068.853475 0.000000 0.000102
353044.182154 4026068.906428 0.000000 0.000103
353044.156935 4026068.959381 0.000000 0.000104
353044.131716 4026069.012334 0.000000 0.000105
353044.106496 4026069.065286 0.000000 0.000105
353044.081276 4026069.118239 0.000000 0.000106
353044.056056 4026069.171191 0.000000 0.000106
353044.030835 4026069.224143 0.000000 0.000106
353044.005614 4026069.277095 0.000000 0.000107
353043.980393 4026069.330047 0.000000 0.000107
353043.955171 4026069.382999 0.000000 0.000107
353043.929949 4026069.435950 0.000000 0.000107
353043.904727 4026069.488902 0.000000 0.000107
353043.879504 4026069.541853 0.000000 0.000106
353043.854281 4026069.594804 0.000000 0.000106
353043.829057 4026069.647755 0.000000 0.000106
353043.803834 4026069.700706 0.000000 0.000105
353043.778610 4026069.753656 0.000000 0.000105
353043.753385 4026069.806606 0.000000 0.000104
353043.728160 4026069.859557 0.000000 0.000104
353043.702935 4026069.912507 0.000000 0.000103
353043.677710 4026069.965457 0.000000 0.000102
353043.652484 4026070.018406 0.000000 0.000101
353043.627258 4026070.071356 0.000000 0.000100
353043.602031 4026070.124305 0.000000 0.000099
353043.576805 4026070.177255 0.000000 0.000098
353043.551578 4026070.230204 0.000000 0.000097
353043.526350 4026070.283153 0.000000 0.000096
353043.501123 4026070.336102 0.000000 0.000094
353043.475895 4026070.389050 0.000000 0.000093
353043.450667 4026070.441999 0.000000 0.000091
353043.425438 4026070.494947 0.000000 0.000090
353043.400209 4026070.547896 0.000000 0.000088
353043.374980 4026070.600844 0.000000 0.000087
353043.349751 4026070.653792 0.000000 0.000085
353043.324521 4026070.706740 0.000000 0.000084
353043.299291 4026070.759688 0.000000 0.000082
353043.274061 4026070.812635 0.000000 0.000080
353043.248831 4026070.865583 0.000000 0.000078
353043.223600 4026070.918530 0.000000 0.000077
353043.198369 4026070.971478 0.000000 0.000075
353043.173138 4026071.024425 0.000000 0.000073
353043.147907 4026071.077372 0.000000 0.000071
353043.122675 4026071.130319 0.000000 0.000069
353043.097443 4026071.183266 0.000000 0.000067
353043.072211 4026071.236212 0.000000 0.000066
353043.046979 4026071.289159 0.000000 0.000064
353043.021747 4026071.342106 0.000000 0.000062
353042.996514 4026071.395052 0.000000 0.000060
353042.971281 4026071.447999 0.000000 0.000058
353042.946048 4026071.500945 0.000000 0.000056
353042.920815 4026071.553891 0.000000 0.000054
353042.895582 4026071.606837 0.000000 0.000053
353042.870349 4026071.659783 0.000000 0.000051
353042.845115 4026071.712729 0.000000 0.000049
353042.819881 4026071.765675 0.000000 0.000047
353042.794647 4026071.818621 0.000000 0.000045
353042.769413 4026071.871567 0.000000 0.000044
353042.744179 4026071.924513 0.000000 0.000042
353042.718945 4026071.977459 0.000000 0.000040
353042.693711 4026072.030404 0.000000 0.000039
353042.668476 4026072.083350 0.000000 0.000037
353042.643241 4026072.136295 0.000000 0.000035
353042.618007 4026072.189241 0.000000 0.000034
353042.592772 4026072.242186 0.000000 0.000032
353042.567537 4026072.295132 0.000000 0.000031
353042.542302 4026072.348077 0.000000 0.000029
353042.517067 4026072.401022 0.000000 0.000028
353042.491832 4026072.453968 0.000000 0.000027
353042.466597 4026072.506913 0.000000 0.000025
353042.441361 4026072.559858 0.000000 0.000024
353042.416126 4026072.612803 0.000000 0.000023
353042.390890 4026072.665748 0.000000 0.000022
353042.365655 4026072.718693 0.000000 0.000020
353042.340419 4026072.771639 0.000000 0.000019
353042.315184 4026072.824584 0.000000 0.000018
353042.289948 4026072.877529 0.000000 0.000017
353042.264712 4026072.930474 0.000000 0.000016
353042.239477 4026072.983419 0.000000 0.000015
353042.214241 4026073.036364 0.000000 0.000014
353042.189005 4026073.089309 0.000000 0.000013
353042.163769 4026073.142254 0.000000 0.000013
353042.138533 4026073.195198 0.000000 0.000012
353042.113297 4026073.248143 0.000000 0.000011
353042.088062 4026073.301088 0.000000 0.000010
353042.062826 4026073.354033 0.000000 0.000010
353042.037590 4026073.406978 0.000000 0.000009
353042.012354 4026073.459923 0.000000 0.000008
353041.987118 4026073.512868 0.000000 0.000008
353041.961881 4026073.565813 0.000000 0.000007
353041.936645 4026073.618757 0.000000 0.000007
353041.911409 4026073.671702 0.000000 0.000006
353041.886173 4026073.724647 0.000000 0.000006
353041.860937 4026073.777592 0.000000 0.000006
353041.835701 4026073.830537 0.000000 0.000005
353041.810465 4026073.883482 0.000000 0.000005
353041.785229 4026073.936426 0.000000 0.000005
353041.759992 4026073.989371 0.000000 0.000005
353041.734756 4026074.042316 0.000000 0.000005
353041.709520 4026074.095261 0.000000 0.000005
353041.684284 4026074.148205 0.000000 0.000005
353041.659048 4026074.201150 0.000000 0.000005
353041.633812 4026074.254095 0.000000 0.000005
353041.608575 4026074.307040 0.000000 0.000005
353041.583339 4026074.359985 0.000000 0.000006
353041.558103 4026074.412929 0.000000 0.000006
353041.532867 4026074.465874 0.000000 0.000006
353041.507630 4026074.518819 0.000000 0.000007
353041.482394 4026074.571764 0.000000 0.000008
353041.457158 4026074.624708 0.000000 0.000008
353041.431922 4026074.677653 0.000000 0.000009
353041.406685 4026074.730598 0.000000 0.000010
353041.381449 4026074.783543 0.000000 0.000011
353041.356213 4026074.836487 0.000000 0.000012
353041.330976 4026074.889432 0.000000 0.000014
353041.305740 4026074.942377 0.000000 0.000015
353041.280504 4026074.995321 0.000000 0.000017
353041.255267 4026075.048266 0.000000 0.000018
353041.230031 4026075.101211 0.000000 0.000020
353041.204794 4026075.154155 0.000000 0.000022
353041.179557 4026075.207100 0.000000 0.000025
353041.154321 4026075.260044 0.000000 0.000027
353041.129084 4026075.312989 0.000000 0.000030
353041.103847 4026075.365933 0.000000 0.000032
353041.078611 4026075.418878 0.000000 0.000036
353041.053374 4026075.471822 0.000000 0.000039
353041.028137 4026075.524767 0.000000 0.000042
353041.002899 4026075.577711 0.000000 0.000046
353040.977662 4026075.630655 0.000000 0.000050
353040.952425 4026075.683599 0.000000 0.000054
353040.927187 4026075.736544 0.000000 0.000059
353040.901950 4026075.789488 0.000000 0.000064
353040.876712 4026075.842432 0.000000 0.000069
353040.851474 4026075.895376 0.000000 0.000074
353040.826236 4026075.948319 0.000000 0.000080
353040.800997 4026076.001263 0.000000 0.000086
353040.775759 4026076.054207 0.000000 0.000093
353040.750520 4026076.107150 0.000000 0.000100
353040.725281 4026076.160094 0.000000 0.000107
353040.700041 4026076.213037 0.000000 0.000114
353040.674802 4026076.265980 0.000000 0.000122
353040.649562 4026076.318923 0.000000 0.000131
353040.624321 4026076.371865 0.000000 0.000139
353040.599080 4026076.424808 0.000000 0.000149
353040.573839 4026076.477750 0.000000 0.000158
353040.548597 4026076.530692 0.000000 0.000168
353040.523355 4026076.583634 0.000000 0.000179
353040.498113 4026076.636576 0.000000 0.000190
353040.472870 4026076.689517 0.000000 0.000201
353040.447626 4026076.742458 0.000000 0.000213
353040.422381 4026076.795399 0.000000 0.000226
353040.397136 4026076.848340 0.000000 0.000239
353040.371891 4026076.901280 0.000000 0.000252
353040.346644 4026076.954220 0.000000 0.000266
353040.321397 4026077.007159 0.000000 0.000281
353040.296149 4026077.060098 0.000000 0.000296
353040.270900 4026077.113037 0.000000 0.000311
353040.245651 4026077.165975 0.000000 0.000327
353040.220400 4026077.218913 0.000000 0.000344
353040.195148 4026077.271850 0.000000 0.000361
353040.169895 4026077.324787 0.000000 0.000378
353040.144642 4026077.377723 0.000000 0.000397
353040.119387 4026077.430658 0.000000 0.000415
353040.094130 4026077.483593 0.000000 0.000435
353040.068873 4026077.536528 0.000000 0.000455
353040.043614 4026077.589461 0.000000 0.000475
353040.018353 4026077.642394 0.000000 0.000496
353039.993092 4026077.695327 0.000000 0.000518
353039.967828 4026077.748258 0.000000 0.000540
353039.942563 4026077.801189 0.000000 0.000562
353039.917297 4026077.854119 0.000000 0.000586
353039.892028 4026077.907048 0.000000 0.000609
353039.866758 4026077.959976 0.000000 0.000634
353039.841486 4026078.012903 0.000000 0.000659
353039.816211 4026078.065829 0.000000 0.000684
353039.790935 4026078.118755 0.000000 0.000710
353039.765657 4026078.171679 0.000000 0.000737
353039.740376 4026078.224602 0.000000 0.000764
353039.715093 4026078.277524 0.000000 0.000792
353039.689808 4026078.330445 0.000000 0.000820
353039.664520 4026078.383364 0.000000 0.000849
353039.639230 4026078.436283 0.000000 0.000878
353039.613936 4026078.489200 0.000000 0.000908
353039.588641 4026078.542115 0.000000 0.000938
353039.563342 4026078.595030 0.000000 0.000969
353039.538040 4026078.647942 0.000000 0.001000
353039.512735 4026078.700854 0.000000 0.001032
353039.487427 4026078.753764 0.000000 0.001064
353039.462116 4026078.806672 0.000000 0.001097
353039.436802 4026078.859578 0.000000 0.001130
353039.411484 4026078.912483 0.000000 0.001164
353039.386162 4026078.965386 0.000000 0.001198
353039.360837 4026079.018288 0.000000 0.001232
353039.335508 4026079.071187 0.000000 0.001267
353039.310175 4026079.124085 0.000000 0.001302
353039.284838 4026079.176980 0.000000 0.001338
353039.259497 4026079.229874 0.000000 0.001374
353039.234151 4026079.282766 0.000000 0.001410
353039.208802 4026079.335655 0.000000 0.001446
353039.183447 4026079.388542 0.000000 0.001483
353039.158089 4026079.441427 0.000000 0.001520
353039.132725 4026079.494310 0.000000 0.001558
353039.107357 4026079.547190 0.000000 0.001595
353039.081984 4026079.600068 0.000000 0.001633
353039.056605 4026079.652944 0.000000 0.001671
353039.031222 4026079.705817 0.000000 0.001709
353039.005833 4026079.758687 0.000000 0.001747
353038.980439 4026079.811555 0.000000 0.001785
353038.955039 4026079.864420 0.000000 0.001823
353038.929634 4026079.917282 0.000000 0.001862
353038.904222 4026079.970142 0.000000 0.001900
353038.878805 4026080.022998 0.000000 0.001938
353038.853382 4026080.075852 0.000000 0.001976
353038.827953 4026080.128702 0.000000 0.002014
353038.802517 4026080.181550 0.000000 0.002052
353038.777075 4026080.234394 0.000000 0.002090
353038.751627 4026080.287235 0.000000 0.002127
353038.726171 4026080.340073 0.000000 0.002164
353038.700709 4026080.392908 0.000000 0.002201
353038.675240 4026080.445739 0.000000 0.002238
353038.649765 4026080.498567 0.000000 0.002274
353038.624282 4026080.551392 0.000000 0.002309
353038.598791 4026080.604212 0.000000 0.002344
353038.573294 4026080.657030 0.000000 0.002379
353038.547789 4026080.709843 0.000000 0.002413
353038.522276 4026080.762653 0.000000 0.002446
353038.496756 4026080.815460 0.000000 0.002479
353038.471227 4026080.868262 0.000000 0.002511
353038.445691 4026080.921061 0.000000 0.002542
353038.420147 4026080.973855 0.000000 0.002572
353038.394595 4026081.026646 0.000000 0.002602
353038.369035 4026081.079433 0.000000 0.002630
353038.343466 4026081.132215 0.000000 0.002658
353038.317889 4026081.184994 0.000000 0.002685
353038.292304 4026081.237768 0.000000 0.002710
353038.266710 4026081.290539 0.000000 0.002734
353038.241107 4026081.343305 0.000000 0.002758
353038.215496 4026081.396067 0.000000 0.002780
353038.189876 4026081.448824 0.000000 0.002800
353038.164247 4026081.501577 0.000000 0.002820
353038.138609 4026081.554326 0.000000 0.002838
353038.112962 4026081.607071 0.000000 0.002855
353038.087306 4026081.659811 0.000000 0.002870
353038.061641 4026081.712547 0.000000 0.002884
353038.035967 4026081.765278 0.000000 0.002896
353038.010284 4026081.818005 0.000000 0.002907
353037.984591 4026081.870727 0.000000 0.002916
353037.958889 4026081.923444 0.000000 0.002924
353037.933178 4026081.976158 0.000000 0.002930
353037.907458 4026082.028866 0.000000 0.002935
353037.881729 4026082.081571 0.000000 0.002938
353037.855990 4026082.134270 0.000000 0.002939
353037.830241 4026082.186965 0.000000 0.002938
353037.804484 4026082.239656 0.000000 0.002936
353037.778717 4026082.292342 0.000000 0.002932
353037.752941 4026082.345023 0.000000 0.002926
353037.727155 4026082.397700 0.000000 0.002919
353037.701361 4026082.450373 0.000000 0.002910
353037.675557 4026082.503041 0.000000 0.002899
353037.649744 4026082.555704 0.000000 0.002887
353037.623921 4026082.608363 0.000000 0.002872
353037.598090 4026082.661018 0.000000 0.002857
353037.572250 4026082.713668 0.000000 0.002839
353037.546400 4026082.766313 0.000000 0.002820
353037.520542 4026082.818955 0.000000 0.002799
353037.494675 4026082.871592 0.000000 0.002777
353037.468799 4026082.924225 0.000000 0.002752
353037.442915 4026082.976853 0.000000 0.002727
353037.417021 4026083.029478 0.000000 0.002700
353037.391120 4026083.082098 0.000000 0.002671
353037.365209 4026083.134714 0.000000 0.002641
353037.339291 4026083.187326 0.000000 0.002610
353037.313364 4026083.239934 0.000000 0.002577
353037.287430 4026083.292538 0.000000 0.002543
353037.261487 4026083.345138 0.000000 0.002507
353037.235536 4026083.397735 0.000000 0.002471
353037.209578 4026083.450327 0.000000 0.002433
353037.183612 4026083.502916 0.000000 0.002394
353037.157638 4026083.555501 0.000000 0.002354
353037.131657 4026083.608083 0.000000 0.002313
353037.105669 4026083.660661 0.000000 0.002271
353037.079674 4026083.713236 0.000000 0.002229
353037.053671 4026083.765807 0.000000 0.002185
353037.027662 4026083.818375 0.000000 0.002141
353037.001647 4026083.870939 0.000000 0.002096
353036.975624 4026083.923501 0.000000 0.002051
353036.949596 4026083.976059 0.000000 0.002005
353036.923561 4026084.028615 0.000000 0.001958
353036.897520 4026084.081167 0.000000 0.001911
353036.871474 4026084.133717 0.000000 0.001864
353036.845421 4026084.186263 0.000000 0.001817
353036.819363 4026084.238807 0.000000 0.001769
353036.793300 4026084.291349 0.000000 0.001722
353036.767231 4026084.343887 0.000000 0.001674
353036.741157 4026084.396424 0.000000 0.001626
353036.715078 4026084.448958 0.000000 0.001579
353036.688995 4026084.501489 0.000000 0.001531
353036.662906 4026084.554018 0.000000 0.001484
353036.636813 4026084.606545 0.000000 0.001437
353036.610716 4026084.659070 0.000000 0.001390
353036.584615 4026084.711593 0.000000 0.001344
353036.558510 4026084.764114 0.000000 0.001298
353036.532400 4026084.816633 0.000000 0.001253
353036.506287 4026084.869150 0.000000 0.001208
353036.480171 4026084.921666 0.000000 0.001164
353036.454051 4026084.974180 0.000000 0.001120
353036.427927 4026085.026692 0.000000 0.001077
353036.401801 4026085.079202 0.000000 0.001035
353036.375671 4026085.131711 0.000000 0.000993
353036.349539 4026085.184219 0.000000 0.000953
353036.323403 4026085.236725 0.000000 0.000913
353036.297265 4026085.289230 0.000000 0.000873
353036.271125 4026085.341734 0.000000 0.000835
353036.244982 4026085.394237 0.000000 0.000798
353036.218837 4026085.446738 0.000000 0.000762
353036.192689 4026085.499239 0.000000 0.000726
353036.166540 4026085.551738 0.000000 0.000691
353036.140388 4026085.604236 0.000000 0.000658
353036.114235 4026085.656734 0.000000 0.000625
353036.088080 4026085.709231 0.000000 0.000594
353036.061923 4026085.761726 0.000000 0.000563
353036.035765 4026085.814221 0.000000 0.000533
353036.009605 4026085.866716 0.000000 0.000505
353035.983444 4026085.919210 0.000000 0.000477
353035.957281 4026085.971703 0.000000 0.000451
353035.931117 4026086.024195 0.000000 0.000425
353035.904952 4026086.076687 0.000000 0.000400
353035.878786 4026086.129178 0.000000 0.000377
353035.852619 4026086.181669 0.000000 0.000354
353035.826452 4026086.234160 0.000000 0.000332
353035.800283 4026086.286649 0.000000 0.000312
353035.774113 4026086.339139 0.000000 0.000292
353035.747943 4026086.391628 0.000000 0.000273
353035.721772 4026086.444117 0.000000 0.000255
353035.695600 4026086.496606 0.000000 0.000238
353035.669428 4026086.549094 0.000000 0.000222
353035.643255 4026086.601582 0.000000 0.000206
353035.617081 4026086.654070 0.000000 0.000192
353035.590907 4026086.706557 0.000000 0.000178
353035.564733 4026086.759044 0.000000 0.000165
353035.538558 4026086.811532 0.000000 0.000153
353035.512383 4026086.864018 0.000000 0.000142
353035.486208 4026086.916505 0.000000 0.000131
353035.460032 4026086.968992 0.000000 0.000121
353035.433856 4026087.021478 0.000000 0.000112
353035.407680 4026087.073965 0.000000 0.000103
353035.381503 4026087.126451 0.000000 0.000095
353035.355327 4026087.178937 0.000000 0.000088
353035.329150 4026087.231423 0.000000 0.000081
353035.302973 4026087.283909 0.000000 0.000075
353035.276795 4026087.336395 0.000000 0.000070
353035.250618 4026087.388881 0.000000 0.000065
353035.224440 4026087.441366 0.000000 0.000061
353035.198263 4026087.493852 0.000000 0.000057
353035.172085 4026087.546338 0.000000 0.000054
353035.145907 4026087.598823 0.000000 0.000051
353035.119730 4026087.651309 0.000000 0.000049
353035.093552 4026087.703794 0.000000 0.000047
353035.067373 4026087.756280 0.000000 0.000046
353035.041195 4026087.808765 0.000000 0.000046
353035.015017 4026087.861251 0.000000 0.000046
353034.988839 4026087.913736 0.000000 0.000047
353034.962661 4026087.966221 0.000000 0.000048
353034.936482 4026088.018707 0.000000 0.000049
353034.910304 4026088.071192 0.000000 0.000052
353034.884125 4026088.123677 0.000000 0.000054
353034.857946 4026088.176162 0.000000 0.000058
353034.831767 4026088.228647 0.000000 0.000062
353034.805588 4026088.281132 0.000000 0.000066
353034.779409 4026088.333617 0.000000 0.000072
353034.753230 4026088.386102 0.000000 0.000077
353034.727051 4026088.438587 0.000000 0.000084
353034.700871 4026088.491071 0.000000 0.000091
353034.674691 4026088.543556 0.000000 0.000099
353034.648511 4026088.596040 0.000000 0.000107
353034.622331 4026088.648525 0.000000 0.000117
353034.596151 4026088.701009 0.000000 0.000127
353034.569970 4026088.753493 0.000000 0.000138
353034.543789 4026088.805977 0.000000 0.000149
353034.517607 4026088.858461 0.000000 0.000162
353034.491425 4026088.910944 0.000000 0.000175
353034.465243 4026088.963427 0.000000 0.000189
353034.439060 4026089.015910 0.000000 0.000204
353034.412877 4026089.068393 0.000000 0.000220
353034.386693 4026089.120876 0.000000 0.000237
353034.360508 4026089.173358 0.000000 0.000255
353034.334323 4026089.225839 0.000000 0.000274
353034.308137 4026089.278321 0.000000 0.000294
353034.281950 4026089.330802 0.000000 0.000315
353034.255763 4026089.383282 0.000000 0.000337
353034.229574 4026089.435763 0.000000 0.000360
353034.203385 4026089.488242 0.000000 0.000384
353034.177194 4026089.540721 0.000000 0.000410
353034.151003 4026089.593200 0.000000 0.000437
353034.124810 4026089.645678 0.000000 0.000464
353034.098616 4026089.698155 0.000000 0.000493
353034.072420 4026089.750631 0.000000 0.000524
353034.046224 4026089.803107 0.000000 0.000555
353034.020025 4026089.855582 0.000000 0.000588
353033.993825 4026089.908056 0.000000 0.000622
353033.967623 4026089.960529 0.000000 0.000657
353033.941419 4026090.013002 0.000000 0.000694
353033.915213 4026090.065473 0.000000 0.000731
353033.889006 4026090.117943 0.000000 0.000770
353033.862795 4026090.170412 0.000000 0.000810
353033.836583 4026090.222880 0.000000 0.000852
353033.810368 4026090.275346 0.000000 0.000894
353033.784150 4026090.327811 0.000000 0.000938
353033.757930 4026090.380275 0.000000 0.000983
353033.731707 4026090.432737 0.000000 0.001029
353033.705481 4026090.485198 0.000000 0.001077
353033.679251 4026090.537657 0.000000 0.001125
353033.653018 4026090.590114 0.000000 0.001175
353033.626782 4026090.642569 0.000000 0.001225
353033.600542 4026090.695023 0.000000 0.001277
353033.574298 4026090.747475 0.000000 0.001330
353033.548051 4026090.799924 0.000000 0.001383
353033.521799 4026090.852372 0.000000 0.001438
353033.495542 4026090.904817 0.000000 0.001493
353033.469282 4026090.957260 0.000000 0.001549
353033.443016 4026091.009700 0.000000 0.001606
353033.416746 4026091.062138 0.000000 0.001664
353033.390471 4026091.114573 0.000000 0.001723
353033.364190 4026091.167006 0.000000 0.001782
353033.337904 4026091.219436 0.000000 0.001841
353033.311612 4026091.271863 0.000000 0.001901
353033.285315 4026091.324287 0.000000 0.001962
353033.259011 4026091.376708 0.000000 0.002023
353033.232702 4026091.429125 0.000000 0.002084
353033.206385 4026091.481540 0.000000 0.002145
353033.180063 4026091.533950 0.000000 0.002207
353033.153733 4026091.586358 0.000000 0.002269
353033.127397 4026091.638762 0.000000 0.002330
353033.101053 4026091.691162 0.000000 0.002392
353033.074702 4026091.743558 0.000000 0.002453
353033.048343 4026091.795951 0.000000 0.002515
353033.021977 4026091.848339 0.000000 0.002576
353032.995603 4026091.900723 0.000000 0.002637
353032.969220 4026091.953103 0.000000 0.002697
353032.942829 4026092.005479 0.000000 0.002757
353032.916429 4026092.057850 0.000000 0.002816
353032.890021 4026092.110217 0.000000 0.002874
353032.863604 4026092.162579 0.000000 0.002932
353032.837177 4026092.214937 0.000000 0.002989
353032.810742 4026092.267290 0.000000 0.003045
353032.784296 4026092.319637 0.000000 0.003100
353032.757841 4026092.371980 0.000000 0.003155
353032.731377 4026092.424318 0.000000 0.003208
353032.704902 4026092.476651 0.000000 0.003260
353032.678417 4026092.528978 0.000000 0.003311
353032.651922 4026092.581300 0.000000 0.003360
353032.625416 4026092.633617 0.000000 0.003409
353032.598899 4026092.685928 0.000000 0.003455
353032.572372 4026092.738233 0.000000 0.003501
353032.545834 4026092.790533 0.000000 0.003545
353032.519285 4026092.842827 0.000000 0.003587
353032.492724 4026092.895116 0.000000 0.003628
353032.466152 4026092.947398 0.000000 0.003668
353032.439569 4026092.999675 0.000000 0.003706
353032.412974 4026093.051946 0.000000 0.003742
353032.386367 4026093.104210 0.000000 0.003776
353032.359749 4026093.156469 0.000000 0.003808
353032.333118 4026093.208721 0.000000 0.003839
353032.306476 4026093.260967 0.000000 0.003868
353032.279822 4026093.313207 0.000000 0.003895
353032.253155 4026093.365441 0.000000 0.003921
353032.226476 4026093.417669 0.000000 0.003944
353032.199785 4026093.469890 0.000000 0.003966
353032.173081 4026093.522104 0.000000 0.003985
353032.146365 4026093.574312 0.000000 0.004003
353032.119636 4026093.626514 0.000000 0.004019
353032.092895 4026093.678710 0.000000 0.004033
353032.066141 4026093.730898 0.000000 0.004045
353032.039375 4026093.783081 0.000000 0.004055
353032.012596 4026093.835256 0.000000 0.004063
353031.985804 4026093.887426 0.000000 0.004070
353031.958999 4026093.939588 0.000000 0.004074
353031.932182 4026093.991745 0.000000 0.004076
353031.905352 4026094.043894 0.000000 0.004077
353031.878510 4026094.096037 0.000000 0.004076
353031.851654 4026094.148174 0.000000 0.004072
353031.824786 4026094.200304 0.000000 0.004067
353031.797906 4026094.252427 0.000000 0.004060
353031.771012 4026094.304544 0.000000 0.004052
353031.744106 4026094.356655 0.000000 0.004041
353031.717188 4026094.408758 0.000000 0.004029
353031.690257 4026094.460856 0.000000 0.004015
353031.663313 4026094.512947 0.000000 0.003999
353031.636357 4026094.565032 0.000000 0.003982
353031.609389 4026094.617110 0.000000 0.003963
353031.582408 4026094.669182 0.000000 0.003942
353031.555416 4026094.721248 0.000000 0.003920
353031.528411 4026094.773307 0.000000 0.003896
353031.501393 4026094.825360 0.000000 0.003871
353031.474364 4026094.877407 0.000000 0.003844
353031.447323 4026094.929448 0.000000 0.003816
353031.420270 4026094.981483 0.000000 0.003786
353031.393206 4026095.033511 0.000000 0.003755
353031.366130 4026095.085534 0.000000 0.003723
353031.339042 4026095.137551 0.000000 0.003689
353031.311943 4026095.189562 0.000000 0.003654
353031.284832 4026095.241567 0.000000 0.003618
353031.257711 4026095.293566 0.000000 0.003581
353031.230578 4026095.345560 0.000000 0.003542
353031.203435 4026095.397548 0.000000 0.003502
353031.176280 4026095.449530 0.000000 0.003462
353031.149115 4026095.501507 0.000000 0.003420
353031.121940 4026095.553478 0.000000 0.003377
353031.094754 4026095.605445 0.000000 0.003334
353031.067557 4026095.657405 0.000000 0.003289
353031.040351 4026095.709361 0.000000 0.003244
353031.013134 4026095.761311 0.000000 0.003197
353030.985908 4026095.813257 0.000000 0.003150
353030.958672 4026095.865197 0.000000 0.003103
353030.931427 4026095.917133 0.000000 0.003054
353030.904172 4026095.969064 0.000000 0.003005
353030.876908 4026096.020989 0.000000 0.002955
353030.849635 4026096.072911 0.000000 0.002905
353030.822353 4026096.124827 0.000000 0.002854
353030.795063 4026096.176740 0.000000 0.002803
353030.767763 4026096.228647 0.000000 0.002751
353030.740456 4026096.280551 0.000000 0.002699
353030.713140 4026096.332450 0.000000 0.002647
353030.685816 4026096.384345 0.000000 0.002594
353030.658484 4026096.436236 0.000000 0.002541
353030.631144 4026096.488123 0.000000 0.002488
353030.603797 4026096.540006 0.000000 0.002434
353030.576443 4026096.591885 0.000000 0.002381
353030.549081 4026096.643761 0.000000 0.002327
353030.521712 4026096.695633 0.000000 0.002273
353030.494336 4026096.747501 0.000000 0.002220
353030.466953 4026096.799366 0.000000 0.002166
353030.439564 4026096.851227 0.000000 0.002113
353030.412169 4026096.903086 0.000000 0.002059
353030.384767 4026096.954941 0.000000 0.002006
353030.357359 4026097.006792 0.000000 0.001953
353030.329946 4026097.058641 0.000000 0.001900
353030.302527 4026097.110487 0.000000 0.001848
353030.275102 4026097.162330 0.000000 0.001796
353030.247671 4026097.214170 0.000000 0.001744
353030.220236 4026097.266008 0.000000 0.001693
353030.192795 4026097.317843 0.000000 0.001642
353030.165350 4026097.369675 0.000000 0.001592
353030.137900 4026097.421505 0.000000 0.001542
353030.110445 4026097.473333 0.000000 0.001492
353030.082986 4026097.525158 0.000000 0.001444
353030.055522 4026097.576982 0.000000 0.001396
353030.028055 4026097.628803 0.000000 0.001348
353030.000583 4026097.680622 0.000000 0.001302
353029.973107 4026097.732439 0.000000 0.001256
353029.945628 4026097.784254 0.000000 0.001210
353029.918146 4026097.836067 0.000000 0.001166
353029.890660 4026097.887878 0.000000 0.001122
353029.863170 4026097.939688 0.000000 0.001079
353029.835678 4026097.991496 0.000000 0.001037
353029.808182 4026098.043303 0.000000 0.000996
353029.780684 4026098.095108 0.000000 0.000956
353029.753183 4026098.146912 0.000000 0.000916
353029.725679 4026098.198714 0.000000 0.000878
353029.698172 4026098.250515 0.000000 0.000840
353029.670664 4026098.302315 0.000000 0.000804
353029.643153 4026098.354114 0.000000 0.000768
353029.615639 4026098.405911 0.000000 0.000733
353029.588124 4026098.457708 0.000000 0.000699
353029.560607 4026098.509503 0.000000 0.000666
353029.533088 4026098.561298 0.000000 0.000634
353029.505567 4026098.613091 0.000000 0.000603
353029.478044 4026098.664884 0.000000 0.000573
353029.450520 4026098.716676 0.000000 0.000544
353029.422994 4026098.768467 0.000000 0.000516
353029.395467 4026098.820257 0.000000 0.000489
353029.367938 4026098.872047 0.000000 0.000463
353029.340409 4026098.923836 0.000000 0.000438
353029.312878 4026098.975624 0.000000 0.000413
353029.285346 4026099.027412 0.000000 0.000390
353029.257813 4026099.079199 0.000000 0.000368
353029.230278 4026099.130986 0.000000 0.000346
353029.202743 4026099.182772 0.000000 0.000325
353029.175208 4026099.234558 0.000000 0.000306
353029.147671 4026099.286344 0.000000 0.000287
353029.120134 4026099.338129 0.000000 0.000269
353029.092595 4026099.389913 0.000000 0.000252
353029.065057 4026099.441698 0.000000 0.000235
353029.037517 4026099.493482 0.000000 0.000220
353029.009977 4026099.545266 0.000000 0.000205
353028.982437 4026099.597049 0.000000 0.000191
353028.954896 4026099.648832 0.000000 0.000178
353028.927355 4026099.700616 0.000000 0.000165
353028.899813 4026099.752398 0.000000 0.000154
353028.872271 4026099.804181 0.000000 0.000142
353028.844729 4026099.855963 0.000000 0.000132
353028.817186 4026099.907746 0.000000 0.000122
353028.789643 4026099.959528 0.000000 0.000113
353028.762099 4026100.011310 0.000000 0.000105
353028.734556 4026100.063092 0.000000 0.000097
353028.707012 4026100.114874 0.000000 0.000090
353028.679468 4026100.166655 0.000000 0.000083
353028.651924 4026100.218437 0.000000 0.000077
353028.624380 4026100.270218 0.000000 0.000071
353028.596835 4026100.322000 0.000000 0.000066
353028.569291 4026100.373781 0.000000 0.000062
353028.541746 4026100.425563 0.000000 0.000058
353028.514201 4026100.477344 0.000000 0.000055
353028.486656 4026100.529125 0.000000 0.000052
353028.459111 4026100.580906 0.000000 0.000050
353028.431566 4026100.632687 0.000000 0.000048
353028.404021 4026100.684468 0.000000 0.000047
353028.376476 4026100.736249 0.000000 0.000046
353028.348931 4026100.788030 0.000000 0.000046
353028.321385 4026100.839811 0.000000 0.000047
353028.293840 4026100.891592 0.000000 0.000048
353028.266294 4026100.943373 0.000000 0.000049
353028.238749 4026100.995154 0.000000 0.000052
353028.211203 4026101.046935 0.000000 0.000054
353028.183657 4026101.098715 0.000000 0.000058
353028.156111 4026101.150496 0.000000 0.000062
353028.128565 4026101.202277 0.000000 0.000066
353028.101019 4026101.254057 0.000000 0.000072
353028.073473 4026101.305838 0.000000 0.000078
353028.045926 4026101.357618 0.000000 0.000084
353028.018380 4026101.409398 0.000000 0.000091
353027.990833 4026101.461178 0.000000 0.000100
353027.963286 4026101.512959 0.000000 0.000108
353027.935739 4026101.564738 0.000000 0.000118
353027.908191 4026101.616518 0.000000 0.000129
353027.880643 4026101.668298 0.000000 0.000140
353027.853095 4026101.720077 0.000000 0.000152
353027.825547 4026101.771857 0.000000 0.000165
353027.797998 4026101.823636 0.000000 0.000179
353027.770448 4026101.875414 0.000000 0.000194
353027.742898 4026101.927193 0.000000 0.000210
353027.715348 4026101.978971 0.000000 0.000227
353027.687797 4026102.030749 0.000000 0.000246
353027.660246 4026102.082527 0.000000 0.000265
353027.632694 4026102.134304 0.000000 0.000285
353027.605141 4026102.186081 0.000000 0.000307
353027.577587 4026102.237857 0.000000 0.000330
353027.550032 4026102.289633 0.000000 0.000354
353027.522477 4026102.341408 0.000000 0.000379
353027.494920 4026102.393183 0.000000 0.000405
353027.467363 4026102.444958 0.000000 0.000433
353027.439804 4026102.496731 0.000000 0.000463
353027.412244 4026102.548504 0.000000 0.000493
353027.384683 4026102.600277 0.000000 0.000525
353027.357120 4026102.652048 0.000000 0.000558
353027.329556 4026102.703819 0.000000 0.000593
353027.301990 4026102.755588 0.000000 0.000629
353027.274422 4026102.807357 0.000000 0.000667
353027.246853 4026102.859125 0.000000 0.000706
353027.219281 4026102.910892 0.000000 0.000746
353027.191708 4026102.962657 0.000000 0.000788
353027.164132 4026103.014421 0.000000 0.000832
353027.136553 4026103.066184 0.000000 0.000876
353027.108973 4026103.117946 0.000000 0.000922
353027.081389 4026103.169706 0.000000 0.000970
353027.053803 4026103.221465 0.000000 0.001019
353027.026214 4026103.273222 0.000000 0.001069
353026.998622 4026103.324978 0.000000 0.001121
353026.971027 4026103.376731 0.000000 0.001174
353026.943428 4026103.428483 0.000000 0.001228
353026.915825 4026103.480233 0.000000 0.001283
353026.888219 4026103.531980 0.000000 0.001340
353026.860609 4026103.583726 0.000000 0.001397
353026.832995 4026103.635469 0.000000 0.001456
353026.805376 4026103.687210 0.000000 0.001516
353026.777753 4026103.738949 0.000000 0.001576
353026.750125 4026103.790685 0.000000 0.001638
353026.722493 4026103.842418 0.000000 0.001701
353026.694855 4026103.894148 0.000000 0.001764
353026.667212 4026103.945876 0.000000 0.001828
353026.639563 4026103.997600 0.000000 0.001892
353026.611909 4026104.049322 0.000000 0.001958
353026.584249 4026104.101040 0.000000 0.002023
353026.556582 4026104.152755 0.000000 0.002089
353026.528910 4026104.204467 0.000000 0.002156
353026.501231 4026104.256174 0.000000 0.002222
353026.473545 4026104.307879 0.000000 0.002289
353026.445852 4026104.359579 0.000000 0.002355
353026.418152 4026104.411275 0.000000 0.002422
353026.390444 4026104.462968 0.000000 0.002488
353026.362729 4026104.514656 0.000000 0.002554
353026.335006 4026104.566340 0.000000 0.002620
353026.307275 4026104.618020 0.000000 0.002685
353026.279536 4026104.669695 0.000000 0.002750
353026.251789 4026104.721365 0.000000 0.002814
353026.224032 4026104.773031 0.000000 0.002877
353026.196267 4026104.824692 0.000000 0.002939
353026.168493 4026104.876348 0.000000 0.003000
353026.140709 4026104.927998 0.000000 0.003060
353026.112916 4026104.979644 0.000000 0.003119
353026.085114 4026105.031284 0.000000 0.003176
353026.057301 4026105.082919 0.000000 0.003232
353026.029479 4026105.134549 0.000000 0.003286
353026.001646 4026105.186173 0.000000 0.003339
353025.973803 4026105.237791 0.000000 0.003390
353025.945949 4026105.289404 0.000000 0.003439
353025.918085 4026105.341011 0.000000 0.003486
353025.890210 4026105.392611 0.000000 0.003532
353025.862324 4026105.444206 0.000000 0.003575
353025.834427 4026105.495795 0.000000 0.003616
353025.806518 4026105.547377 0.000000 0.003655
353025.778598 4026105.598954 0.000000 0.003691
353025.750667 4026105.650524 0.000000 0.003725
353025.722724 4026105.702087 0.000000 0.003757
353025.694769 4026105.753645 0.000000 0.003787
353025.666803 4026105.805196 0.000000 0.003814
353025.638825 4026105.856740 0.000000 0.003838
353025.610834 4026105.908278 0.000000 0.003860
353025.582832 4026105.959809 0.000000 0.003879
353025.554818 4026106.011334 0.000000 0.003895
353025.526791 4026106.062852 0.000000 0.003909
353025.498752 4026106.114363 0.000000 0.003921
353025.470702 4026106.165868 0.000000 0.003929
353025.442639 4026106.217366 0.000000 0.003935
353025.414563 4026106.268858 0.000000 0.003939
353025.386476 4026106.320342 0.000000 0.003939
353025.358376 4026106.371820 0.000000 0.003937
353025.330264 4026106.423292 0.000000 0.003932
353025.302140 4026106.474756 0.000000 0.003925
353025.274003 4026106.526215 0.000000 0.003915
353025.245854 4026106.577666 0.000000 0.003903
353025.217694 4026106.629111 0.000000 0.003888
353025.189521 4026106.680549 0.000000 0.003870
353025.161336 4026106.731980 0.000000 0.003850
353025.133140 4026106.783406 0.000000 0.003828
353025.104931 4026106.834824 0.000000 0.003803
353025.076711 4026106.886236 0.000000 0.003777
353025.048479 4026106.937642 0.000000 0.003748
353025.020236 4026106.989042 0.000000 0.003716
353024.991981 4026107.040435 0.000000 0.003683
353024.963714 4026107.091822 0.000000 0.003648
353024.935437 4026107.143203 0.000000 0.003610
353024.907148 4026107.194578 0.000000 0.003571
353024.878849 4026107.245947 0.000000 0.003531
353024.850538 4026107.297310 0.000000 0.003488
353024.822217 4026107.348667 0.000000 0.003444
353024.793886 4026107.400018 0.000000 0.003398
353024.765544 4026107.451364 0.000000 0.003351
353024.737191 4026107.502704 0.000000 0.003303
353024.708829 4026107.554039 0.000000 0.003253
353024.680457 4026107.605368 0.000000 0.003203
353024.652075 4026107.656692 0.000000 0.003151
353024.623683 4026107.708010 0.000000 0.003098
353024.595282 4026107.759324 0.000000 0.003045
353024.566872 4026107.810632 0.000000 0.002990
353024.538453 4026107.861936 0.000000 0.002935
353024.510025 4026107.913235 0.000000 0.002880
353024.481588 4026107.964528 0.000000 0.002824
353024.453143 4026108.015818 0.000000 0.002767
353024.424689 4026108.067103 0.000000 0.002710
353024.396227 4026108.118383 0.000000 0.002653
353024.367757 4026108.169659 0.000000 0.002596
353024.339279 4026108.220931 0.000000 0.002538
353024.310794 4026108.272199 0.000000 0.002481
353024.282301 4026108.323463 0.000000 0.002423
353024.253801 4026108.374723 0.000000 0.002366
353024.225294 4026108.425980 0.000000 0.002309
353024.196779 4026108.477233 0.000000 0.002252
353024.168258 4026108.528483 0.000000 0.002195
353024.139730 4026108.579730 0.000000 0.002139
353024.111195 4026108.630973 0.000000 0.002083
353024.082654 4026108.682214 0.000000 0.002027
353024.054107 4026108.733452 0.000000 0.001972
353024.025553 4026108.784688 0.000000 0.001918
353023.996994 4026108.835921 0.000000 0.001864
353023.968428 4026108.887153 0.000000 0.001811
353023.939856 4026108.938382 0.000000 0.001758
353023.911279 4026108.989611 0.000000 0.001707
353023.882695 4026109.040837 0.000000 0.001656
353023.854106 4026109.092063 0.000000 0.001605
353023.825512 4026109.143288 0.000000 0.001556
353023.796911 4026109.194513 0.000000 0.001507
353023.768305 4026109.245737 0.000000 0.001460
353023.739693 4026109.296962 0.000000 0.001413
353023.711076 4026109.348187 0.000000 0.001367
353023.682452 4026109.399414 0.000000 0.001322
353023.653823 4026109.450641 0.000000 0.001278
353023.625189 4026109.501871 0.000000 0.001234
353023.596548 4026109.553103 0.000000 0.001192
353023.567901 4026109.604337 0.000000 0.001151
353023.539248 4026109.655575 0.000000 0.001110
353023.510589 4026109.706817 0.000000 0.001071
353023.481923 4026109.758063 0.000000 0.001032
353023.453250 4026109.809315 0.000000 0.000995
353023.424571 4026109.860572 0.000000 0.000958
353023.395884 4026109.911835 0.000000 0.000923
353023.367190 4026109.963106 0.000000 0.000888
353023.338488 4026110.014384 0.000000 0.000854
353023.309779 4026110.065671 0.000000 0.000821
353023.281061 4026110.116967 0.000000 0.000789
353023.252334 4026110.168274 0.000000 0.000758
353023.223598 4026110.219592 0.000000 0.000728
353023.194852 4026110.270923 0.000000 0.000699
353023.166096 4026110.322267 0.000000 0.000670
353023.137330 4026110.373625 0.000000 0.000643
353023.108553 4026110.424998 0.000000 0.000616
353023.079764 4026110.476389 0.000000 0.000590
353023.050963 4026110.527797 0.000000 0.000565
353023.022149 4026110.579225 0.000000 0.000540
353022.993322 4026110.630673 0.000000 0.000517
353022.964480 4026110.682142 0.000000 0.000494
353022.935623 4026110.733636 0.000000 0.000472
353022.906751 4026110.785154 0.000000 0.000451
353022.877862 4026110.836699 0.000000 0.000430
353022.848956 4026110.888271 0.000000 0.000410
353022.820032 4026110.939874 0.000000 0.000391
353022.791088 4026110.991508 0.000000 0.000372
353022.762125 4026111.043175 0.000000 0.000354
353022.733141 4026111.094877 0.000000 0.000337
353022.704134 4026111.146617 0.000000 0.000320
353022.675105 4026111.198395 0.000000 0.000304
353022.646051 4026111.250215 0.000000 0.000289
353022.616973 4026111.302077 0.000000 0.000274
353022.587867 4026111.353985 0.000000 0.000260
353022.558735 4026111.405940 0.000000 0.000246
353022.529573 4026111.457945 0.000000 0.000233
353022.500382 4026111.510003 0.000000 0.000220
353022.471159 4026111.562114 0.000000 0.000208
353022.441903 4026111.614283 0.000000 0.000196
353022.412613 4026111.666511 0.000000 0.000185
353022.383288 4026111.718800 0.000000 0.000175
353022.353927 4026111.771155 0.000000 0.000164
353022.324526 4026111.823576 0.000000 0.000155
353022.295086 4026111.876068 0.000000 0.000145
353022.265605 4026111.928632 0.000000 0.000137
353022.236081 4026111.981272 0.000000 0.000128
353022.206513 4026112.033990 0.000000 0.000120
353022.176898 4026112.086790 0.000000 0.000112
353022.147236 4026112.139673 0.000000 0.000105
353022.117524 4026112.192644 0.000000 0.000098
353022.087762 4026112.245706 0.000000 0.000092
353022.057946 4026112.298861 0.000000 0.000086
353022.028076 4026112.352112 0.000000 0.000080
353021.998150 4026112.405464 0.000000 0.000075
353021.968166 4026112.458918 0.000000 0.000069
353021.938121 4026112.512479 0.000000 0.000065
353021.908016 4026112.566150 0.000000 0.000060
353021.877846 4026112.619934 0.000000 0.000057
353021.847611 4026112.673834 0.000000 0.000053
353021.817309 4026112.727854 0.000000 0.000050
353021.786937 4026112.781997 0.000000 0.000047
353021.756494 4026112.836266 0.000000 0.000044
353021.725978 4026112.890667 0.000000 0.000042
353021.695386 4026112.945200 0.000000 0.000041
353021.664718 4026112.999872 0.000000 0.000040
353021.633970 4026113.054684 0.000000 0.000039
353021.603141 4026113.109640 0.000000 0.000039
353021.572229 4026113.164745 0.000000 0.000039
353021.541232 4026113.220002 0.000000 0.000040
353021.510148 4026113.275414 0.000000 0.000041
353021.478974 4026113.330985 0.000000 0.000043
353021.447708 4026113.386719 0.000000 0.000046
353021.416350 4026113.442619 0.000000 0.000049
353021.384895 4026113.498690 0.000000 0.000053
353021.353343 4026113.554935 0.000000 0.000057
353021.321691 4026113.611357 0.000000 0.000063
353021.289937 4026113.667962 0.000000 0.000069
353021.258078 4026113.724752 0.000000 0.000076
353021.226113 4026113.781731 0.000000 0.000084
353021.194040 4026113.838903 0.000000 0.000093
353021.161856 4026113.896273 0.000000 0.000103
353021.129559 4026113.953843 0.000000 0.000115
353021.097146 4026114.011618 0.000000 0.000127
353021.064616 4026114.069603 0.000000 0.000140
353021.031966 4026114.127800 0.000000 0.000155
353020.999194 4026114.186213 0.000000 0.000170
353020.966297 4026114.244848 0.000000 0.000187
353020.933273 4026114.303708 0.000000 0.000206
353020.900121 4026114.362796 0.000000 0.000226
353020.866836 4026114.422118 0.000000 0.000247
353020.833418 4026114.481677 0.000000 0.000269
353020.799863 4026114.541478 0.000000 0.000294
353020.766168 4026114.601524 0.000000 0.000320
353020.732333 4026114.661820 0.000000 0.000347
353020.698353 4026114.722370 0.000000 0.000376
353020.664226 4026114.783179 0.000000 0.000407
353020.629950 4026114.844251 0.000000 0.000439
353020.595522 4026114.905590 0.000000 0.000474
353020.560939 4026114.967201 0.000000 0.000510
353020.526199 4026115.029088 0.000000 0.000547
353020.491298 4026115.091257 0.000000 0.000587
353020.456234 4026115.153710 0.000000 0.000629
353020.421004 4026115.216454 0.000000 0.000672
353020.385604 4026115.279493 0.000000 0.000717
353020.350033 4026115.342832 0.000000 0.000764
353020.314287 4026115.406476 0.000000 0.000813
353020.278362 4026115.470429 0.000000 0.000863
353020.242255 4026115.534697 0.000000 0.000916
353020.205964 4026115.599284 0.000000 0.000970
353020.169485 4026115.664197 0.000000 0.001026
353020.132814 4026115.729440 0.000000 0.001083
353020.095948 4026115.795018 0.000000 0.001142
353020.058883 4026115.860938 0.000000 0.001202
353020.021617 4026115.927204 0.000000 0.001264
353019.984144 4026115.993823 0.000000 0.001327
353019.946461 4026116.060800 0.000000 0.001391
353019.908565 4026116.128141 0.000000 0.001457
353019.870450 4026116.195852 0.000000 0.001523
353019.832114 4026116.263939 0.000000 0.001590
353019.793551 4026116.332410 0.000000 0.001658
353019.754758 4026116.401269 0.000000 0.001727
353019.715730 4026116.470525 0.000000 0.001796
353019.676461 4026116.540183 0.000000 0.001865
353019.636949 4026116.610252 0.000000 0.001934
353019.597186 4026116.680737 0.000000 0.002004
353019.557169 4026116.751648 0.000000 0.002073
353019.516893 4026116.822991 0.000000 0.002141
353019.476350 4026116.894775 0.000000 0.002209
353019.435537 4026116.967008 0.000000 0.002276
353019.394448 4026117.039698 0.000000 0.002342
353019.353075 4026117.112854 0.000000 0.002407
353019.311414 4026117.186486 0.000000 0.002470
353019.269458 4026117.260603 0.000000 0.002532
353019.227200 4026117.335215 0.000000 0.002591
353019.184633 4026117.410333 0.000000 0.002649
353019.141751 4026117.485965 0.000000 0.002704
353019.098545 4026117.562125 0.000000 0.002757
353019.055009 4026117.638823 0.000000 0.002807
353019.011135 4026117.716071 0.000000 0.002854
353018.966914 4026117.793881 0.000000 0.002898
353018.922338 4026117.872267 0.000000 0.002939
353018.877398 4026117.951241 0.000000 0.002976
353018.832086 4026118.030818 0.000000 0.003009
353018.786391 4026118.111012 0.000000 0.003039
353018.740305 4026118.191838 0.000000 0.003064
353018.693818 4026118.273311 0.000000 0.003086
353018.646918 4026118.355448 0.000000 0.003103
353018.599595 4026118.438265 0.000000 0.003115
353018.551838 4026118.521781 0.000000 0.003124
353018.503636 4026118.606013 0.000000 0.003127
353018.454976 4026118.690981 0.000000 0.003126
353018.405847 4026118.776703 0.000000 0.003120
353018.356235 4026118.863202 0.000000 0.003109
353018.306127 4026118.950497 0.000000 0.003094
353018.255509 4026119.038611 0.000000 0.003074
353018.204368 4026119.127568 0.000000 0.003048
353018.152688 4026119.217391 0.000000 0.003019
353018.100454 4026119.308104 0.000000 0.002984
353018.047651 4026119.399735 0.000000 0.002944
353017.994263 4026119.492309 0.000000 0.002900
353017.940271 4026119.585856 0.000000 0.002852
353017.885659 4026119.680403 0.000000 0.002798
353017.830408 4026119.775984 0.000000 0.002741
353017.774498 4026119.872631 0.000000 0.002679
353017.717907 4026119.970379 0.000000 0.002614
353017.660615 4026120.069266 0.000000 0.002544
353017.602595 4026120.169333 0.000000 0.002471
353017.543823 4026120.270624 0.000000 0.002394
353017.484270 4026120.373188 0.000000 0.002314
353017.423905 4026120.477076 0.000000 0.002231
353017.362694 4026120.582348 0.000000 0.002146
353017.300601 4026120.689065 0.000000 0.002058
353017.237585 4026120.797298 0.000000 0.001968
353017.173600 4026120.907123 0.000000 0.001877
353017.108599 4026121.018624 0.000000 0.001784
353017.042527 4026121.131893 0.000000 0.001690
353016.975324 4026121.247034 0.000000 0.001596
353016.906925 4026121.364157 0.000000 0.001502
353016.837258 4026121.483387 0.000000 0.001409
353016.766244 4026121.604858 0.000000 0.001316
353016.693797 4026121.728720 0.000000 0.001225
353016.619822 4026121.855135 0.000000 0.001135
353016.544214 4026121.984282 0.000000 0.001048
353016.466861 4026122.116354 0.000000 0.000963
353016.387639 4026122.251563 0.000000 0.000919
353016.306412 4026122.390141 0.000000 0.000875
353016.223036 4026122.532337 0.000000 0.000831
353016.137351 4026122.678424 0.000000 0.000788
353016.049184 4026122.828697 0.000000 0.000744
353015.958350 4026122.983474 0.000000 0.000700
353015.864647 4026123.143100 0.000000 0.000656
353015.767857 4026123.307947 0.000000 0.000613
353015.667748 4026123.478413 0.000000 0.000569
353015.564067 4026123.654931 0.000000 0.000525
353015.456544 4026123.837960 0.000000 0.000481
353015.344890 4026124.027997 0.000000 0.000438
353015.228794 4026124.225571 0.000000 0.000394
353015.107923 4026124.431249 0.000000 0.000350
353014.981923 4026124.645638 0.000000 0.000306
353014.850415 4026124.869384 0.000000 0.000263
353014.712996 4026125.103173 0.000000 0.000219
353014.569237 4026125.347741 0.000000 0.000175
353014.418680 4026125.603864 0.000000 0.000131
353014.260841 4026125.872370 0.000000 0.000088
353014.095205 4026126.154136 0.000000 0.000044
