353004.742139 4026141.470921 0.000000 0.000000
353004.559539 4026141.761856 0.000000 0.000010
353004.385693 4026142.038842 0.000000 0.000019
353004.220030 4026142.302791 0.000000 0.000029
353004.062006 4026142.554567 0.000000 0.000039
353003.911112 4026142.794979 0.000000 0.000048
353003.766868 4026143.024795 0.000000 0.000058
353003.628821 4026143.244732 0.000000 0.000068
353003.496548 4026143.455468 0.000000 0.000077
353003.369649 4026143.657636 0.000000 0.000087
353003.247752 4026143.851832 0.000000 0.000097
353003.130505 4026144.038612 0.000000 0.000106
353003.017583 4026144.218497 0.000000 0.000116
353002.908680 4026144.391973 0.000000 0.000126
353002.803511 4026144.559493 0.000000 0.000135
353002.701811 4026144.721480 0.000000 0.000145
353002.603333 4026144.878325 0.000000 0.000154
353002.507849 4026145.030394 0.000000 0.000164
353002.415145 4026145.178024 0.000000 0.000174
353002.325026 4026145.321529 0.000000 0.000183
353002.237309 4026145.461197 0.000000 0.000193
353002.151828 4026145.597296 0.000000 0.000203
353002.068427 4026145.730071 0.000000 0.000212
353001.986964 4026145.859749 0.000000 0.000222
353001.907309 4026145.986538 0.000000 0.000240
353001.829341 4026146.110628 0.000000 0.000258
353001.752952 4026146.232193 0.000000 0.000276
353001.678041 4026146.351394 0.000000 0.000294
353001.604516 4026146.468376 0.000000 0.000313
353001.532294 4026146.583272 0.000000 0.000331
353001.461298 4026146.696203 0.000000 0.000349
353001.391461 4026146.807279 0.000000 0.000367
353001.322718 4026146.916600 0.000000 0.000385
353001.255013 4026147.024257 0.000000 0.000402
353001.188294 4026147.130332 0.000000 0.000419
353001.122514 4026147.234901 0.000000 0.000436
353001.057629 4026147.338032 0.000000 0.000452
353000.993602 4026147.439787 0.000000 0.000467
353000.930396 4026147.540222 0.000000 0.000482
353000.867979 4026147.639389 0.000000 0.000496
353000.806321 4026147.737336 0.000000 0.000509
353000.745396 4026147.834106 0.000000 0.000521
353000.685177 4026147.929740 0.000000 0.000533
353000.625642 4026148.024274 0.000000 0.000544
353000.566768 4026148.117744 0.000000 0.000554
353000.508536 4026148.210182 0.000000 0.000564
353000.450925 4026148.301619 0.000000 0.000572
353000.393919 4026148.392085 0.000000 0.000579
353000.337498 4026148.481607 0.000000 0.000586
353000.281647 4026148.570213 0.000000 0.000592
353000.226349 4026148.657927 0.000000 0.000597
353000.171590 4026148.744775 0.000000 0.000601
353000.117354 4026148.830781 0.000000 0.000604
353000.063627 4026148.915967 0.000000 0.000606
353000.010395 4026149.000355 0.000000 0.000607
352999.957645 4026149.083968 0.000000 0.000607
352999.905365 4026149.166825 0.000000 0.000607
352999.853541 4026149.248947 0.000000 0.000606
352999.802163 4026149.330351 0.000000 0.000603
352999.751218 4026149.411058 0.000000 0.000600
352999.700696 4026149.491084 0.000000 0.000597
352999.650587 4026149.570446 0.000000 0.000592
352999.600880 4026149.649162 0.000000 0.000587
352999.551566 4026149.727246 0.000000 0.000581
352999.502635 4026149.804713 0.000000 0.000574
352999.454078 4026149.881579 0.000000 0.000567
352999.405887 4026149.957858 0.000000 0.000558
352999.358052 4026150.033562 0.000000 0.000550
352999.310567 4026150.108706 0.000000 0.000541
352999.263424 4026150.183301 0.000000 0.000531
352999.216614 4026150.257360 0.000000 0.000521
352999.170131 4026150.330894 0.000000 0.000510
352999.123968 4026150.403915 0.000000 0.000499
352999.078119 4026150.476434 0.000000 0.000487
352999.032576 4026150.548461 0.000000 0.000475
352998.987334 4026150.620006 0.000000 0.000463
352998.942387 4026150.691078 0.000000 0.000451
352998.897729 4026150.761689 0.000000 0.000438
352998.853354 4026150.831845 0.000000 0.000425
352998.809256 4026150.901557 0.000000 0.000412
352998.765432 4026150.970832 0.000000 0.000399
352998.721876 4026151.039680 0.000000 0.000386
352998.678582 4026151.108107 0.000000 0.000373
352998.635547 4026151.176122 0.000000 0.000360
352998.592765 4026151.243733 0.000000 0.000346
352998.550232 4026151.310945 0.000000 0.000333
352998.507943 4026151.377768 0.000000 0.000320
352998.465896 4026151.444207 0.000000 0.000307
352998.424084 4026151.510269 0.000000 0.000294
352998.382506 4026151.575961 0.000000 0.000282
352998.341155 4026151.641288 0.000000 0.000269
352998.300030 4026151.706258 0.000000 0.000257
352998.259125 4026151.770877 0.000000 0.000245
352998.218438 4026151.835149 0.000000 0.000233
352998.177964 4026151.899082 0.000000 0.000222
352998.137701 4026151.962680 0.000000 0.000210
352998.097645 4026152.025950 0.000000 0.000199
352998.057792 4026152.088896 0.000000 0.000189
352998.018140 4026152.151525 0.000000 0.000178
352997.978684 4026152.213841 0.000000 0.000168
352997.939423 4026152.275849 0.000000 0.000159
352997.900352 4026152.337555 0.000000 0.000149
352997.861468 4026152.398963 0.000000 0.000140
352997.822769 4026152.460078 0.000000 0.000132
352997.784252 4026152.520906 0.000000 0.000123
352997.745913 4026152.581451 0.000000 0.000115
352997.707750 4026152.641718 0.000000 0.000108
352997.669759 4026152.701711 0.000000 0.000100
352997.631939 4026152.761435 0.000000 0.000093
352997.594286 4026152.820894 0.000000 0.000087
352997.556797 4026152.880093 0.000000 0.000080
352997.519469 4026152.939037 0.000000 0.000074
352997.482301 4026152.997728 0.000000 0.000069
352997.445289 4026153.056173 0.000000 0.000064
352997.408430 4026153.114375 0.000000 0.000059
352997.371723 4026153.172338 0.000000 0.000054
352997.335164 4026153.230066 0.000000 0.000049
352997.298750 4026153.287564 0.000000 0.000045
352997.262480 4026153.344836 0.000000 0.000042
352997.226350 4026153.401885 0.000000 0.000038
352997.190359 4026153.458716 0.000000 0.000035
352997.154503 4026153.515332 0.000000 0.000032
352997.118780 4026153.571738 0.000000 0.000029
352997.083189 4026153.627938 0.000000 0.000027
352997.047725 4026153.683935 0.000000 0.000024
352997.012387 4026153.739733 0.000000 0.000022
352996.977173 4026153.795336 0.000000 0.000020
352996.942079 4026153.850748 0.000000 0.000019
352996.907104 4026153.905973 0.000000 0.000017
352996.872246 4026153.961014 0.000000 0.000016
352996.837501 4026154.015875 0.000000 0.000015
352996.802868 4026154.070560 0.000000 0.000014
352996.768344 4026154.125073 0.000000 0.000014
352996.733926 4026154.179417 0.000000 0.000013
352996.699614 4026154.233595 0.000000 0.000013
352996.665403 4026154.287613 0.000000 0.000013
352996.631293 4026154.341472 0.000000 0.000013
352996.597280 4026154.395177 0.000000 0.000013
352996.563363 4026154.448732 0.000000 0.000013
352996.529539 4026154.502139 0.000000 0.000014
352996.495805 4026154.555402 0.000000 0.000014
352996.462161 4026154.608526 0.000000 0.000015
352996.428602 4026154.661513 0.000000 0.000016
352996.395129 4026154.714367 0.000000 0.000017
352996.361737 4026154.767091 0.000000 0.000018
352996.328425 4026154.819688 0.000000 0.000020
352996.295191 4026154.872163 0.000000 0.000021
352996.262033 4026154.924518 0.000000 0.000023
352996.228948 4026154.976757 0.000000 0.000024
352996.195934 4026155.028883 0.000000 0.000026
352996.162990 4026155.080900 0.000000 0.000028
352996.130114 4026155.132810 0.000000 0.000030
352996.097302 4026155.184616 0.000000 0.000033
352996.064554 4026155.236323 0.000000 0.000035
352996.031867 4026155.287933 0.000000 0.000038
352995.999239 4026155.339448 0.000000 0.000040
352995.966669 4026155.390873 0.000000 0.000043
352995.934154 4026155.442210 0.000000 0.000046
352995.901693 4026155.493463 0.000000 0.000049
352995.869283 4026155.544633 0.000000 0.000053
352995.836923 4026155.595724 0.000000 0.000056
352995.804612 4026155.646739 0.000000 0.000060
352995.772347 4026155.697681 0.000000 0.000063
352995.740126 4026155.748552 0.000000 0.000067
352995.707948 4026155.799354 0.000000 0.000071
352995.675811 4026155.850092 0.000000 0.000076
352995.643714 4026155.900766 0.000000 0.000080
352995.611655 4026155.951379 0.000000 0.000085
352995.579633 4026156.001935 0.000000 0.000089
352995.547645 4026156.052435 0.000000 0.000094
352995.515690 4026156.102882 0.000000 0.000099
352995.483768 4026156.153278 0.000000 0.000105
352995.451876 4026156.203625 0.000000 0.000110
352995.420013 4026156.253925 0.000000 0.000116
352995.388177 4026156.304181 0.000000 0.000121
352995.356369 4026156.354395 0.000000 0.000127
352995.324585 4026156.404568 0.000000 0.000134
352995.292825 4026156.454703 0.000000 0.000140
352995.261088 4026156.504801 0.000000 0.000146
352995.229372 4026156.554864 0.000000 0.000153
352995.197676 4026156.604894 0.000000 0.000160
352995.166000 4026156.654892 0.000000 0.000166
352995.134342 4026156.704861 0.000000 0.000173
352995.102701 4026156.754802 0.000000 0.000181
352995.071076 4026156.804716 0.000000 0.000188
352995.039467 4026156.854605 0.000000 0.000195
352995.007871 4026156.904470 0.000000 0.000203
352994.976289 4026156.954313 0.000000 0.000211
352994.944720 4026157.004135 0.000000 0.000219
352994.913162 4026157.053937 0.000000 0.000227
352994.881615 4026157.103720 0.000000 0.000235
352994.850078 4026157.153486 0.000000 0.000243
352994.818551 4026157.203235 0.000000 0.000251
352994.787033 4026157.252969 0.000000 0.000260
352994.755522 4026157.302688 0.000000 0.000268
352994.724019 4026157.352394 0.000000 0.000277
352994.692523 4026157.402087 0.000000 0.000286
352994.661033 4026157.451769 0.000000 0.000295
352994.629549 4026157.501439 0.000000 0.000304
352994.598070 4026157.551100 0.000000 0.000313
352994.566596 4026157.600750 0.000000 0.000322
352994.535126 4026157.650392 0.000000 0.000331
352994.503660 4026157.700026 0.000000 0.000340
352994.472198 4026157.749652 0.000000 0.000349
352994.440738 4026157.799271 0.000000 0.000358
352994.409282 4026157.848883 0.000000 0.000368
352994.377827 4026157.898490 0.000000 0.000377
352994.346375 4026157.948090 0.000000 0.000386
352994.314924 4026157.997685 0.000000 0.000396
352994.283475 4026158.047276 0.000000 0.000405
352994.252027 4026158.096862 0.000000 0.000415
352994.220580 4026158.146444 0.000000 0.000424
352994.189134 4026158.196022 0.000000 0.000433
352994.157688 4026158.245596 0.000000 0.000443
352994.126242 4026158.295167 0.000000 0.000452
352994.094797 4026158.344735 0.000000 0.000461
352994.063351 4026158.394300 0.000000 0.000470
352994.031905 4026158.443863 0.000000 0.000480
352994.000459 4026158.493423 0.000000 0.000489
352993.969012 4026158.542981 0.000000 0.000498
352993.937565 4026158.592536 0.000000 0.000507
352993.906116 4026158.642090 0.000000 0.000516
352993.874667 4026158.691642 0.000000 0.000524
352993.843217 4026158.741192 0.000000 0.000533
352993.811765 4026158.790740 0.000000 0.000542
352993.780313 4026158.840286 0.000000 0.000550
352993.748859 4026158.889831 0.000000 0.000559
352993.717404 4026158.939375 0.000000 0.000567
352993.685947 4026158.988917 0.000000 0.000575
352993.654489 4026159.038458 0.000000 0.000583
352993.623029 4026159.087997 0.000000 0.000591
352993.591568 4026159.137535 0.000000 0.000599
352993.560105 4026159.187072 0.000000 0.000606
352993.528640 4026159.236607 0.000000 0.000614
352993.497173 4026159.286142 0.000000 0.000621
352993.465705 4026159.335674 0.000000 0.000628
352993.434235 4026159.385206 0.000000 0.000635
352993.402763 4026159.434737 0.000000 0.000641
352993.371289 4026159.484266 0.000000 0.000648
352993.339814 4026159.533794 0.000000 0.000654
352993.308336 4026159.583321 0.000000 0.000660
352993.276857 4026159.632846 0.000000 0.000665
352993.245375 4026159.682370 0.000000 0.000671
352993.213892 4026159.731893 0.000000 0.000676
352993.182406 4026159.781415 0.000000 0.000681
352993.150919 4026159.830935 0.000000 0.000686
352993.119429 4026159.880454 0.000000 0.000690
352993.087938 4026159.929972 0.000000 0.000695
352993.056444 4026159.979488 0.000000 0.000699
352993.024948 4026160.029004 0.000000 0.000702
352992.993450 4026160.078517 0.000000 0.000705
352992.961951 4026160.128030 0.000000 0.000708
352992.930449 4026160.177541 0.000000 0.000711
352992.898945 4026160.227051 0.000000 0.000714
352992.867438 4026160.276559 0.000000 0.000716
352992.835930 4026160.326066 0.000000 0.000717
352992.804420 4026160.375572 0.000000 0.000719
352992.772907 4026160.425077 0.000000 0.000720
352992.741392 4026160.474580 0.000000 0.000721
352992.709875 4026160.524081 0.000000 0.000721
352992.678357 4026160.573582 0.000000 0.000721
352992.646835 4026160.623081 0.000000 0.000721
352992.615312 4026160.672578 0.000000 0.000720
352992.583787 4026160.722075 0.000000 0.000719
352992.552259 4026160.771569 0.000000 0.000718
352992.520730 4026160.821063 0.000000 0.000716
352992.489198 4026160.870555 0.000000 0.000714
352992.457664 4026160.920046 0.000000 0.000712
352992.426128 4026160.969535 0.000000 0.000709
352992.394590 4026161.019024 0.000000 0.000706
352992.363050 4026161.068510 0.000000 0.000703
352992.331507 4026161.117996 0.000000 0.000699
352992.299963 4026161.167480 0.000000 0.000695
352992.268416 4026161.216963 0.000000 0.000690
352992.236868 4026161.266444 0.000000 0.000686
352992.205318 4026161.315925 0.000000 0.000680
352992.173765 4026161.365404 0.000000 0.000675
352992.142211 4026161.414881 0.000000 0.000669
352992.110654 4026161.464358 0.000000 0.000663
352992.079096 4026161.513833 0.000000 0.000656
352992.047535 4026161.563307 0.000000 0.000650
352992.015973 4026161.612780 0.000000 0.000643
352991.984409 4026161.662251 0.000000 0.000635
352991.952843 4026161.711722 0.000000 0.000628
352991.921275 4026161.761191 0.000000 0.000620
352991.889705 4026161.810659 0.000000 0.000611
352991.858133 4026161.860126 0.000000 0.000603
352991.826560 4026161.909591 0.000000 0.000594
352991.794985 4026161.959056 0.000000 0.000585
352991.763408 4026162.008520 0.000000 0.000576
352991.731830 4026162.057982 0.000000 0.000567
352991.700250 4026162.107443 0.000000 0.000557
352991.668668 4026162.156904 0.000000 0.000547
352991.637084 4026162.206363 0.000000 0.000537
352991.605499 4026162.255821 0.000000 0.000527
352991.573913 4026162.305279 0.000000 0.000517
352991.542325 4026162.354735 0.000000 0.000506
352991.510735 4026162.404191 0.000000 0.000496
352991.479145 4026162.453645 0.000000 0.000485
352991.447552 4026162.503099 0.000000 0.000474
352991.415958 4026162.552552 0.000000 0.000463
352991.384363 4026162.602003 0.000000 0.000453
352991.352767 4026162.651454 0.000000 0.000442
352991.321169 4026162.700905 0.000000 0.000431
352991.289571 4026162.750354 0.000000 0.000419
352991.257970 4026162.799803 0.000000 0.000408
352991.226369 4026162.849251 0.000000 0.000397
352991.194767 4026162.898698 0.000000 0.000386
352991.163163 4026162.948145 0.000000 0.000375
352991.131559 4026162.997590 0.000000 0.000364
352991.099953 4026163.047036 0.000000 0.000353
352991.068346 4026163.096480 0.000000 0.000342
352991.036739 4026163.145924 0.000000 0.000331
352991.005130 4026163.195367 0.000000 0.000321
352990.973521 4026163.244810 0.000000 0.000310
352990.941910 4026163.294252 0.000000 0.000299
352990.910299 4026163.343694 0.000000 0.000289
352990.878687 4026163.393135 0.000000 0.000279
352990.847074 4026163.442576 0.000000 0.000269
352990.815461 4026163.492016 0.000000 0.000259
352990.783847 4026163.541455 0.000000 0.000249
352990.752232 4026163.590895 0.000000 0.000239
352990.720616 4026163.640333 0.000000 0.000230
352990.689000 4026163.689772 0.000000 0.000220
352990.657383 4026163.739210 0.000000 0.000211
352990.625766 4026163.788648 0.000000 0.000202
352990.594148 4026163.838085 0.000000 0.000193
352990.562529 4026163.887522 0.000000 0.000185
352990.530910 4026163.936959 0.000000 0.000177
352990.499291 4026163.986395 0.000000 0.000168
352990.467671 4026164.035831 0.000000 0.000161
352990.436050 4026164.085267 0.000000 0.000153
352990.404430 4026164.134702 0.000000 0.000145
352990.372808 4026164.184138 0.000000 0.000138
352990.341187 4026164.233573 0.000000 0.000131
352990.309565 4026164.283007 0.000000 0.000124
352990.277943 4026164.332442 0.000000 0.000118
352990.246320 4026164.381876 0.000000 0.000111
352990.214698 4026164.431311 0.000000 0.000105
352990.183075 4026164.480745 0.000000 0.000099
352990.151451 4026164.530179 0.000000 0.000094
352990.119828 4026164.579612 0.000000 0.000088
352990.088204 4026164.629046 0.000000 0.000083
352990.056580 4026164.678480 0.000000 0.000078
352990.024956 4026164.727913 0.000000 0.000073
352989.993331 4026164.777346 0.000000 0.000069
352989.961707 4026164.826779 0.000000 0.000064
352989.930082 4026164.876212 0.000000 0.000060
352989.898457 4026164.925645 0.000000 0.000056
352989.866832 4026164.975078 0.000000 0.000052
352989.835207 4026165.024511 0.000000 0.000049
352989.803582 4026165.073944 0.000000 0.000045
352989.771957 4026165.123376 0.000000 0.000042
352989.740331 4026165.172809 0.000000 0.000039
352989.708706 4026165.222241 0.000000 0.000036
352989.677080 4026165.271674 0.000000 0.000034
352989.645455 4026165.321106 0.000000 0.000031
352989.613829 4026165.370539 0.000000 0.000029
352989.582203 4026165.419971 0.000000 0.000026
352989.550577 4026165.469403 0.000000 0.000024
352989.518951 4026165.518836 0.000000 0.000022
352989.487325 4026165.568268 0.000000 0.000020
352989.455699 4026165.617700 0.000000 0.000019
352989.424073 4026165.667132 0.000000 0.000017
352989.392447 4026165.716564 0.000000 0.000015
352989.360821 4026165.765996 0.000000 0.000014
352989.329195 4026165.815429 0.000000 0.000013
352989.297569 4026165.864861 0.000000 0.000012
352989.265943 4026165.914293 0.000000 0.000010
352989.234316 4026165.963725 0.000000 0.000009
352989.202690 4026166.013157 0.000000 0.000008
352989.171064 4026166.062589 0.000000 0.000008
352989.139438 4026166.112021 0.000000 0.000007
352989.107812 4026166.161453 0.000000 0.000006
352989.076185 4026166.210885 0.000000 0.000005
352989.044559 4026166.260317 0.000000 0.000005
352989.012933 4026166.309749 0.000000 0.000004
352988.981306 4026166.359181 0.000000 0.000004
352988.949680 4026166.408613 0.000000 0.000003
352988.918054 4026166.458045 0.000000 0.000003
352988.886428 4026166.507477 0.000000 0.000003
352988.854801 4026166.556909 0.000000 0.000002
352988.823175 4026166.606341 0.000000 0.000002
352988.791549 4026166.655773 0.000000 0.000002
352988.759922 4026166.705205 0.000000 0.000001
352988.728296 4026166.754637 0.000000 0.000001
352988.696670 4026166.804069 0.000000 0.000001
352988.665044 4026166.853501 0.000000 0.000001
352988.633417 4026166.902933 0.000000 0.000001
352988.601791 4026166.952365 0.000000 0.000001
352988.570165 4026167.001797 0.000000 0.000001
352988.538538 4026167.051229 0.000000 0.000000
352988.506912 4026167.100661 0.000000 0.000000
352988.475286 4026167.150093 0.000000 0.000000
352988.443659 4026167.199525 0.000000 0.000000
352988.412033 4026167.248957 0.000000 0.000000
352988.380407 4026167.298389 0.000000 0.000000
352988.348780 4026167.347821 0.000000 0.000000
352988.317154 4026167.397253 0.000000 0.000000
352988.285528 4026167.446685 0.000000 0.000000
352988.253902 4026167.496117 0.000000 0.000000
352988.222275 4026167.545549 0.000000 0.000000
352988.190649 4026167.594981 0.000000 0.000000
352988.159023 4026167.644413 0.000000 0.000000
352988.127396 4026167.693845 0.000000 0.000000
352988.095770 4026167.743277 0.000000 0.000000
352988.064144 4026167.792709 0.000000 0.000000
352988.032517 4026167.842141 0.000000 0.000000
352988.000891 4026167.891573 0.000000 0.000000
352987.969265 4026167.941005 0.000000 0.000000
352987.937638 4026167.990437 0.000000 0.000000
352987.906012 4026168.039869 0.000000 0.000000
352987.874386 4026168.089301 0.000000 0.000000
352987.842760 4026168.138733 0.000000 0.000000
352987.811133 4026168.188165 0.000000 -0.000000
352987.779507 4026168.237597 0.000000 -0.000000
352987.747881 4026168.287029 0.000000 -0.000000
352987.716254 4026168.336461 0.000000 0.000000
352987.684628 4026168.385893 0.000000 0.000000
352987.653002 4026168.435325 0.000000 -0.000000
352987.621375 4026168.484757 0.000000 0.000000
352987.589749 4026168.534189 0.000000 0.000000
352987.558123 4026168.583621 0.000000 -0.000000
352987.526496 4026168.633053 0.000000 0.000000
352987.494870 4026168.682485 0.000000 0.000000
352987.463244 4026168.731917 0.000000 -0.000000
352987.431618 4026168.781349 0.000000 -0.000000
352987.399991 4026168.830782 0.000000 0.000000
352987.368365 4026168.880214 0.000000 -0.000000
352987.336739 4026168.929646 0.000000 0.000000
352987.305112 4026168.979078 0.000000 0.000000
352987.273486 4026169.028510 0.000000 0.000000
352987.241860 4026169.077942 0.000000 0.000000
352987.210233 4026169.127374 0.000000 -0.000000
352987.178607 4026169.176806 0.000000 0.000000
352987.146981 4026169.226238 0.000000 -0.000000
352987.115354 4026169.275670 0.000000 -0.000000
352987.083728 4026169.325102 0.000000 0.000000
352987.052102 4026169.374534 0.000000 0.000000
352987.020476 4026169.423966 0.000000 0.000000
352986.988849 4026169.473398 0.000000 0.000000
352986.957223 4026169.522830 0.000000 0.000000
352986.925597 4026169.572262 0.000000 0.000000
352986.893970 4026169.621694 0.000000 0.000000
352986.862344 4026169.671126 0.000000 0.000000
352986.830718 4026169.720558 0.000000 0.000000
352986.799091 4026169.769990 0.000000 0.000000
352986.767465 4026169.819422 0.000000 0.000000
352986.735839 4026169.868854 0.000000 0.000000
352986.704212 4026169.918286 0.000000 0.000000
352986.672586 4026169.967718 0.000000 0.000000
352986.640960 4026170.017150 0.000000 0.000000
352986.609334 4026170.066582 0.000000 0.000000
352986.577707 4026170.116014 0.000000 0.000000
352986.546081 4026170.165446 0.000000 0.000000
352986.514455 4026170.214878 0.000000 0.000001
352986.482828 4026170.264310 0.000000 0.000001
352986.451202 4026170.313742 0.000000 0.000001
352986.419576 4026170.363174 0.000000 0.000001
352986.387949 4026170.412606 0.000000 0.000001
352986.356323 4026170.462038 0.000000 0.000001
352986.324697 4026170.511470 0.000000 0.000002
352986.293070 4026170.560902 0.000000 0.000002
352986.261444 4026170.610334 0.000000 0.000002
352986.229818 4026170.659766 0.000000 0.000003
352986.198192 4026170.709198 0.000000 0.000003
352986.166565 4026170.758630 0.000000 0.000004
352986.134939 4026170.808062 0.000000 0.000005
352986.103313 4026170.857494 0.000000 0.000005
352986.071686 4026170.906926 0.000000 0.000006
352986.040060 4026170.956358 0.000000 0.000007
352986.008434 4026171.005790 0.000000 0.000008
352985.976807 4026171.055222 0.000000 0.000009
352985.945181 4026171.104654 0.000000 0.000011
352985.913554 4026171.154086 0.000000 0.000012
352985.881928 4026171.203517 0.000000 0.000014
352985.850302 4026171.252949 0.000000 0.000015
352985.818675 4026171.302381 0.000000 0.000017
352985.787049 4026171.351813 0.000000 0.000019
352985.755422 4026171.401245 0.000000 0.000022
352985.723796 4026171.450677 0.000000 0.000024
352985.692169 4026171.500109 0.000000 0.000027
352985.660542 4026171.549541 0.000000 0.000030
352985.628916 4026171.598972 0.000000 0.000033
352985.597289 4026171.648404 0.000000 0.000037
352985.565662 4026171.697836 0.000000 0.000041
352985.534035 4026171.747267 0.000000 0.000045
352985.502408 4026171.796699 0.000000 0.000049
352985.470781 4026171.846130 0.000000 0.000054
352985.439154 4026171.895562 0.000000 0.000059
352985.407526 4026171.944993 0.000000 0.000065
352985.375899 4026171.994424 0.000000 0.000071
352985.344271 4026172.043855 0.000000 0.000077
352985.312643 4026172.093286 0.000000 0.000084
352985.281015 4026172.142717 0.000000 0.000091
352985.249387 4026172.192148 0.000000 0.000098
352985.217758 4026172.241578 0.000000 0.000107
352985.186129 4026172.291009 0.000000 0.000115
352985.154500 4026172.340439 0.000000 0.000124
352985.122871 4026172.389869 0.000000 0.000134
352985.091241 4026172.439299 0.000000 0.000144
352985.059611 4026172.488728 0.000000 0.000155
352985.027981 4026172.538158 0.000000 0.000166
352984.996350 4026172.587587 0.000000 0.000178
352984.964719 4026172.637015 0.000000 0.000191
352984.933087 4026172.686444 0.000000 0.000204
352984.901454 4026172.735872 0.000000 0.000217
352984.869822 4026172.785300 0.000000 0.000232
352984.838188 4026172.834727 0.000000 0.000247
352984.806554 4026172.884154 0.000000 0.000263
352984.774919 4026172.933581 0.000000 0.000279
352984.743284 4026172.983007 0.000000 0.000296
352984.711647 4026173.032432 0.000000 0.000314
352984.680010 4026173.081857 0.000000 0.000332
352984.648372 4026173.131281 0.000000 0.000352
352984.616733 4026173.180705 0.000000 0.000371
352984.585093 4026173.230128 0.000000 0.000392
352984.553452 4026173.279551 0.000000 0.000413
352984.521810 4026173.328972 0.000000 0.000435
352984.490167 4026173.378393 0.000000 0.000458
352984.458522 4026173.427814 0.000000 0.000481
352984.426876 4026173.477233 0.000000 0.000505
352984.395229 4026173.526651 0.000000 0.000530
352984.363580 4026173.576069 0.000000 0.000555
352984.331930 4026173.625485 0.000000 0.000581
352984.300278 4026173.674900 0.000000 0.000607
352984.268624 4026173.724314 0.000000 0.000634
352984.236968 4026173.773728 0.000000 0.000662
352984.205311 4026173.823139 0.000000 0.000690
352984.173652 4026173.872550 0.000000 0.000719
352984.141991 4026173.921959 0.000000 0.000749
352984.110327 4026173.971367 0.000000 0.000778
352984.078661 4026174.020774 0.000000 0.000809
352984.046993 4026174.070179 0.000000 0.000840
352984.015323 4026174.119582 0.000000 0.000871
352983.983650 4026174.168984 0.000000 0.000902
352983.951975 4026174.218384 0.000000 0.000934
352983.920297 4026174.267782 0.000000 0.000967
352983.888616 4026174.317179 0.000000 0.000999
352983.856932 4026174.366573 0.000000 0.001032
352983.825245 4026174.415966 0.000000 0.001065
352983.793555 4026174.465357 0.000000 0.001098
352983.761862 4026174.514746 0.000000 0.001132
352983.730166 4026174.564132 0.000000 0.001165
352983.698466 4026174.613517 0.000000 0.001199
352983.666763 4026174.662899 0.000000 0.001232
352983.635056 4026174.712278 0.000000 0.001266
352983.603346 4026174.761656 0.000000 0.001299
352983.571631 4026174.811031 0.000000 0.001332
352983.539913 4026174.860403 0.000000 0.001366
352983.508191 4026174.909773 0.000000 0.001399
352983.476465 4026174.959140 0.000000 0.001431
352983.444734 4026175.008504 0.000000 0.001464
352983.412999 4026175.057866 0.000000 0.001496
352983.381260 4026175.107224 0.000000 0.001527
352983.349516 4026175.156580 0.000000 0.001559
352983.317768 4026175.205933 0.000000 0.001589
352983.286015 4026175.255283 0.000000 0.001620
352983.254257 4026175.304629 0.000000 0.001649
352983.222495 4026175.353973 0.000000 0.001678
352983.190727 4026175.403313 0.000000 0.001707
352983.158954 4026175.452650 0.000000 0.001734
352983.127176 4026175.501984 0.000000 0.001761
352983.095393 4026175.551314 0.000000 0.001788
352983.063605 4026175.600641 0.000000 0.001813
352983.031812 4026175.649964 0.000000 0.001838
352983.000012 4026175.699284 0.000000 0.001862
352982.968208 4026175.748600 0.000000 0.001884
352982.936398 4026175.797913 0.000000 0.001906
352982.904582 4026175.847222 0.000000 0.001928
352982.872760 4026175.896527 0.000000 0.001948
352982.840933 4026175.945828 0.000000 0.001967
352982.809100 4026175.995126 0.000000 0.001985
352982.777261 4026176.044420 0.000000 0.002002
352982.745416 4026176.093710 0.000000 0.002018
352982.713565 4026176.142996 0.000000 0.002033
352982.681708 4026176.192279 0.000000 0.002047
352982.649845 4026176.241557 0.000000 0.002059
352982.617976 4026176.290831 0.000000 0.002071
352982.586100 4026176.340102 0.000000 0.002082
352982.554219 4026176.389368 0.000000 0.002091
352982.522331 4026176.438630 0.000000 0.002100
352982.490438 4026176.487889 0.000000 0.002107
352982.458538 4026176.537143 0.000000 0.002113
352982.426631 4026176.586393 0.000000 0.002118
352982.394719 4026176.635639 0.000000 0.002122
352982.362800 4026176.684881 0.000000 0.002124
352982.330875 4026176.734119 0.000000 0.002126
352982.298943 4026176.783353 0.000000 0.002126
352982.267006 4026176.832583 0.000000 0.002126
352982.235062 4026176.881809 0.000000 0.002124
352982.203111 4026176.931031 0.000000 0.002121
352982.171155 4026176.980248 0.000000 0.002117
352982.139192 4026177.029462 0.000000 0.002113
352982.107223 4026177.078671 0.000000 0.002107
352982.075248 4026177.127877 0.000000 0.002100
352982.043267 4026177.177078 0.000000 0.002092
352982.011279 4026177.226276 0.000000 0.002083
352981.979286 4026177.275469 0.000000 0.002073
352981.947286 4026177.324659 0.000000 0.002062
352981.915280 4026177.373845 0.000000 0.002050
352981.883268 4026177.423026 0.000000 0.002038
352981.851250 4026177.472204 0.000000 0.002024
352981.819227 4026177.521378 0.000000 0.002010
352981.787197 4026177.570548 0.000000 0.001995
352981.755162 4026177.619715 0.000000 0.001979
352981.723120 4026177.668877 0.000000 0.001962
352981.691074 4026177.718036 0.000000 0.001945
352981.659021 4026177.767192 0.000000 0.001927
352981.626963 4026177.816343 0.000000 0.001908
352981.594899 4026177.865491 0.000000 0.001889
352981.562829 4026177.914635 0.000000 0.001869
352981.530755 4026177.963776 0.000000 0.001848
352981.498674 4026178.012913 0.000000 0.001827
352981.466589 4026178.062047 0.000000 0.001805
352981.434498 4026178.111178 0.000000 0.001783
352981.402402 4026178.160305 0.000000 0.001760
352981.370301 4026178.209429 0.000000 0.001737
352981.338195 4026178.258549 0.000000 0.001713
352981.306084 4026178.307666 0.000000 0.001689
352981.273968 4026178.356781 0.000000 0.001665
352981.241847 4026178.405891 0.000000 0.001640
352981.209721 4026178.454999 0.000000 0.001615
352981.177591 4026178.504104 0.000000 0.001590
352981.145456 4026178.553206 0.000000 0.001564
352981.113317 4026178.602305 0.000000 0.001538
352981.081173 4026178.651401 0.000000 0.001512
352981.049025 4026178.700494 0.000000 0.001486
352981.016873 4026178.749585 0.000000 0.001459
352980.984716 4026178.798672 0.000000 0.001433
352980.952555 4026178.847757 0.000000 0.001406
352980.920390 4026178.896840 0.000000 0.001379
352980.888221 4026178.945919 0.000000 0.001352
352980.856049 4026178.994997 0.000000 0.001325
352980.823872 4026179.044072 0.000000 0.001298
352980.791692 4026179.093144 0.000000 0.001270
352980.759508 4026179.142214 0.000000 0.001243
352980.727321 4026179.191282 0.000000 0.001216
352980.695130 4026179.240347 0.000000 0.001189
352980.662936 4026179.289410 0.000000 0.001162
352980.630738 4026179.338471 0.000000 0.001135
352980.598537 4026179.387530 0.000000 0.001108
352980.566333 4026179.436587 0.000000 0.001081
352980.534126 4026179.485642 0.000000 0.001054
352980.501916 4026179.534695 0.000000 0.001028
352980.469703 4026179.583746 0.000000 0.001001
352980.437487 4026179.632796 0.000000 0.000975
352980.405268 4026179.681843 0.000000 0.000949
352980.373047 4026179.730889 0.000000 0.000923
352980.340823 4026179.779933 0.000000 0.000898
352980.308597 4026179.828975 0.000000 0.000872
352980.276368 4026179.878016 0.000000 0.000847
352980.244136 4026179.927055 0.000000 0.000822
352980.211903 4026179.976093 0.000000 0.000798
352980.179667 4026180.025129 0.000000 0.000773
352980.147429 4026180.074164 0.000000 0.000749
352980.115189 4026180.123197 0.000000 0.000726
352980.082946 4026180.172229 0.000000 0.000702
352980.050702 4026180.221260 0.000000 0.000679
352980.018456 4026180.270290 0.000000 0.000657
352979.986208 4026180.319318 0.000000 0.000634
352979.953959 4026180.368346 0.000000 0.000612
352979.921707 4026180.417372 0.000000 0.000591
352979.889454 4026180.466397 0.000000 0.000570
352979.857200 4026180.515421 0.000000 0.000549
352979.824944 4026180.564444 0.000000 0.000528
352979.792686 4026180.613467 0.000000 0.000508
352979.760427 4026180.662488 0.000000 0.000489
352979.728167 4026180.711508 0.000000 0.000470
352979.695905 4026180.760528 0.000000 0.000451
352979.663643 4026180.809547 0.000000 0.000433
352979.631379 4026180.858565 0.000000 0.000415
352979.599114 4026180.907582 0.000000 0.000397
352979.566847 4026180.956598 0.000000 0.000380
352979.534580 4026181.005614 0.000000 0.000364
352979.502312 4026181.054630 0.000000 0.000347
352979.470043 4026181.103644 0.000000 0.000332
352979.437773 4026181.152658 0.000000 0.000316
352979.405502 4026181.201672 0.000000 0.000302
352979.373230 4026181.250685 0.000000 0.000287
352979.340958 4026181.299698 0.000000 0.000273
352979.308685 4026181.348710 0.000000 0.000260
352979.276411 4026181.397721 0.000000 0.000247
352979.244137 4026181.446732 0.000000 0.000234
352979.211862 4026181.495743 0.000000 0.000222
352979.179586 4026181.544754 0.000000 0.000210
352979.147310 4026181.593764 0.000000 0.000199
352979.115033 4026181.642774 0.000000 0.000188
352979.082756 4026181.691783 0.000000 0.000177
352979.050478 4026181.740792 0.000000 0.000167
352979.018200 4026181.789801 0.000000 0.000158
352978.985922 4026181.838810 0.000000 0.000148
352978.953643 4026181.887818 0.000000 0.000140
352978.921364 4026181.936826 0.000000 0.000131
352978.889084 4026181.985834 0.000000 0.000123
352978.856805 4026182.034842 0.000000 0.000115
352978.824525 4026182.083849 0.000000 0.000108
352978.792244 4026182.132857 0.000000 0.000101
352978.759964 4026182.181864 0.000000 0.000094
352978.727683 4026182.230871 0.000000 0.000088
352978.695402 4026182.279878 0.000000 0.000082
352978.663121 4026182.328885 0.000000 0.000076
352978.630839 4026182.377892 0.000000 0.000071
352978.598558 4026182.426898 0.000000 0.000066
352978.566276 4026182.475905 0.000000 0.000061
352978.533994 4026182.524911 0.000000 0.000056
352978.501712 4026182.573918 0.000000 0.000052
352978.469430 4026182.622924 0.000000 0.000048
352978.437148 4026182.671930 0.000000 0.000044
352978.404866 4026182.720936 0.000000 0.000041
352978.372584 4026182.769942 0.000000 0.000038
352978.340301 4026182.818948 0.000000 0.000035
352978.308019 4026182.867954 0.000000 0.000032
352978.275736 4026182.916960 0.000000 0.000030
352978.243453 4026182.965966 0.000000 0.000027
352978.211171 4026183.014972 0.000000 0.000025
352978.178888 4026183.063978 0.000000 0.000023
352978.146605 4026183.112984 0.000000 0.000022
352978.114323 4026183.161989 0.000000 0.000020
352978.082040 4026183.210995 0.000000 0.000019
352978.049757 4026183.260001 0.000000 0.000018
352978.017474 4026183.309007 0.000000 0.000017
352977.985191 4026183.358012 0.000000 0.000016
352977.952908 4026183.407018 0.000000 0.000016
352977.920625 4026183.456024 0.000000 0.000015
352977.888342 4026183.505029 0.000000 0.000015
352977.856059 4026183.554035 0.000000 0.000015
352977.823776 4026183.603041 0.000000 0.000015
352977.791493 4026183.652046 0.000000 0.000016
352977.759210 4026183.701052 0.000000 0.000016
352977.726927 4026183.750057 0.000000 0.000017
352977.694644 4026183.799063 0.000000 0.000018
352977.662360 4026183.848069 0.000000 0.000019
352977.630077 4026183.897074 0.000000 0.000020
352977.597794 4026183.946080 0.000000 0.000021
352977.565511 4026183.995085 0.000000 0.000023
352977.533227 4026184.044090 0.000000 0.000025
352977.500944 4026184.093096 0.000000 0.000027
352977.468661 4026184.142101 0.000000 0.000029
352977.436377 4026184.191107 0.000000 0.000031
352977.404094 4026184.240112 0.000000 0.000034
352977.371810 4026184.289117 0.000000 0.000037
352977.339526 4026184.338122 0.000000 0.000040
352977.307242 4026184.387127 0.000000 0.000043
352977.274958 4026184.436132 0.000000 0.000047
352977.242674 4026184.485137 0.000000 0.000051
352977.210390 4026184.534142 0.000000 0.000055
352977.178106 4026184.583147 0.000000 0.000059
352977.145822 4026184.632152 0.000000 0.000064
352977.113537 4026184.681156 0.000000 0.000069
352977.081252 4026184.730161 0.000000 0.000074
352977.048967 4026184.779165 0.000000 0.000080
352977.016682 4026184.828169 0.000000 0.000086
352976.984397 4026184.877174 0.000000 0.000092
352976.952112 4026184.926177 0.000000 0.000099
352976.919826 4026184.975181 0.000000 0.000106
352976.887540 4026185.024185 0.000000 0.000113
352976.855253 4026185.073188 0.000000 0.000121
352976.822967 4026185.122191 0.000000 0.000129
352976.790680 4026185.171194 0.000000 0.000137
352976.758392 4026185.220197 0.000000 0.000146
352976.726105 4026185.269200 0.000000 0.000156
352976.693817 4026185.318202 0.000000 0.000166
352976.661528 4026185.367204 0.000000 0.000176
352976.629239 4026185.416205 0.000000 0.000187
352976.596950 4026185.465207 0.000000 0.000198
352976.564660 4026185.514208 0.000000 0.000210
352976.532369 4026185.563208 0.000000 0.000222
352976.500078 4026185.612208 0.000000 0.000235
352976.467787 4026185.661208 0.000000 0.000249
352976.435494 4026185.710207 0.000000 0.000263
352976.403201 4026185.759206 0.000000 0.000277
352976.370907 4026185.808205 0.000000 0.000293
352976.338613 4026185.857202 0.000000 0.000309
352976.306317 4026185.906200 0.000000 0.000325
352976.274021 4026185.955196 0.000000 0.000342
352976.241724 4026186.004192 0.000000 0.000360
352976.209426 4026186.053188 0.000000 0.000379
352976.177127 4026186.102183 0.000000 0.000398
352976.144827 4026186.151177 0.000000 0.000418
352976.112525 4026186.200170 0.000000 0.000439
352976.080223 4026186.249162 0.000000 0.000460
352976.047919 4026186.298154 0.000000 0.000483
352976.015614 4026186.347145 0.000000 0.000506
352975.983308 4026186.396134 0.000000 0.000530
352975.951000 4026186.445123 0.000000 0.000555
352975.918691 4026186.494111 0.000000 0.000580
352975.886380 4026186.543098 0.000000 0.000607
352975.854067 4026186.592084 0.000000 0.000634
352975.821753 4026186.641068 0.000000 0.000663
352975.789437 4026186.690051 0.000000 0.000692
352975.757119 4026186.739033 0.000000 0.000722
352975.724799 4026186.788014 0.000000 0.000754
352975.692477 4026186.836993 0.000000 0.000786
352975.660153 4026186.885971 0.000000 0.000819
352975.627826 4026186.934947 0.000000 0.000854
352975.595498 4026186.983922 0.000000 0.000889
352975.563167 4026187.032895 0.000000 0.000925
352975.530833 4026187.081866 0.000000 0.000963
352975.498497 4026187.130836 0.000000 0.001002
352975.466157 4026187.179803 0.000000 0.001041
352975.433816 4026187.228769 0.000000 0.001082
352975.401471 4026187.277733 0.000000 0.001124
352975.369123 4026187.326694 0.000000 0.001167
352975.336771 4026187.375654 0.000000 0.001212
352975.304417 4026187.424611 0.000000 0.001257
352975.272059 4026187.473565 0.000000 0.001304
352975.239697 4026187.522518 0.000000 0.001352
352975.207331 4026187.571467 0.000000 0.001400
352975.174962 4026187.620415 0.000000 0.001450
352975.142589 4026187.669359 0.000000 0.001502
352975.110211 4026187.718301 0.000000 0.001554
352975.077829 4026187.767239 0.000000 0.001607
352975.045443 4026187.816175 0.000000 0.001662
352975.013052 4026187.865107 0.000000 0.001717
352974.980656 4026187.914036 0.000000 0.001774
352974.948255 4026187.962962 0.000000 0.001832
352974.915849 4026188.011884 0.000000 0.001890
352974.883438 4026188.060803 0.000000 0.001950
352974.851021 4026188.109718 0.000000 0.002011
352974.818598 4026188.158629 0.000000 0.002072
352974.786170 4026188.207536 0.000000 0.002135
352974.753736 4026188.256439 0.000000 0.002198
352974.721295 4026188.305338 0.000000 0.002262
352974.688848 4026188.354233 0.000000 0.002327
352974.656394 4026188.403123 0.000000 0.002392
352974.623934 4026188.452008 0.000000 0.002458
352974.591466 4026188.500889 0.000000 0.002525
352974.558992 4026188.549764 0.000000 0.002592
352974.526510 4026188.598635 0.000000 0.002659
352974.494020 4026188.647501 0.000000 0.002727
352974.461523 4026188.696361 0.000000 0.002795
352974.429017 4026188.745216 0.000000 0.002863
352974.396504 4026188.794065 0.000000 0.002932
352974.363982 4026188.842909 0.000000 0.003000
352974.331451 4026188.891747 0.000000 0.003069
352974.298912 4026188.940579 0.000000 0.003137
352974.266363 4026188.989404 0.000000 0.003205
352974.233806 4026189.038224 0.000000 0.003273
352974.201238 4026189.087037 0.000000 0.003340
352974.168662 4026189.135843 0.000000 0.003407
352974.136075 4026189.184643 0.000000 0.003473
352974.103478 4026189.233436 0.000000 0.003538
352974.070871 4026189.282222 0.000000 0.003603
352974.038254 4026189.331001 0.000000 0.003667
352974.005626 4026189.379773 0.000000 0.003729
352973.972987 4026189.428538 0.000000 0.003791
352973.940338 4026189.477295 0.000000 0.003851
352973.907676 4026189.526044 0.000000 0.003910
352973.875004 4026189.574786 0.000000 0.003967
352973.842320 4026189.623520 0.000000 0.004023
352973.809624 4026189.672246 0.000000 0.004077
352973.776917 4026189.720964 0.000000 0.004129
352973.744197 4026189.769673 0.000000 0.004180
352973.711465 4026189.818375 0.000000 0.004228
352973.678721 4026189.867068 0.000000 0.004274
352973.645964 4026189.915752 0.000000 0.004318
352973.613195 4026189.964428 0.000000 0.004360
352973.580413 4026190.013096 0.000000 0.004399
352973.547618 4026190.061754 0.000000 0.004436
352973.514810 4026190.110404 0.000000 0.004470
352973.481989 4026190.159045 0.000000 0.004502
352973.449154 4026190.207677 0.000000 0.004531
352973.416307 4026190.256300 0.000000 0.004557
352973.383445 4026190.304914 0.000000 0.004580
352973.350571 4026190.353519 0.000000 0.004601
352973.317683 4026190.402115 0.000000 0.004618
352973.284781 4026190.450702 0.000000 0.004632
352973.251866 4026190.499279 0.000000 0.004644
352973.218937 4026190.547848 0.000000 0.004652
352973.185994 4026190.596407 0.000000 0.004657
352973.153037 4026190.644957 0.000000 0.004659
352973.120066 4026190.693499 0.000000 0.004658
352973.087082 4026190.742031 0.000000 0.004654
352973.054084 4026190.790555 0.000000 0.004646
352973.021071 4026190.839069 0.000000 0.004636
352972.988045 4026190.887575 0.000000 0.004622
352972.955005 4026190.936073 0.000000 0.004605
352972.921951 4026190.984562 0.000000 0.004585
352972.888883 4026191.033042 0.000000 0.004561
352972.855800 4026191.081515 0.000000 0.004535
352972.822704 4026191.129979 0.000000 0.004506
352972.789594 4026191.178436 0.000000 0.004473
352972.756470 4026191.226885 0.000000 0.004438
352972.723332 4026191.275327 0.000000 0.004400
352972.690180 4026191.323762 0.000000 0.004358
352972.657013 4026191.372190 0.000000 0.004315
352972.623833 4026191.420612 0.000000 0.004268
352972.590638 4026191.469028 0.000000 0.004219
352972.557430 4026191.517438 0.000000 0.004167
352972.524207 4026191.565843 0.000000 0.004113
352972.490970 4026191.614243 0.000000 0.004056
352972.457718 4026191.662639 0.000000 0.003997
352972.424452 4026191.711031 0.000000 0.003936
352972.391172 4026191.759420 0.000000 0.003873
352972.357877 4026191.807806 0.000000 0.003808
352972.324568 4026191.856189 0.000000 0.003741
352972.291243 4026191.904571 0.000000 0.003672
352972.257904 4026191.952952 0.000000 0.003602
352972.224550 4026192.001333 0.000000 0.003530
352972.191180 4026192.049715 0.000000 0.003457
352972.157794 4026192.098097 0.000000 0.003383
352972.124393 4026192.146482 0.000000 0.003307
352972.090976 4026192.194870 0.000000 0.003231
352972.057543 4026192.243262 0.000000 0.003153
352972.024093 4026192.291658 0.000000 0.003075
352971.990626 4026192.340060 0.000000 0.002997
352971.957142 4026192.388470 0.000000 0.002918
352971.923640 4026192.436887 0.000000 0.002839
352971.890120 4026192.485313 0.000000 0.002759
352971.856581 4026192.533749 0.000000 0.002680
352971.823023 4026192.582197 0.000000 0.002600
352971.789445 4026192.630658 0.000000 0.002521
352971.755848 4026192.679132 0.000000 0.002442
352971.722229 4026192.727623 0.000000 0.002364
352971.688589 4026192.776130 0.000000 0.002286
352971.654926 4026192.824655 0.000000 0.002209
352971.621241 4026192.873200 0.000000 0.002132
352971.587532 4026192.921767 0.000000 0.002057
352971.553798 4026192.970357 0.000000 0.001982
352971.520039 4026193.018972 0.000000 0.001909
352971.486253 4026193.067614 0.000000 0.001836
352971.452441 4026193.116284 0.000000 0.001765
352971.418600 4026193.164984 0.000000 0.001695
352971.384729 4026193.213717 0.000000 0.001627
352971.350829 4026193.262483 0.000000 0.001561
352971.316897 4026193.311286 0.000000 0.001496
352971.282932 4026193.360127 0.000000 0.001432
352971.248934 4026193.409008 0.000000 0.001370
352971.214900 4026193.457932 0.000000 0.001311
352971.180830 4026193.506901 0.000000 0.001253
352971.146722 4026193.555917 0.000000 0.001197
352971.112575 4026193.604982 0.000000 0.001142
352971.078387 4026193.654099 0.000000 0.001090
352971.044158 4026193.703270 0.000000 0.001040
352971.009884 4026193.752497 0.000000 0.000992
352970.975566 4026193.801784 0.000000 0.000947
352970.941201 4026193.851133 0.000000 0.000903
352970.906787 4026193.900546 0.000000 0.000861
352970.872324 4026193.950027 0.000000 0.000822
352970.837808 4026193.999577 0.000000 0.000785
352970.803239 4026194.049200 0.000000 0.000750
352970.768615 4026194.098898 0.000000 0.000717
352970.733933 4026194.148674 0.000000 0.000686
352970.699193 4026194.198531 0.000000 0.000658
352970.664391 4026194.248473 0.000000 0.000632
352970.629526 4026194.298501 0.000000 0.000608
352970.594596 4026194.348620 0.000000 0.000586
352970.559599 4026194.398831 0.000000 0.000566
352970.524532 4026194.449139 0.000000 0.000548
352970.489395 4026194.499546 0.000000 0.000532
352970.454184 4026194.550055 0.000000 0.000519
352970.418897 4026194.600670 0.000000 0.000507
352970.383533 4026194.651393 0.000000 0.000497
352970.348089 4026194.702229 0.000000 0.000489
352970.312563 4026194.753179 0.000000 0.000483
352970.276952 4026194.804248 0.000000 0.000479
352970.241254 4026194.855439 0.000000 0.000477
352970.205467 4026194.906755 0.000000 0.000476
352970.169589 4026194.958199 0.000000 0.000477
352970.133617 4026195.009775 0.000000 0.000480
352970.097548 4026195.061486 0.000000 0.000484
352970.061381 4026195.113335 0.000000 0.000489
352970.025113 4026195.165326 0.000000 0.000496
352969.988742 4026195.217463 0.000000 0.000505
352969.952265 4026195.269748 0.000000 0.000514
352969.915679 4026195.322185 0.000000 0.000525
352969.878982 4026195.374778 0.000000 0.000537
352969.842171 4026195.427530 0.000000 0.000550
352969.805245 4026195.480445 0.000000 0.000564
352969.768200 4026195.533526 0.000000 0.000580
352969.731034 4026195.586776 0.000000 0.000596
352969.693744 4026195.640200 0.000000 0.000612
352969.656328 4026195.693800 0.000000 0.000630
352969.618782 4026195.747581 0.000000 0.000648
352969.581105 4026195.801546 0.000000 0.000667
352969.543294 4026195.855698 0.000000 0.000687
352969.505346 4026195.910041 0.000000 0.000707
352969.467257 4026195.964580 0.000000 0.000727
352969.429027 4026196.019317 0.000000 0.000748
352969.390651 4026196.074256 0.000000 0.000769
352969.352126 4026196.129401 0.000000 0.000791
352969.313452 4026196.184756 0.000000 0.000813
352969.274623 4026196.240324 0.000000 0.000834
352969.235638 4026196.296110 0.000000 0.000856
352969.196493 4026196.352117 0.000000 0.000878
352969.157186 4026196.408350 0.000000 0.000900
352969.117714 4026196.464811 0.000000 0.000921
352969.078073 4026196.521505 0.000000 0.000943
352969.038261 4026196.578437 0.000000 0.000964
352968.998275 4026196.635609 0.000000 0.000985
352968.958111 4026196.693027 0.000000 0.001006
352968.917767 4026196.750694 0.000000 0.001026
352968.877239 4026196.808614 0.000000 0.001046
352968.836524 4026196.866792 0.000000 0.001065
352968.795620 4026196.925232 0.000000 0.001084
352968.754522 4026196.983938 0.000000 0.001103
352968.713227 4026197.042915 0.000000 0.001120
352968.671732 4026197.102168 0.000000 0.001137
352968.630034 4026197.161700 0.000000 0.001154
352968.588129 4026197.221517 0.000000 0.001169
352968.546013 4026197.281622 0.000000 0.001184
352968.503684 4026197.342022 0.000000 0.001198
352968.461137 4026197.402720 0.000000 0.001211
352968.418368 4026197.463722 0.000000 0.001223
352968.375375 4026197.525033 0.000000 0.001235
352968.332152 4026197.586658 0.000000 0.001245
352968.288697 4026197.648602 0.000000 0.001255
352968.245005 4026197.710870 0.000000 0.001263
352968.201073 4026197.773468 0.000000 0.001271
352968.156895 4026197.836402 0.000000 0.001278
352968.112468 4026197.899677 0.000000 0.001283
352968.067788 4026197.963299 0.000000 0.001288
352968.022850 4026198.027275 0.000000 0.001291
352967.977649 4026198.091609 0.000000 0.001294
352967.932182 4026198.156309 0.000000 0.001295
352967.886442 4026198.221382 0.000000 0.001296
352967.840426 4026198.286833 0.000000 0.001295
352967.794128 4026198.352669 0.000000 0.001294
352967.747543 4026198.418899 0.000000 0.001291
352967.700666 4026198.485529 0.000000 0.001287
352967.653491 4026198.552567 0.000000 0.001282
352967.606012 4026198.620020 0.000000 0.001276
352967.558224 4026198.687897 0.000000 0.001269
352967.510121 4026198.756206 0.000000 0.001261
352967.461696 4026198.824955 0.000000 0.001252
352967.412943 4026198.894154 0.000000 0.001243
352967.363856 4026198.963813 0.000000 0.001232
352967.314426 4026199.033939 0.000000 0.001220
352967.264648 4026199.104545 0.000000 0.001207
352967.214514 4026199.175639 0.000000 0.001193
352967.164015 4026199.247232 0.000000 0.001179
352967.113145 4026199.319337 0.000000 0.001163
352967.061895 4026199.391964 0.000000 0.001147
352967.010255 4026199.465125 0.000000 0.001130
352966.958219 4026199.538833 0.000000 0.001112
352966.905775 4026199.613101 0.000000 0.001093
352966.852915 4026199.687942 0.000000 0.001073
352966.799628 4026199.763370 0.000000 0.001053
352966.745905 4026199.839400 0.000000 0.001032
352966.691734 4026199.916047 0.000000 0.001011
352966.637105 4026199.993327 0.000000 0.000989
352966.582006 4026200.071255 0.000000 0.000966
352966.526424 4026200.149849 0.000000 0.000943
352966.470348 4026200.229127 0.000000 0.000919
352966.413764 4026200.309107 0.000000 0.000895
352966.356659 4026200.389807 0.000000 0.000871
352966.299019 4026200.471248 0.000000 0.000846
352966.240829 4026200.553450 0.000000 0.000820
352966.182075 4026200.636434 0.000000 0.000795
352966.122741 4026200.720222 0.000000 0.000769
352966.062810 4026200.804838 0.000000 0.000743
352966.002266 4026200.890305 0.000000 0.000717
352965.941092 4026200.976648 0.000000 0.000691
352965.879268 4026201.063893 0.000000 0.000665
352965.816777 4026201.152066 0.000000 0.000638
352965.753598 4026201.241196 0.000000 0.000612
352965.689710 4026201.331313 0.000000 0.000586
352965.625091 4026201.422447 0.000000 0.000560
352965.559717 4026201.514633 0.000000 0.000534
352965.493563 4026201.607907 0.000000 0.000508
352965.426602 4026201.702307 0.000000 0.000482
352965.358803 4026201.797876 0.000000 0.000457
352965.290135 4026201.894658 0.000000 0.000432
352965.220562 4026201.992705 0.000000 0.000408
352965.150046 4026202.092070 0.000000 0.000384
352965.078544 4026202.192813 0.000000 0.000360
352965.006010 4026202.295000 0.000000 0.000337
352964.932393 4026202.398704 0.000000 0.000314
352964.857636 4026202.504004 0.000000 0.000293
352964.781678 4026202.610987 0.000000 0.000271
352964.704449 4026202.719750 0.000000 0.000251
352964.625875 4026202.830399 0.000000 0.000231
352964.545874 4026202.943051 0.000000 0.000212
352964.464354 4026203.057834 0.000000 0.000194
352964.381215 4026203.174888 0.000000 0.000177
352964.296350 4026203.294366 0.000000 0.000160
352964.209639 4026203.416437 0.000000 0.000145
352964.120951 4026203.541285 0.000000 0.000130
352964.030144 4026203.669110 0.000000 0.000124
352963.937064 4026203.800130 0.000000 0.000118
352963.841543 4026203.934581 0.000000 0.000112
352963.743397 4026204.072720 0.000000 0.000107
352963.642431 4026204.214827 0.000000 0.000101
352963.538429 4026204.361203 0.000000 0.000095
352963.431160 4026204.512172 0.000000 0.000089
352963.320376 4026204.668087 0.000000 0.000083
352963.205807 4026204.829325 0.000000 0.000077
352963.087166 4026204.996292 0.000000 0.000071
352962.964142 4026205.169425 0.000000 0.000065
352962.836403 4026205.349192 0.000000 0.000059
352962.703592 4026205.536094 0.000000 0.000053
352962.565330 4026205.730668 0.000000 0.000047
352962.421209 4026205.933485 0.000000 0.000041
352962.270795 4026206.145157 0.000000 0.000036
352962.113626 4026206.366335 0.000000 0.000030
352961.949211 4026206.597711 0.000000 0.000024
352961.777025 4026206.840021 0.000000 0.000018
352961.596513 4026207.094047 0.000000 0.000012
352961.407086 4026207.360620 0.000000 0.000006
