353007.244059 4026143.123975 0.000000 0.000000
353007.057713 4026143.412883 0.000000 -0.000020
353006.880301 4026143.687938 0.000000 -0.000039
353006.711241 4026143.950050 0.000000 -0.000059
353006.549980 4026144.200073 0.000000 -0.000078
353006.395999 4026144.438815 0.000000 -0.000098
353006.248808 4026144.667037 0.000000 -0.000117
353006.107947 4026144.885453 0.000000 -0.000137
353005.972983 4026145.094735 0.000000 -0.000157
353005.843511 4026145.295513 0.000000 -0.000176
353005.719150 4026145.488379 0.000000 -0.000196
353005.599542 4026145.673886 0.000000 -0.000215
353005.484356 4026145.852550 0.000000 -0.000235
353005.373281 4026146.024856 0.000000 -0.000254
353005.266025 4026146.191253 0.000000 -0.000274
353005.162319 4026146.352162 0.000000 -0.000293
353005.061912 4026146.507971 0.000000 -0.000313
353004.964570 4026146.659044 0.000000 -0.000333
353004.870077 4026146.805717 0.000000 -0.000352
353004.778232 4026146.948300 0.000000 -0.000372
353004.688852 4026147.087080 0.000000 -0.000391
353004.601764 4026147.222324 0.000000 -0.000411
353004.516812 4026147.354275 0.000000 -0.000430
353004.433850 4026147.483158 0.000000 -0.000450
353004.352745 4026147.609179 0.000000 -0.000482
353004.273376 4026147.732529 0.000000 -0.000513
353004.195630 4026147.853381 0.000000 -0.000545
353004.119406 4026147.971892 0.000000 -0.000576
353004.044610 4026148.088209 0.000000 -0.000607
353003.971157 4026148.202462 0.000000 -0.000638
353003.898969 4026148.314773 0.000000 -0.000667
353003.827976 4026148.425249 0.000000 -0.000696
353003.758114 4026148.533992 0.000000 -0.000724
353003.689324 4026148.641091 0.000000 -0.000751
353003.621554 4026148.746627 0.000000 -0.000777
353003.554755 4026148.850677 0.000000 -0.000801
353003.488884 4026148.953306 0.000000 -0.000824
353003.423900 4026149.054577 0.000000 -0.000846
353003.359768 4026149.154547 0.000000 -0.000867
353003.296454 4026149.253265 0.000000 -0.000886
353003.233928 4026149.350779 0.000000 -0.000903
353003.172162 4026149.447133 0.000000 -0.000920
353003.111129 4026149.542366 0.000000 -0.000934
353003.050807 4026149.636515 0.000000 -0.000948
353002.991171 4026149.729615 0.000000 -0.000959
353002.932202 4026149.821698 0.000000 -0.000970
353002.873879 4026149.912794 0.000000 -0.000979
353002.816184 4026150.002932 0.000000 -0.000986
353002.759098 4026150.092141 0.000000 -0.000992
353002.702604 4026150.180446 0.000000 -0.000997
353002.646685 4026150.267873 0.000000 -0.001000
353002.591326 4026150.354446 0.000000 -0.001002
353002.536511 4026150.440189 0.000000 -0.001003
353002.482225 4026150.525124 0.000000 -0.001002
353002.428454 4026150.609273 0.000000 -0.001000
353002.375184 4026150.692658 0.000000 -0.000997
353002.322402 4026150.775297 0.000000 -0.000992
353002.270094 4026150.857212 0.000000 -0.000987
353002.218249 4026150.938420 0.000000 -0.000980
353002.166855 4026151.018939 0.000000 -0.000972
353002.115900 4026151.098787 0.000000 -0.000962
353002.065373 4026151.177981 0.000000 -0.000952
353002.015263 4026151.256537 0.000000 -0.000941
353001.965560 4026151.334470 0.000000 -0.000928
353001.916255 4026151.411794 0.000000 -0.000915
353001.867337 4026151.488525 0.000000 -0.000901
353001.818798 4026151.564676 0.000000 -0.000886
353001.770629 4026151.640260 0.000000 -0.000870
353001.722821 4026151.715291 0.000000 -0.000854
353001.675366 4026151.789779 0.000000 -0.000836
353001.628256 4026151.863738 0.000000 -0.000819
353001.581484 4026151.937179 0.000000 -0.000800
353001.535042 4026152.010112 0.000000 -0.000781
353001.488923 4026152.082549 0.000000 -0.000762
353001.443120 4026152.154498 0.000000 -0.000742
353001.397627 4026152.225972 0.000000 -0.000722
353001.352438 4026152.296978 0.000000 -0.000701
353001.307545 4026152.367525 0.000000 -0.000681
353001.262944 4026152.437624 0.000000 -0.000660
353001.218628 4026152.507282 0.000000 -0.000639
353001.174592 4026152.576508 0.000000 -0.000618
353001.130831 4026152.645310 0.000000 -0.000597
353001.087339 4026152.713696 0.000000 -0.000576
353001.044111 4026152.781672 0.000000 -0.000555
353001.001143 4026152.849247 0.000000 -0.000534
353000.958429 4026152.916427 0.000000 -0.000513
353000.915965 4026152.983220 0.000000 -0.000493
353000.873747 4026153.049632 0.000000 -0.000472
353000.831770 4026153.115670 0.000000 -0.000452
353000.790030 4026153.181339 0.000000 -0.000433
353000.748522 4026153.246647 0.000000 -0.000413
353000.707243 4026153.311600 0.000000 -0.000394
353000.666189 4026153.376202 0.000000 -0.000376
353000.625356 4026153.440461 0.000000 -0.000357
353000.584740 4026153.504382 0.000000 -0.000339
353000.544337 4026153.567969 0.000000 -0.000322
353000.504144 4026153.631230 0.000000 -0.000305
353000.464157 4026153.694168 0.000000 -0.000289
353000.424374 4026153.756790 0.000000 -0.000273
353000.384789 4026153.819100 0.000000 -0.000257
353000.345401 4026153.881104 0.000000 -0.000243
353000.306205 4026153.942807 0.000000 -0.000228
353000.267200 4026154.004213 0.000000 -0.000214
353000.228380 4026154.065327 0.000000 -0.000201
353000.189744 4026154.126154 0.000000 -0.000188
353000.151288 4026154.186699 0.000000 -0.000176
353000.113009 4026154.246966 0.000000 -0.000164
353000.074905 4026154.306960 0.000000 -0.000153
353000.036972 4026154.366686 0.000000 -0.000142
352999.999207 4026154.426147 0.000000 -0.000132
352999.961608 4026154.485349 0.000000 -0.000123
352999.924171 4026154.544295 0.000000 -0.000113
352999.886895 4026154.602990 0.000000 -0.000105
352999.849776 4026154.661438 0.000000 -0.000097
352999.812811 4026154.719644 0.000000 -0.000089
352999.775998 4026154.777611 0.000000 -0.000082
352999.739334 4026154.835344 0.000000 -0.000075
352999.702817 4026154.892847 0.000000 -0.000068
352999.666443 4026154.950123 0.000000 -0.000062
352999.630211 4026155.007177 0.000000 -0.000057
352999.594118 4026155.064013 0.000000 -0.000051
352999.558161 4026155.120635 0.000000 -0.000047
352999.522338 4026155.177046 0.000000 -0.000042
352999.486646 4026155.233251 0.000000 -0.000038
352999.451082 4026155.289253 0.000000 -0.000034
352999.415645 4026155.345057 0.000000 -0.000031
352999.380332 4026155.400666 0.000000 -0.000027
352999.345140 4026155.456083 0.000000 -0.000024
352999.310067 4026155.511313 0.000000 -0.000022
352999.275111 4026155.566360 0.000000 -0.000019
352999.240269 4026155.621227 0.000000 -0.000017
352999.205539 4026155.675918 0.000000 -0.000015
352999.170919 4026155.730436 0.000000 -0.000013
352999.136406 4026155.784786 0.000000 -0.000012
352999.101997 4026155.838970 0.000000 -0.000010
352999.067691 4026155.892993 0.000000 -0.000009
352999.033486 4026155.946858 0.000000 -0.000008
352998.999378 4026156.000569 0.000000 -0.000007
352998.965366 4026156.054129 0.000000 -0.000006
352998.931448 4026156.107542 0.000000 -0.000005
352998.897621 4026156.160811 0.000000 -0.000005
352998.863882 4026156.213941 0.000000 -0.000004
352998.830231 4026156.266933 0.000000 -0.000004
352998.796664 4026156.319793 0.000000 -0.000003
352998.763179 4026156.372522 0.000000 -0.000003
352998.729775 4026156.425126 0.000000 -0.000003
352998.696449 4026156.477606 0.000000 -0.000003
352998.663198 4026156.529967 0.000000 -0.000003
352998.630022 4026156.582212 0.000000 -0.000003
352998.596917 4026156.634344 0.000000 -0.000003
352998.563882 4026156.686366 0.000000 -0.000003
352998.530914 4026156.738282 0.000000 -0.000003
352998.498012 4026156.790095 0.000000 -0.000003
352998.465173 4026156.841808 0.000000 -0.000003
352998.432396 4026156.893423 0.000000 -0.000003
352998.399679 4026156.944945 0.000000 -0.000004
352998.367019 4026156.996376 0.000000 -0.000004
352998.334415 4026157.047720 0.000000 -0.000004
352998.301864 4026157.098979 0.000000 -0.000004
352998.269366 4026157.150155 0.000000 -0.000005
352998.236918 4026157.201253 0.000000 -0.000005
352998.204518 4026157.252275 0.000000 -0.000005
352998.172165 4026157.303223 0.000000 -0.000006
352998.139857 4026157.354101 0.000000 -0.000006
352998.107592 4026157.404911 0.000000 -0.000007
352998.075369 4026157.455655 0.000000 -0.000007
352998.043185 4026157.506336 0.000000 -0.000008
352998.011040 4026157.556957 0.000000 -0.000008
352997.978931 4026157.607521 0.000000 -0.000009
352997.946858 4026157.658028 0.000000 -0.000009
352997.914819 4026157.708483 0.000000 -0.000010
352997.882812 4026157.758887 0.000000 -0.000011
352997.850835 4026157.809243 0.000000 -0.000011
352997.818889 4026157.859552 0.000000 -0.000012
352997.786970 4026157.909816 0.000000 -0.000013
352997.755078 4026157.960039 0.000000 -0.000014
352997.723212 4026158.010221 0.000000 -0.000015
352997.691370 4026158.060365 0.000000 -0.000015
352997.659551 4026158.110473 0.000000 -0.000016
352997.627755 4026158.160546 0.000000 -0.000017
352997.595979 4026158.210587 0.000000 -0.000019
352997.564223 4026158.260596 0.000000 -0.000020
352997.532486 4026158.310576 0.000000 -0.000021
352997.500766 4026158.360528 0.000000 -0.000022
352997.469063 4026158.410454 0.000000 -0.000024
352997.437376 4026158.460355 0.000000 -0.000025
352997.405704 4026158.510233 0.000000 -0.000026
352997.374046 4026158.560088 0.000000 -0.000028
352997.342401 4026158.609923 0.000000 -0.000030
352997.310769 4026158.659739 0.000000 -0.000031
352997.279148 4026158.709537 0.000000 -0.000033
352997.247539 4026158.759317 0.000000 -0.000035
352997.215939 4026158.809081 0.000000 -0.000037
352997.184349 4026158.858831 0.000000 -0.000039
352997.152768 4026158.908567 0.000000 -0.000041
352997.121196 4026158.958290 0.000000 -0.000044
352997.089631 4026159.008000 0.000000 -0.000046
352997.058074 4026159.057700 0.000000 -0.000048
352997.026523 4026159.107389 0.000000 -0.000051
352996.994979 4026159.157069 0.000000 -0.000054
352996.963440 4026159.206740 0.000000 -0.000056
352996.931907 4026159.256402 0.000000 -0.000059
352996.900379 4026159.306057 0.000000 -0.000062
352996.868855 4026159.355705 0.000000 -0.000066
352996.837336 4026159.405347 0.000000 -0.000069
352996.805820 4026159.454983 0.000000 -0.000072
352996.774309 4026159.504614 0.000000 -0.000076
352996.742800 4026159.554240 0.000000 -0.000080
352996.711295 4026159.603861 0.000000 -0.000083
352996.679793 4026159.653479 0.000000 -0.000087
352996.648293 4026159.703093 0.000000 -0.000091
352996.616795 4026159.752704 0.000000 -0.000096
352996.585300 4026159.802312 0.000000 -0.000100
352996.553807 4026159.851917 0.000000 -0.000104
352996.522316 4026159.901520 0.000000 -0.000109
352996.490826 4026159.951121 0.000000 -0.000114
352996.459338 4026160.000720 0.000000 -0.000118
352996.427852 4026160.050318 0.000000 -0.000123
352996.396367 4026160.099914 0.000000 -0.000129
352996.364883 4026160.149509 0.000000 -0.000134
352996.333400 4026160.199103 0.000000 -0.000139
352996.301918 4026160.248696 0.000000 -0.000145
352996.270437 4026160.298289 0.000000 -0.000150
352996.238958 4026160.347881 0.000000 -0.000156
352996.207479 4026160.397473 0.000000 -0.000161
352996.176001 4026160.447064 0.000000 -0.000167
352996.144524 4026160.496655 0.000000 -0.000173
352996.113047 4026160.546246 0.000000 -0.000179
352996.081571 4026160.595837 0.000000 -0.000185
352996.050097 4026160.645428 0.000000 -0.000192
352996.018622 4026160.695019 0.000000 -0.000198
352995.987149 4026160.744610 0.000000 -0.000204
352995.955676 4026160.794202 0.000000 -0.000211
352995.924204 4026160.843794 0.000000 -0.000217
352995.892732 4026160.893386 0.000000 -0.000224
352995.861262 4026160.942978 0.000000 -0.000230
352995.829792 4026160.992571 0.000000 -0.000237
352995.798323 4026161.042164 0.000000 -0.000243
352995.766854 4026161.091757 0.000000 -0.000250
352995.735386 4026161.141351 0.000000 -0.000256
352995.703919 4026161.190945 0.000000 -0.000263
352995.672453 4026161.240540 0.000000 -0.000269
352995.640988 4026161.290135 0.000000 -0.000276
352995.609523 4026161.339731 0.000000 -0.000282
352995.578059 4026161.389328 0.000000 -0.000289
352995.546596 4026161.438925 0.000000 -0.000295
352995.515134 4026161.488522 0.000000 -0.000301
352995.483673 4026161.538120 0.000000 -0.000307
352995.452213 4026161.587719 0.000000 -0.000313
352995.420754 4026161.637318 0.000000 -0.000319
352995.389295 4026161.686918 0.000000 -0.000325
352995.357838 4026161.736518 0.000000 -0.000330
352995.326382 4026161.786119 0.000000 -0.000336
352995.294926 4026161.835721 0.000000 -0.000341
352995.263472 4026161.885323 0.000000 -0.000346
352995.232019 4026161.934926 0.000000 -0.000351
352995.200566 4026161.984530 0.000000 -0.000356
352995.169115 4026162.034134 0.000000 -0.000361
352995.137665 4026162.083739 0.000000 -0.000365
352995.106216 4026162.133345 0.000000 -0.000369
352995.074768 4026162.182951 0.000000 -0.000373
352995.043321 4026162.232559 0.000000 -0.000377
352995.011876 4026162.282166 0.000000 -0.000380
352994.980431 4026162.331775 0.000000 -0.000384
352994.948988 4026162.381384 0.000000 -0.000387
352994.917546 4026162.430994 0.000000 -0.000389
352994.886105 4026162.480605 0.000000 -0.000392
352994.854665 4026162.530217 0.000000 -0.000394
352994.823226 4026162.579829 0.000000 -0.000396
352994.791789 4026162.629442 0.000000 -0.000397
352994.760352 4026162.679056 0.000000 -0.000398
352994.728917 4026162.728670 0.000000 -0.000399
352994.697484 4026162.778286 0.000000 -0.000400
352994.666051 4026162.827902 0.000000 -0.000400
352994.634619 4026162.877519 0.000000 -0.000400
352994.603189 4026162.927136 0.000000 -0.000400
352994.571760 4026162.976754 0.000000 -0.000400
352994.540332 4026163.026374 0.000000 -0.000399
352994.508906 4026163.075994 0.000000 -0.000398
352994.477480 4026163.125614 0.000000 -0.000396
352994.446056 4026163.175236 0.000000 -0.000395
352994.414633 4026163.224858 0.000000 -0.000393
352994.383211 4026163.274481 0.000000 -0.000390
352994.351790 4026163.324104 0.000000 -0.000388
352994.320371 4026163.373729 0.000000 -0.000385
352994.288952 4026163.423354 0.000000 -0.000382
352994.257535 4026163.472980 0.000000 -0.000378
352994.226119 4026163.522606 0.000000 -0.000375
352994.194704 4026163.572233 0.000000 -0.000371
352994.163290 4026163.621861 0.000000 -0.000367
352994.131877 4026163.671490 0.000000 -0.000362
352994.100466 4026163.721119 0.000000 -0.000358
352994.069055 4026163.770749 0.000000 -0.000353
352994.037646 4026163.820380 0.000000 -0.000348
352994.006237 4026163.870012 0.000000 -0.000343
352993.974829 4026163.919644 0.000000 -0.000337
352993.943423 4026163.969276 0.000000 -0.000332
352993.912017 4026164.018909 0.000000 -0.000326
352993.880613 4026164.068543 0.000000 -0.000320
352993.849209 4026164.118178 0.000000 -0.000314
352993.817806 4026164.167813 0.000000 -0.000307
352993.786405 4026164.217448 0.000000 -0.000301
352993.755004 4026164.267085 0.000000 -0.000295
352993.723604 4026164.316721 0.000000 -0.000288
352993.692204 4026164.366358 0.000000 -0.000281
352993.660806 4026164.415996 0.000000 -0.000275
352993.629408 4026164.465635 0.000000 -0.000268
352993.598011 4026164.515273 0.000000 -0.000261
352993.566615 4026164.564913 0.000000 -0.000254
352993.535220 4026164.614552 0.000000 -0.000247
352993.503825 4026164.664193 0.000000 -0.000240
352993.472432 4026164.713833 0.000000 -0.000233
352993.441038 4026164.763474 0.000000 -0.000226
352993.409646 4026164.813116 0.000000 -0.000219
352993.378254 4026164.862757 0.000000 -0.000213
352993.346862 4026164.912400 0.000000 -0.000206
352993.315472 4026164.962042 0.000000 -0.000199
352993.284081 4026165.011685 0.000000 -0.000192
352993.252692 4026165.061329 0.000000 -0.000185
352993.221303 4026165.110972 0.000000 -0.000179
352993.189914 4026165.160616 0.000000 -0.000172
352993.158526 4026165.210260 0.000000 -0.000166
352993.127138 4026165.259905 0.000000 -0.000159
352993.095751 4026165.309550 0.000000 -0.000153
352993.064364 4026165.359195 0.000000 -0.000147
352993.032978 4026165.408840 0.000000 -0.000141
352993.001592 4026165.458486 0.000000 -0.000135
352992.970206 4026165.508132 0.000000 -0.000129
352992.938821 4026165.557778 0.000000 -0.000123
352992.907436 4026165.607424 0.000000 -0.000118
352992.876051 4026165.657071 0.000000 -0.000112
352992.844667 4026165.706717 0.000000 -0.000107
352992.813283 4026165.756364 0.000000 -0.000102
352992.781899 4026165.806011 0.000000 -0.000097
352992.750515 4026165.855658 0.000000 -0.000092
352992.719132 4026165.905306 0.000000 -0.000087
352992.687749 4026165.954953 0.000000 -0.000083
352992.656366 4026166.004601 0.000000 -0.000078
352992.624983 4026166.054249 0.000000 -0.000074
352992.593601 4026166.103897 0.000000 -0.000070
352992.562219 4026166.153545 0.000000 -0.000066
352992.530837 4026166.203193 0.000000 -0.000062
352992.499455 4026166.252841 0.000000 -0.000058
352992.468073 4026166.302489 0.000000 -0.000055
352992.436691 4026166.352138 0.000000 -0.000052
352992.405310 4026166.401786 0.000000 -0.000048
352992.373928 4026166.451435 0.000000 -0.000045
352992.342547 4026166.501083 0.000000 -0.000042
352992.311166 4026166.550732 0.000000 -0.000040
352992.279785 4026166.600381 0.000000 -0.000037
352992.248404 4026166.650029 0.000000 -0.000034
352992.217023 4026166.699678 0.000000 -0.000032
352992.185642 4026166.749327 0.000000 -0.000030
352992.154261 4026166.798976 0.000000 -0.000028
352992.122880 4026166.848625 0.000000 -0.000026
352992.091500 4026166.898274 0.000000 -0.000024
352992.060119 4026166.947923 0.000000 -0.000022
352992.028739 4026166.997572 0.000000 -0.000020
352991.997358 4026167.047221 0.000000 -0.000019
352991.965978 4026167.096870 0.000000 -0.000017
352991.934597 4026167.146520 0.000000 -0.000016
352991.903217 4026167.196169 0.000000 -0.000014
352991.871836 4026167.245818 0.000000 -0.000013
352991.840456 4026167.295467 0.000000 -0.000012
352991.809076 4026167.345117 0.000000 -0.000011
352991.777695 4026167.394766 0.000000 -0.000010
352991.746315 4026167.444415 0.000000 -0.000009
352991.714935 4026167.494064 0.000000 -0.000008
352991.683555 4026167.543714 0.000000 -0.000007
352991.652174 4026167.593363 0.000000 -0.000007
352991.620794 4026167.643012 0.000000 -0.000006
352991.589414 4026167.692661 0.000000 -0.000005
352991.558034 4026167.742311 0.000000 -0.000005
352991.526654 4026167.791960 0.000000 -0.000004
352991.495273 4026167.841609 0.000000 -0.000004
352991.463893 4026167.891259 0.000000 -0.000003
352991.432513 4026167.940908 0.000000 -0.000003
352991.401133 4026167.990557 0.000000 -0.000003
352991.369753 4026168.040207 0.000000 -0.000002
352991.338373 4026168.089856 0.000000 -0.000002
352991.306992 4026168.139505 0.000000 -0.000002
352991.275612 4026168.189155 0.000000 -0.000002
352991.244232 4026168.238804 0.000000 -0.000001
352991.212852 4026168.288453 0.000000 -0.000001
352991.181472 4026168.338103 0.000000 -0.000001
352991.150092 4026168.387752 0.000000 -0.000001
352991.118712 4026168.437401 0.000000 -0.000001
352991.087331 4026168.487051 0.000000 -0.000001
352991.055951 4026168.536700 0.000000 -0.000001
352991.024571 4026168.586349 0.000000 -0.000000
352990.993191 4026168.635999 0.000000 -0.000000
352990.961811 4026168.685648 0.000000 -0.000000
352990.930431 4026168.735297 0.000000 -0.000000
352990.899051 4026168.784947 0.000000 -0.000000
352990.867670 4026168.834596 0.000000 -0.000000
352990.836290 4026168.884246 0.000000 -0.000000
352990.804910 4026168.933895 0.000000 -0.000000
352990.773530 4026168.983544 0.000000 -0.000000
352990.742150 4026169.033194 0.000000 -0.000000
352990.710770 4026169.082843 0.000000 -0.000000
352990.679389 4026169.132492 0.000000 -0.000000
352990.648009 4026169.182142 0.000000 -0.000000
352990.616629 4026169.231791 0.000000 -0.000000
352990.585249 4026169.281440 0.000000 -0.000000
352990.553869 4026169.331090 0.000000 -0.000000
352990.522489 4026169.380739 0.000000 -0.000000
352990.491109 4026169.430388 0.000000 -0.000000
352990.459728 4026169.480038 0.000000 -0.000000
352990.428348 4026169.529687 0.000000 -0.000000
352990.396968 4026169.579336 0.000000 -0.000000
352990.365588 4026169.628986 0.000000 -0.000000
352990.334208 4026169.678635 0.000000 -0.000000
352990.302828 4026169.728284 0.000000 -0.000000
352990.271448 4026169.777934 0.000000 -0.000000
352990.240067 4026169.827583 0.000000 0.000000
352990.208687 4026169.877232 0.000000 0.000000
352990.177307 4026169.926882 0.000000 -0.000000
352990.145927 4026169.976531 0.000000 0.000000
352990.114547 4026170.026180 0.000000 0.000000
352990.083167 4026170.075830 0.000000 -0.000000
352990.051787 4026170.125479 0.000000 0.000000
352990.020406 4026170.175128 0.000000 0.000000
352989.989026 4026170.224778 0.000000 -0.000000
352989.957646 4026170.274427 0.000000 0.000000
352989.926266 4026170.324076 0.000000 -0.000000
352989.894886 4026170.373726 0.000000 -0.000000
352989.863506 4026170.423375 0.000000 -0.000000
352989.832126 4026170.473024 0.000000 -0.000000
352989.800745 4026170.522674 0.000000 0.000000
352989.769365 4026170.572323 0.000000 -0.000000
352989.737985 4026170.621973 0.000000 0.000000
352989.706605 4026170.671622 0.000000 0.000000
352989.675225 4026170.721271 0.000000 0.000000
352989.643845 4026170.770921 0.000000 -0.000000
352989.612464 4026170.820570 0.000000 -0.000000
352989.581084 4026170.870219 0.000000 0.000000
352989.549704 4026170.919869 0.000000 -0.000000
352989.518324 4026170.969518 0.000000 0.000000
352989.486944 4026171.019167 0.000000 0.000000
352989.455564 4026171.068817 0.000000 0.000000
352989.424184 4026171.118466 0.000000 0.000000
352989.392803 4026171.168115 0.000000 0.000000
352989.361423 4026171.217765 0.000000 0.000000
352989.330043 4026171.267414 0.000000 0.000000
352989.298663 4026171.317063 0.000000 0.000000
352989.267283 4026171.366713 0.000000 0.000000
352989.235903 4026171.416362 0.000000 0.000000
352989.204523 4026171.466011 0.000000 0.000000
352989.173142 4026171.515661 0.000000 0.000000
352989.141762 4026171.565310 0.000000 0.000000
352989.110382 4026171.614959 0.000000 0.000000
352989.079002 4026171.664609 0.000000 0.000000
352989.047622 4026171.714258 0.000000 0.000000
352989.016242 4026171.763907 0.000000 0.000000
352988.984862 4026171.813557 0.000000 0.000001
352988.953481 4026171.863206 0.000000 0.000001
352988.922101 4026171.912855 0.000000 0.000001
352988.890721 4026171.962505 0.000000 0.000001
352988.859341 4026172.012154 0.000000 0.000001
352988.827961 4026172.061803 0.000000 0.000002
352988.796581 4026172.111453 0.000000 0.000002
352988.765200 4026172.161102 0.000000 0.000003
352988.733820 4026172.210751 0.000000 0.000003
352988.702440 4026172.260401 0.000000 0.000004
352988.671060 4026172.310050 0.000000 0.000004
352988.639680 4026172.359699 0.000000 0.000005
352988.608300 4026172.409349 0.000000 0.000006
352988.576920 4026172.458998 0.000000 0.000007
352988.545539 4026172.508647 0.000000 0.000008
352988.514159 4026172.558297 0.000000 0.000009
352988.482779 4026172.607946 0.000000 0.000011
352988.451399 4026172.657595 0.000000 0.000012
352988.420019 4026172.707245 0.000000 0.000014
352988.388638 4026172.756894 0.000000 0.000016
352988.357258 4026172.806543 0.000000 0.000018
352988.325878 4026172.856192 0.000000 0.000020
352988.294497 4026172.905842 0.000000 0.000023
352988.263117 4026172.955491 0.000000 0.000026
352988.231737 4026173.005140 0.000000 0.000029
352988.200356 4026173.054789 0.000000 0.000033
352988.168976 4026173.104438 0.000000 0.000036
352988.137595 4026173.154087 0.000000 0.000040
352988.106214 4026173.203736 0.000000 0.000045
352988.074834 4026173.253385 0.000000 0.000050
352988.043453 4026173.303034 0.000000 0.000055
352988.012072 4026173.352683 0.000000 0.000061
352987.980691 4026173.402332 0.000000 0.000067
352987.949309 4026173.451980 0.000000 0.000074
352987.917928 4026173.501629 0.000000 0.000081
352987.886546 4026173.551277 0.000000 0.000088
352987.855165 4026173.600926 0.000000 0.000097
352987.823783 4026173.650574 0.000000 0.000105
352987.792400 4026173.700222 0.000000 0.000115
352987.761018 4026173.749870 0.000000 0.000125
352987.729635 4026173.799517 0.000000 0.000136
352987.698252 4026173.849165 0.000000 0.000147
352987.666868 4026173.898812 0.000000 0.000159
352987.635485 4026173.948459 0.000000 0.000172
352987.604100 4026173.998105 0.000000 0.000185
352987.572716 4026174.047752 0.000000 0.000200
352987.541330 4026174.097398 0.000000 0.000215
352987.509945 4026174.147044 0.000000 0.000231
352987.478558 4026174.196689 0.000000 0.000248
352987.447171 4026174.246334 0.000000 0.000266
352987.415784 4026174.295978 0.000000 0.000284
352987.384395 4026174.345622 0.000000 0.000304
352987.353006 4026174.395266 0.000000 0.000325
352987.321616 4026174.444909 0.000000 0.000346
352987.290226 4026174.494551 0.000000 0.000369
352987.258834 4026174.544193 0.000000 0.000392
352987.227441 4026174.593834 0.000000 0.000417
352987.196047 4026174.643475 0.000000 0.000442
352987.164652 4026174.693114 0.000000 0.000469
352987.133255 4026174.742753 0.000000 0.000496
352987.101858 4026174.792391 0.000000 0.000525
352987.070459 4026174.842028 0.000000 0.000554
352987.039058 4026174.891664 0.000000 0.000585
352987.007656 4026174.941300 0.000000 0.000617
352986.976252 4026174.990934 0.000000 0.000650
352986.944846 4026175.040566 0.000000 0.000683
352986.913439 4026175.090198 0.000000 0.000718
352986.882029 4026175.139828 0.000000 0.000754
352986.850618 4026175.189457 0.000000 0.000791
352986.819204 4026175.239085 0.000000 0.000828
352986.787788 4026175.288711 0.000000 0.000867
352986.756369 4026175.338335 0.000000 0.000907
352986.724948 4026175.387958 0.000000 0.000947
352986.693524 4026175.437579 0.000000 0.000989
352986.662097 4026175.487199 0.000000 0.001031
352986.630668 4026175.536816 0.000000 0.001075
352986.599235 4026175.586432 0.000000 0.001119
352986.567800 4026175.636045 0.000000 0.001163
352986.536361 4026175.685656 0.000000 0.001209
352986.504918 4026175.735265 0.000000 0.001255
352986.473472 4026175.784872 0.000000 0.001302
352986.442022 4026175.834476 0.000000 0.001349
352986.410568 4026175.884078 0.000000 0.001397
352986.379111 4026175.933677 0.000000 0.001446
352986.347649 4026175.983274 0.000000 0.001495
352986.316182 4026176.032867 0.000000 0.001544
352986.284712 4026176.082458 0.000000 0.001594
352986.253236 4026176.132046 0.000000 0.001644
352986.221756 4026176.181631 0.000000 0.001694
352986.190271 4026176.231212 0.000000 0.001744
352986.158781 4026176.280790 0.000000 0.001795
352986.127286 4026176.330365 0.000000 0.001846
352986.095785 4026176.379937 0.000000 0.001896
352986.064279 4026176.429504 0.000000 0.001947
352986.032767 4026176.479068 0.000000 0.001997
352986.001249 4026176.528629 0.000000 0.002047
352985.969725 4026176.578185 0.000000 0.002097
352985.938195 4026176.627738 0.000000 0.002147
352985.906658 4026176.677286 0.000000 0.002196
352985.875115 4026176.726830 0.000000 0.002245
352985.843566 4026176.776370 0.000000 0.002293
352985.812010 4026176.825905 0.000000 0.002340
352985.780447 4026176.875436 0.000000 0.002387
352985.748876 4026176.924963 0.000000 0.002433
352985.717299 4026176.974485 0.000000 0.002479
352985.685714 4026177.024002 0.000000 0.002523
352985.654122 4026177.073514 0.000000 0.002567
352985.622522 4026177.123021 0.000000 0.002609
352985.590915 4026177.172524 0.000000 0.002651
352985.559299 4026177.222021 0.000000 0.002692
352985.527676 4026177.271513 0.000000 0.002731
352985.496044 4026177.321000 0.000000 0.002769
352985.464404 4026177.370481 0.000000 0.002806
352985.432756 4026177.419957 0.000000 0.002842
352985.401100 4026177.469428 0.000000 0.002876
352985.369435 4026177.518893 0.000000 0.002909
352985.337761 4026177.568353 0.000000 0.002941
352985.306079 4026177.617807 0.000000 0.002971
352985.274388 4026177.667255 0.000000 0.003000
352985.242688 4026177.716697 0.000000 0.003027
352985.210978 4026177.766134 0.000000 0.003053
352985.179260 4026177.815565 0.000000 0.003077
352985.147533 4026177.864990 0.000000 0.003100
352985.115796 4026177.914409 0.000000 0.003121
352985.084051 4026177.963822 0.000000 0.003140
352985.052296 4026178.013229 0.000000 0.003158
352985.020531 4026178.062630 0.000000 0.003174
352984.988757 4026178.112024 0.000000 0.003189
352984.956974 4026178.161413 0.000000 0.003202
352984.925181 4026178.210795 0.000000 0.003213
352984.893379 4026178.260172 0.000000 0.003222
352984.861567 4026178.309542 0.000000 0.003230
352984.829745 4026178.358906 0.000000 0.003236
352984.797914 4026178.408264 0.000000 0.003241
352984.766073 4026178.457615 0.000000 0.003244
352984.734223 4026178.506961 0.000000 0.003245
352984.702363 4026178.556300 0.000000 0.003245
352984.670494 4026178.605633 0.000000 0.003243
352984.638615 4026178.654960 0.000000 0.003239
352984.606726 4026178.704280 0.000000 0.003234
352984.574828 4026178.753595 0.000000 0.003228
352984.542920 4026178.802903 0.000000 0.003220
352984.511003 4026178.852205 0.000000 0.003210
352984.479076 4026178.901501 0.000000 0.003199
352984.447140 4026178.950791 0.000000 0.003186
352984.415194 4026179.000075 0.000000 0.003172
352984.383239 4026179.049352 0.000000 0.003156
352984.351275 4026179.098624 0.000000 0.003140
352984.319302 4026179.147890 0.000000 0.003121
352984.287319 4026179.197150 0.000000 0.003102
352984.255327 4026179.246404 0.000000 0.003081
352984.223326 4026179.295652 0.000000 0.003059
352984.191316 4026179.344894 0.000000 0.003036
352984.159298 4026179.394130 0.000000 0.003012
352984.127270 4026179.443361 0.000000 0.002987
352984.095234 4026179.492586 0.000000 0.002960
352984.063189 4026179.541806 0.000000 0.002933
352984.031135 4026179.591020 0.000000 0.002904
352983.999073 4026179.640228 0.000000 0.002875
352983.967003 4026179.689431 0.000000 0.002844
352983.934924 4026179.738629 0.000000 0.002813
352983.902837 4026179.787821 0.000000 0.002781
352983.870742 4026179.837008 0.000000 0.002748
352983.838639 4026179.886190 0.000000 0.002714
352983.806528 4026179.935367 0.000000 0.002679
352983.774409 4026179.984539 0.000000 0.002644
352983.742282 4026180.033705 0.000000 0.002609
352983.710148 4026180.082867 0.000000 0.002572
352983.678006 4026180.132024 0.000000 0.002535
352983.645857 4026180.181177 0.000000 0.002497
352983.613701 4026180.230324 0.000000 0.002459
352983.581538 4026180.279467 0.000000 0.002421
352983.549367 4026180.328605 0.000000 0.002382
352983.517190 4026180.377739 0.000000 0.002342
352983.485006 4026180.426869 0.000000 0.002303
352983.452815 4026180.475994 0.000000 0.002263
352983.420617 4026180.525115 0.000000 0.002222
352983.388413 4026180.574232 0.000000 0.002181
352983.356203 4026180.623345 0.000000 0.002141
352983.323987 4026180.672453 0.000000 0.002099
352983.291765 4026180.721558 0.000000 0.002058
352983.259536 4026180.770659 0.000000 0.002017
352983.227302 4026180.819757 0.000000 0.001975
352983.195062 4026180.868850 0.000000 0.001934
352983.162817 4026180.917940 0.000000 0.001892
352983.130566 4026180.967026 0.000000 0.001850
352983.098310 4026181.016109 0.000000 0.001809
352983.066049 4026181.065189 0.000000 0.001767
352983.033783 4026181.114266 0.000000 0.001726
352983.001511 4026181.163339 0.000000 0.001684
352982.969235 4026181.212409 0.000000 0.001643
352982.936954 4026181.261476 0.000000 0.001602
352982.904669 4026181.310540 0.000000 0.001561
352982.872379 4026181.359601 0.000000 0.001520
352982.840085 4026181.408659 0.000000 0.001480
352982.807786 4026181.457715 0.000000 0.001440
352982.775484 4026181.506768 0.000000 0.001400
352982.743177 4026181.555819 0.000000 0.001361
352982.710867 4026181.604867 0.000000 0.001321
352982.678553 4026181.653912 0.000000 0.001283
352982.646235 4026181.702955 0.000000 0.001244
352982.613914 4026181.751996 0.000000 0.001206
352982.581589 4026181.801035 0.000000 0.001169
352982.549261 4026181.850072 0.000000 0.001132
352982.516930 4026181.899106 0.000000 0.001095
352982.484596 4026181.948139 0.000000 0.001059
352982.452259 4026181.997169 0.000000 0.001024
352982.419919 4026182.046198 0.000000 0.000989
352982.387576 4026182.095225 0.000000 0.000954
352982.355231 4026182.144250 0.000000 0.000921
352982.322883 4026182.193274 0.000000 0.000887
352982.290532 4026182.242296 0.000000 0.000855
352982.258180 4026182.291316 0.000000 0.000823
352982.225825 4026182.340335 0.000000 0.000791
352982.193467 4026182.389353 0.000000 0.000760
352982.161108 4026182.438369 0.000000 0.000730
352982.128747 4026182.487384 0.000000 0.000701
352982.096383 4026182.536398 0.000000 0.000672
352982.064018 4026182.585411 0.000000 0.000644
352982.031651 4026182.634422 0.000000 0.000616
352981.999283 4026182.683432 0.000000 0.000590
352981.966913 4026182.732442 0.000000 0.000564
352981.934541 4026182.781450 0.000000 0.000538
352981.902168 4026182.830457 0.000000 0.000514
352981.869794 4026182.879464 0.000000 0.000490
352981.837418 4026182.928470 0.000000 0.000466
352981.805041 4026182.977474 0.000000 0.000444
352981.772663 4026183.026478 0.000000 0.000422
352981.740283 4026183.075482 0.000000 0.000401
352981.707903 4026183.124485 0.000000 0.000380
352981.675522 4026183.173487 0.000000 0.000361
352981.643139 4026183.222488 0.000000 0.000342
352981.610756 4026183.271489 0.000000 0.000323
352981.578372 4026183.320489 0.000000 0.000306
352981.545987 4026183.369489 0.000000 0.000289
352981.513602 4026183.418488 0.000000 0.000272
352981.481215 4026183.467487 0.000000 0.000257
352981.448829 4026183.516486 0.000000 0.000241
352981.416441 4026183.565484 0.000000 0.000227
352981.384053 4026183.614482 0.000000 0.000213
352981.351665 4026183.663479 0.000000 0.000200
352981.319275 4026183.712476 0.000000 0.000187
352981.286886 4026183.761473 0.000000 0.000175
352981.254496 4026183.810469 0.000000 0.000164
352981.222106 4026183.859465 0.000000 0.000153
352981.189715 4026183.908461 0.000000 0.000143
352981.157324 4026183.957457 0.000000 0.000133
352981.124933 4026184.006453 0.000000 0.000124
352981.092541 4026184.055448 0.000000 0.000115
352981.060149 4026184.104443 0.000000 0.000107
352981.027757 4026184.153438 0.000000 0.000099
352980.995364 4026184.202433 0.000000 0.000091
352980.962972 4026184.251428 0.000000 0.000085
352980.930579 4026184.300423 0.000000 0.000078
352980.898186 4026184.349417 0.000000 0.000072
352980.865793 4026184.398412 0.000000 0.000066
352980.833400 4026184.447406 0.000000 0.000061
352980.801006 4026184.496400 0.000000 0.000056
352980.768613 4026184.545395 0.000000 0.000051
352980.736219 4026184.594389 0.000000 0.000047
352980.703826 4026184.643383 0.000000 0.000043
352980.671432 4026184.692377 0.000000 0.000040
352980.639038 4026184.741371 0.000000 0.000036
352980.606644 4026184.790365 0.000000 0.000033
352980.574250 4026184.839359 0.000000 0.000031
352980.541856 4026184.888352 0.000000 0.000028
352980.509462 4026184.937346 0.000000 0.000026
352980.477068 4026184.986340 0.000000 0.000024
352980.444674 4026185.035334 0.000000 0.000023
352980.412279 4026185.084328 0.000000 0.000021
352980.379885 4026185.133321 0.000000 0.000020
352980.347491 4026185.182315 0.000000 0.000019
352980.315097 4026185.231309 0.000000 0.000018
352980.282702 4026185.280302 0.000000 0.000018
352980.250308 4026185.329296 0.000000 0.000018
352980.217913 4026185.378290 0.000000 0.000018
352980.185519 4026185.427283 0.000000 0.000018
352980.153125 4026185.476277 0.000000 0.000018
352980.120730 4026185.525270 0.000000 0.000019
352980.088336 4026185.574264 0.000000 0.000019
352980.055941 4026185.623257 0.000000 0.000020
352980.023547 4026185.672251 0.000000 0.000021
352979.991152 4026185.721244 0.000000 0.000023
352979.958757 4026185.770238 0.000000 0.000024
352979.926363 4026185.819231 0.000000 0.000026
352979.893968 4026185.868224 0.000000 0.000028
352979.861573 4026185.917218 0.000000 0.000030
352979.829178 4026185.966211 0.000000 0.000032
352979.796783 4026186.015204 0.000000 0.000035
352979.764388 4026186.064197 0.000000 0.000038
352979.731993 4026186.113191 0.000000 0.000041
352979.699598 4026186.162184 0.000000 0.000044
352979.667202 4026186.211177 0.000000 0.000048
352979.634807 4026186.260170 0.000000 0.000051
352979.602412 4026186.309162 0.000000 0.000055
352979.570016 4026186.358155 0.000000 0.000060
352979.537620 4026186.407148 0.000000 0.000064
352979.505224 4026186.456140 0.000000 0.000069
352979.472828 4026186.505133 0.000000 0.000074
352979.440432 4026186.554125 0.000000 0.000079
352979.408035 4026186.603117 0.000000 0.000085
352979.375638 4026186.652109 0.000000 0.000091
352979.343241 4026186.701101 0.000000 0.000097
352979.310844 4026186.750093 0.000000 0.000104
352979.278447 4026186.799084 0.000000 0.000111
352979.246049 4026186.848076 0.000000 0.000118
352979.213651 4026186.897067 0.000000 0.000126
352979.181253 4026186.946058 0.000000 0.000134
352979.148854 4026186.995048 0.000000 0.000143
352979.116455 4026187.044039 0.000000 0.000151
352979.084055 4026187.093029 0.000000 0.000161
352979.051655 4026187.142019 0.000000 0.000170
352979.019255 4026187.191009 0.000000 0.000181
352978.986854 4026187.239998 0.000000 0.000191
352978.954453 4026187.288987 0.000000 0.000202
352978.922051 4026187.337975 0.000000 0.000214
352978.889649 4026187.386964 0.000000 0.000226
352978.857246 4026187.435951 0.000000 0.000239
352978.824842 4026187.484939 0.000000 0.000252
352978.792438 4026187.533926 0.000000 0.000265
352978.760033 4026187.582912 0.000000 0.000280
352978.727627 4026187.631898 0.000000 0.000294
352978.695221 4026187.680883 0.000000 0.000310
352978.662813 4026187.729868 0.000000 0.000326
352978.630405 4026187.778852 0.000000 0.000342
352978.597996 4026187.827836 0.000000 0.000359
352978.565586 4026187.876819 0.000000 0.000377
352978.533175 4026187.925801 0.000000 0.000396
352978.500762 4026187.974783 0.000000 0.000415
352978.468349 4026188.023764 0.000000 0.000435
352978.435935 4026188.072744 0.000000 0.000455
352978.403519 4026188.121723 0.000000 0.000476
352978.371102 4026188.170701 0.000000 0.000499
352978.338684 4026188.219678 0.000000 0.000521
352978.306264 4026188.268655 0.000000 0.000545
352978.273843 4026188.317630 0.000000 0.000569
352978.241420 4026188.366605 0.000000 0.000594
352978.208995 4026188.415578 0.000000 0.000620
352978.176569 4026188.464550 0.000000 0.000647
352978.144141 4026188.513521 0.000000 0.000675
352978.111711 4026188.562491 0.000000 0.000703
352978.079280 4026188.611459 0.000000 0.000733
352978.046846 4026188.660426 0.000000 0.000763
352978.014410 4026188.709391 0.000000 0.000794
352977.981972 4026188.758356 0.000000 0.000826
352977.949532 4026188.807318 0.000000 0.000860
352977.917089 4026188.856279 0.000000 0.000894
352977.884644 4026188.905238 0.000000 0.000929
352977.852197 4026188.954196 0.000000 0.000964
352977.819746 4026189.003152 0.000000 0.001001
352977.787293 4026189.052105 0.000000 0.001039
352977.754837 4026189.101057 0.000000 0.001078
352977.722378 4026189.150007 0.000000 0.001118
352977.689916 4026189.198955 0.000000 0.001159
352977.657451 4026189.247900 0.000000 0.001201
352977.624982 4026189.296844 0.000000 0.001243
352977.592510 4026189.345785 0.000000 0.001287
352977.560034 4026189.394723 0.000000 0.001332
352977.527555 4026189.443659 0.000000 0.001378
352977.495072 4026189.492593 0.000000 0.001424
352977.462584 4026189.541523 0.000000 0.001472
352977.430093 4026189.590451 0.000000 0.001520
352977.397597 4026189.639376 0.000000 0.001569
352977.365097 4026189.688298 0.000000 0.001619
352977.332593 4026189.737217 0.000000 0.001670
352977.300083 4026189.786133 0.000000 0.001722
352977.267569 4026189.835045 0.000000 0.001775
352977.235050 4026189.883954 0.000000 0.001828
352977.202525 4026189.932860 0.000000 0.001882
352977.169995 4026189.981761 0.000000 0.001937
352977.137460 4026190.030660 0.000000 0.001992
352977.104919 4026190.079554 0.000000 0.002048
352977.072372 4026190.128444 0.000000 0.002104
352977.039819 4026190.177331 0.000000 0.002161
352977.007260 4026190.226213 0.000000 0.002218
352976.974695 4026190.275090 0.000000 0.002276
352976.942123 4026190.323964 0.000000 0.002333
352976.909545 4026190.372833 0.000000 0.002392
352976.876959 4026190.421697 0.000000 0.002450
352976.844367 4026190.470556 0.000000 0.002508
352976.811767 4026190.519411 0.000000 0.002567
352976.779160 4026190.568261 0.000000 0.002625
352976.746546 4026190.617105 0.000000 0.002683
352976.713924 4026190.665944 0.000000 0.002741
352976.681293 4026190.714778 0.000000 0.002799
352976.648655 4026190.763606 0.000000 0.002856
352976.616008 4026190.812429 0.000000 0.002913
352976.583353 4026190.861246 0.000000 0.002970
352976.550690 4026190.910057 0.000000 0.003025
352976.518018 4026190.958863 0.000000 0.003080
352976.485336 4026191.007662 0.000000 0.003135
352976.452646 4026191.056455 0.000000 0.003188
352976.419946 4026191.105242 0.000000 0.003241
352976.387237 4026191.154022 0.000000 0.003292
352976.354518 4026191.202796 0.000000 0.003342
352976.321790 4026191.251563 0.000000 0.003391
352976.289051 4026191.300324 0.000000 0.003438
352976.256303 4026191.349078 0.000000 0.003484
352976.223544 4026191.397824 0.000000 0.003529
352976.190775 4026191.446564 0.000000 0.003572
352976.157996 4026191.495297 0.000000 0.003613
352976.125206 4026191.544023 0.000000 0.003652
352976.092405 4026191.592741 0.000000 0.003690
352976.059594 4026191.641452 0.000000 0.003725
352976.026772 4026191.690156 0.000000 0.003759
352975.993938 4026191.738852 0.000000 0.003790
352975.961093 4026191.787541 0.000000 0.003819
352975.928238 4026191.836222 0.000000 0.003846
352975.895370 4026191.884895 0.000000 0.003871
352975.862492 4026191.933561 0.000000 0.003893
352975.829602 4026191.982219 0.000000 0.003913
352975.796700 4026192.030869 0.000000 0.003930
352975.763787 4026192.079511 0.000000 0.003945
352975.730862 4026192.128146 0.000000 0.003957
352975.697926 4026192.176773 0.000000 0.003966
352975.664978 4026192.225392 0.000000 0.003973
352975.632018 4026192.274004 0.000000 0.003978
352975.599046 4026192.322607 0.000000 0.003979
352975.566062 4026192.371203 0.000000 0.003978
352975.533066 4026192.419792 0.000000 0.003974
352975.500058 4026192.468373 0.000000 0.003968
352975.467039 4026192.516946 0.000000 0.003959
352975.434007 4026192.565512 0.000000 0.003947
352975.400964 4026192.614071 0.000000 0.003932
352975.367908 4026192.662622 0.000000 0.003915
352975.334840 4026192.711167 0.000000 0.003895
352975.301761 4026192.759705 0.000000 0.003872
352975.268669 4026192.808236 0.000000 0.003847
352975.235565 4026192.856760 0.000000 0.003820
352975.202449 4026192.905279 0.000000 0.003789
352975.169321 4026192.953791 0.000000 0.003757
352975.136181 4026193.002298 0.000000 0.003721
352975.103028 4026193.050799 0.000000 0.003684
352975.069863 4026193.099295 0.000000 0.003644
352975.036686 4026193.147787 0.000000 0.003602
352975.003496 4026193.196274 0.000000 0.003558
352974.970294 4026193.244757 0.000000 0.003511
352974.937080 4026193.293236 0.000000 0.003463
352974.903853 4026193.341712 0.000000 0.003412
352974.870613 4026193.390185 0.000000 0.003360
352974.837360 4026193.438656 0.000000 0.003306
352974.804095 4026193.487126 0.000000 0.003251
352974.770816 4026193.535594 0.000000 0.003194
352974.737524 4026193.584062 0.000000 0.003135
352974.704219 4026193.632530 0.000000 0.003075
352974.670900 4026193.680999 0.000000 0.003014
352974.637567 4026193.729469 0.000000 0.002952
352974.604220 4026193.777942 0.000000 0.002888
352974.570859 4026193.826417 0.000000 0.002824
352974.537483 4026193.874897 0.000000 0.002759
352974.504093 4026193.923381 0.000000 0.002693
352974.470687 4026193.971872 0.000000 0.002627
352974.437265 4026194.020368 0.000000 0.002560
352974.403827 4026194.068873 0.000000 0.002493
352974.370373 4026194.117386 0.000000 0.002426
352974.336902 4026194.165910 0.000000 0.002359
352974.303413 4026194.214444 0.000000 0.002292
352974.269906 4026194.262991 0.000000 0.002225
352974.236381 4026194.311551 0.000000 0.002158
352974.202836 4026194.360126 0.000000 0.002092
352974.169272 4026194.408717 0.000000 0.002026
352974.135687 4026194.457325 0.000000 0.001961
352974.102081 4026194.505953 0.000000 0.001897
352974.068452 4026194.554601 0.000000 0.001834
352974.034801 4026194.603272 0.000000 0.001772
352974.001126 4026194.651966 0.000000 0.001710
352973.967427 4026194.700686 0.000000 0.001650
352973.933702 4026194.749433 0.000000 0.001592
352973.899950 4026194.798209 0.000000 0.001535
352973.866171 4026194.847015 0.000000 0.001479
352973.832364 4026194.895855 0.000000 0.001425
352973.798526 4026194.944729 0.000000 0.001373
352973.764658 4026194.993639 0.000000 0.001322
352973.730758 4026195.042588 0.000000 0.001274
352973.696824 4026195.091579 0.000000 0.001227
352973.662856 4026195.140612 0.000000 0.001183
352973.628852 4026195.189690 0.000000 0.001140
352973.594810 4026195.238815 0.000000 0.001100
352973.560730 4026195.287991 0.000000 0.001063
352973.526610 4026195.337218 0.000000 0.001028
352973.492447 4026195.386500 0.000000 0.000995
352973.458242 4026195.435839 0.000000 0.000965
352973.423991 4026195.485237 0.000000 0.000937
352973.389694 4026195.534697 0.000000 0.000912
352973.355349 4026195.584222 0.000000 0.000890
352973.320954 4026195.633814 0.000000 0.000870
352973.286506 4026195.683476 0.000000 0.000853
352973.252006 4026195.733210 0.000000 0.000839
352973.217449 4026195.783020 0.000000 0.000828
352973.182836 4026195.832908 0.000000 0.000820
352973.148163 4026195.882878 0.000000 0.000815
352973.113428 4026195.932931 0.000000 0.000812
352973.078630 4026195.983071 0.000000 0.000813
352973.043767 4026196.033301 0.000000 0.000816
352973.008836 4026196.083623 0.000000 0.000823
352972.973836 4026196.134042 0.000000 0.000832
352972.938763 4026196.184559 0.000000 0.000845
352972.903617 4026196.235179 0.000000 0.000860
352972.868394 4026196.285903 0.000000 0.000878
352972.833093 4026196.336736 0.000000 0.000899
352972.797710 4026196.387680 0.000000 0.000923
352972.762244 4026196.438738 0.000000 0.000949
352972.726693 4026196.489915 0.000000 0.000979
352972.691053 4026196.541212 0.000000 0.001011
352972.655323 4026196.592633 0.000000 0.001046
352972.619500 4026196.644182 0.000000 0.001083
352972.583582 4026196.695862 0.000000 0.001123
352972.547565 4026196.747675 0.000000 0.001165
352972.511448 4026196.799626 0.000000 0.001210
352972.475227 4026196.851717 0.000000 0.001257
352972.438901 4026196.903952 0.000000 0.001306
352972.402467 4026196.956334 0.000000 0.001358
352972.365922 4026197.008867 0.000000 0.001411
352972.329263 4026197.061554 0.000000 0.001466
352972.292487 4026197.114397 0.000000 0.001523
352972.255593 4026197.167402 0.000000 0.001582
352972.218576 4026197.220570 0.000000 0.001642
352972.181435 4026197.273906 0.000000 0.001704
352972.144167 4026197.327413 0.000000 0.001767
352972.106768 4026197.381094 0.000000 0.001831
352972.069237 4026197.434952 0.000000 0.001896
352972.031569 4026197.488992 0.000000 0.001963
352971.993762 4026197.543216 0.000000 0.002030
352971.955814 4026197.597628 0.000000 0.002097
352971.917721 4026197.652232 0.000000 0.002166
352971.879480 4026197.707031 0.000000 0.002234
352971.841089 4026197.762029 0.000000 0.002303
352971.802544 4026197.817228 0.000000 0.002372
352971.763842 4026197.872634 0.000000 0.002442
352971.724980 4026197.928249 0.000000 0.002510
352971.685955 4026197.984077 0.000000 0.002579
352971.646764 4026198.040121 0.000000 0.002647
352971.607403 4026198.096386 0.000000 0.002715
352971.567870 4026198.152875 0.000000 0.002781
352971.528161 4026198.209592 0.000000 0.002847
352971.488273 4026198.266541 0.000000 0.002912
352971.448202 4026198.323725 0.000000 0.002976
352971.407946 4026198.381149 0.000000 0.003038
352971.367500 4026198.438816 0.000000 0.003099
352971.326862 4026198.496730 0.000000 0.003159
352971.286028 4026198.554895 0.000000 0.003216
352971.244993 4026198.613316 0.000000 0.003272
352971.203756 4026198.671997 0.000000 0.003326
352971.162312 4026198.730941 0.000000 0.003378
352971.120657 4026198.790153 0.000000 0.003428
352971.078787 4026198.849638 0.000000 0.003475
352971.036700 4026198.909400 0.000000 0.003520
352970.994391 4026198.969442 0.000000 0.003563
352970.951856 4026199.029771 0.000000 0.003603
352970.909092 4026199.090390 0.000000 0.003640
352970.866093 4026199.151304 0.000000 0.003674
352970.822857 4026199.212518 0.000000 0.003706
352970.779380 4026199.274037 0.000000 0.003735
352970.735656 4026199.335866 0.000000 0.003761
352970.691681 4026199.398011 0.000000 0.003783
352970.647452 4026199.460475 0.000000 0.003803
352970.602964 4026199.523266 0.000000 0.003820
352970.558212 4026199.586387 0.000000 0.003833
352970.513192 4026199.649846 0.000000 0.003843
352970.467900 4026199.713647 0.000000 0.003850
352970.422329 4026199.777797 0.000000 0.003854
352970.376475 4026199.842302 0.000000 0.003855
352970.330334 4026199.907168 0.000000 0.003852
352970.283900 4026199.972402 0.000000 0.003847
352970.237168 4026200.038010 0.000000 0.003838
352970.190132 4026200.104000 0.000000 0.003825
352970.142787 4026200.170378 0.000000 0.003810
352970.095127 4026200.237152 0.000000 0.003791
352970.047146 4026200.304330 0.000000 0.003770
352969.998838 4026200.371919 0.000000 0.003745
352969.950197 4026200.439928 0.000000 0.003717
352969.901216 4026200.508365 0.000000 0.003686
352969.851888 4026200.577239 0.000000 0.003653
352969.802207 4026200.646559 0.000000 0.003616
352969.752166 4026200.716335 0.000000 0.003577
352969.701757 4026200.786576 0.000000 0.003535
352969.650972 4026200.857293 0.000000 0.003490
352969.599804 4026200.928496 0.000000 0.003442
352969.548244 4026201.000197 0.000000 0.003393
352969.496284 4026201.072406 0.000000 0.003340
352969.443916 4026201.145135 0.000000 0.003286
352969.391129 4026201.218398 0.000000 0.003229
352969.337915 4026201.292206 0.000000 0.003170
352969.284264 4026201.366574 0.000000 0.003109
352969.230165 4026201.441514 0.000000 0.003046
352969.175609 4026201.517042 0.000000 0.002981
352969.120584 4026201.593172 0.000000 0.002915
352969.065078 4026201.669920 0.000000 0.002846
352969.009081 4026201.747303 0.000000 0.002777
352968.952580 4026201.825336 0.000000 0.002706
352968.895562 4026201.904037 0.000000 0.002634
352968.838015 4026201.983426 0.000000 0.002561
352968.779923 4026202.063520 0.000000 0.002487
352968.721274 4026202.144339 0.000000 0.002412
352968.662053 4026202.225903 0.000000 0.002336
352968.602244 4026202.308235 0.000000 0.002260
352968.541831 4026202.391355 0.000000 0.002183
352968.480799 4026202.475286 0.000000 0.002106
352968.419129 4026202.560053 0.000000 0.002029
352968.356805 4026202.645679 0.000000 0.001952
352968.293808 4026202.732191 0.000000 0.001875
352968.230119 4026202.819616 0.000000 0.001798
352968.165717 4026202.907980 0.000000 0.001721
352968.100582 4026202.997314 0.000000 0.001644
352968.034690 4026203.087649 0.000000 0.001569
352967.968018 4026203.179019 0.000000 0.001494
352967.900540 4026203.271460 0.000000 0.001419
352967.832228 4026203.365009 0.000000 0.001346
352967.763052 4026203.459709 0.000000 0.001273
352967.692979 4026203.555605 0.000000 0.001202
352967.621974 4026203.652747 0.000000 0.001132
352967.549998 4026203.751188 0.000000 0.001064
352967.477006 4026203.850989 0.000000 0.000997
352967.402953 4026203.952214 0.000000 0.000932
352967.327786 4026204.054936 0.000000 0.000868
352967.251447 4026204.159232 0.000000 0.000807
352967.173874 4026204.265191 0.000000 0.000747
352967.094997 4026204.372907 0.000000 0.000690
352967.014739 4026204.482487 0.000000 0.000634
352966.933017 4026204.594045 0.000000 0.000581
352966.849737 4026204.707708 0.000000 0.000531
352966.764799 4026204.823617 0.000000 0.000483
352966.678090 4026204.941922 0.000000 0.000438
352966.589490 4026205.062791 0.000000 0.000395
352966.498866 4026205.186406 0.000000 0.000355
352966.406073 4026205.312965 0.000000 0.000339
352966.310952 4026205.442684 0.000000 0.000323
352966.213333 4026205.575798 0.000000 0.000306
352966.113028 4026205.712561 0.000000 0.000290
352966.009837 4026205.853250 0.000000 0.000274
352965.903541 4026205.998162 0.000000 0.000258
352965.793903 4026206.147621 0.000000 0.000242
352965.680670 4026206.301973 0.000000 0.000226
352965.563567 4026206.461594 0.000000 0.000210
352965.442299 4026206.626885 0.000000 0.000194
352965.316549 4026206.798280 0.000000 0.000177
352965.185979 4026206.976240 0.000000 0.000161
352965.050224 4026207.161264 0.000000 0.000145
352964.908896 4026207.353881 0.000000 0.000129
352964.761578 4026207.554658 0.000000 0.000113
352964.607828 4026207.764200 0.000000 0.000097
352964.447172 4026207.983152 0.000000 0.000081
352964.279108 4026208.212200 0.000000 0.000065
352964.103101 4026208.452071 0.000000 0.000048
352963.918584 4026208.703541 0.000000 0.000032
352963.724953 4026208.967431 0.000000 0.000016
