352946.385273 4026231.515796 0.000000 0.000000
352946.164889 4026231.768490 0.000000 -0.000000
352945.955071 4026232.009068 0.000000 -0.000000
352945.755129 4026232.238324 0.000000 -0.000000
352945.564408 4026232.457006 0.000000 -0.000000
352945.382294 4026232.665820 0.000000 -0.000000
352945.208206 4026232.865430 0.000000 -0.000000
352945.041601 4026233.056461 0.000000 -0.000000
352944.881965 4026233.239501 0.000000 -0.000000
352944.728818 4026233.415101 0.000000 -0.000000
352944.581710 4026233.583777 0.000000 -0.000000
352944.440217 4026233.746013 0.000000 -0.000000
352944.303947 4026233.902261 0.000000 -0.000000
352944.172530 4026234.052945 0.000000 -0.000000
352944.045624 4026234.198457 0.000000 -0.000000
352943.922908 4026234.339164 0.000000 -0.000000
352943.804085 4026234.475408 0.000000 -0.000000
352943.688878 4026234.607505 0.000000 -0.000000
352943.577032 4026234.735748 0.000000 -0.000000
352943.468309 4026234.860411 0.000000 -0.000000
352943.362491 4026234.981743 0.000000 -0.000000
352943.259375 4026235.099977 0.000000 -0.000000
352943.158774 4026235.215326 0.000000 -0.000000
352943.060518 4026235.327988 0.000000 -0.000000
352942.964449 4026235.438142 0.000000 -0.000000
352942.870421 4026235.545954 0.000000 -0.000000
352942.778304 4026235.651577 0.000000 -0.000000
352942.687976 4026235.755148 0.000000 0.000000
352942.599326 4026235.856794 0.000000 -0.000000
352942.512255 4026235.956631 0.000000 -0.000000
352942.426670 4026236.054763 0.000000 -0.000000
352942.342488 4026236.151287 0.000000 -0.000000
352942.259632 4026236.246290 0.000000 -0.000000
352942.178036 4026236.339850 0.000000 -0.000000
352942.097634 4026236.432038 0.000000 -0.000000
352942.018372 4026236.522921 0.000000 -0.000000
352941.940197 4026236.612558 0.000000 0.000000
352941.863061 4026236.701002 0.000000 0.000000
352941.786923 4026236.788302 0.000000 -0.000000
352941.711744 4026236.874504 0.000000 -0.000000
352941.637486 4026236.959648 0.000000 0.000000
352941.564118 4026237.043773 0.000000 -0.000000
352941.491608 4026237.126913 0.000000 0.000000
352941.419929 4026237.209101 0.000000 0.000000
352941.349054 4026237.290367 0.000000 0.000000
352941.278958 4026237.370740 0.000000 0.000000
352941.209618 4026237.450245 0.000000 -0.000000
352941.141012 4026237.528909 0.000000 -0.000000
352941.073119 4026237.606756 0.000000 0.000000
352941.005918 4026237.683809 0.000000 0.000000
352940.939391 4026237.760090 0.000000 0.000000
352940.873517 4026237.835621 0.000000 0.000000
352940.808280 4026237.910423 0.000000 0.000000
352940.743662 4026237.984514 0.000000 -0.000000
352940.679646 4026238.057915 0.000000 0.000000
352940.616217 4026238.130645 0.000000 0.000000
352940.553357 4026238.202719 0.000000 -0.000000
352940.491054 4026238.274157 0.000000 0.000000
352940.429292 4026238.344974 0.000000 0.000000
352940.368057 4026238.415187 0.000000 -0.000000
352940.307336 4026238.484810 0.000000 -0.000000
352940.247116 4026238.553858 0.000000 0.000000
352940.187386 4026238.622345 0.000000 0.000000
352940.128132 4026238.690286 0.000000 0.000000
352940.069344 4026238.757693 0.000000 0.000000
352940.011011 4026238.824579 0.000000 0.000000
352939.953121 4026238.890955 0.000000 -0.000000
352939.895665 4026238.956835 0.000000 0.000000
352939.838633 4026239.022228 0.000000 -0.000000
352939.782015 4026239.087147 0.000000 -0.000000
352939.725803 4026239.151601 0.000000 -0.000000
352939.669987 4026239.215600 0.000000 -0.000000
352939.614558 4026239.279155 0.000000 0.000000
352939.559509 4026239.342274 0.000000 -0.000000
352939.504833 4026239.404967 0.000000 0.000000
352939.450520 4026239.467243 0.000000 -0.000000
352939.396563 4026239.529109 0.000000 -0.000000
352939.342957 4026239.590575 0.000000 0.000000
352939.289693 4026239.651648 0.000000 -0.000000
352939.236764 4026239.712336 0.000000 0.000000
352939.184166 4026239.772646 0.000000 0.000000
352939.131890 4026239.832586 0.000000 -0.000000
352939.079931 4026239.892162 0.000000 0.000000
352939.028284 4026239.951382 0.000000 0.000000
352938.976941 4026240.010251 0.000000 0.000000
352938.925899 4026240.068778 0.000000 -0.000000
352938.875150 4026240.126966 0.000000 -0.000000
352938.824690 4026240.184824 0.000000 -0.000000
352938.774514 4026240.242357 0.000000 -0.000000
352938.724616 4026240.299570 0.000000 -0.000000
352938.674991 4026240.356470 0.000000 0.000000
352938.625635 4026240.413062 0.000000 -0.000000
352938.576543 4026240.469352 0.000000 0.000000
352938.527709 4026240.525345 0.000000 -0.000000
352938.479130 4026240.581046 0.000000 0.000000
352938.430800 4026240.636461 0.000000 -0.000000
352938.382716 4026240.691595 0.000000 0.000000
352938.334872 4026240.746454 0.000000 0.000000
352938.287264 4026240.801041 0.000000 -0.000000
352938.239888 4026240.855363 0.000000 0.000000
352938.192740 4026240.909424 0.000000 -0.000000
352938.145814 4026240.963229 0.000000 0.000000
352938.099108 4026241.016783 0.000000 0.000000
352938.052616 4026241.070091 0.000000 -0.000000
352938.006334 4026241.123158 0.000000 0.000000
352937.960259 4026241.175988 0.000000 0.000000
352937.914385 4026241.228587 0.000000 -0.000000
352937.868709 4026241.280960 0.000000 0.000000
352937.823227 4026241.333110 0.000000 -0.000000
352937.777935 4026241.385043 0.000000 -0.000000
352937.732827 4026241.436763 0.000000 0.000000
352937.687901 4026241.488276 0.000000 0.000000
352937.643152 4026241.539586 0.000000 -0.000000
352937.598576 4026241.590697 0.000000 0.000000
352937.554168 4026241.641616 0.000000 0.000000
352937.509925 4026241.692345 0.000000 -0.000000
352937.465842 4026241.742891 0.000000 -0.000000
352937.421915 4026241.793258 0.000000 0.000000
352937.378140 4026241.843450 0.000000 0.000000
352937.334513 4026241.893474 0.000000 0.000000
352937.291029 4026241.943333 0.000000 -0.000000
352937.247685 4026241.993032 0.000000 0.000000
352937.204475 4026242.042577 0.000000 -0.000000
352937.161396 4026242.091972 0.000000 -0.000000
352937.118443 4026242.141222 0.000000 0.000000
352937.075612 4026242.190332 0.000000 0.000000
352937.032898 4026242.239308 0.000000 0.000000
352936.990297 4026242.288154 0.000000 -0.000000
352936.947806 4026242.336876 0.000000 -0.000000
352936.905418 4026242.385478 0.000000 -0.000000
352936.863130 4026242.433966 0.000000 0.000000
352936.820937 4026242.482344 0.000000 0.000000
352936.778835 4026242.530619 0.000000 -0.000000
352936.736818 4026242.578795 0.000000 -0.000000
352936.694884 4026242.626878 0.000000 -0.000000
352936.653026 4026242.674873 0.000000 -0.000000
352936.611240 4026242.722785 0.000000 -0.000000
352936.569522 4026242.770619 0.000000 -0.000000
352936.527866 4026242.818382 0.000000 -0.000000
352936.486269 4026242.866077 0.000000 0.000000
352936.444725 4026242.913712 0.000000 0.000000
352936.403229 4026242.961291 0.000000 -0.000000
352936.361778 4026243.008820 0.000000 -0.000000
352936.320365 4026243.056304 0.000000 -0.000000
352936.278986 4026243.103750 0.000000 -0.000000
352936.237637 4026243.151161 0.000000 0.000000
352936.196312 4026243.198545 0.000000 0.000000
352936.155006 4026243.245906 0.000000 0.000000
352936.113716 4026243.293250 0.000000 0.000000
352936.072435 4026243.340583 0.000000 0.000000
352936.031159 4026243.387911 0.000000 -0.000000
352935.989883 4026243.435238 0.000000 0.000000
352935.948602 4026243.482571 0.000000 0.000000
352935.907311 4026243.529916 0.000000 0.000000
352935.866005 4026243.577277 0.000000 0.000000
352935.824680 4026243.624661 0.000000 0.000000
352935.783331 4026243.672072 0.000000 -0.000000
352935.741952 4026243.719517 0.000000 0.000000
352935.700540 4026243.767002 0.000000 0.000000
352935.659088 4026243.814530 0.000000 -0.000000
352935.617592 4026243.862110 0.000000 0.000000
352935.576048 4026243.909744 0.000000 0.000000
352935.534451 4026243.957440 0.000000 -0.000000
352935.492795 4026244.005203 0.000000 -0.000000
352935.451077 4026244.053037 0.000000 -0.000000
352935.409291 4026244.100949 0.000000 0.000000
352935.367434 4026244.148944 0.000000 -0.000000
352935.325499 4026244.197026 0.000000 -0.000000
352935.283483 4026244.245203 0.000000 0.000000
352935.241380 4026244.293477 0.000000 0.000000
352935.199188 4026244.341856 0.000000 0.000000
352935.156900 4026244.390344 0.000000 0.000000
352935.114512 4026244.438946 0.000000 -0.000000
352935.072020 4026244.487668 0.000000 -0.000000
352935.029419 4026244.536514 0.000000 0.000000
352934.986706 4026244.585489 0.000000 -0.000000
352934.943875 4026244.634600 0.000000 -0.000000
352934.900922 4026244.683850 0.000000 -0.000000
352934.857842 4026244.733245 0.000000 -0.000000
352934.814633 4026244.782790 0.000000 0.000000
352934.771288 4026244.832489 0.000000 0.000000
352934.727804 4026244.882348 0.000000 -0.000000
352934.684177 4026244.932371 0.000000 -0.000000
352934.640402 4026244.982564 0.000000 0.000000
352934.596476 4026245.032931 0.000000 0.000000
352934.552393 4026245.083477 0.000000 -0.000000
352934.508149 4026245.134206 0.000000 0.000000
352934.463742 4026245.185124 0.000000 -0.000000
352934.419165 4026245.236236 0.000000 0.000000
352934.374416 4026245.287546 0.000000 0.000000
352934.329490 4026245.339059 0.000000 0.000000
352934.284383 4026245.390779 0.000000 0.000000
352934.239090 4026245.442712 0.000000 -0.000000
352934.193608 4026245.494862 0.000000 -0.000000
352934.147932 4026245.547234 0.000000 -0.000000
352934.102059 4026245.599833 0.000000 0.000000
352934.055983 4026245.652664 0.000000 0.000000
352934.009702 4026245.705731 0.000000 -0.000000
352933.963210 4026245.759039 0.000000 0.000000
352933.916503 4026245.812593 0.000000 -0.000000
352933.869578 4026245.866398 0.000000 0.000000
352933.822429 4026245.920459 0.000000 0.000000
352933.775053 4026245.974781 0.000000 -0.000000
352933.727445 4026246.029368 0.000000 -0.000000
352933.679601 4026246.084226 0.000000 0.000000
352933.631517 4026246.139361 0.000000 0.000000
352933.583187 4026246.194776 0.000000 -0.000000
352933.534608 4026246.250477 0.000000 -0.000000
352933.485774 4026246.306470 0.000000 0.000000
352933.436682 4026246.362760 0.000000 -0.000000
352933.387326 4026246.419352 0.000000 0.000000
352933.337702 4026246.476252 0.000000 -0.000000
352933.287804 4026246.533465 0.000000 -0.000000
352933.237627 4026246.590998 0.000000 0.000000
352933.187167 4026246.648855 0.000000 -0.000000
352933.136419 4026246.707044 0.000000 0.000000
352933.085376 4026246.765570 0.000000 0.000000
352933.034034 4026246.824440 0.000000 -0.000000
352932.982386 4026246.883659 0.000000 0.000000
352932.930427 4026246.943236 0.000000 -0.000000
352932.878152 4026247.003175 0.000000 0.000000
352932.825553 4026247.063486 0.000000 0.000000
352932.772625 4026247.124174 0.000000 -0.000000
352932.719361 4026247.185247 0.000000 -0.000000
352932.665754 4026247.246713 0.000000 0.000000
352932.611798 4026247.308579 0.000000 0.000000
352932.557485 4026247.370855 0.000000 -0.000000
352932.502808 4026247.433548 0.000000 -0.000000
352932.447759 4026247.496667 0.000000 -0.000000
352932.392331 4026247.560222 0.000000 0.000000
352932.336515 4026247.624221 0.000000 0.000000
352932.280302 4026247.688675 0.000000 0.000000
352932.223684 4026247.753593 0.000000 -0.000000
352932.166652 4026247.818987 0.000000 -0.000000
352932.109196 4026247.884866 0.000000 -0.000000
352932.051307 4026247.951243 0.000000 0.000000
352931.992973 4026248.018129 0.000000 -0.000000
352931.934185 4026248.085536 0.000000 -0.000000
352931.874931 4026248.153476 0.000000 0.000000
352931.815201 4026248.221964 0.000000 0.000000
352931.754981 4026248.291012 0.000000 0.000000
352931.694261 4026248.360635 0.000000 -0.000000
352931.633026 4026248.430847 0.000000 -0.000000
352931.571264 4026248.501665 0.000000 -0.000000
352931.508960 4026248.573102 0.000000 -0.000000
352931.446101 4026248.645177 0.000000 0.000000
352931.382671 4026248.717906 0.000000 0.000000
352931.318655 4026248.791307 0.000000 -0.000000
352931.254037 4026248.865399 0.000000 0.000000
352931.188800 4026248.940200 0.000000 -0.000000
352931.122927 4026249.015731 0.000000 -0.000000
352931.056399 4026249.092013 0.000000 -0.000000
352930.989198 4026249.169066 0.000000 0.000000
352930.921305 4026249.246913 0.000000 0.000000
352930.852699 4026249.325577 0.000000 -0.000000
352930.783359 4026249.405082 0.000000 -0.000000
352930.713264 4026249.485455 0.000000 -0.000000
352930.642388 4026249.566721 0.000000 0.000000
352930.570709 4026249.648908 0.000000 0.000000
352930.498200 4026249.732049 0.000000 -0.000000
352930.424831 4026249.816173 0.000000 -0.000000
352930.350574 4026249.901318 0.000000 0.000000
352930.275394 4026249.987520 0.000000 -0.000000
352930.199256 4026250.074820 0.000000 0.000000
352930.122121 4026250.163264 0.000000 0.000000
352930.043945 4026250.252900 0.000000 0.000000
352929.964683 4026250.343783 0.000000 0.000000
352929.884282 4026250.435972 0.000000 -0.000000
352929.802685 4026250.529532 0.000000 -0.000000
352929.719830 4026250.624534 0.000000 -0.000000
352929.635647 4026250.721058 0.000000 -0.000000
352929.550062 4026250.819191 0.000000 -0.000000
352929.462991 4026250.919028 0.000000 0.000000
352929.374341 4026251.020674 0.000000 0.000000
352929.284013 4026251.124245 0.000000 -0.000000
352929.191896 4026251.229868 0.000000 0.000000
352929.097869 4026251.337680 0.000000 -0.000000
352929.001799 4026251.447834 0.000000 0.000000
352928.903543 4026251.560496 0.000000 0.000000
352928.802942 4026251.675845 0.000000 0.000000
352928.699826 4026251.794079 0.000000 0.000000
352928.594008 4026251.915411 0.000000 0.000000
352928.485285 4026252.040073 0.000000 0.000000
352928.373439 4026252.168317 0.000000 0.000000
352928.258233 4026252.300414 0.000000 0.000000
352928.139409 4026252.436658 0.000000 0.000000
352928.016693 4026252.577365 0.000000 0.000000
352927.889787 4026252.722877 0.000000 0.000000
352927.758370 4026252.873560 0.000000 0.000000
352927.622100 4026253.029809 0.000000 0.000000
352927.480608 4026253.192045 0.000000 0.000000
352927.333499 4026253.360721 0.000000 0.000000
352927.180352 4026253.536321 0.000000 0.000000
352927.020716 4026253.719360 0.000000 0.000000
352926.854111 4026253.910392 0.000000 0.000000
352926.680024 4026254.110002 0.000000 0.000000
352926.497910 4026254.318815 0.000000 0.000000
352926.307189 4026254.537497 0.000000 0.000000
352926.107246 4026254.766753 0.000000 0.000000
352925.897429 4026255.007332 0.000000 0.000000
