352923.409584 4026253.404831 0.000000 0.000000
352923.176961 4026253.648233 0.000000 -0.000000
352922.955492 4026253.879965 0.000000 -0.000000
352922.744446 4026254.100790 0.000000 -0.000000
352922.543134 4026254.311431 0.000000 -0.000000
352922.350906 4026254.512566 0.000000 -0.000000
352922.167151 4026254.704836 0.000000 -0.000000
352921.991293 4026254.888842 0.000000 -0.000000
352921.822792 4026255.065151 0.000000 -0.000000
352921.661140 4026255.234294 0.000000 -0.000000
352921.505862 4026255.396767 0.000000 -0.000000
352921.356513 4026255.553038 0.000000 -0.000000
352921.212675 4026255.703541 0.000000 -0.000000
352921.073960 4026255.848683 0.000000 -0.000000
352920.940006 4026255.988844 0.000000 -0.000000
352920.810475 4026256.124377 0.000000 -0.000000
352920.685053 4026256.255611 0.000000 -0.000000
352920.563449 4026256.382850 0.000000 -0.000000
352920.445391 4026256.506378 0.000000 -0.000000
352920.330631 4026256.626456 0.000000 -0.000000
352920.218936 4026256.743327 0.000000 -0.000000
352920.110094 4026256.857213 0.000000 -0.000000
352920.003906 4026256.968321 0.000000 -0.000000
352919.900193 4026257.076839 0.000000 -0.000000
352919.798789 4026257.182943 0.000000 -0.000000
352919.699540 4026257.286791 0.000000 -0.000000
352919.602307 4026257.388529 0.000000 -0.000000
352919.506962 4026257.488292 0.000000 0.000000
352919.413390 4026257.586200 0.000000 -0.000000
352919.321483 4026257.682366 0.000000 -0.000000
352919.231145 4026257.776890 0.000000 -0.000000
352919.142288 4026257.869865 0.000000 -0.000000
352919.054831 4026257.961373 0.000000 -0.000000
352918.968703 4026258.051493 0.000000 -0.000000
352918.883837 4026258.140292 0.000000 -0.000000
352918.800173 4026258.227833 0.000000 -0.000000
352918.717656 4026258.314173 0.000000 0.000000
352918.636237 4026258.399364 0.000000 -0.000000
352918.555871 4026258.483455 0.000000 -0.000000
352918.476516 4026258.566487 0.000000 -0.000000
352918.398135 4026258.648500 0.000000 -0.000000
352918.320692 4026258.729531 0.000000 -0.000000
352918.244156 4026258.809614 0.000000 0.000000
352918.168496 4026258.888780 0.000000 0.000000
352918.093685 4026258.967058 0.000000 -0.000000
352918.019696 4026259.044474 0.000000 0.000000
352917.946506 4026259.121056 0.000000 -0.000000
352917.874090 4026259.196828 0.000000 -0.000000
352917.802427 4026259.271812 0.000000 -0.000000
352917.731494 4026259.346032 0.000000 0.000000
352917.661272 4026259.419508 0.000000 0.000000
352917.591740 4026259.492261 0.000000 0.000000
352917.522880 4026259.564312 0.000000 -0.000000
352917.454674 4026259.635679 0.000000 -0.000000
352917.387103 4026259.706381 0.000000 0.000000
352917.320150 4026259.776436 0.000000 0.000000
352917.253800 4026259.845860 0.000000 -0.000000
352917.188037 4026259.914671 0.000000 0.000000
352917.122845 4026259.982884 0.000000 0.000000
352917.058209 4026260.050515 0.000000 0.000000
352916.994116 4026260.117578 0.000000 -0.000000
352916.930553 4026260.184087 0.000000 -0.000000
352916.867505 4026260.250056 0.000000 0.000000
352916.804961 4026260.315498 0.000000 0.000000
352916.742908 4026260.380426 0.000000 0.000000
352916.681336 4026260.444852 0.000000 0.000000
352916.620231 4026260.508788 0.000000 0.000000
352916.559585 4026260.572244 0.000000 0.000000
352916.499386 4026260.635233 0.000000 -0.000000
352916.439624 4026260.697764 0.000000 -0.000000
352916.380291 4026260.759847 0.000000 0.000000
352916.321376 4026260.821492 0.000000 -0.000000
352916.262870 4026260.882708 0.000000 0.000000
352916.204766 4026260.943505 0.000000 -0.000000
352916.147054 4026261.003891 0.000000 0.000000
352916.089726 4026261.063875 0.000000 0.000000
352916.032776 4026261.123464 0.000000 0.000000
352915.976195 4026261.182667 0.000000 0.000000
352915.919977 4026261.241491 0.000000 -0.000000
352915.864113 4026261.299943 0.000000 -0.000000
352915.808598 4026261.358030 0.000000 0.000000
352915.753425 4026261.415760 0.000000 -0.000000
352915.698587 4026261.473139 0.000000 0.000000
352915.644079 4026261.530173 0.000000 0.000000
352915.589894 4026261.586868 0.000000 0.000000
352915.536027 4026261.643231 0.000000 -0.000000
352915.482472 4026261.699268 0.000000 0.000000
352915.429224 4026261.754984 0.000000 -0.000000
352915.376277 4026261.810384 0.000000 -0.000000
352915.323626 4026261.865475 0.000000 -0.000000
352915.271266 4026261.920261 0.000000 0.000000
352915.219192 4026261.974748 0.000000 -0.000000
352915.167400 4026262.028940 0.000000 0.000000
352915.115884 4026262.082844 0.000000 -0.000000
352915.064640 4026262.136462 0.000000 0.000000
352915.013663 4026262.189801 0.000000 -0.000000
352914.962950 4026262.242864 0.000000 0.000000
352914.912495 4026262.295657 0.000000 0.000000
352914.862295 4026262.348183 0.000000 -0.000000
352914.812344 4026262.400448 0.000000 0.000000
352914.762641 4026262.452455 0.000000 -0.000000
352914.713179 4026262.504209 0.000000 0.000000
352914.663955 4026262.555713 0.000000 0.000000
352914.614966 4026262.606973 0.000000 -0.000000
352914.566207 4026262.657991 0.000000 0.000000
352914.517675 4026262.708772 0.000000 0.000000
352914.469365 4026262.759320 0.000000 -0.000000
352914.421275 4026262.809639 0.000000 -0.000000
352914.373401 4026262.859732 0.000000 -0.000000
352914.325738 4026262.909603 0.000000 -0.000000
352914.278284 4026262.959256 0.000000 0.000000
352914.231034 4026263.008695 0.000000 0.000000
352914.183986 4026263.057923 0.000000 -0.000000
352914.137136 4026263.106944 0.000000 0.000000
352914.090481 4026263.155761 0.000000 0.000000
352914.044017 4026263.204378 0.000000 -0.000000
352913.997741 4026263.252799 0.000000 -0.000000
352913.951649 4026263.301026 0.000000 -0.000000
352913.905739 4026263.349064 0.000000 0.000000
352913.860007 4026263.396915 0.000000 0.000000
352913.814449 4026263.444583 0.000000 -0.000000
352913.769064 4026263.492072 0.000000 0.000000
352913.723847 4026263.539385 0.000000 -0.000000
352913.678795 4026263.586524 0.000000 -0.000000
352913.633905 4026263.633494 0.000000 -0.000000
352913.589174 4026263.680298 0.000000 -0.000000
352913.544599 4026263.726938 0.000000 -0.000000
352913.500176 4026263.773419 0.000000 -0.000000
352913.455904 4026263.819743 0.000000 -0.000000
352913.411778 4026263.865914 0.000000 -0.000000
352913.367795 4026263.911935 0.000000 0.000000
352913.323952 4026263.957809 0.000000 0.000000
352913.280247 4026264.003540 0.000000 0.000000
352913.236676 4026264.049130 0.000000 0.000000
352913.193236 4026264.094583 0.000000 -0.000000
352913.149924 4026264.139902 0.000000 0.000000
352913.106737 4026264.185090 0.000000 0.000000
352913.063672 4026264.230150 0.000000 0.000000
352913.020726 4026264.275087 0.000000 0.000000
352912.977895 4026264.319902 0.000000 0.000000
352912.935177 4026264.364599 0.000000 0.000000
352912.892569 4026264.409182 0.000000 0.000000
352912.850067 4026264.453653 0.000000 0.000000
352912.807668 4026264.498016 0.000000 0.000000
352912.765370 4026264.542275 0.000000 0.000000
352912.723170 4026264.586431 0.000000 0.000000
352912.681063 4026264.630489 0.000000 0.000000
352912.639047 4026264.674451 0.000000 0.000000
352912.597120 4026264.718321 0.000000 0.000000
352912.555277 4026264.762103 0.000000 0.000001
352912.513516 4026264.805799 0.000000 0.000001
352912.471834 4026264.849413 0.000000 0.000001
352912.430227 4026264.892947 0.000000 0.000001
352912.388693 4026264.936406 0.000000 0.000002
352912.347228 4026264.979793 0.000000 0.000002
352912.305829 4026265.023110 0.000000 0.000003
352912.264493 4026265.066361 0.000000 0.000003
352912.223217 4026265.109550 0.000000 0.000004
352912.181998 4026265.152679 0.000000 0.000005
352912.140833 4026265.195752 0.000000 0.000006
352912.099718 4026265.238772 0.000000 0.000007
352912.058650 4026265.281742 0.000000 0.000009
352912.017627 4026265.324667 0.000000 0.000010
352911.976644 4026265.367548 0.000000 0.000012
352911.935700 4026265.410390 0.000000 0.000015
352911.894790 4026265.453195 0.000000 0.000017
352911.853912 4026265.495967 0.000000 0.000020
352911.813062 4026265.538710 0.000000 0.000023
352911.772238 4026265.581426 0.000000 0.000027
352911.731436 4026265.624119 0.000000 0.000031
352911.690652 4026265.666792 0.000000 0.000035
352911.649885 4026265.709448 0.000000 0.000040
352911.609130 4026265.752091 0.000000 0.000046
352911.568384 4026265.794724 0.000000 0.000052
352911.527645 4026265.837351 0.000000 0.000059
352911.486909 4026265.879974 0.000000 0.000067
352911.446172 4026265.922596 0.000000 0.000075
352911.405433 4026265.965223 0.000000 0.000084
352911.364687 4026266.007855 0.000000 0.000094
352911.323931 4026266.050498 0.000000 0.000105
352911.283163 4026266.093153 0.000000 0.000117
352911.242378 4026266.135825 0.000000 0.000130
352911.201574 4026266.178516 0.000000 0.000144
352911.160748 4026266.221231 0.000000 0.000159
352911.119897 4026266.263971 0.000000 0.000175
352911.079016 4026266.306742 0.000000 0.000193
352911.038104 4026266.349544 0.000000 0.000212
352910.997157 4026266.392383 0.000000 0.000232
352910.956171 4026266.435261 0.000000 0.000253
352910.915144 4026266.478182 0.000000 0.000276
352910.874071 4026266.521148 0.000000 0.000301
352910.832951 4026266.564163 0.000000 0.000327
352910.791780 4026266.607230 0.000000 0.000354
352910.750555 4026266.650353 0.000000 0.000383
352910.709272 4026266.693535 0.000000 0.000414
352910.667928 4026266.736778 0.000000 0.000447
352910.626520 4026266.780086 0.000000 0.000481
352910.585045 4026266.823463 0.000000 0.000517
352910.543499 4026266.866911 0.000000 0.000555
352910.501880 4026266.910433 0.000000 0.000595
352910.460184 4026266.954033 0.000000 0.000637
352910.418407 4026266.997714 0.000000 0.000680
352910.376548 4026267.041479 0.000000 0.000726
352910.334602 4026267.085332 0.000000 0.000773
352910.292566 4026267.129274 0.000000 0.000823
352910.250437 4026267.173310 0.000000 0.000874
352910.208212 4026267.217442 0.000000 0.000927
352910.165887 4026267.261674 0.000000 0.000982
352910.123459 4026267.306009 0.000000 0.001038
352910.080925 4026267.350449 0.000000 0.001097
352910.038282 4026267.394998 0.000000 0.001157
352909.995527 4026267.439658 0.000000 0.001219
352909.952655 4026267.484433 0.000000 0.001283
352909.909665 4026267.529326 0.000000 0.001348
352909.866552 4026267.574340 0.000000 0.001415
352909.823313 4026267.619478 0.000000 0.001483
352909.779945 4026267.664742 0.000000 0.001553
352909.736445 4026267.710136 0.000000 0.001623
352909.692809 4026267.755662 0.000000 0.001695
352909.649034 4026267.801325 0.000000 0.001768
352909.605116 4026267.847126 0.000000 0.001842
352909.561053 4026267.893068 0.000000 0.001917
352909.516841 4026267.939155 0.000000 0.001992
352909.472477 4026267.985389 0.000000 0.002068
352909.427956 4026268.031774 0.000000 0.002145
352909.383276 4026268.078312 0.000000 0.002222
352909.338433 4026268.125006 0.000000 0.002298
352909.293424 4026268.171860 0.000000 0.002375
352909.248246 4026268.218875 0.000000 0.002452
352909.202894 4026268.266056 0.000000 0.002529
352909.157365 4026268.313405 0.000000 0.002605
352909.111657 4026268.360925 0.000000 0.002680
352909.065764 4026268.408619 0.000000 0.002755
352909.019684 4026268.456491 0.000000 0.002829
352908.973413 4026268.504542 0.000000 0.002901
352908.926947 4026268.552777 0.000000 0.002972
352908.880282 4026268.601198 0.000000 0.003042
352908.833416 4026268.649809 0.000000 0.003111
352908.786343 4026268.698612 0.000000 0.003177
352908.739061 4026268.747611 0.000000 0.003242
352908.691566 4026268.796809 0.000000 0.003304
352908.643853 4026268.846210 0.000000 0.003365
352908.595918 4026268.895815 0.000000 0.003423
352908.547759 4026268.945630 0.000000 0.003478
352908.499370 4026268.995656 0.000000 0.003531
352908.450748 4026269.045898 0.000000 0.003581
352908.401889 4026269.096360 0.000000 0.003627
352908.352788 4026269.147043 0.000000 0.003671
352908.303441 4026269.197953 0.000000 0.003712
352908.253845 4026269.249093 0.000000 0.003749
352908.203994 4026269.300466 0.000000 0.003782
352908.153885 4026269.352077 0.000000 0.003813
352908.103512 4026269.403928 0.000000 0.003839
352908.052873 4026269.456025 0.000000 0.003862
352908.001961 4026269.508371 0.000000 0.003881
352907.950772 4026269.560969 0.000000 0.003896
352907.899302 4026269.613826 0.000000 0.003907
352907.847546 4026269.666943 0.000000 0.003914
352907.795499 4026269.720327 0.000000 0.003918
352907.743157 4026269.773981 0.000000 0.003917
352907.690513 4026269.827911 0.000000 0.003912
352907.637563 4026269.882120 0.000000 0.003903
352907.584302 4026269.936614 0.000000 0.003890
352907.530724 4026269.991397 0.000000 0.003874
352907.476824 4026270.046476 0.000000 0.003853
352907.422596 4026270.101854 0.000000 0.003829
352907.368035 4026270.157539 0.000000 0.003800
352907.313135 4026270.213534 0.000000 0.003768
352907.257889 4026270.269847 0.000000 0.003732
352907.202292 4026270.326482 0.000000 0.003693
352907.146337 4026270.383447 0.000000 0.003650
352907.090017 4026270.440748 0.000000 0.003603
352907.033327 4026270.498391 0.000000 0.003554
352906.976258 4026270.556383 0.000000 0.003501
352906.918804 4026270.614732 0.000000 0.003445
352906.860957 4026270.673444 0.000000 0.003387
352906.802710 4026270.732528 0.000000 0.003325
352906.744055 4026270.791992 0.000000 0.003261
352906.684983 4026270.851843 0.000000 0.003194
352906.625487 4026270.912090 0.000000 0.003126
352906.565557 4026270.972743 0.000000 0.003055
352906.505185 4026271.033810 0.000000 0.002982
352906.444361 4026271.095301 0.000000 0.002907
352906.383075 4026271.157226 0.000000 0.002831
352906.321317 4026271.219596 0.000000 0.002753
352906.259077 4026271.282421 0.000000 0.002674
352906.196344 4026271.345712 0.000000 0.002594
352906.133107 4026271.409481 0.000000 0.002513
352906.069353 4026271.473740 0.000000 0.002431
352906.005071 4026271.538502 0.000000 0.002349
352905.940249 4026271.603780 0.000000 0.002267
352905.874872 4026271.669587 0.000000 0.002184
352905.808928 4026271.735938 0.000000 0.002102
352905.742402 4026271.802846 0.000000 0.002019
352905.675280 4026271.870328 0.000000 0.001937
352905.607546 4026271.938399 0.000000 0.001856
352905.539185 4026272.007075 0.000000 0.001775
352905.470179 4026272.076374 0.000000 0.001695
352905.400513 4026272.146313 0.000000 0.001617
352905.330167 4026272.216911 0.000000 0.001539
352905.259124 4026272.288186 0.000000 0.001462
352905.187365 4026272.360159 0.000000 0.001387
352905.114869 4026272.432849 0.000000 0.001314
352905.041616 4026272.506279 0.000000 0.001242
352904.967585 4026272.580470 0.000000 0.001172
352904.892752 4026272.655446 0.000000 0.001103
352904.817095 4026272.731230 0.000000 0.001037
352904.740588 4026272.807849 0.000000 0.000973
352904.663204 4026272.885329 0.000000 0.000910
352904.584917 4026272.963699 0.000000 0.000850
352904.505695 4026273.042990 0.000000 0.000792
352904.425506 4026273.123235 0.000000 0.000736
352904.344314 4026273.204470 0.000000 0.000683
352904.262081 4026273.286735 0.000000 0.000631
352904.178766 4026273.370071 0.000000 0.000582
352904.094321 4026273.454525 0.000000 0.000536
352904.008696 4026273.540149 0.000000 0.000492
352903.921837 4026273.626998 0.000000 0.000450
352903.833681 4026273.715134 0.000000 0.000410
352903.744162 4026273.804625 0.000000 0.000373
352903.653204 4026273.895546 0.000000 0.000338
352903.560728 4026273.987978 0.000000 0.000305
352903.466641 4026274.082011 0.000000 0.000274
352903.370847 4026274.177746 0.000000 0.000246
352903.273235 4026274.275291 0.000000 0.000220
352903.173687 4026274.374766 0.000000 0.000195
352903.072073 4026274.476300 0.000000 0.000173
352902.968250 4026274.580038 0.000000 0.000153
352902.862061 4026274.686135 0.000000 0.000146
352902.753337 4026274.794761 0.000000 0.000139
352902.641892 4026274.906102 0.000000 0.000133
352902.527526 4026275.020360 0.000000 0.000126
352902.410020 4026275.137752 0.000000 0.000120
352902.289136 4026275.258515 0.000000 0.000113
352902.164620 4026275.382906 0.000000 0.000106
352902.036194 4026275.511201 0.000000 0.000100
352901.903559 4026275.643699 0.000000 0.000093
352901.766395 4026275.780720 0.000000 0.000086
352901.624356 4026275.922611 0.000000 0.000080
352901.477070 4026276.069741 0.000000 0.000073
352901.324140 4026276.222510 0.000000 0.000066
352901.165139 4026276.381342 0.000000 0.000060
352900.999612 4026276.546693 0.000000 0.000053
352900.827071 4026276.719050 0.000000 0.000046
352900.646997 4026276.898933 0.000000 0.000040
352900.458836 4026277.086893 0.000000 0.000033
352900.261999 4026277.283520 0.000000 0.000027
352900.055860 4026277.489439 0.000000 0.000020
352899.839753 4026277.705314 0.000000 0.000013
352899.612973 4026277.931852 0.000000 0.000007
