352925.677045 4026255.260026 0.000000 0.000000
352925.442668 4026255.506813 0.000000 -0.000000
352925.219528 4026255.741768 0.000000 -0.000000
352925.006890 4026255.965665 0.000000 -0.000000
352924.804060 4026256.179235 0.000000 -0.000000
352924.610383 4026256.383168 0.000000 -0.000000
352924.425242 4026256.578111 0.000000 -0.000000
352924.248058 4026256.764677 0.000000 -0.000000
352924.078287 4026256.943438 0.000000 -0.000000
352923.915416 4026257.114933 0.000000 -0.000000
352923.758967 4026257.279666 0.000000 -0.000000
352923.608491 4026257.438110 0.000000 -0.000000
352923.463568 4026257.590706 0.000000 -0.000000
352923.323807 4026257.737867 0.000000 -0.000000
352923.188843 4026257.879978 0.000000 -0.000000
352923.058335 4026258.017396 0.000000 -0.000000
352922.931968 4026258.150455 0.000000 -0.000000
352922.809446 4026258.279464 0.000000 -0.000000
352922.690499 4026258.404710 0.000000 -0.000000
352922.574873 4026258.526458 0.000000 -0.000000
352922.462336 4026258.644954 0.000000 -0.000000
352922.352672 4026258.760424 0.000000 -0.000000
352922.245684 4026258.873077 0.000000 -0.000000
352922.141189 4026258.983105 0.000000 -0.000000
352922.039020 4026259.090684 0.000000 -0.000000
352921.939023 4026259.195976 0.000000 -0.000000
352921.841057 4026259.299130 0.000000 -0.000000
352921.744993 4026259.400280 0.000000 0.000000
352921.650715 4026259.499550 0.000000 -0.000000
352921.558115 4026259.597053 0.000000 -0.000000
352921.467096 4026259.692892 0.000000 0.000000
352921.377569 4026259.787160 0.000000 -0.000000
352921.289453 4026259.879941 0.000000 -0.000000
352921.202675 4026259.971314 0.000000 -0.000000
352921.117169 4026260.061348 0.000000 -0.000000
352921.032874 4026260.150106 0.000000 -0.000000
352920.949735 4026260.237647 0.000000 0.000000
352920.867702 4026260.324024 0.000000 0.000000
352920.786730 4026260.409283 0.000000 -0.000000
352920.706776 4026260.493470 0.000000 -0.000000
352920.627804 4026260.576624 0.000000 0.000000
352920.549777 4026260.658783 0.000000 -0.000000
352920.472664 4026260.739979 0.000000 -0.000000
352920.396433 4026260.820246 0.000000 0.000000
352920.321058 4026260.899612 0.000000 -0.000000
352920.246512 4026260.978106 0.000000 0.000000
352920.172769 4026261.055753 0.000000 -0.000000
352920.099807 4026261.132578 0.000000 -0.000000
352920.027603 4026261.208606 0.000000 0.000000
352919.956136 4026261.283857 0.000000 0.000000
352919.885384 4026261.358355 0.000000 -0.000000
352919.815328 4026261.432121 0.000000 0.000000
352919.745949 4026261.505174 0.000000 0.000000
352919.677228 4026261.577533 0.000000 -0.000000
352919.609147 4026261.649219 0.000000 0.000000
352919.541690 4026261.720248 0.000000 0.000000
352919.474840 4026261.790638 0.000000 -0.000000
352919.408581 4026261.860406 0.000000 0.000000
352919.342897 4026261.929567 0.000000 0.000000
352919.277774 4026261.998138 0.000000 0.000000
352919.213198 4026262.066134 0.000000 -0.000000
352919.149155 4026262.133568 0.000000 0.000000
352919.085632 4026262.200455 0.000000 0.000000
352919.022616 4026262.266807 0.000000 0.000000
352918.960095 4026262.332638 0.000000 -0.000000
352918.898058 4026262.397960 0.000000 -0.000000
352918.836493 4026262.462785 0.000000 -0.000000
352918.775389 4026262.527124 0.000000 0.000000
352918.714736 4026262.590989 0.000000 0.000000
352918.654524 4026262.654389 0.000000 -0.000000
352918.594743 4026262.717336 0.000000 0.000000
352918.535384 4026262.779838 0.000000 0.000000
352918.476437 4026262.841906 0.000000 -0.000000
352918.417894 4026262.903549 0.000000 -0.000000
352918.359747 4026262.964775 0.000000 0.000000
352918.301988 4026263.025593 0.000000 0.000000
352918.244608 4026263.086011 0.000000 0.000000
352918.187600 4026263.146037 0.000000 0.000000
352918.130958 4026263.205679 0.000000 -0.000000
352918.074673 4026263.264944 0.000000 0.000000
352918.018739 4026263.323839 0.000000 -0.000000
352917.963150 4026263.382372 0.000000 -0.000000
352917.907899 4026263.440548 0.000000 -0.000000
352917.852980 4026263.498376 0.000000 -0.000000
352917.798387 4026263.555860 0.000000 0.000000
352917.744113 4026263.613007 0.000000 -0.000000
352917.690154 4026263.669822 0.000000 0.000000
352917.636505 4026263.726313 0.000000 0.000000
352917.583158 4026263.782484 0.000000 0.000000
352917.530110 4026263.838341 0.000000 0.000000
352917.477355 4026263.893889 0.000000 0.000000
352917.424889 4026263.949134 0.000000 0.000000
352917.372706 4026264.004080 0.000000 0.000000
352917.320801 4026264.058733 0.000000 0.000000
352917.269171 4026264.113097 0.000000 0.000000
352917.217810 4026264.167178 0.000000 0.000000
352917.166714 4026264.220979 0.000000 0.000000
352917.115879 4026264.274506 0.000000 0.000000
352917.065300 4026264.327763 0.000000 0.000000
352917.014973 4026264.380755 0.000000 0.000000
352916.964894 4026264.433485 0.000000 0.000000
352916.915060 4026264.485959 0.000000 0.000000
352916.865465 4026264.538179 0.000000 0.000000
352916.816106 4026264.590152 0.000000 0.000000
352916.766980 4026264.641880 0.000000 0.000000
352916.718081 4026264.693367 0.000000 0.000000
352916.669408 4026264.744618 0.000000 0.000000
352916.620955 4026264.795636 0.000000 0.000000
352916.572719 4026264.846426 0.000000 0.000000
352916.524697 4026264.896991 0.000000 0.000000
352916.476885 4026264.947335 0.000000 0.000000
352916.429279 4026264.997461 0.000000 0.000001
352916.381876 4026265.047374 0.000000 0.000001
352916.334673 4026265.097077 0.000000 0.000001
352916.287666 4026265.146573 0.000000 0.000001
352916.240851 4026265.195866 0.000000 0.000001
352916.194226 4026265.244960 0.000000 0.000001
352916.147787 4026265.293858 0.000000 0.000002
352916.101531 4026265.342564 0.000000 0.000002
352916.055454 4026265.391081 0.000000 0.000002
352916.009553 4026265.439412 0.000000 0.000002
352915.963825 4026265.487561 0.000000 0.000003
352915.918267 4026265.535532 0.000000 0.000003
352915.872875 4026265.583327 0.000000 0.000004
352915.827646 4026265.630950 0.000000 0.000004
352915.782578 4026265.678405 0.000000 0.000005
352915.737667 4026265.725694 0.000000 0.000005
352915.692910 4026265.772821 0.000000 0.000006
352915.648303 4026265.819790 0.000000 0.000007
352915.603844 4026265.866603 0.000000 0.000008
352915.559529 4026265.913263 0.000000 0.000009
352915.515356 4026265.959775 0.000000 0.000010
352915.471321 4026266.006142 0.000000 0.000011
352915.427421 4026266.052366 0.000000 0.000012
352915.383654 4026266.098451 0.000000 0.000013
352915.340015 4026266.144400 0.000000 0.000015
352915.296502 4026266.190216 0.000000 0.000016
352915.253112 4026266.235903 0.000000 0.000018
352915.209841 4026266.281464 0.000000 0.000020
352915.166688 4026266.326903 0.000000 0.000022
352915.123647 4026266.372221 0.000000 0.000024
352915.080717 4026266.417424 0.000000 0.000026
352915.037894 4026266.462513 0.000000 0.000028
352914.995176 4026266.507492 0.000000 0.000031
352914.952558 4026266.552365 0.000000 0.000034
352914.910038 4026266.597135 0.000000 0.000037
352914.867613 4026266.641805 0.000000 0.000040
352914.825280 4026266.686378 0.000000 0.000044
352914.783035 4026266.730858 0.000000 0.000047
352914.740876 4026266.775247 0.000000 0.000051
352914.698799 4026266.819550 0.000000 0.000055
352914.656801 4026266.863769 0.000000 0.000060
352914.614879 4026266.907908 0.000000 0.000064
352914.573030 4026266.951970 0.000000 0.000069
352914.531251 4026266.995958 0.000000 0.000074
352914.489538 4026267.039876 0.000000 0.000080
352914.447889 4026267.083726 0.000000 0.000086
352914.406299 4026267.127513 0.000000 0.000092
352914.364767 4026267.171240 0.000000 0.000099
352914.323288 4026267.214909 0.000000 0.000106
352914.281860 4026267.258525 0.000000 0.000113
352914.240480 4026267.302090 0.000000 0.000121
352914.199144 4026267.345608 0.000000 0.000129
352914.157849 4026267.389082 0.000000 0.000138
352914.116591 4026267.432516 0.000000 0.000147
352914.075369 4026267.475913 0.000000 0.000157
352914.034178 4026267.519275 0.000000 0.000167
352913.993015 4026267.562607 0.000000 0.000178
352913.951877 4026267.605912 0.000000 0.000189
352913.910762 4026267.649193 0.000000 0.000201
352913.869664 4026267.692453 0.000000 0.000214
352913.828583 4026267.735697 0.000000 0.000227
352913.787513 4026267.778926 0.000000 0.000241
352913.746453 4026267.822144 0.000000 0.000256
352913.705398 4026267.865356 0.000000 0.000271
352913.664346 4026267.908563 0.000000 0.000287
352913.623293 4026267.951770 0.000000 0.000304
352913.582237 4026267.994979 0.000000 0.000321
352913.541173 4026268.038195 0.000000 0.000340
352913.500099 4026268.081420 0.000000 0.000359
352913.459011 4026268.124657 0.000000 0.000379
352913.417907 4026268.167910 0.000000 0.000400
352913.376782 4026268.211183 0.000000 0.000422
352913.335634 4026268.254478 0.000000 0.000445
352913.294460 4026268.297799 0.000000 0.000469
352913.253256 4026268.341149 0.000000 0.000494
352913.212019 4026268.384531 0.000000 0.000520
352913.170745 4026268.427949 0.000000 0.000547
352913.129433 4026268.471406 0.000000 0.000575
352913.088077 4026268.514905 0.000000 0.000605
352913.046675 4026268.558449 0.000000 0.000635
352913.005224 4026268.602043 0.000000 0.000667
352912.963721 4026268.645688 0.000000 0.000699
352912.922162 4026268.689389 0.000000 0.000733
352912.880543 4026268.733148 0.000000 0.000768
352912.838863 4026268.776968 0.000000 0.000805
352912.797117 4026268.820854 0.000000 0.000842
352912.755302 4026268.864808 0.000000 0.000881
352912.713415 4026268.908833 0.000000 0.000921
352912.671453 4026268.952932 0.000000 0.000962
352912.629412 4026268.997110 0.000000 0.001005
352912.587289 4026269.041368 0.000000 0.001049
352912.545081 4026269.085710 0.000000 0.001094
352912.502785 4026269.130140 0.000000 0.001140
352912.460397 4026269.174660 0.000000 0.001187
352912.417914 4026269.219273 0.000000 0.001236
352912.375333 4026269.263983 0.000000 0.001286
352912.332650 4026269.308793 0.000000 0.001336
352912.289863 4026269.353706 0.000000 0.001388
352912.246967 4026269.398724 0.000000 0.001441
352912.203960 4026269.443852 0.000000 0.001495
352912.160839 4026269.489092 0.000000 0.001550
352912.117599 4026269.534447 0.000000 0.001606
352912.074239 4026269.579921 0.000000 0.001662
352912.030753 4026269.625515 0.000000 0.001720
352911.987140 4026269.671235 0.000000 0.001778
352911.943396 4026269.717081 0.000000 0.001836
352911.899517 4026269.763058 0.000000 0.001896
352911.855500 4026269.809169 0.000000 0.001955
352911.811342 4026269.855415 0.000000 0.002015
352911.767040 4026269.901802 0.000000 0.002076
352911.722590 4026269.948331 0.000000 0.002136
352911.677988 4026269.995006 0.000000 0.002197
352911.633232 4026270.041829 0.000000 0.002257
352911.588317 4026270.088804 0.000000 0.002318
352911.543242 4026270.135933 0.000000 0.002378
352911.498001 4026270.183220 0.000000 0.002438
352911.452592 4026270.230668 0.000000 0.002498
352911.407011 4026270.278280 0.000000 0.002557
352911.361255 4026270.326058 0.000000 0.002615
352911.315321 4026270.374007 0.000000 0.002672
352911.269203 4026270.422128 0.000000 0.002729
352911.222900 4026270.470425 0.000000 0.002784
352911.176408 4026270.518902 0.000000 0.002839
352911.129723 4026270.567561 0.000000 0.002892
352911.082841 4026270.616406 0.000000 0.002943
352911.035758 4026270.665439 0.000000 0.002993
352910.988472 4026270.714664 0.000000 0.003042
352910.940978 4026270.764084 0.000000 0.003089
352910.893273 4026270.813703 0.000000 0.003133
352910.845352 4026270.863524 0.000000 0.003176
352910.797212 4026270.913550 0.000000 0.003217
352910.748849 4026270.963784 0.000000 0.003255
352910.700260 4026271.014230 0.000000 0.003292
352910.651439 4026271.064892 0.000000 0.003325
352910.602384 4026271.115772 0.000000 0.003356
352910.553090 4026271.166875 0.000000 0.003385
352910.503553 4026271.218205 0.000000 0.003411
352910.453769 4026271.269764 0.000000 0.003434
352910.403734 4026271.321557 0.000000 0.003454
352910.353443 4026271.373588 0.000000 0.003471
352910.302892 4026271.425860 0.000000 0.003485
352910.252077 4026271.478377 0.000000 0.003496
352910.200994 4026271.531144 0.000000 0.003504
352910.149637 4026271.584165 0.000000 0.003509
352910.098002 4026271.637443 0.000000 0.003510
352910.046085 4026271.690984 0.000000 0.003508
352909.993881 4026271.744791 0.000000 0.003503
352909.941385 4026271.798870 0.000000 0.003495
352909.888592 4026271.853224 0.000000 0.003483
352909.835497 4026271.907858 0.000000 0.003469
352909.782095 4026271.962778 0.000000 0.003451
352909.728381 4026272.017988 0.000000 0.003429
352909.674349 4026272.073494 0.000000 0.003405
352909.619995 4026272.129301 0.000000 0.003377
352909.565312 4026272.185414 0.000000 0.003347
352909.510295 4026272.241838 0.000000 0.003313
352909.454937 4026272.298580 0.000000 0.003276
352909.399234 4026272.355646 0.000000 0.003237
352909.343178 4026272.413041 0.000000 0.003194
352909.286764 4026272.470773 0.000000 0.003149
352909.229984 4026272.528847 0.000000 0.003102
352909.172833 4026272.587271 0.000000 0.003051
352909.115302 4026272.646051 0.000000 0.002999
352909.057386 4026272.705194 0.000000 0.002944
352908.999076 4026272.764709 0.000000 0.002887
352908.940365 4026272.824604 0.000000 0.002828
352908.881245 4026272.884885 0.000000 0.002767
352908.821708 4026272.945562 0.000000 0.002704
352908.761745 4026273.006643 0.000000 0.002639
352908.701348 4026273.068138 0.000000 0.002574
352908.640507 4026273.130056 0.000000 0.002506
352908.579213 4026273.192406 0.000000 0.002438
352908.517457 4026273.255199 0.000000 0.002368
352908.455227 4026273.318445 0.000000 0.002298
352908.392514 4026273.382156 0.000000 0.002227
352908.329307 4026273.446342 0.000000 0.002155
352908.265594 4026273.511015 0.000000 0.002083
352908.201363 4026273.576188 0.000000 0.002010
352908.136603 4026273.641873 0.000000 0.001937
352908.071300 4026273.708085 0.000000 0.001865
352908.005442 4026273.774835 0.000000 0.001792
352907.939014 4026273.842139 0.000000 0.001720
352907.872003 4026273.910012 0.000000 0.001649
352907.804393 4026273.978469 0.000000 0.001577
352907.736170 4026274.047526 0.000000 0.001507
352907.667317 4026274.117199 0.000000 0.001438
352907.597817 4026274.187507 0.000000 0.001369
352907.527653 4026274.258466 0.000000 0.001302
352907.456809 4026274.330096 0.000000 0.001236
352907.385263 4026274.402415 0.000000 0.001171
352907.312999 4026274.475445 0.000000 0.001107
352907.239995 4026274.549204 0.000000 0.001045
352907.166230 4026274.623717 0.000000 0.000985
352907.091683 4026274.699003 0.000000 0.000926
352907.016332 4026274.775088 0.000000 0.000869
352906.940152 4026274.851995 0.000000 0.000814
352906.863118 4026274.929751 0.000000 0.000761
352906.785204 4026275.008383 0.000000 0.000709
352906.706381 4026275.087920 0.000000 0.000660
352906.626619 4026275.168394 0.000000 0.000612
352906.545884 4026275.249837 0.000000 0.000567
352906.464142 4026275.332287 0.000000 0.000523
352906.381353 4026275.415783 0.000000 0.000482
352906.297476 4026275.500368 0.000000 0.000443
352906.212463 4026275.586090 0.000000 0.000405
352906.126263 4026275.673000 0.000000 0.000370
352906.038822 4026275.761155 0.000000 0.000337
352905.950077 4026275.850617 0.000000 0.000306
352905.859960 4026275.941456 0.000000 0.000276
352905.768397 4026276.033747 0.000000 0.000249
352905.675305 4026276.127574 0.000000 0.000224
352905.580594 4026276.223027 0.000000 0.000200
352905.484165 4026276.320208 0.000000 0.000178
352905.385907 4026276.419228 0.000000 0.000158
352905.285701 4026276.520207 0.000000 0.000140
352905.183416 4026276.623278 0.000000 0.000123
352905.078907 4026276.728586 0.000000 0.000108
352904.972019 4026276.836290 0.000000 0.000103
352904.862579 4026276.946563 0.000000 0.000099
352904.750401 4026277.059592 0.000000 0.000094
352904.635283 4026277.175581 0.000000 0.000089
352904.517004 4026277.294754 0.000000 0.000085
352904.395327 4026277.417349 0.000000 0.000080
352904.269993 4026277.543628 0.000000 0.000075
352904.140724 4026277.673870 0.000000 0.000070
352904.007220 4026277.808379 0.000000 0.000066
352903.869157 4026277.947481 0.000000 0.000061
352903.726186 4026278.091525 0.000000 0.000056
352903.577935 4026278.240890 0.000000 0.000052
352903.424003 4026278.395978 0.000000 0.000047
352903.263961 4026278.557222 0.000000 0.000042
352903.097349 4026278.725085 0.000000 0.000038
352902.923677 4026278.900060 0.000000 0.000033
352902.742424 4026279.082674 0.000000 0.000028
352902.553030 4026279.273489 0.000000 0.000023
352902.354904 4026279.473102 0.000000 0.000019
352902.147415 4026279.682149 0.000000 0.000014
352901.929893 4026279.901304 0.000000 0.000009
352901.701628 4026280.131282 0.000000 0.000005
