352901.461867 4026280.372842 0.000000 0.000000
352901.299537 4026280.522804 0.000000 0.000000
352901.137208 4026280.672765 0.000000 0.000000
352900.974878 4026280.822727 0.000000 0.000000
352900.812549 4026280.972688 0.000000 0.000000
352900.650219 4026281.122650 0.000000 0.000000
352900.487890 4026281.272612 0.000000 0.000000
352900.325560 4026281.422573 0.000000 0.000000
352900.163230 4026281.572535 0.000000 0.000000
352900.000901 4026281.722496 0.000000 0.000000
352899.838571 4026281.872458 0.000000 0.000000
352899.676242 4026282.022420 0.000000 0.000000
352899.513912 4026282.172381 0.000000 0.000000
352899.351583 4026282.322343 0.000000 0.000000
352899.189253 4026282.472304 0.000000 0.000000
352899.026924 4026282.622266 0.000000 0.000000
352898.864594 4026282.772227 0.000000 0.000000
352898.702264 4026282.922189 0.000000 0.000000
352898.539935 4026283.072151 0.000000 0.000000
352898.377605 4026283.222112 0.000000 0.000000
352898.215276 4026283.372074 0.000000 0.000000
352898.052946 4026283.522035 0.000000 0.000000
352897.890617 4026283.671997 0.000000 0.000000
352897.728287 4026283.821959 0.000000 0.000000
352897.565958 4026283.971920 0.000000 0.000000
352897.403628 4026284.121882 0.000000 -0.000000
352897.241298 4026284.271843 0.000000 0.000000
352897.078969 4026284.421805 0.000000 -0.000000
352896.916639 4026284.571767 0.000000 -0.000000
352896.754310 4026284.721728 0.000000 -0.000000
352896.591980 4026284.871690 0.000000 -0.000000
352896.429651 4026285.021651 0.000000 -0.000000
352896.267321 4026285.171613 0.000000 -0.000000
352896.104992 4026285.321574 0.000000 -0.000000
352895.942662 4026285.471536 0.000000 -0.000000
352895.780332 4026285.621498 0.000000 -0.000000
352895.618003 4026285.771459 0.000000 -0.000000
352895.455673 4026285.921421 0.000000 -0.000000
352895.293344 4026286.071382 0.000000 -0.000000
352895.131014 4026286.221344 0.000000 -0.000000
352894.968685 4026286.371306 0.000000 -0.000000
352894.806355 4026286.521267 0.000000 -0.000000
352894.644026 4026286.671229 0.000000 -0.000000
352894.481696 4026286.821190 0.000000 -0.000000
352894.319367 4026286.971152 0.000000 -0.000000
352894.157037 4026287.121113 0.000000 -0.000000
352893.994707 4026287.271075 0.000000 -0.000000
352893.832378 4026287.421037 0.000000 -0.000000
352893.670048 4026287.570998 0.000000 -0.000000
352893.507719 4026287.720960 0.000000 -0.000000
