352866.357525 4026307.581402 0.000000 -0.000000
352866.250520 4026307.674394 0.000000 -0.000000
352866.143516 4026307.767386 0.000000 -0.000000
352866.036512 4026307.860378 0.000000 -0.000000
352865.929507 4026307.953369 0.000000 -0.000000
352865.822503 4026308.046361 0.000000 -0.000000
352865.715499 4026308.139353 0.000000 -0.000000
352865.608494 4026308.232345 0.000000 -0.000000
352865.501490 4026308.325337 0.000000 -0.000000
352865.394486 4026308.418329 0.000000 -0.000000
352865.287481 4026308.511321 0.000000 -0.000000
352865.180477 4026308.604312 0.000000 -0.000000
352865.073473 4026308.697304 0.000000 -0.000000
352864.966468 4026308.790296 0.000000 -0.000000
352864.859464 4026308.883288 0.000000 -0.000000
352864.752460 4026308.976280 0.000000 -0.000000
352864.645455 4026309.069272 0.000000 -0.000000
352864.538451 4026309.162264 0.000000 -0.000000
352864.431447 4026309.255256 0.000000 -0.000000
352864.324442 4026309.348247 0.000000 -0.000000
352864.217438 4026309.441239 0.000000 -0.000000
352864.110434 4026309.534231 0.000000 -0.000000
352864.003429 4026309.627223 0.000000 -0.000000
352863.896425 4026309.720215 0.000000 -0.000000
352863.789420 4026309.813207 0.000000 -0.000000
352863.682416 4026309.906199 0.000000 -0.000000
352863.575412 4026309.999191 0.000000 -0.000000
352863.468407 4026310.092182 0.000000 -0.000000
352863.361403 4026310.185174 0.000000 -0.000000
352863.254399 4026310.278166 0.000000 -0.000000
352863.147394 4026310.371158 0.000000 -0.000000
352863.040390 4026310.464150 0.000000 -0.000000
352862.933386 4026310.557142 0.000000 0.000000
352862.826381 4026310.650134 0.000000 0.000000
352862.719377 4026310.743125 0.000000 0.000000
352862.612373 4026310.836117 0.000000 0.000000
352862.505368 4026310.929109 0.000000 0.000000
352862.398364 4026311.022101 0.000000 0.000000
352862.291360 4026311.115093 0.000000 0.000000
352862.184355 4026311.208085 0.000000 0.000000
352862.077351 4026311.301077 0.000000 0.000000
352861.970347 4026311.394069 0.000000 0.000000
352861.863342 4026311.487060 0.000000 0.000000
352861.756338 4026311.580052 0.000000 0.000000
352861.649334 4026311.673044 0.000000 0.000000
352861.542329 4026311.766036 0.000000 0.000000
352861.435325 4026311.859028 0.000000 0.000000
352861.328321 4026311.952020 0.000000 0.000000
352861.221316 4026312.045012 0.000000 0.000000
352861.114312 4026312.138004 0.000000 0.000000
