352868.300163 4026309.778813 0.000000 -0.000000
352868.192522 4026309.875626 0.000000 -0.000000
352868.084881 4026309.972439 0.000000 -0.000000
352867.977239 4026310.069253 0.000000 -0.000000
352867.869598 4026310.166066 0.000000 -0.000000
352867.761957 4026310.262880 0.000000 -0.000000
352867.654315 4026310.359693 0.000000 -0.000000
352867.546674 4026310.456507 0.000000 -0.000000
352867.439033 4026310.553320 0.000000 -0.000000
352867.331392 4026310.650134 0.000000 -0.000000
352867.223750 4026310.746947 0.000000 -0.000000
352867.116109 4026310.843761 0.000000 -0.000000
352867.008468 4026310.940574 0.000000 -0.000000
352866.900827 4026311.037387 0.000000 -0.000000
352866.793185 4026311.134201 0.000000 -0.000000
352866.685544 4026311.231014 0.000000 -0.000000
352866.577903 4026311.327828 0.000000 -0.000000
352866.470261 4026311.424641 0.000000 -0.000000
352866.362620 4026311.521455 0.000000 -0.000000
352866.254979 4026311.618268 0.000000 -0.000000
352866.147338 4026311.715082 0.000000 -0.000000
352866.039696 4026311.811895 0.000000 -0.000000
352865.932055 4026311.908709 0.000000 -0.000000
352865.824414 4026312.005522 0.000000 -0.000000
352865.716773 4026312.102335 0.000000 -0.000000
352865.609131 4026312.199149 0.000000 -0.000000
352865.501490 4026312.295962 0.000000 -0.000000
352865.393849 4026312.392776 0.000000 -0.000000
352865.286207 4026312.489589 0.000000 -0.000000
352865.178566 4026312.586403 0.000000 -0.000000
352865.070925 4026312.683216 0.000000 -0.000000
352864.963284 4026312.780030 0.000000 -0.000000
352864.855642 4026312.876843 0.000000 -0.000000
352864.748001 4026312.973656 0.000000 0.000000
352864.640360 4026313.070470 0.000000 0.000000
352864.532719 4026313.167283 0.000000 0.000000
352864.425077 4026313.264097 0.000000 0.000000
352864.317436 4026313.360910 0.000000 0.000000
352864.209795 4026313.457724 0.000000 0.000000
352864.102153 4026313.554537 0.000000 0.000000
352863.994512 4026313.651351 0.000000 0.000000
352863.886871 4026313.748164 0.000000 0.000000
352863.779230 4026313.844978 0.000000 0.000000
352863.671588 4026313.941791 0.000000 0.000000
352863.563947 4026314.038604 0.000000 0.000000
352863.456306 4026314.135418 0.000000 0.000000
352863.348665 4026314.232231 0.000000 0.000000
352863.241023 4026314.329045 0.000000 0.000000
352863.133382 4026314.425858 0.000000 0.000000
352863.025741 4026314.522672 0.000000 0.000000
