352749.626660 4026391.761793 0.000000 0.000000
352749.330559 4026391.898091 0.000000 0.000000
352749.048461 4026392.027943 0.000000 0.000000
352748.779257 4026392.151861 0.000000 0.000000
352748.521905 4026392.270322 0.000000 0.000000
352748.275430 4026392.383777 0.000000 0.000000
352748.038915 4026392.492647 0.000000 0.000000
352747.811505 4026392.597326 0.000000 0.000000
352747.592401 4026392.698182 0.000000 0.000000
352747.380855 4026392.795559 0.000000 0.000000
352747.176174 4026392.889775 0.000000 0.000000
352746.977712 4026392.981129 0.000000 0.000000
352746.784871 4026393.069896 0.000000 0.000000
352746.597096 4026393.156331 0.000000 0.000000
352746.413875 4026393.240669 0.000000 0.000000
352746.234734 4026393.323129 0.000000 0.000000
352746.059240 4026393.403911 0.000000 0.000000
352745.886994 4026393.483198 0.000000 0.000000
352745.717629 4026393.561158 0.000000 0.000000
352745.550812 4026393.637945 0.000000 0.000000
352745.386241 4026393.713699 0.000000 0.000000
352745.223637 4026393.788547 0.000000 0.000000
352745.062754 4026393.862604 0.000000 0.000000
352744.903364 4026393.935972 0.000000 0.000000
352744.745266 4026394.008746 0.000000 0.000000
352744.588280 4026394.081008 0.000000 -0.000000
352744.432244 4026394.152834 0.000000 0.000000
352744.277014 4026394.224287 0.000000 -0.000000
352744.122465 4026394.295428 0.000000 -0.000000
352743.968486 4026394.366306 0.000000 -0.000000
352743.814981 4026394.436966 0.000000 -0.000000
352743.661864 4026394.507447 0.000000 -0.000000
352743.509065 4026394.577782 0.000000 -0.000000
352743.356522 4026394.647999 0.000000 -0.000000
352743.204182 4026394.718122 0.000000 -0.000000
352743.052002 4026394.788172 0.000000 -0.000000
352742.899946 4026394.858165 0.000000 -0.000000
352742.747983 4026394.928115 0.000000 0.000000
352742.596090 4026394.998033 0.000000 0.000000
352742.444247 4026395.067928 0.000000 0.000000
352742.292441 4026395.137806 0.000000 0.000000
352742.140659 4026395.207673 0.000000 -0.000000
352741.988893 4026395.277532 0.000000 0.000000
352741.837137 4026395.347387 0.000000 0.000000
352741.685387 4026395.417239 0.000000 0.000000
352741.533640 4026395.487089 0.000000 0.000000
352741.381895 4026395.556939 0.000000 -0.000000
352741.230151 4026395.626788 0.000000 0.000000
352741.078407 4026395.696638 0.000000 -0.000000
352740.926663 4026395.766487 0.000000 -0.000000
352740.774918 4026395.836336 0.000000 0.000000
352740.623174 4026395.906186 0.000000 0.000000
352740.471430 4026395.976035 0.000000 0.000000
352740.319686 4026396.045884 0.000000 0.000000
352740.167942 4026396.115734 0.000000 0.000000
352740.016196 4026396.185584 0.000000 0.000000
352739.864450 4026396.255434 0.000000 0.000000
352739.712700 4026396.325286 0.000000 0.000000
352739.560944 4026396.395141 0.000000 -0.000000
352739.409178 4026396.465000 0.000000 0.000000
352739.257396 4026396.534867 0.000000 -0.000000
352739.105590 4026396.604745 0.000000 -0.000000
352738.953747 4026396.674639 0.000000 -0.000000
352738.801854 4026396.744557 0.000000 -0.000000
352738.649891 4026396.814507 0.000000 0.000000
352738.497835 4026396.884500 0.000000 -0.000000
352738.345654 4026396.954550 0.000000 -0.000000
352738.193315 4026397.024674 0.000000 -0.000000
352738.040771 4026397.094891 0.000000 -0.000000
352737.887972 4026397.165226 0.000000 -0.000000
352737.734856 4026397.235707 0.000000 -0.000000
352737.581350 4026397.306367 0.000000 0.000000
352737.427372 4026397.377245 0.000000 -0.000000
352737.272823 4026397.448385 0.000000 0.000000
352737.117593 4026397.519839 0.000000 0.000000
352736.961557 4026397.591664 0.000000 0.000000
352736.804570 4026397.663927 0.000000 -0.000000
352736.646473 4026397.736701 0.000000 0.000000
352736.487083 4026397.810069 0.000000 -0.000000
352736.326199 4026397.884126 0.000000 -0.000000
352736.163596 4026397.958973 0.000000 -0.000000
352735.999024 4026398.034727 0.000000 -0.000000
352735.832208 4026398.111515 0.000000 -0.000000
352735.662843 4026398.189475 0.000000 -0.000000
352735.490596 4026398.268762 0.000000 -0.000000
352735.315102 4026398.349543 0.000000 -0.000000
352735.135962 4026398.432003 0.000000 -0.000000
352734.952741 4026398.516342 0.000000 -0.000000
352734.764966 4026398.602777 0.000000 -0.000000
352734.572124 4026398.691544 0.000000 -0.000000
352734.373663 4026398.782897 0.000000 -0.000000
352734.168982 4026398.877114 0.000000 -0.000000
352733.957436 4026398.974491 0.000000 -0.000000
352733.738331 4026399.075347 0.000000 -0.000000
352733.510921 4026399.180026 0.000000 -0.000000
352733.274407 4026399.288896 0.000000 -0.000000
352733.027931 4026399.402351 0.000000 -0.000000
352732.770580 4026399.520812 0.000000 -0.000000
352732.501376 4026399.644730 0.000000 -0.000000
352732.219278 4026399.774582 0.000000 -0.000000
