352682.647064 4026416.148039 0.000000 0.000000
352682.318575 4026416.259190 0.000000 -0.000107
352682.005837 4026416.365016 0.000000 -0.000214
352681.707821 4026416.465868 0.000000 -0.000321
352681.423553 4026416.562079 0.000000 -0.000428
352681.152119 4026416.653963 0.000000 -0.000535
352680.892655 4026416.741815 0.000000 -0.000642
352680.644350 4026416.825913 0.000000 -0.000749
352680.406442 4026416.906518 0.000000 -0.000856
352680.178215 4026416.983876 0.000000 -0.000963
352679.958998 4026417.058216 0.000000 -0.001070
352679.748163 4026417.129754 0.000000 -0.001178
352679.545124 4026417.198691 0.000000 -0.001285
352679.349332 4026417.265215 0.000000 -0.001392
352679.160276 4026417.329501 0.000000 -0.001499
352678.977480 4026417.391713 0.000000 -0.001606
352678.800501 4026417.452003 0.000000 -0.001713
352678.628929 4026417.510512 0.000000 -0.001820
352678.462381 4026417.567370 0.000000 -0.001927
352678.300506 4026417.622700 0.000000 -0.002034
352678.142978 4026417.676612 0.000000 -0.002141
352677.989494 4026417.729210 0.000000 -0.002248
352677.839779 4026417.780590 0.000000 -0.002355
352677.693576 4026417.830840 0.000000 -0.002462
352677.550652 4026417.880038 0.000000 -0.002648
352677.410791 4026417.928260 0.000000 -0.002836
352677.273797 4026417.975573 0.000000 -0.003025
352677.139489 4026418.022039 0.000000 -0.003214
352677.007704 4026418.067713 0.000000 -0.003403
352676.878291 4026418.112648 0.000000 -0.003590
352676.751113 4026418.156889 0.000000 -0.003774
352676.626048 4026418.200479 0.000000 -0.003956
352676.502981 4026418.243457 0.000000 -0.004133
352676.381810 4026418.285858 0.000000 -0.004305
352676.262442 4026418.327712 0.000000 -0.004473
352676.144792 4026418.369049 0.000000 -0.004634
352676.028783 4026418.409894 0.000000 -0.004789
352675.914345 4026418.450272 0.000000 -0.004936
352675.801413 4026418.490202 0.000000 -0.005077
352675.689930 4026418.529705 0.000000 -0.005210
352675.579842 4026418.568798 0.000000 -0.005335
352675.471098 4026418.607497 0.000000 -0.005452
352675.363654 4026418.645817 0.000000 -0.005560
352675.257468 4026418.683771 0.000000 -0.005660
352675.152499 4026418.721372 0.000000 -0.005751
352675.048710 4026418.758632 0.000000 -0.005834
352674.946066 4026418.795561 0.000000 -0.005907
352674.844534 4026418.832170 0.000000 -0.005972
352674.744082 4026418.868467 0.000000 -0.006028
352674.644680 4026418.904464 0.000000 -0.006075
352674.546297 4026418.940167 0.000000 -0.006113
352674.448906 4026418.975585 0.000000 -0.006142
352674.352480 4026419.010727 0.000000 -0.006162
352674.256991 4026419.045599 0.000000 -0.006174
352674.162416 4026419.080208 0.000000 -0.006177
352674.068728 4026419.114563 0.000000 -0.006171
352673.975905 4026419.148669 0.000000 -0.006157
352673.883924 4026419.182531 0.000000 -0.006135
352673.792763 4026419.216157 0.000000 -0.006105
352673.702400 4026419.249552 0.000000 -0.006067
352673.612816 4026419.282721 0.000000 -0.006021
352673.523991 4026419.315669 0.000000 -0.005967
352673.435905 4026419.348401 0.000000 -0.005907
352673.348541 4026419.380922 0.000000 -0.005840
352673.261881 4026419.413236 0.000000 -0.005766
352673.175908 4026419.445347 0.000000 -0.005686
352673.090606 4026419.477258 0.000000 -0.005599
352673.005959 4026419.508975 0.000000 -0.005508
352672.921952 4026419.540500 0.000000 -0.005411
352672.838570 4026419.571837 0.000000 -0.005309
352672.755800 4026419.602989 0.000000 -0.005202
352672.673627 4026419.633960 0.000000 -0.005091
352672.592038 4026419.664751 0.000000 -0.004977
352672.511022 4026419.695366 0.000000 -0.004859
352672.430565 4026419.725809 0.000000 -0.004738
352672.350656 4026419.756080 0.000000 -0.004615
352672.271284 4026419.786184 0.000000 -0.004489
352672.192437 4026419.816121 0.000000 -0.004361
352672.114105 4026419.845895 0.000000 -0.004232
352672.036278 4026419.875508 0.000000 -0.004101
352671.958945 4026419.904962 0.000000 -0.003970
352671.882098 4026419.934258 0.000000 -0.003838
352671.805726 4026419.963400 0.000000 -0.003706
352671.729821 4026419.992388 0.000000 -0.003574
352671.654374 4026420.021225 0.000000 -0.003443
352671.579377 4026420.049913 0.000000 -0.003312
352671.504820 4026420.078453 0.000000 -0.003182
352671.430697 4026420.106848 0.000000 -0.003054
352671.357000 4026420.135098 0.000000 -0.002928
352671.283720 4026420.163206 0.000000 -0.002803
352671.210850 4026420.191174 0.000000 -0.002680
352671.138384 4026420.219002 0.000000 -0.002560
352671.066314 4026420.246693 0.000000 -0.002442
352670.994633 4026420.274249 0.000000 -0.002326
352670.923335 4026420.301670 0.000000 -0.002214
352670.852413 4026420.328959 0.000000 -0.002104
352670.781860 4026420.356117 0.000000 -0.001997
352670.711671 4026420.383146 0.000000 -0.001894
352670.641838 4026420.410047 0.000000 -0.001794
352670.572357 4026420.436822 0.000000 -0.001698
352670.503221 4026420.463472 0.000000 -0.001605
352670.434425 4026420.490000 0.000000 -0.001516
352670.365962 4026420.516406 0.000000 -0.001430
352670.297826 4026420.542693 0.000000 -0.001348
352670.230014 4026420.568861 0.000000 -0.001269
352670.162518 4026420.594913 0.000000 -0.001195
352670.095334 4026420.620850 0.000000 -0.001124
352670.028457 4026420.646674 0.000000 -0.001057
352669.961881 4026420.672386 0.000000 -0.000994
352669.895601 4026420.697988 0.000000 -0.000935
352669.829612 4026420.723481 0.000000 -0.000879
352669.763909 4026420.748867 0.000000 -0.000827
352669.698487 4026420.774148 0.000000 -0.000779
352669.633342 4026420.799326 0.000000 -0.000734
352669.568468 4026420.824401 0.000000 -0.000694
352669.503861 4026420.849375 0.000000 -0.000657
352669.439516 4026420.874251 0.000000 -0.000623
352669.375429 4026420.899030 0.000000 -0.000593
352669.311595 4026420.923712 0.000000 -0.000567
352669.248009 4026420.948301 0.000000 -0.000545
352669.184667 4026420.972797 0.000000 -0.000526
352669.121565 4026420.997203 0.000000 -0.000510
352669.058698 4026421.021519 0.000000 -0.000498
352668.996061 4026421.045748 0.000000 -0.000490
352668.933651 4026421.069891 0.000000 -0.000485
352668.871463 4026421.093949 0.000000 -0.000483
352668.809493 4026421.117925 0.000000 -0.000485
352668.747736 4026421.141820 0.000000 -0.000491
352668.686189 4026421.165636 0.000000 -0.000499
352668.624847 4026421.189374 0.000000 -0.000512
352668.563706 4026421.213036 0.000000 -0.000528
352668.502762 4026421.236623 0.000000 -0.000548
352668.442011 4026421.260138 0.000000 -0.000571
352668.381448 4026421.283582 0.000000 -0.000598
352668.321071 4026421.306956 0.000000 -0.000628
352668.260874 4026421.330262 0.000000 -0.000662
352668.200854 4026421.353503 0.000000 -0.000700
352668.141007 4026421.376679 0.000000 -0.000742
352668.081328 4026421.399792 0.000000 -0.000788
352668.021815 4026421.422845 0.000000 -0.000837
352667.962463 4026421.445838 0.000000 -0.000891
352667.903268 4026421.468773 0.000000 -0.000949
352667.844227 4026421.491652 0.000000 -0.001011
352667.785336 4026421.514477 0.000000 -0.001078
352667.726590 4026421.537250 0.000000 -0.001149
352667.667987 4026421.559972 0.000000 -0.001224
352667.609523 4026421.582644 0.000000 -0.001304
352667.551193 4026421.605269 0.000000 -0.001389
352667.492995 4026421.627848 0.000000 -0.001479
352667.434925 4026421.650383 0.000000 -0.001573
352667.376979 4026421.672876 0.000000 -0.001673
352667.319154 4026421.695328 0.000000 -0.001777
352667.261446 4026421.717741 0.000000 -0.001887
352667.203853 4026421.740117 0.000000 -0.002003
352667.146370 4026421.762458 0.000000 -0.002124
352667.088994 4026421.784764 0.000000 -0.002250
352667.031723 4026421.807039 0.000000 -0.002382
352666.974552 4026421.829283 0.000000 -0.002519
352666.917480 4026421.851499 0.000000 -0.002662
352666.860502 4026421.873687 0.000000 -0.002811
352666.803617 4026421.895850 0.000000 -0.002966
352666.746820 4026421.917990 0.000000 -0.003127
352666.690109 4026421.940108 0.000000 -0.003293
352666.633482 4026421.962206 0.000000 -0.003465
352666.576935 4026421.984286 0.000000 -0.003643
352666.520466 4026422.006349 0.000000 -0.003826
352666.464072 4026422.028396 0.000000 -0.004016
352666.407752 4026422.050431 0.000000 -0.004211
352666.351501 4026422.072454 0.000000 -0.004411
352666.295318 4026422.094467 0.000000 -0.004617
352666.239201 4026422.116472 0.000000 -0.004828
352666.183147 4026422.138470 0.000000 -0.005045
352666.127154 4026422.160464 0.000000 -0.005266
352666.071220 4026422.182454 0.000000 -0.005493
352666.015344 4026422.204443 0.000000 -0.005724
352665.959522 4026422.226432 0.000000 -0.005959
352665.903753 4026422.248422 0.000000 -0.006199
352665.848036 4026422.270416 0.000000 -0.006443
352665.792368 4026422.292415 0.000000 -0.006691
352665.736749 4026422.314421 0.000000 -0.006942
352665.681175 4026422.336435 0.000000 -0.007196
352665.625646 4026422.358459 0.000000 -0.007454
352665.570160 4026422.380494 0.000000 -0.007714
352665.514717 4026422.402542 0.000000 -0.007977
352665.459314 4026422.424604 0.000000 -0.008241
352665.403950 4026422.446682 0.000000 -0.008507
352665.348624 4026422.468778 0.000000 -0.008775
352665.293335 4026422.490893 0.000000 -0.009043
352665.238082 4026422.513029 0.000000 -0.009311
352665.182864 4026422.535186 0.000000 -0.009580
352665.127679 4026422.557366 0.000000 -0.009849
352665.072528 4026422.579572 0.000000 -0.010116
352665.017409 4026422.601803 0.000000 -0.010383
352664.962321 4026422.624062 0.000000 -0.010648
352664.907264 4026422.646350 0.000000 -0.010910
352664.852237 4026422.668668 0.000000 -0.011170
352664.797239 4026422.691017 0.000000 -0.011427
352664.742271 4026422.713399 0.000000 -0.011681
352664.687330 4026422.735815 0.000000 -0.011930
352664.632418 4026422.758266 0.000000 -0.012175
352664.577532 4026422.780753 0.000000 -0.012416
352664.522674 4026422.803277 0.000000 -0.012650
352664.467843 4026422.825840 0.000000 -0.012879
352664.413037 4026422.848442 0.000000 -0.013102
352664.358258 4026422.871085 0.000000 -0.013318
352664.303505 4026422.893770 0.000000 -0.013527
352664.248777 4026422.916496 0.000000 -0.013728
352664.194074 4026422.939267 0.000000 -0.013921
352664.139396 4026422.962081 0.000000 -0.014106
352664.084743 4026422.984940 0.000000 -0.014282
352664.030115 4026423.007845 0.000000 -0.014449
352663.975512 4026423.030797 0.000000 -0.014606
352663.920933 4026423.053795 0.000000 -0.014754
352663.866379 4026423.076842 0.000000 -0.014891
352663.811848 4026423.099936 0.000000 -0.015018
352663.757342 4026423.123080 0.000000 -0.015135
352663.702860 4026423.146273 0.000000 -0.015240
352663.648402 4026423.169516 0.000000 -0.015334
352663.593968 4026423.192810 0.000000 -0.015417
352663.539558 4026423.216154 0.000000 -0.015489
352663.485171 4026423.239549 0.000000 -0.015548
352663.430808 4026423.262995 0.000000 -0.015596
352663.376469 4026423.286492 0.000000 -0.015632
352663.322153 4026423.310042 0.000000 -0.015656
352663.267861 4026423.333642 0.000000 -0.015668
352663.213592 4026423.357295 0.000000 -0.015667
352663.159346 4026423.381000 0.000000 -0.015655
352663.105123 4026423.404756 0.000000 -0.015630
352663.050923 4026423.428564 0.000000 -0.015594
352662.996746 4026423.452423 0.000000 -0.015546
352662.942591 4026423.476334 0.000000 -0.015485
352662.888460 4026423.500297 0.000000 -0.015413
352662.834350 4026423.524310 0.000000 -0.015329
352662.780263 4026423.548374 0.000000 -0.015234
352662.726198 4026423.572489 0.000000 -0.015128
352662.672155 4026423.596653 0.000000 -0.015010
352662.618133 4026423.620867 0.000000 -0.014882
352662.564133 4026423.645131 0.000000 -0.014743
352662.510154 4026423.669443 0.000000 -0.014594
352662.456196 4026423.693803 0.000000 -0.014434
352662.402259 4026423.718210 0.000000 -0.014266
352662.348342 4026423.742665 0.000000 -0.014087
352662.294445 4026423.767166 0.000000 -0.013900
352662.240569 4026423.791713 0.000000 -0.013705
352662.186711 4026423.816304 0.000000 -0.013501
352662.132873 4026423.840940 0.000000 -0.013289
352662.079054 4026423.865620 0.000000 -0.013070
352662.025254 4026423.890342 0.000000 -0.012844
352661.971472 4026423.915106 0.000000 -0.012612
352661.917707 4026423.939912 0.000000 -0.012374
352661.863961 4026423.964758 0.000000 -0.012130
352661.810231 4026423.989643 0.000000 -0.011881
352661.756518 4026424.014566 0.000000 -0.011627
352661.702821 4026424.039528 0.000000 -0.011370
352661.649141 4026424.064526 0.000000 -0.011108
352661.595476 4026424.089560 0.000000 -0.010844
352661.541826 4026424.114628 0.000000 -0.010577
352661.488191 4026424.139731 0.000000 -0.010307
352661.434570 4026424.164867 0.000000 -0.010036
352661.380964 4026424.190035 0.000000 -0.009764
352661.327370 4026424.215234 0.000000 -0.009491
352661.273790 4026424.240464 0.000000 -0.009217
352661.220223 4026424.265723 0.000000 -0.008944
352661.166668 4026424.291010 0.000000 -0.008671
352661.113125 4026424.316324 0.000000 -0.008398
352661.059593 4026424.341665 0.000000 -0.008128
352661.006073 4026424.367032 0.000000 -0.007858
352660.952563 4026424.392423 0.000000 -0.007591
352660.899063 4026424.417839 0.000000 -0.007326
352660.845573 4026424.443277 0.000000 -0.007064
352660.792092 4026424.468737 0.000000 -0.006805
352660.738620 4026424.494219 0.000000 -0.006549
352660.685157 4026424.519720 0.000000 -0.006297
352660.631702 4026424.545242 0.000000 -0.006049
352660.578255 4026424.570782 0.000000 -0.005804
352660.524815 4026424.596340 0.000000 -0.005565
352660.471381 4026424.621916 0.000000 -0.005330
352660.417955 4026424.647508 0.000000 -0.005099
352660.364534 4026424.673115 0.000000 -0.004874
352660.311118 4026424.698738 0.000000 -0.004654
352660.257708 4026424.724376 0.000000 -0.004439
352660.204302 4026424.750027 0.000000 -0.004230
352660.150900 4026424.775691 0.000000 -0.004026
352660.097502 4026424.801368 0.000000 -0.003828
352660.044108 4026424.827057 0.000000 -0.003636
352659.990716 4026424.852758 0.000000 -0.003449
352659.937326 4026424.878470 0.000000 -0.003269
352659.883938 4026424.904192 0.000000 -0.003094
352659.830551 4026424.929925 0.000000 -0.002925
352659.777165 4026424.955667 0.000000 -0.002763
352659.723779 4026424.981419 0.000000 -0.002606
352659.670393 4026425.007180 0.000000 -0.002456
352659.617005 4026425.032950 0.000000 -0.002311
352659.563616 4026425.058729 0.000000 -0.002172
352659.510225 4026425.084516 0.000000 -0.002039
352659.456831 4026425.110311 0.000000 -0.001912
352659.403433 4026425.136114 0.000000 -0.001790
352659.350031 4026425.161925 0.000000 -0.001674
352659.296624 4026425.187744 0.000000 -0.001564
352659.243211 4026425.213571 0.000000 -0.001459
352659.189792 4026425.239406 0.000000 -0.001359
352659.136366 4026425.265248 0.000000 -0.001265
352659.082931 4026425.291099 0.000000 -0.001176
352659.029487 4026425.316957 0.000000 -0.001092
352658.976033 4026425.342824 0.000000 -0.001012
352658.922568 4026425.368699 0.000000 -0.000938
352658.869091 4026425.394583 0.000000 -0.000868
352658.815602 4026425.420476 0.000000 -0.000802
352658.762098 4026425.446378 0.000000 -0.000741
352658.708578 4026425.472290 0.000000 -0.000685
352658.655042 4026425.498211 0.000000 -0.000632
352658.601489 4026425.524143 0.000000 -0.000584
352658.547916 4026425.550086 0.000000 -0.000540
352658.494323 4026425.576040 0.000000 -0.000500
352658.440708 4026425.602006 0.000000 -0.000463
352658.387070 4026425.627984 0.000000 -0.000430
352658.333407 4026425.653976 0.000000 -0.000401
352658.279718 4026425.679981 0.000000 -0.000376
352658.226001 4026425.706001 0.000000 -0.000354
352658.172254 4026425.732036 0.000000 -0.000336
352658.118476 4026425.758087 0.000000 -0.000321
352658.064665 4026425.784155 0.000000 -0.000310
352658.010819 4026425.810240 0.000000 -0.000302
352657.956936 4026425.836344 0.000000 -0.000298
352657.903013 4026425.862467 0.000000 -0.000297
352657.849050 4026425.888611 0.000000 -0.000300
352657.795044 4026425.914776 0.000000 -0.000306
352657.740993 4026425.940964 0.000000 -0.000315
352657.686895 4026425.967176 0.000000 -0.000328
352657.632747 4026425.993412 0.000000 -0.000345
352657.578547 4026426.019674 0.000000 -0.000365
352657.524292 4026426.045964 0.000000 -0.000389
352657.469982 4026426.072282 0.000000 -0.000417
352657.415611 4026426.098629 0.000000 -0.000448
352657.361180 4026426.125008 0.000000 -0.000483
352657.306684 4026426.151420 0.000000 -0.000522
352657.252121 4026426.177865 0.000000 -0.000565
352657.197488 4026426.204346 0.000000 -0.000611
352657.142783 4026426.230863 0.000000 -0.000662
352657.088003 4026426.257419 0.000000 -0.000718
352657.033145 4026426.284015 0.000000 -0.000777
352656.978206 4026426.310653 0.000000 -0.000841
352656.923184 4026426.337334 0.000000 -0.000909
352656.868074 4026426.364061 0.000000 -0.000982
352656.812875 4026426.390834 0.000000 -0.001059
352656.757584 4026426.417656 0.000000 -0.001142
352656.702196 4026426.444528 0.000000 -0.001229
352656.646709 4026426.471453 0.000000 -0.001320
352656.591120 4026426.498432 0.000000 -0.001417
352656.535426 4026426.525467 0.000000 -0.001519
352656.479624 4026426.552560 0.000000 -0.001625
352656.423709 4026426.579714 0.000000 -0.001737
352656.367680 4026426.606931 0.000000 -0.001854
352656.311532 4026426.634211 0.000000 -0.001976
352656.255262 4026426.661559 0.000000 -0.002103
352656.198868 4026426.688975 0.000000 -0.002236
352656.142345 4026426.716463 0.000000 -0.002373
352656.085690 4026426.744024 0.000000 -0.002515
352656.028901 4026426.771661 0.000000 -0.002663
352655.971973 4026426.799377 0.000000 -0.002816
352655.914903 4026426.827173 0.000000 -0.002973
352655.857688 4026426.855052 0.000000 -0.003135
352655.800324 4026426.883016 0.000000 -0.003302
352655.742809 4026426.911069 0.000000 -0.003474
352655.685137 4026426.939213 0.000000 -0.003650
352655.627307 4026426.967450 0.000000 -0.003830
352655.569315 4026426.995783 0.000000 -0.004015
352655.511157 4026427.024215 0.000000 -0.004203
352655.452829 4026427.052749 0.000000 -0.004396
352655.394329 4026427.081386 0.000000 -0.004591
352655.335653 4026427.110132 0.000000 -0.004790
352655.276797 4026427.138987 0.000000 -0.004992
352655.217758 4026427.167955 0.000000 -0.005197
352655.158533 4026427.197039 0.000000 -0.005405
352655.099118 4026427.226242 0.000000 -0.005614
352655.039509 4026427.255568 0.000000 -0.005826
352654.979703 4026427.285018 0.000000 -0.006039
352654.919697 4026427.314597 0.000000 -0.006253
352654.859487 4026427.344307 0.000000 -0.006469
352654.799069 4026427.374152 0.000000 -0.006685
352654.738441 4026427.404135 0.000000 -0.006901
352654.677597 4026427.434260 0.000000 -0.007118
352654.616536 4026427.464529 0.000000 -0.007334
352654.555253 4026427.494946 0.000000 -0.007549
352654.493745 4026427.525515 0.000000 -0.007763
352654.432007 4026427.556238 0.000000 -0.007975
352654.370037 4026427.587121 0.000000 -0.008186
352654.307831 4026427.618165 0.000000 -0.008394
352654.245385 4026427.649375 0.000000 -0.008600
352654.182694 4026427.680755 0.000000 -0.008802
352654.119757 4026427.712308 0.000000 -0.009002
352654.056567 4026427.744038 0.000000 -0.009197
352653.993123 4026427.775948 0.000000 -0.009388
352653.929419 4026427.808043 0.000000 -0.009575
352653.865452 4026427.840327 0.000000 -0.009757
352653.801218 4026427.872802 0.000000 -0.009933
352653.736712 4026427.905475 0.000000 -0.010104
352653.671931 4026427.938347 0.000000 -0.010269
352653.606870 4026427.971425 0.000000 -0.010428
352653.541525 4026428.004710 0.000000 -0.010580
352653.475892 4026428.038209 0.000000 -0.010726
352653.409966 4026428.071924 0.000000 -0.010864
352653.343742 4026428.105861 0.000000 -0.010994
352653.277217 4026428.140023 0.000000 -0.011117
352653.210384 4026428.174416 0.000000 -0.011232
352653.143241 4026428.209042 0.000000 -0.011339
352653.075780 4026428.243907 0.000000 -0.011437
352653.007998 4026428.279016 0.000000 -0.011527
352652.939889 4026428.314372 0.000000 -0.011607
352652.871449 4026428.349981 0.000000 -0.011679
352652.802670 4026428.385847 0.000000 -0.011742
352652.733549 4026428.421975 0.000000 -0.011795
352652.664079 4026428.458369 0.000000 -0.011839
352652.594254 4026428.495035 0.000000 -0.011874
352652.524068 4026428.531978 0.000000 -0.011898
352652.453515 4026428.569202 0.000000 -0.011914
352652.382588 4026428.606712 0.000000 -0.011919
352652.311281 4026428.644514 0.000000 -0.011915
352652.239587 4026428.682614 0.000000 -0.011902
352652.167498 4026428.721016 0.000000 -0.011878
352652.095007 4026428.759726 0.000000 -0.011845
352652.022107 4026428.798749 0.000000 -0.011803
352651.948789 4026428.838092 0.000000 -0.011750
352651.875045 4026428.877760 0.000000 -0.011689
352651.800866 4026428.917759 0.000000 -0.011618
352651.726244 4026428.958096 0.000000 -0.011537
352651.651169 4026428.998776 0.000000 -0.011448
352651.575632 4026429.039806 0.000000 -0.011349
352651.499623 4026429.081193 0.000000 -0.011242
352651.423131 4026429.122944 0.000000 -0.011125
352651.346146 4026429.165065 0.000000 -0.011001
352651.268655 4026429.207563 0.000000 -0.010868
352651.190648 4026429.250447 0.000000 -0.010727
352651.112112 4026429.293723 0.000000 -0.010577
352651.033035 4026429.337400 0.000000 -0.010421
352650.953404 4026429.381485 0.000000 -0.010257
352650.873203 4026429.425987 0.000000 -0.010085
352650.792421 4026429.470915 0.000000 -0.009907
352650.711040 4026429.516277 0.000000 -0.009722
352650.629047 4026429.562083 0.000000 -0.009531
352650.546424 4026429.608342 0.000000 -0.009334
352650.463156 4026429.655064 0.000000 -0.009132
352650.379224 4026429.702259 0.000000 -0.008924
352650.294610 4026429.749937 0.000000 -0.008711
352650.209296 4026429.798110 0.000000 -0.008494
352650.123262 4026429.846788 0.000000 -0.008272
352650.036488 4026429.895984 0.000000 -0.008047
352649.948951 4026429.945709 0.000000 -0.007818
352649.860631 4026429.995975 0.000000 -0.007586
352649.771504 4026430.046797 0.000000 -0.007351
352649.681547 4026430.098186 0.000000 -0.007114
352649.590735 4026430.150157 0.000000 -0.006875
352649.499041 4026430.202724 0.000000 -0.006635
352649.406440 4026430.255902 0.000000 -0.006394
352649.312903 4026430.309706 0.000000 -0.006151
352649.218402 4026430.364153 0.000000 -0.005909
352649.122906 4026430.419259 0.000000 -0.005666
352649.026382 4026430.475042 0.000000 -0.005425
352648.928798 4026430.531521 0.000000 -0.005183
352648.830115 4026430.588717 0.000000 -0.004944
352648.730297 4026430.646650 0.000000 -0.004706
352648.629300 4026430.705344 0.000000 -0.004470
352648.527080 4026430.764824 0.000000 -0.004237
352648.423587 4026430.825118 0.000000 -0.004007
352648.318768 4026430.886255 0.000000 -0.003780
352648.212563 4026430.948270 0.000000 -0.003557
352648.104908 4026431.011198 0.000000 -0.003339
352647.995734 4026431.075079 0.000000 -0.003125
352647.884961 4026431.139958 0.000000 -0.002917
352647.772505 4026431.205883 0.000000 -0.002714
352647.658271 4026431.272908 0.000000 -0.002518
352647.542156 4026431.341091 0.000000 -0.002327
352647.424046 4026431.410500 0.000000 -0.002144
352647.303816 4026431.481205 0.000000 -0.001969
352647.181330 4026431.553285 0.000000 -0.001800
352647.056436 4026431.626828 0.000000 -0.001640
352646.928970 4026431.701929 0.000000 -0.001488
352646.798752 4026431.778692 0.000000 -0.001345
352646.665585 4026431.857231 0.000000 -0.001210
352646.529257 4026431.937671 0.000000 -0.001155
352646.389533 4026432.020149 0.000000 -0.001100
352646.246160 4026432.104811 0.000000 -0.001045
352646.098863 4026432.191819 0.000000 -0.000990
352645.947346 4026432.281346 0.000000 -0.000935
352645.791286 4026432.373581 0.000000 -0.000880
352645.630335 4026432.468728 0.000000 -0.000825
352645.464120 4026432.567006 0.000000 -0.000770
352645.292235 4026432.668654 0.000000 -0.000715
352645.114248 4026432.773925 0.000000 -0.000660
352644.929693 4026432.883094 0.000000 -0.000605
352644.738069 4026432.996454 0.000000 -0.000550
352644.538843 4026433.114321 0.000000 -0.000495
352644.331443 4026433.237032 0.000000 -0.000440
352644.115257 4026433.364947 0.000000 -0.000385
352643.889635 4026433.498450 0.000000 -0.000330
352643.653882 4026433.637951 0.000000 -0.000275
352643.407260 4026433.783886 0.000000 -0.000220
352643.148983 4026433.936719 0.000000 -0.000165
352642.878218 4026434.096943 0.000000 -0.000110
352642.594081 4026434.265080 0.000000 -0.000055
