352554.280137 4026406.786062 0.000000 0.000000
352553.960085 4026406.790811 0.000000 0.000000
352553.655377 4026406.795333 0.000000 0.000000
352553.365006 4026406.799642 0.000000 0.000000
352553.088018 4026406.803753 0.000000 0.000000
352552.823512 4026406.807678 0.000000 0.000000
352552.570639 4026406.811431 0.000000 0.000000
352552.328597 4026406.815023 0.000000 0.000000
352552.096631 4026406.818465 0.000000 0.000000
352551.874030 4026406.821768 0.000000 0.000000
352551.660127 4026406.824943 0.000000 0.000000
352551.454294 4026406.827997 0.000000 0.000000
352551.255942 4026406.830941 0.000000 0.000000
352551.064521 4026406.833782 0.000000 0.000000
352550.879514 4026406.836527 0.000000 0.000000
352550.700440 4026406.839185 0.000000 0.000000
352550.526849 4026406.841761 0.000000 0.000000
352550.358320 4026406.844262 0.000000 0.000000
352550.194464 4026406.846693 0.000000 0.000000
352550.034916 4026406.849061 0.000000 0.000000
352549.879341 4026406.851370 0.000000 0.000000
352549.727424 4026406.853624 0.000000 0.000000
352549.578876 4026406.855829 0.000000 0.000000
352549.433430 4026406.857987 0.000000 0.000000
352549.290837 4026406.860103 0.000000 0.000000
352549.150869 4026406.862180 0.000000 0.000000
352549.013317 4026406.864222 0.000000 0.000000
352548.877985 4026406.866230 0.000000 -0.000000
352548.744698 4026406.868208 0.000000 0.000000
352548.613291 4026406.870158 0.000000 0.000000
352548.483615 4026406.872082 0.000000 -0.000000
352548.355532 4026406.873983 0.000000 -0.000000
352548.228918 4026406.875862 0.000000 -0.000000
352548.103657 4026406.877721 0.000000 -0.000000
352547.979646 4026406.879561 0.000000 0.000000
352547.856787 4026406.881385 0.000000 -0.000000
352547.734993 4026406.883192 0.000000 -0.000000
352547.614184 4026406.884985 0.000000 0.000000
352547.494288 4026406.886764 0.000000 -0.000000
352547.375236 4026406.888531 0.000000 -0.000000
352547.256967 4026406.890286 0.000000 -0.000000
352547.139424 4026406.892030 0.000000 0.000000
352547.022556 4026406.893765 0.000000 0.000000
352546.906315 4026406.895490 0.000000 0.000000
352546.790655 4026406.897206 0.000000 0.000000
352546.675535 4026406.898914 0.000000 0.000000
352546.560916 4026406.900615 0.000000 -0.000000
352546.446764 4026406.902309 0.000000 0.000000
352546.333043 4026406.903997 0.000000 0.000000
352546.219722 4026406.905679 0.000000 -0.000000
352546.106771 4026406.907355 0.000000 -0.000000
352545.994162 4026406.909026 0.000000 0.000000
352545.881869 4026406.910692 0.000000 0.000000
352545.769865 4026406.912355 0.000000 -0.000000
352545.658129 4026406.914013 0.000000 -0.000000
352545.546638 4026406.915667 0.000000 0.000000
352545.435371 4026406.917319 0.000000 -0.000000
352545.324308 4026406.918967 0.000000 -0.000000
352545.213433 4026406.920612 0.000000 0.000000
352545.102728 4026406.922255 0.000000 -0.000000
352544.992177 4026406.923896 0.000000 0.000000
352544.881766 4026406.925534 0.000000 0.000000
352544.771480 4026406.927171 0.000000 -0.000000
352544.661307 4026406.928806 0.000000 0.000000
352544.551235 4026406.930439 0.000000 -0.000000
352544.441253 4026406.932071 0.000000 0.000000
352544.331351 4026406.933702 0.000000 -0.000000
352544.221518 4026406.935332 0.000000 0.000000
352544.111745 4026406.936961 0.000000 -0.000000
352544.002024 4026406.938590 0.000000 -0.000000
352543.892346 4026406.940217 0.000000 0.000000
352543.782704 4026406.941844 0.000000 0.000000
352543.673090 4026406.943471 0.000000 -0.000000
352543.563497 4026406.945097 0.000000 -0.000000
352543.453917 4026406.946723 0.000000 0.000000
352543.344344 4026406.948350 0.000000 -0.000000
352543.234772 4026406.949976 0.000000 0.000000
352543.125192 4026406.951602 0.000000 -0.000000
352543.015599 4026406.953228 0.000000 0.000000
352542.905985 4026406.954855 0.000000 0.000000
352542.796343 4026406.956482 0.000000 -0.000000
352542.686665 4026406.958110 0.000000 -0.000000
352542.576944 4026406.959738 0.000000 0.000000
352542.467171 4026406.961367 0.000000 -0.000000
352542.357338 4026406.962997 0.000000 -0.000000
352542.247436 4026406.964628 0.000000 0.000000
352542.137454 4026406.966260 0.000000 -0.000000
352542.027382 4026406.967893 0.000000 -0.000000
352541.917209 4026406.969528 0.000000 0.000000
352541.806923 4026406.971165 0.000000 0.000000
352541.696512 4026406.972803 0.000000 -0.000000
352541.585961 4026406.974444 0.000000 -0.000000
352541.475256 4026406.976087 0.000000 0.000000
352541.364381 4026406.977732 0.000000 -0.000000
352541.253318 4026406.979380 0.000000 0.000000
352541.142051 4026406.981032 0.000000 0.000000
352541.030560 4026406.982686 0.000000 -0.000000
352540.918824 4026406.984344 0.000000 -0.000000
352540.806820 4026406.986007 0.000000 0.000000
352540.694527 4026406.987673 0.000000 0.000000
352540.581918 4026406.989344 0.000000 -0.000000
352540.468967 4026406.991020 0.000000 0.000000
352540.355646 4026406.992702 0.000000 -0.000000
352540.241925 4026406.994390 0.000000 0.000000
352540.127772 4026406.996084 0.000000 -0.000000
352540.013154 4026406.997785 0.000000 0.000000
352539.898034 4026406.999493 0.000000 0.000000
352539.782374 4026407.001209 0.000000 0.000000
352539.666132 4026407.002934 0.000000 -0.000000
352539.549264 4026407.004669 0.000000 -0.000000
352539.431722 4026407.006413 0.000000 -0.000000
352539.313453 4026407.008168 0.000000 0.000000
352539.194401 4026407.009935 0.000000 -0.000000
352539.074505 4026407.011714 0.000000 -0.000000
352538.953696 4026407.013507 0.000000 0.000000
352538.831902 4026407.015314 0.000000 -0.000000
352538.709043 4026407.017138 0.000000 0.000000
352538.585032 4026407.018978 0.000000 -0.000000
352538.459771 4026407.020837 0.000000 -0.000000
352538.333157 4026407.022716 0.000000 -0.000000
352538.205074 4026407.024617 0.000000 -0.000000
352538.075398 4026407.026541 0.000000 -0.000000
352537.943991 4026407.028491 0.000000 0.000000
352537.810703 4026407.030469 0.000000 -0.000000
352537.675372 4026407.032477 0.000000 -0.000000
352537.537820 4026407.034519 0.000000 -0.000000
352537.397852 4026407.036596 0.000000 -0.000000
352537.255259 4026407.038712 0.000000 -0.000000
352537.109813 4026407.040870 0.000000 -0.000000
352536.961265 4026407.043075 0.000000 -0.000000
352536.809348 4026407.045329 0.000000 -0.000000
352536.653773 4026407.047638 0.000000 -0.000000
352536.494225 4026407.050006 0.000000 -0.000000
352536.330369 4026407.052437 0.000000 -0.000000
352536.161840 4026407.054938 0.000000 -0.000000
352535.988249 4026407.057515 0.000000 -0.000000
352535.809175 4026407.060172 0.000000 -0.000000
352535.624168 4026407.062918 0.000000 -0.000000
352535.432747 4026407.065758 0.000000 0.000000
352535.234395 4026407.068702 0.000000 0.000000
352535.028562 4026407.071756 0.000000 0.000000
352534.814659 4026407.074931 0.000000 0.000000
352534.592058 4026407.078234 0.000000 0.000000
352534.360092 4026407.081676 0.000000 0.000000
352534.118050 4026407.085268 0.000000 0.000000
352533.865177 4026407.089021 0.000000 0.000000
352533.600671 4026407.092946 0.000000 0.000000
352533.323683 4026407.097057 0.000000 0.000000
352533.033312 4026407.101366 0.000000 0.000000
352532.728604 4026407.105888 0.000000 0.000000
