352504.343712 4026407.468831 0.000000 0.000000
352504.002508 4026407.475692 0.000000 -0.000000
352503.677664 4026407.482224 0.000000 -0.000000
352503.368108 4026407.488449 0.000000 -0.000000
352503.072830 4026407.494386 0.000000 -0.000000
352502.790876 4026407.500056 0.000000 -0.000000
352502.521350 4026407.505476 0.000000 -0.000000
352502.263407 4026407.510663 0.000000 -0.000000
352502.016253 4026407.515632 0.000000 -0.000000
352501.779145 4026407.520400 0.000000 -0.000000
352501.551383 4026407.524980 0.000000 -0.000000
352501.332315 4026407.529385 0.000000 -0.000000
352501.121329 4026407.533628 0.000000 -0.000000
352500.917854 4026407.537719 0.000000 -0.000000
352500.721358 4026407.541670 0.000000 -0.000000
352500.531343 4026407.545491 0.000000 -0.000000
352500.347348 4026407.549191 0.000000 -0.000000
352500.168945 4026407.552779 0.000000 -0.000000
352499.995735 4026407.556261 0.000000 -0.000000
352499.827350 4026407.559647 0.000000 -0.000000
352499.663448 4026407.562943 0.000000 -0.000000
352499.503715 4026407.566155 0.000000 -0.000000
352499.347859 4026407.569289 0.000000 -0.000000
352499.195613 4026407.572351 0.000000 -0.000000
352499.046731 4026407.575344 0.000000 -0.000000
352498.900986 4026407.578275 0.000000 0.000000
352498.758170 4026407.581147 0.000000 0.000000
352498.618094 4026407.583963 0.000000 -0.000000
352498.480582 4026407.586729 0.000000 -0.000000
352498.345477 4026407.589445 0.000000 -0.000000
352498.212632 4026407.592117 0.000000 -0.000000
352498.081915 4026407.594745 0.000000 -0.000000
352497.953204 4026407.597333 0.000000 -0.000000
352497.826388 4026407.599883 0.000000 0.000000
352497.701366 4026407.602397 0.000000 -0.000000
352497.578046 4026407.604877 0.000000 -0.000000
352497.456344 4026407.607324 0.000000 0.000000
352497.336181 4026407.609741 0.000000 0.000000
352497.217487 4026407.612127 0.000000 -0.000000
352497.100196 4026407.614486 0.000000 -0.000000
352496.984246 4026407.616817 0.000000 0.000000
352496.869582 4026407.619123 0.000000 -0.000000
352496.756152 4026407.621404 0.000000 0.000000
352496.643905 4026407.623661 0.000000 -0.000000
352496.532795 4026407.625895 0.000000 0.000000
352496.422779 4026407.628107 0.000000 0.000000
352496.313813 4026407.630299 0.000000 0.000000
352496.205859 4026407.632469 0.000000 0.000000
352496.098877 4026407.634621 0.000000 0.000000
352495.992830 4026407.636753 0.000000 -0.000000
352495.887681 4026407.638867 0.000000 0.000000
352495.783397 4026407.640964 0.000000 0.000000
352495.679941 4026407.643045 0.000000 0.000000
352495.577283 4026407.645109 0.000000 -0.000000
352495.475389 4026407.647158 0.000000 0.000000
352495.374229 4026407.649192 0.000000 0.000000
352495.273772 4026407.651212 0.000000 0.000000
352495.173990 4026407.653218 0.000000 0.000000
352495.074853 4026407.655212 0.000000 0.000000
352494.976335 4026407.657193 0.000000 -0.000000
352494.878410 4026407.659162 0.000000 -0.000000
352494.781051 4026407.661120 0.000000 -0.000000
352494.684234 4026407.663067 0.000000 0.000000
352494.587934 4026407.665003 0.000000 0.000000
352494.492130 4026407.666929 0.000000 0.000000
352494.396797 4026407.668846 0.000000 0.000000
352494.301915 4026407.670754 0.000000 0.000000
352494.207462 4026407.672654 0.000000 0.000000
352494.113418 4026407.674545 0.000000 0.000000
352494.019764 4026407.676428 0.000000 -0.000000
352493.926481 4026407.678304 0.000000 0.000000
352493.833550 4026407.680172 0.000000 -0.000000
352493.740954 4026407.682034 0.000000 -0.000000
352493.648675 4026407.683890 0.000000 -0.000000
352493.556698 4026407.685739 0.000000 0.000000
352493.465006 4026407.687583 0.000000 -0.000000
352493.373584 4026407.689421 0.000000 0.000000
352493.282417 4026407.691255 0.000000 0.000000
352493.191491 4026407.693083 0.000000 0.000000
352493.100791 4026407.694907 0.000000 -0.000000
352493.010305 4026407.696726 0.000000 -0.000000
352492.920019 4026407.698542 0.000000 -0.000000
352492.829921 4026407.700354 0.000000 0.000000
352492.739999 4026407.702162 0.000000 0.000000
352492.650241 4026407.703967 0.000000 0.000000
352492.560634 4026407.705769 0.000000 -0.000000
352492.471169 4026407.707567 0.000000 0.000000
352492.381835 4026407.709364 0.000000 -0.000000
352492.292620 4026407.711158 0.000000 -0.000000
352492.203515 4026407.712950 0.000000 -0.000000
352492.114510 4026407.714739 0.000000 0.000000
352492.025594 4026407.716527 0.000000 -0.000000
352491.936759 4026407.718314 0.000000 0.000000
352491.847995 4026407.720098 0.000000 -0.000000
352491.759292 4026407.721882 0.000000 0.000000
352491.670642 4026407.723665 0.000000 -0.000000
352491.582035 4026407.725446 0.000000 -0.000000
352491.493463 4026407.727227 0.000000 0.000000
352491.404917 4026407.729008 0.000000 -0.000000
352491.316389 4026407.730788 0.000000 -0.000000
352491.227869 4026407.732568 0.000000 -0.000000
352491.139349 4026407.734348 0.000000 0.000000
352491.050820 4026407.736128 0.000000 0.000000
352490.962275 4026407.737909 0.000000 0.000000
352490.873703 4026407.739690 0.000000 0.000000
352490.785096 4026407.741472 0.000000 0.000000
352490.696446 4026407.743254 0.000000 -0.000000
352490.607743 4026407.745038 0.000000 0.000000
352490.518979 4026407.746823 0.000000 -0.000000
352490.430143 4026407.748609 0.000000 -0.000000
352490.341228 4026407.750397 0.000000 0.000000
352490.252222 4026407.752187 0.000000 -0.000000
352490.163117 4026407.753978 0.000000 -0.000000
352490.073903 4026407.755772 0.000000 0.000000
352489.984568 4026407.757569 0.000000 -0.000000
352489.895103 4026407.759368 0.000000 -0.000000
352489.805497 4026407.761170 0.000000 -0.000000
352489.715739 4026407.762974 0.000000 -0.000000
352489.625816 4026407.764783 0.000000 0.000000
352489.535718 4026407.766594 0.000000 -0.000000
352489.445433 4026407.768410 0.000000 -0.000000
352489.354946 4026407.770229 0.000000 0.000000
352489.264247 4026407.772053 0.000000 -0.000000
352489.173321 4026407.773882 0.000000 -0.000000
352489.082154 4026407.775715 0.000000 -0.000000
352488.990732 4026407.777553 0.000000 0.000000
352488.899040 4026407.779397 0.000000 -0.000000
352488.807062 4026407.781246 0.000000 -0.000000
352488.714784 4026407.783102 0.000000 -0.000000
352488.622188 4026407.784964 0.000000 0.000000
352488.529257 4026407.786833 0.000000 0.000000
352488.435973 4026407.788708 0.000000 0.000000
352488.342319 4026407.790592 0.000000 0.000000
352488.248276 4026407.792483 0.000000 0.000000
352488.153823 4026407.794382 0.000000 -0.000000
352488.058941 4026407.796290 0.000000 0.000000
352487.963608 4026407.798207 0.000000 0.000000
352487.867803 4026407.800133 0.000000 -0.000000
352487.771504 4026407.802070 0.000000 0.000000
352487.674687 4026407.804016 0.000000 0.000000
352487.577328 4026407.805974 0.000000 0.000000
352487.479402 4026407.807943 0.000000 -0.000000
352487.380885 4026407.809924 0.000000 -0.000000
352487.281748 4026407.811918 0.000000 0.000000
352487.181966 4026407.813924 0.000000 -0.000000
352487.081509 4026407.815944 0.000000 0.000000
352486.980349 4026407.817978 0.000000 0.000000
352486.878455 4026407.820027 0.000000 0.000000
352486.775796 4026407.822092 0.000000 0.000000
352486.672341 4026407.824172 0.000000 0.000000
352486.568056 4026407.826269 0.000000 0.000000
352486.462908 4026407.828383 0.000000 0.000000
352486.356861 4026407.830516 0.000000 -0.000000
352486.249879 4026407.832667 0.000000 0.000000
352486.141924 4026407.834838 0.000000 0.000000
352486.032959 4026407.837029 0.000000 0.000000
352485.922942 4026407.839241 0.000000 -0.000000
352485.811833 4026407.841475 0.000000 0.000000
352485.699586 4026407.843732 0.000000 0.000000
352485.586155 4026407.846013 0.000000 -0.000000
352485.471492 4026407.848319 0.000000 0.000000
352485.355542 4026407.850650 0.000000 0.000000
352485.238251 4026407.853009 0.000000 -0.000000
352485.119556 4026407.855396 0.000000 -0.000000
352484.999394 4026407.857812 0.000000 0.000000
352484.877691 4026407.860259 0.000000 -0.000000
352484.754371 4026407.862739 0.000000 0.000000
352484.629350 4026407.865253 0.000000 -0.000000
352484.502534 4026407.867803 0.000000 0.000000
352484.373823 4026407.870391 0.000000 0.000000
352484.243105 4026407.873020 0.000000 -0.000000
352484.110260 4026407.875691 0.000000 0.000000
352483.975155 4026407.878408 0.000000 0.000000
352483.837644 4026407.881173 0.000000 -0.000000
352483.697568 4026407.883989 0.000000 -0.000000
352483.554752 4026407.886861 0.000000 0.000000
352483.409007 4026407.889792 0.000000 -0.000000
352483.260125 4026407.892786 0.000000 0.000000
352483.107879 4026407.895847 0.000000 0.000000
352482.952023 4026407.898981 0.000000 0.000000
352482.792289 4026407.902193 0.000000 0.000000
352482.628388 4026407.905489 0.000000 0.000000
352482.460002 4026407.908875 0.000000 0.000000
352482.286793 4026407.912358 0.000000 0.000000
352482.108389 4026407.915945 0.000000 0.000000
352481.924395 4026407.919645 0.000000 0.000000
352481.734380 4026407.923466 0.000000 0.000000
352481.537883 4026407.927417 0.000000 0.000000
352481.334408 4026407.931509 0.000000 0.000000
352481.123422 4026407.935751 0.000000 0.000000
352480.904354 4026407.940156 0.000000 0.000000
352480.676593 4026407.944736 0.000000 0.000000
352480.439484 4026407.949504 0.000000 0.000000
352480.192331 4026407.954474 0.000000 0.000000
352479.934388 4026407.959661 0.000000 0.000000
352479.664861 4026407.965080 0.000000 0.000000
352479.382908 4026407.970750 0.000000 0.000000
352479.087629 4026407.976687 0.000000 0.000000
352478.778074 4026407.982912 0.000000 0.000000
352478.453229 4026407.989444 0.000000 0.000000
