352478.112026 4026407.996305 0.000000 0.000000
352477.819025 4026407.989897 0.000000 0.009030
352477.526516 4026407.981691 0.000000 0.018059
352477.234762 4026407.971063 0.000000 0.027089
352476.944063 4026407.957396 0.000000 0.036119
352476.654761 4026407.940091 0.000000 0.045148
352476.367225 4026407.918563 0.000000 0.054178
352476.081850 4026407.892250 0.000000 0.063208
352475.799052 4026407.860612 0.000000 0.072238
352475.519261 4026407.823134 0.000000 0.081267
352475.242917 4026407.779334 0.000000 0.090297
352474.970466 4026407.728755 0.000000 0.099327
352474.702355 4026407.670978 0.000000 0.108356
352474.439028 4026407.605615 0.000000 0.117386
352474.180923 4026407.532316 0.000000 0.126416
352473.928467 4026407.450769 0.000000 0.135445
352473.682072 4026407.360701 0.000000 0.144475
352473.442135 4026407.261878 0.000000 0.153505
352473.209032 4026407.154108 0.000000 0.162534
352472.983115 4026407.037238 0.000000 0.171564
352472.764713 4026406.911159 0.000000 0.180594
352472.554127 4026406.775803 0.000000 0.186508
352472.351628 4026406.631144 0.000000 0.191359
352472.157454 4026406.477195 0.000000 0.195035
352471.971814 4026406.314013 0.000000 0.197447
352471.794880 4026406.141692 0.000000 0.198540
352471.626789 4026405.960369 0.000000 0.198291
352471.467642 4026405.770215 0.000000 0.196713
352471.317505 4026405.571439 0.000000 0.193857
352471.176403 4026405.364286 0.000000 0.189804
352471.044326 4026405.149032 0.000000 0.184666
352470.921227 4026404.925987 0.000000 0.178575
352470.807022 4026404.695487 0.000000 0.171676
352470.701588 4026404.457895 0.000000 0.162138
352470.604769 4026404.213600 0.000000 0.152601
352470.516373 4026403.963010 0.000000 0.143063
352470.436173 4026403.706550 0.000000 0.133526
352470.363913 4026403.444661 0.000000 0.123988
352470.299305 4026403.177795 0.000000 0.114451
352470.242030 4026402.906409 0.000000 0.104913
352470.191746 4026402.630967 0.000000 0.095375
352470.148085 4026402.351928 0.000000 0.085838
352470.110659 4026402.069748 0.000000 0.076300
352470.079060 4026401.784872 0.000000 0.066763
352470.052864 4026401.497733 0.000000 0.057225
352470.031636 4026401.208739 0.000000 0.047688
352470.014931 4026400.918279 0.000000 0.038150
352470.002300 4026400.626707 0.000000 0.028613
352469.993293 4026400.334342 0.000000 0.019075
352469.987463 4026400.041463 0.000000 0.009538
