352465.643700 4026408.150235 0.000000 0.000000
352465.295591 4026408.137099 0.000000 0.004447
352464.964856 4026408.121432 0.000000 0.008893
352464.650413 4026408.103322 0.000000 0.013340
352464.351244 4026408.082852 0.000000 0.017786
352464.066388 4026408.060106 0.000000 0.022233
352463.794942 4026408.035161 0.000000 0.026679
352463.536056 4026408.008095 0.000000 0.031126
352463.288931 4026407.978980 0.000000 0.035572
352463.052818 4026407.947888 0.000000 0.040019
352462.827016 4026407.914888 0.000000 0.044465
352462.610867 4026407.880045 0.000000 0.048912
352462.403757 4026407.843425 0.000000 0.053358
352462.205113 4026407.805088 0.000000 0.057805
352462.014400 4026407.765095 0.000000 0.062251
352461.831120 4026407.723504 0.000000 0.066698
352461.654808 4026407.680371 0.000000 0.071144
352461.485035 4026407.635749 0.000000 0.075591
352461.321401 4026407.589692 0.000000 0.080037
352461.163536 4026407.542250 0.000000 0.084484
352461.011097 4026407.493472 0.000000 0.088930
352460.863767 4026407.443406 0.000000 0.093377
352460.721255 4026407.392099 0.000000 0.097824
352460.583290 4026407.339594 0.000000 0.102270
352460.449624 4026407.285936 0.000000 0.106717
352460.320029 4026407.231168 0.000000 0.110851
352460.194295 4026407.175329 0.000000 0.114819
352460.072228 4026407.118460 0.000000 0.118602
352459.953652 4026407.060600 0.000000 0.122182
352459.838404 4026407.001787 0.000000 0.125546
352459.726335 4026406.942057 0.000000 0.128683
352459.617307 4026406.881446 0.000000 0.131584
352459.511196 4026406.819990 0.000000 0.134244
352459.407886 4026406.757723 0.000000 0.136660
352459.307270 4026406.694677 0.000000 0.138830
352459.209249 4026406.630886 0.000000 0.140758
352459.113735 4026406.566381 0.000000 0.142445
352459.020642 4026406.501193 0.000000 0.143896
352458.929891 4026406.435354 0.000000 0.145116
352458.841411 4026406.368891 0.000000 0.146111
352458.755132 4026406.301836 0.000000 0.146889
352458.670990 4026406.234216 0.000000 0.147455
352458.588923 4026406.166060 0.000000 0.147817
352458.508873 4026406.097395 0.000000 0.147982
352458.430783 4026406.028247 0.000000 0.147955
352458.354599 4026405.958644 0.000000 0.147744
352458.280269 4026405.888611 0.000000 0.147354
352458.207742 4026405.818173 0.000000 0.146792
352458.136968 4026405.747356 0.000000 0.146063
352458.067897 4026405.676184 0.000000 0.145172
352458.000483 4026405.604680 0.000000 0.144126
352457.934677 4026405.532869 0.000000 0.142931
352457.870433 4026405.460773 0.000000 0.141591
352457.807706 4026405.388414 0.000000 0.140112
352457.746450 4026405.315815 0.000000 0.138502
352457.686622 4026405.242996 0.000000 0.136764
352457.628178 4026405.169980 0.000000 0.134907
352457.571075 4026405.096786 0.000000 0.132937
352457.515272 4026405.023434 0.000000 0.130859
352457.460729 4026404.949943 0.000000 0.128682
352457.407404 4026404.876334 0.000000 0.126412
352457.355259 4026404.802623 0.000000 0.124057
352457.304256 4026404.728829 0.000000 0.121625
352457.254356 4026404.654970 0.000000 0.119122
352457.205524 4026404.581061 0.000000 0.116558
352457.157723 4026404.507121 0.000000 0.113939
352457.110919 4026404.433163 0.000000 0.111274
352457.065076 4026404.359204 0.000000 0.108570
352457.020163 4026404.285259 0.000000 0.105836
352456.976146 4026404.211342 0.000000 0.103077
352456.932993 4026404.137466 0.000000 0.100303
352456.890675 4026404.063646 0.000000 0.097519
352456.849160 4026403.989893 0.000000 0.094732
352456.808420 4026403.916221 0.000000 0.091950
352456.768427 4026403.842641 0.000000 0.089177
352456.729152 4026403.769164 0.000000 0.086420
352456.690570 4026403.695801 0.000000 0.083685
352456.652654 4026403.622563 0.000000 0.080975
352456.615379 4026403.549460 0.000000 0.078296
352456.578721 4026403.476500 0.000000 0.075651
352456.542657 4026403.403694 0.000000 0.073046
352456.507164 4026403.331049 0.000000 0.070484
352456.472220 4026403.258573 0.000000 0.067967
352456.437804 4026403.186274 0.000000 0.065499
352456.403896 4026403.114160 0.000000 0.063083
352456.370475 4026403.042236 0.000000 0.060721
352456.337524 4026402.970510 0.000000 0.058416
352456.305023 4026402.898986 0.000000 0.056169
352456.272956 4026402.827671 0.000000 0.053983
352456.241305 4026402.756569 0.000000 0.051858
352456.210055 4026402.685685 0.000000 0.049796
352456.179191 4026402.615023 0.000000 0.047798
352456.148697 4026402.544587 0.000000 0.045865
352456.118559 4026402.474380 0.000000 0.043997
352456.088765 4026402.404406 0.000000 0.042195
352456.059301 4026402.334666 0.000000 0.040460
352456.030155 4026402.265164 0.000000 0.038791
352456.001316 4026402.195902 0.000000 0.037188
352455.972771 4026402.126880 0.000000 0.035652
352455.944512 4026402.058101 0.000000 0.034181
352455.916527 4026401.989565 0.000000 0.032775
352455.888808 4026401.921274 0.000000 0.031434
352455.861345 4026401.853227 0.000000 0.030157
352455.834130 4026401.785424 0.000000 0.028942
352455.807154 4026401.717866 0.000000 0.027790
352455.780410 4026401.650553 0.000000 0.026698
352455.753891 4026401.583483 0.000000 0.025666
352455.727590 4026401.516656 0.000000 0.024692
352455.701500 4026401.450071 0.000000 0.023775
352455.675615 4026401.383726 0.000000 0.022914
352455.649930 4026401.317621 0.000000 0.022107
352455.624438 4026401.251752 0.000000 0.021353
352455.599135 4026401.186119 0.000000 0.020649
352455.574016 4026401.120720 0.000000 0.019994
352455.549075 4026401.055552 0.000000 0.019387
352455.524309 4026400.990613 0.000000 0.018826
352455.499714 4026400.925900 0.000000 0.018308
352455.475285 4026400.861412 0.000000 0.017833
352455.451019 4026400.797144 0.000000 0.017398
352455.426913 4026400.733094 0.000000 0.017002
352455.402962 4026400.669260 0.000000 0.016642
352455.379165 4026400.605638 0.000000 0.016317
352455.355517 4026400.542225 0.000000 0.016025
352455.332016 4026400.479017 0.000000 0.015765
352455.308660 4026400.416012 0.000000 0.015533
352455.285445 4026400.353206 0.000000 0.015330
352455.262370 4026400.290595 0.000000 0.015152
352455.239431 4026400.228176 0.000000 0.014997
352455.216628 4026400.165945 0.000000 0.014866
352455.193957 4026400.103898 0.000000 0.014754
352455.171417 4026400.042033 0.000000 0.014662
352455.149005 4026399.980344 0.000000 0.014587
352455.126720 4026399.918829 0.000000 0.014528
352455.104560 4026399.857483 0.000000 0.014483
352455.082522 4026399.796302 0.000000 0.014450
352455.060606 4026399.735284 0.000000 0.014429
352455.038810 4026399.674423 0.000000 0.014418
352455.017131 4026399.613717 0.000000 0.014416
352454.995568 4026399.553161 0.000000 0.014421
352454.974121 4026399.492751 0.000000 0.014432
352454.952786 4026399.432483 0.000000 0.014448
352454.931562 4026399.372354 0.000000 0.014469
352454.910448 4026399.312361 0.000000 0.014493
352454.889443 4026399.252498 0.000000 0.014519
352454.868544 4026399.192762 0.000000 0.014547
352454.847751 4026399.133150 0.000000 0.014576
352454.827061 4026399.073658 0.000000 0.014605
352454.806473 4026399.014282 0.000000 0.014634
352454.785986 4026398.955019 0.000000 0.014661
352454.765598 4026398.895864 0.000000 0.014688
352454.745308 4026398.836814 0.000000 0.014712
352454.725114 4026398.777867 0.000000 0.014735
352454.705015 4026398.719017 0.000000 0.014755
352454.685009 4026398.660262 0.000000 0.014773
352454.665095 4026398.601599 0.000000 0.014788
352454.645271 4026398.543023 0.000000 0.014801
352454.625536 4026398.484532 0.000000 0.014810
352454.605889 4026398.426123 0.000000 0.014817
352454.586327 4026398.367791 0.000000 0.014821
352454.566851 4026398.309535 0.000000 0.014822
352454.547458 4026398.251350 0.000000 0.014820
352454.528146 4026398.193235 0.000000 0.014816
352454.508916 4026398.135185 0.000000 0.014809
352454.489765 4026398.077197 0.000000 0.014800
352454.470692 4026398.019270 0.000000 0.014788
352454.451696 4026397.961400 0.000000 0.014774
352454.432776 4026397.903585 0.000000 0.014758
352454.413930 4026397.845820 0.000000 0.014741
352454.395157 4026397.788105 0.000000 0.014722
352454.376457 4026397.730437 0.000000 0.014701
352454.357827 4026397.672812 0.000000 0.014679
352454.339268 4026397.615228 0.000000 0.014656
352454.320777 4026397.557684 0.000000 0.014632
352454.302354 4026397.500176 0.000000 0.014607
352454.283999 4026397.442702 0.000000 0.014582
352454.265708 4026397.385261 0.000000 0.014556
352454.247483 4026397.327850 0.000000 0.014530
352454.229322 4026397.270466 0.000000 0.014504
352454.211224 4026397.213108 0.000000 0.014478
352454.193188 4026397.155774 0.000000 0.014451
352454.175214 4026397.098463 0.000000 0.014425
352454.157300 4026397.041171 0.000000 0.014400
352454.139446 4026396.983897 0.000000 0.014375
352454.121651 4026396.926641 0.000000 0.014350
352454.103915 4026396.869399 0.000000 0.014326
352454.086236 4026396.812170 0.000000 0.014302
352454.068615 4026396.754954 0.000000 0.014280
352454.051049 4026396.697747 0.000000 0.014258
352454.033540 4026396.640550 0.000000 0.014237
352454.016086 4026396.583360 0.000000 0.014217
352453.998687 4026396.526177 0.000000 0.014198
352453.981342 4026396.468998 0.000000 0.014179
352453.964051 4026396.411824 0.000000 0.014162
352453.946813 4026396.354652 0.000000 0.014145
352453.929629 4026396.297482 0.000000 0.014130
352453.912496 4026396.240312 0.000000 0.014115
352453.895416 4026396.183143 0.000000 0.014102
352453.878388 4026396.125971 0.000000 0.014089
352453.861411 4026396.068798 0.000000 0.014077
352453.844485 4026396.011622 0.000000 0.014066
352453.827610 4026395.954442 0.000000 0.014056
352453.810786 4026395.897258 0.000000 0.014046
352453.794012 4026395.840068 0.000000 0.014037
352453.777288 4026395.782873 0.000000 0.014029
352453.760614 4026395.725671 0.000000 0.014021
352453.743990 4026395.668462 0.000000 0.014013
352453.727415 4026395.611246 0.000000 0.014006
352453.710890 4026395.554021 0.000000 0.014000
352453.694414 4026395.496788 0.000000 0.013993
352453.677987 4026395.439547 0.000000 0.013987
352453.661608 4026395.382295 0.000000 0.013981
352453.645279 4026395.325035 0.000000 0.013975
352453.628998 4026395.267764 0.000000 0.013969
352453.612766 4026395.210483 0.000000 0.013963
352453.596582 4026395.153191 0.000000 0.013956
352453.580446 4026395.095888 0.000000 0.013950
352453.564359 4026395.038574 0.000000 0.013943
352453.548320 4026394.981249 0.000000 0.013936
352453.532329 4026394.923912 0.000000 0.013928
352453.516386 4026394.866564 0.000000 0.013920
352453.500491 4026394.809204 0.000000 0.013911
352453.484644 4026394.751831 0.000000 0.013902
352453.468845 4026394.694447 0.000000 0.013892
352453.453094 4026394.637050 0.000000 0.013881
352453.437390 4026394.579641 0.000000 0.013869
352453.421734 4026394.522219 0.000000 0.013857
352453.406125 4026394.464785 0.000000 0.013844
352453.390564 4026394.407338 0.000000 0.013830
352453.375051 4026394.349879 0.000000 0.013815
352453.359585 4026394.292407 0.000000 0.013799
352453.344166 4026394.234923 0.000000 0.013782
352453.328795 4026394.177425 0.000000 0.013764
352453.313471 4026394.119916 0.000000 0.013745
352453.298193 4026394.062393 0.000000 0.013725
352453.282963 4026394.004858 0.000000 0.013705
352453.267780 4026393.947310 0.000000 0.013683
352453.252644 4026393.889750 0.000000 0.013660
352453.237555 4026393.832177 0.000000 0.013636
352453.222513 4026393.774592 0.000000 0.013611
352453.207517 4026393.716994 0.000000 0.013585
352453.192568 4026393.659384 0.000000 0.013557
352453.177665 4026393.601761 0.000000 0.013529
352453.162809 4026393.544126 0.000000 0.013501
352453.147999 4026393.486479 0.000000 0.013471
352453.133235 4026393.428819 0.000000 0.013440
352453.118518 4026393.371148 0.000000 0.013408
352453.103846 4026393.313464 0.000000 0.013376
352453.089220 4026393.255768 0.000000 0.013342
352453.074640 4026393.198060 0.000000 0.013308
352453.060106 4026393.140341 0.000000 0.013273
352453.045617 4026393.082609 0.000000 0.013238
352453.031174 4026393.024866 0.000000 0.013202
352453.016776 4026392.967111 0.000000 0.013165
352453.002423 4026392.909344 0.000000 0.013127
352452.988115 4026392.851566 0.000000 0.013090
352452.973852 4026392.793776 0.000000 0.013051
352452.959633 4026392.735975 0.000000 0.013013
352452.945460 4026392.678162 0.000000 0.012974
352452.931331 4026392.620338 0.000000 0.012934
352452.917246 4026392.562503 0.000000 0.012895
352452.903206 4026392.504657 0.000000 0.012855
352452.889209 4026392.446799 0.000000 0.012815
352452.875257 4026392.388931 0.000000 0.012775
352452.861348 4026392.331052 0.000000 0.012735
352452.847483 4026392.273162 0.000000 0.012695
352452.833662 4026392.215261 0.000000 0.012655
352452.819884 4026392.157349 0.000000 0.012615
352452.806149 4026392.099427 0.000000 0.012576
352452.792458 4026392.041494 0.000000 0.012536
352452.778809 4026391.983551 0.000000 0.012497
352452.765204 4026391.925597 0.000000 0.012457
352452.751641 4026391.867633 0.000000 0.012419
352452.738121 4026391.809658 0.000000 0.012380
352452.724643 4026391.751674 0.000000 0.012342
352452.711208 4026391.693679 0.000000 0.012304
352452.697815 4026391.635674 0.000000 0.012267
352452.684464 4026391.577660 0.000000 0.012230
352452.671155 4026391.519635 0.000000 0.012193
352452.657888 4026391.461601 0.000000 0.012157
352452.644663 4026391.403556 0.000000 0.012122
352452.631479 4026391.345502 0.000000 0.012087
352452.618337 4026391.287439 0.000000 0.012053
352452.605237 4026391.229366 0.000000 0.012019
352452.592178 4026391.171283 0.000000 0.011986
352452.579160 4026391.113191 0.000000 0.011953
352452.566183 4026391.055090 0.000000 0.011921
352452.553247 4026390.996979 0.000000 0.011890
352452.540352 4026390.938859 0.000000 0.011859
352452.527498 4026390.880730 0.000000 0.011829
352452.514685 4026390.822592 0.000000 0.011800
352452.501912 4026390.764445 0.000000 0.011771
352452.489180 4026390.706288 0.000000 0.011743
352452.476489 4026390.648123 0.000000 0.011715
352452.463838 4026390.589949 0.000000 0.011688
352452.451227 4026390.531767 0.000000 0.011662
352452.438656 4026390.473575 0.000000 0.011636
352452.426126 4026390.415375 0.000000 0.011611
352452.413635 4026390.357166 0.000000 0.011587
352452.401185 4026390.298949 0.000000 0.011563
352452.388774 4026390.240723 0.000000 0.011540
352452.376404 4026390.182489 0.000000 0.011517
352452.364073 4026390.124246 0.000000 0.011495
352452.351782 4026390.065995 0.000000 0.011474
352452.339530 4026390.007736 0.000000 0.011453
352452.327318 4026389.949468 0.000000 0.011432
352452.315146 4026389.891193 0.000000 0.011412
352452.303013 4026389.832909 0.000000 0.011393
352452.290920 4026389.774617 0.000000 0.011373
352452.278866 4026389.716317 0.000000 0.011355
352452.266851 4026389.658009 0.000000 0.011337
352452.254876 4026389.599692 0.000000 0.011319
352452.242940 4026389.541369 0.000000 0.011301
352452.231043 4026389.483037 0.000000 0.011284
352452.219185 4026389.424697 0.000000 0.011267
352452.207366 4026389.366350 0.000000 0.011250
352452.195587 4026389.307995 0.000000 0.011234
352452.183846 4026389.249632 0.000000 0.011218
352452.172144 4026389.191261 0.000000 0.011202
352452.160481 4026389.132883 0.000000 0.011186
352452.148857 4026389.074497 0.000000 0.011171
352452.137272 4026389.016104 0.000000 0.011155
352452.125725 4026388.957703 0.000000 0.011140
352452.114218 4026388.899295 0.000000 0.011124
352452.102749 4026388.840879 0.000000 0.011109
352452.091318 4026388.782456 0.000000 0.011094
352452.079926 4026388.724025 0.000000 0.011078
352452.068573 4026388.665587 0.000000 0.011063
352452.057258 4026388.607142 0.000000 0.011047
352452.045982 4026388.548690 0.000000 0.011031
352452.034744 4026388.490230 0.000000 0.011015
352452.023544 4026388.431763 0.000000 0.010999
352452.012383 4026388.373289 0.000000 0.010983
352452.001260 4026388.314807 0.000000 0.010966
352451.990175 4026388.256319 0.000000 0.010949
352451.979128 4026388.197823 0.000000 0.010932
352451.968120 4026388.139321 0.000000 0.010914
352451.957149 4026388.080811 0.000000 0.010896
352451.946216 4026388.022294 0.000000 0.010877
352451.935322 4026387.963771 0.000000 0.010858
352451.924465 4026387.905240 0.000000 0.010838
352451.913646 4026387.846702 0.000000 0.010818
352451.902865 4026387.788158 0.000000 0.010797
352451.892122 4026387.729606 0.000000 0.010775
352451.881416 4026387.671048 0.000000 0.010753
352451.870748 4026387.612483 0.000000 0.010730
352451.860117 4026387.553911 0.000000 0.010706
352451.849523 4026387.495333 0.000000 0.010681
352451.838967 4026387.436747 0.000000 0.010656
352451.828448 4026387.378155 0.000000 0.010630
352451.817967 4026387.319556 0.000000 0.010602
352451.807522 4026387.260951 0.000000 0.010574
352451.797114 4026387.202339 0.000000 0.010545
352451.786744 4026387.143720 0.000000 0.010515
352451.776410 4026387.085095 0.000000 0.010484
352451.766112 4026387.026463 0.000000 0.010452
352451.755852 4026386.967825 0.000000 0.010419
352451.745627 4026386.909180 0.000000 0.010385
352451.735439 4026386.850529 0.000000 0.010350
352451.725287 4026386.791871 0.000000 0.010314
352451.715172 4026386.733207 0.000000 0.010277
352451.705092 4026386.674537 0.000000 0.010239
352451.695048 4026386.615860 0.000000 0.010200
352451.685040 4026386.557177 0.000000 0.010160
352451.675067 4026386.498488 0.000000 0.010119
352451.665130 4026386.439792 0.000000 0.010077
352451.655228 4026386.381091 0.000000 0.010034
352451.645361 4026386.322383 0.000000 0.009990
352451.635529 4026386.263669 0.000000 0.009945
352451.625731 4026386.204949 0.000000 0.009899
352451.615968 4026386.146223 0.000000 0.009853
352451.606240 4026386.087492 0.000000 0.009806
352451.596546 4026386.028754 0.000000 0.009758
352451.586886 4026385.970010 0.000000 0.009710
352451.577260 4026385.911261 0.000000 0.009661
352451.567668 4026385.852506 0.000000 0.009612
352451.558109 4026385.793745 0.000000 0.009563
352451.548583 4026385.734978 0.000000 0.009513
352451.539091 4026385.676206 0.000000 0.009463
352451.529632 4026385.617428 0.000000 0.009413
352451.520205 4026385.558644 0.000000 0.009363
352451.510811 4026385.499855 0.000000 0.009313
352451.501450 4026385.441061 0.000000 0.009264
352451.492120 4026385.382261 0.000000 0.009215
352451.482823 4026385.323456 0.000000 0.009166
352451.473558 4026385.264646 0.000000 0.009118
352451.464324 4026385.205830 0.000000 0.009071
352451.455121 4026385.147010 0.000000 0.009025
352451.445950 4026385.088184 0.000000 0.008980
352451.436811 4026385.029353 0.000000 0.008936
352451.427702 4026384.970517 0.000000 0.008894
352451.418624 4026384.911676 0.000000 0.008853
352451.409576 4026384.852830 0.000000 0.008813
352451.400559 4026384.793979 0.000000 0.008776
352451.391572 4026384.735123 0.000000 0.008741
352451.382616 4026384.676263 0.000000 0.008708
352451.373689 4026384.617398 0.000000 0.008677
352451.364793 4026384.558528 0.000000 0.008649
352451.355926 4026384.499654 0.000000 0.008623
352451.347089 4026384.440775 0.000000 0.008601
352451.338282 4026384.381891 0.000000 0.008581
352451.329504 4026384.323003 0.000000 0.008565
352451.320755 4026384.264111 0.000000 0.008552
352451.312036 4026384.205214 0.000000 0.008543
352451.303346 4026384.146313 0.000000 0.008537
352451.294686 4026384.087408 0.000000 0.008535
352451.286055 4026384.028498 0.000000 0.008537
352451.277453 4026383.969584 0.000000 0.008543
352451.268880 4026383.910666 0.000000 0.008554
352451.260337 4026383.851744 0.000000 0.008569
352451.251823 4026383.792817 0.000000 0.008588
352451.243338 4026383.733887 0.000000 0.008612
352451.234883 4026383.674952 0.000000 0.008640
352451.226458 4026383.616013 0.000000 0.008673
352451.218062 4026383.557071 0.000000 0.008711
352451.209697 4026383.498124 0.000000 0.008754
352451.201361 4026383.439173 0.000000 0.008801
352451.193056 4026383.380219 0.000000 0.008853
352451.184781 4026383.321260 0.000000 0.008911
352451.176536 4026383.262297 0.000000 0.008973
352451.168323 4026383.203331 0.000000 0.009040
352451.160141 4026383.144360 0.000000 0.009111
352451.151990 4026383.085386 0.000000 0.009188
352451.143871 4026383.026407 0.000000 0.009269
352451.135784 4026382.967425 0.000000 0.009355
352451.127729 4026382.908438 0.000000 0.009445
352451.119707 4026382.849448 0.000000 0.009540
352451.111718 4026382.790453 0.000000 0.009639
352451.103763 4026382.731455 0.000000 0.009742
352451.095841 4026382.672453 0.000000 0.009850
352451.087954 4026382.613446 0.000000 0.009961
352451.080101 4026382.554436 0.000000 0.010075
352451.072284 4026382.495421 0.000000 0.010194
352451.064502 4026382.436403 0.000000 0.010315
352451.056757 4026382.377380 0.000000 0.010439
352451.049047 4026382.318353 0.000000 0.010567
352451.041376 4026382.259322 0.000000 0.010696
352451.033741 4026382.200287 0.000000 0.010828
352451.026145 4026382.141247 0.000000 0.010962
352451.018587 4026382.082203 0.000000 0.011098
352451.011069 4026382.023155 0.000000 0.011235
352451.003590 4026381.964102 0.000000 0.011373
352450.996151 4026381.905045 0.000000 0.011512
352450.988754 4026381.845984 0.000000 0.011651
352450.981397 4026381.786918 0.000000 0.011790
352450.974083 4026381.727847 0.000000 0.011929
352450.966811 4026381.668772 0.000000 0.012067
352450.959582 4026381.609692 0.000000 0.012204
352450.952396 4026381.550608 0.000000 0.012340
352450.945255 4026381.491519 0.000000 0.012473
352450.938158 4026381.432425 0.000000 0.012605
352450.931107 4026381.373326 0.000000 0.012734
352450.924101 4026381.314223 0.000000 0.012860
352450.917141 4026381.255114 0.000000 0.012983
352450.910228 4026381.196001 0.000000 0.013102
352450.903361 4026381.136882 0.000000 0.013217
352450.896543 4026381.077759 0.000000 0.013327
352450.889773 4026381.018630 0.000000 0.013433
352450.883050 4026380.959497 0.000000 0.013533
352450.876377 4026380.900358 0.000000 0.013628
352450.869753 4026380.841214 0.000000 0.013718
352450.863179 4026380.782065 0.000000 0.013801
352450.856654 4026380.722911 0.000000 0.013878
352450.850180 4026380.663752 0.000000 0.013948
352450.843756 4026380.604587 0.000000 0.014011
352450.837383 4026380.545417 0.000000 0.014067
352450.831061 4026380.486241 0.000000 0.014116
352450.824789 4026380.427061 0.000000 0.014157
352450.818569 4026380.367874 0.000000 0.014191
352450.812401 4026380.308683 0.000000 0.014216
352450.806284 4026380.249486 0.000000 0.014233
352450.800218 4026380.190284 0.000000 0.014242
352450.794204 4026380.131077 0.000000 0.014243
352450.788242 4026380.071864 0.000000 0.014236
352450.782331 4026380.012645 0.000000 0.014220
352450.776471 4026379.953422 0.000000 0.014195
352450.770663 4026379.894193 0.000000 0.014162
352450.764906 4026379.834959 0.000000 0.014120
352450.759200 4026379.775719 0.000000 0.014070
352450.753545 4026379.716474 0.000000 0.014012
352450.747941 4026379.657224 0.000000 0.013945
352450.742386 4026379.597969 0.000000 0.013870
352450.736882 4026379.538709 0.000000 0.013786
352450.731428 4026379.479443 0.000000 0.013695
352450.726023 4026379.420172 0.000000 0.013595
352450.720666 4026379.360897 0.000000 0.013488
352450.715359 4026379.301616 0.000000 0.013374
352450.710099 4026379.242330 0.000000 0.013252
352450.704887 4026379.183039 0.000000 0.013123
352450.699722 4026379.123744 0.000000 0.012987
352450.694603 4026379.064444 0.000000 0.012845
352450.689531 4026379.005138 0.000000 0.012697
352450.684503 4026378.945829 0.000000 0.012543
352450.679521 4026378.886514 0.000000 0.012383
352450.674582 4026378.827195 0.000000 0.012217
352450.669688 4026378.767872 0.000000 0.012047
352450.664835 4026378.708544 0.000000 0.011873
352450.660025 4026378.649212 0.000000 0.011694
352450.655257 4026378.589876 0.000000 0.011512
352450.650529 4026378.530535 0.000000 0.011326
352450.645841 4026378.471191 0.000000 0.011137
352450.641192 4026378.411842 0.000000 0.010946
352450.636582 4026378.352490 0.000000 0.010752
352450.632009 4026378.293134 0.000000 0.010557
352450.627473 4026378.233774 0.000000 0.010361
352450.622974 4026378.174410 0.000000 0.010164
352450.618509 4026378.115043 0.000000 0.009966
352450.614080 4026378.055672 0.000000 0.009768
352450.609684 4026377.996298 0.000000 0.009571
352450.605321 4026377.936920 0.000000 0.009375
352450.600991 4026377.877540 0.000000 0.009179
352450.596693 4026377.818156 0.000000 0.008986
352450.592425 4026377.758769 0.000000 0.008794
352450.588187 4026377.699380 0.000000 0.008605
352450.583979 4026377.639987 0.000000 0.008418
352450.579799 4026377.580592 0.000000 0.008235
352450.575648 4026377.521193 0.000000 0.008054
352450.571524 4026377.461793 0.000000 0.007878
352450.567426 4026377.402390 0.000000 0.007705
352450.563355 4026377.342984 0.000000 0.007537
352450.559309 4026377.283576 0.000000 0.007373
352450.555288 4026377.224165 0.000000 0.007215
352450.551291 4026377.164753 0.000000 0.007061
352450.547318 4026377.105338 0.000000 0.006912
352450.543368 4026377.045921 0.000000 0.006769
352450.539440 4026376.986503 0.000000 0.006631
352450.535535 4026376.927082 0.000000 0.006500
352450.531651 4026376.867659 0.000000 0.006374
352450.527789 4026376.808235 0.000000 0.006254
352450.523947 4026376.748809 0.000000 0.006141
352450.520126 4026376.689381 0.000000 0.006034
352450.516325 4026376.629952 0.000000 0.005933
352450.512543 4026376.570521 0.000000 0.005839
352450.508781 4026376.511088 0.000000 0.005751
352450.505038 4026376.451654 0.000000 0.005670
352450.501313 4026376.392219 0.000000 0.005595
352450.497607 4026376.332782 0.000000 0.005527
352450.493920 4026376.273344 0.000000 0.005465
352450.490251 4026376.213905 0.000000 0.005410
352450.486599 4026376.154464 0.000000 0.005361
352450.482965 4026376.095023 0.000000 0.005318
352450.479350 4026376.035580 0.000000 0.005282
352450.475751 4026375.976136 0.000000 0.005252
352450.472171 4026375.916691 0.000000 0.005228
352450.468607 4026375.857245 0.000000 0.005209
352450.465061 4026375.797798 0.000000 0.005197
352450.461533 4026375.738349 0.000000 0.005190
352450.458022 4026375.678900 0.000000 0.005188
352450.454529 4026375.619450 0.000000 0.005192
352450.451053 4026375.559999 0.000000 0.005201
352450.447595 4026375.500547 0.000000 0.005215
352450.444155 4026375.441094 0.000000 0.005233
352450.440732 4026375.381640 0.000000 0.005256
352450.437328 4026375.322186 0.000000 0.005283
352450.433942 4026375.262730 0.000000 0.005314
352450.430574 4026375.203274 0.000000 0.005349
352450.427225 4026375.143816 0.000000 0.005387
352450.423894 4026375.084358 0.000000 0.005429
352450.420582 4026375.024899 0.000000 0.005474
352450.417289 4026374.965439 0.000000 0.005522
352450.414016 4026374.905979 0.000000 0.005572
352450.410762 4026374.846517 0.000000 0.005624
352450.407528 4026374.787055 0.000000 0.005679
352450.404314 4026374.727591 0.000000 0.005736
352450.401120 4026374.668127 0.000000 0.005794
352450.397946 4026374.608663 0.000000 0.005854
352450.394794 4026374.549197 0.000000 0.005915
352450.391662 4026374.489730 0.000000 0.005977
352450.388552 4026374.430263 0.000000 0.006040
352450.385463 4026374.370794 0.000000 0.006103
352450.382396 4026374.311325 0.000000 0.006167
352450.379350 4026374.251855 0.000000 0.006231
352450.376328 4026374.192384 0.000000 0.006295
352450.373327 4026374.132912 0.000000 0.006358
352450.370350 4026374.073440 0.000000 0.006422
352450.367395 4026374.013966 0.000000 0.006484
352450.364464 4026373.954492 0.000000 0.006546
352450.361556 4026373.895016 0.000000 0.006607
352450.358672 4026373.835540 0.000000 0.006667
352450.355812 4026373.776063 0.000000 0.006726
352450.352976 4026373.716584 0.000000 0.006784
352450.350165 4026373.657105 0.000000 0.006839
352450.347378 4026373.597625 0.000000 0.006894
352450.344616 4026373.538144 0.000000 0.006946
352450.341880 4026373.478662 0.000000 0.006997
352450.339168 4026373.419179 0.000000 0.007045
352450.336482 4026373.359695 0.000000 0.007092
352450.333822 4026373.300211 0.000000 0.007136
352450.331187 4026373.240725 0.000000 0.007178
352450.328578 4026373.181238 0.000000 0.007217
352450.325996 4026373.121750 0.000000 0.007254
352450.323439 4026373.062261 0.000000 0.007289
352450.320909 4026373.002771 0.000000 0.007320
352450.318405 4026372.943280 0.000000 0.007349
352450.315928 4026372.883789 0.000000 0.007375
352450.313478 4026372.824296 0.000000 0.007399
352450.311054 4026372.764802 0.000000 0.007419
352450.308657 4026372.705307 0.000000 0.007437
352450.306287 4026372.645811 0.000000 0.007451
352450.303944 4026372.586314 0.000000 0.007463
352450.301628 4026372.526816 0.000000 0.007471
352450.299339 4026372.467317 0.000000 0.007476
352450.297077 4026372.407817 0.000000 0.007478
352450.294842 4026372.348316 0.000000 0.007477
352450.292634 4026372.288814 0.000000 0.007473
352450.290453 4026372.229311 0.000000 0.007466
352450.288298 4026372.169806 0.000000 0.007455
352450.286171 4026372.110301 0.000000 0.007441
352450.284071 4026372.050795 0.000000 0.007425
352450.281997 4026371.991288 0.000000 0.007404
352450.279950 4026371.931780 0.000000 0.007381
352450.277929 4026371.872270 0.000000 0.007355
352450.275936 4026371.812760 0.000000 0.007325
352450.273968 4026371.753249 0.000000 0.007292
352450.272027 4026371.693737 0.000000 0.007257
352450.270111 4026371.634223 0.000000 0.007218
352450.268222 4026371.574709 0.000000 0.007176
352450.266359 4026371.515194 0.000000 0.007130
352450.264521 4026371.455678 0.000000 0.007082
352450.262708 4026371.396161 0.000000 0.007031
352450.260921 4026371.336642 0.000000 0.006977
352450.259159 4026371.277123 0.000000 0.006920
352450.257422 4026371.217603 0.000000 0.006861
352450.255709 4026371.158082 0.000000 0.006798
352450.254021 4026371.098560 0.000000 0.006732
352450.252357 4026371.039038 0.000000 0.006664
352450.250717 4026370.979514 0.000000 0.006593
352450.249100 4026370.919989 0.000000 0.006520
352450.247507 4026370.860464 0.000000 0.006444
352450.245936 4026370.800937 0.000000 0.006365
352450.244389 4026370.741410 0.000000 0.006284
352450.242864 4026370.681882 0.000000 0.006201
352450.241361 4026370.622353 0.000000 0.006115
352450.239880 4026370.562823 0.000000 0.006027
352450.238420 4026370.503293 0.000000 0.005937
352450.236982 4026370.443761 0.000000 0.005845
352450.235564 4026370.384229 0.000000 0.005750
352450.234167 4026370.324696 0.000000 0.005654
352450.232790 4026370.265162 0.000000 0.005556
352450.231432 4026370.205628 0.000000 0.005456
352450.230094 4026370.146093 0.000000 0.005354
352450.228775 4026370.086557 0.000000 0.005251
352450.227475 4026370.027020 0.000000 0.005146
352450.226193 4026369.967483 0.000000 0.005039
352450.224929 4026369.907945 0.000000 0.004932
352450.223682 4026369.848406 0.000000 0.004822
352450.222452 4026369.788867 0.000000 0.004712
352450.221238 4026369.729327 0.000000 0.004601
352450.220041 4026369.669786 0.000000 0.004488
352450.218860 4026369.610245 0.000000 0.004375
352450.217694 4026369.550703 0.000000 0.004261
352450.216543 4026369.491160 0.000000 0.004146
352450.215407 4026369.431617 0.000000 0.004031
352450.214284 4026369.372074 0.000000 0.003915
352450.213175 4026369.312530 0.000000 0.003798
352450.212080 4026369.252985 0.000000 0.003681
352450.210997 4026369.193440 0.000000 0.003564
352450.209927 4026369.133895 0.000000 0.003447
352450.208868 4026369.074349 0.000000 0.003330
352450.207821 4026369.014802 0.000000 0.003213
352450.206785 4026368.955256 0.000000 0.003096
352450.205760 4026368.895708 0.000000 0.002979
352450.204745 4026368.836161 0.000000 0.002862
352450.203740 4026368.776613 0.000000 0.002746
352450.202744 4026368.717064 0.000000 0.002630
352450.201757 4026368.657515 0.000000 0.002515
352450.200779 4026368.597966 0.000000 0.002400
352450.199809 4026368.538417 0.000000 0.002286
352450.198846 4026368.478867 0.000000 0.002173
352450.197891 4026368.419317 0.000000 0.002061
352450.196943 4026368.359766 0.000000 0.001949
352450.196001 4026368.300216 0.000000 0.001839
352450.195065 4026368.240665 0.000000 0.001729
352450.194135 4026368.181114 0.000000 0.001621
352450.193210 4026368.121562 0.000000 0.001514
352450.192290 4026368.062011 0.000000 0.001408
352450.191375 4026368.002459 0.000000 0.001303
352450.190464 4026367.942907 0.000000 0.001199
352450.189557 4026367.883355 0.000000 0.001097
352450.188653 4026367.823803 0.000000 0.000996
352450.187752 4026367.764250 0.000000 0.000897
352450.186853 4026367.704698 0.000000 0.000799
352450.185958 4026367.645145 0.000000 0.000702
352450.185064 4026367.585592 0.000000 0.000607
352450.184172 4026367.526039 0.000000 0.000514
352450.183281 4026367.466486 0.000000 0.000422
352450.182391 4026367.406933 0.000000 0.000332
352450.181502 4026367.347380 0.000000 0.000243
352450.180613 4026367.287827 0.000000 0.000156
352450.179725 4026367.228273 0.000000 0.000071
352450.178836 4026367.168720 0.000000 -0.000013
352450.177946 4026367.109167 0.000000 -0.000095
352450.177056 4026367.049613 0.000000 -0.000176
352450.176165 4026366.990060 0.000000 -0.000254
352450.175272 4026366.930506 0.000000 -0.000332
352450.174378 4026366.870953 0.000000 -0.000407
352450.173482 4026366.811399 0.000000 -0.000481
352450.172584 4026366.751846 0.000000 -0.000553
352450.171683 4026366.692292 0.000000 -0.000623
352450.170780 4026366.632739 0.000000 -0.000692
352450.169874 4026366.573186 0.000000 -0.000760
352450.168965 4026366.513632 0.000000 -0.000825
352450.168052 4026366.454079 0.000000 -0.000889
352450.167136 4026366.394526 0.000000 -0.000952
352450.166216 4026366.334973 0.000000 -0.001012
352450.165292 4026366.275420 0.000000 -0.001072
352450.164364 4026366.215867 0.000000 -0.001129
352450.163432 4026366.156314 0.000000 -0.001186
352450.162495 4026366.096761 0.000000 -0.001240
352450.161553 4026366.037208 0.000000 -0.001293
352450.160606 4026365.977656 0.000000 -0.001345
352450.159654 4026365.918103 0.000000 -0.001395
352450.158697 4026365.858551 0.000000 -0.001444
352450.157735 4026365.798998 0.000000 -0.001492
352450.156766 4026365.739446 0.000000 -0.001538
352450.155792 4026365.679894 0.000000 -0.001583
352450.154813 4026365.620341 0.000000 -0.001626
352450.153827 4026365.560789 0.000000 -0.001668
352450.152835 4026365.501237 0.000000 -0.001709
352450.151836 4026365.441685 0.000000 -0.001748
352450.150831 4026365.382133 0.000000 -0.001786
352450.149819 4026365.322581 0.000000 -0.001823
352450.148801 4026365.263028 0.000000 -0.001859
352450.147776 4026365.203476 0.000000 -0.001893
352450.146744 4026365.143923 0.000000 -0.001926
352450.145704 4026365.084370 0.000000 -0.001958
352450.144658 4026365.024817 0.000000 -0.001989
352450.143604 4026364.965263 0.000000 -0.002018
352450.142543 4026364.905708 0.000000 -0.002047
352450.141474 4026364.846153 0.000000 -0.002074
352450.140398 4026364.786597 0.000000 -0.002100
352450.139313 4026364.727040 0.000000 -0.002125
352450.138222 4026364.667482 0.000000 -0.002149
352450.137122 4026364.607923 0.000000 -0.002172
352450.136014 4026364.548362 0.000000 -0.002194
352450.134898 4026364.488800 0.000000 -0.002214
352450.133775 4026364.429235 0.000000 -0.002234
352450.132642 4026364.369668 0.000000 -0.002252
352450.131502 4026364.310099 0.000000 -0.002269
352450.130354 4026364.250527 0.000000 -0.002285
352450.129197 4026364.190952 0.000000 -0.002301
352450.128031 4026364.131373 0.000000 -0.002315
352450.126857 4026364.071791 0.000000 -0.002328
352450.125675 4026364.012204 0.000000 -0.002339
352450.124484 4026363.952612 0.000000 -0.002350
352450.123284 4026363.893015 0.000000 -0.002360
352450.122076 4026363.833413 0.000000 -0.002369
352450.120859 4026363.773804 0.000000 -0.002376
352450.119633 4026363.714188 0.000000 -0.002383
352450.118398 4026363.654564 0.000000 -0.002388
352450.117155 4026363.594933 0.000000 -0.002392
352450.115902 4026363.535292 0.000000 -0.002396
352450.114641 4026363.475642 0.000000 -0.002398
352450.113370 4026363.415981 0.000000 -0.002399
352450.112091 4026363.356308 0.000000 -0.002399
352450.110803 4026363.296623 0.000000 -0.002397
352450.109506 4026363.236925 0.000000 -0.002395
352450.108200 4026363.177213 0.000000 -0.002391
352450.106884 4026363.117485 0.000000 -0.002387
352450.105560 4026363.057740 0.000000 -0.002381
352450.104226 4026362.997978 0.000000 -0.002374
352450.102884 4026362.938197 0.000000 -0.002365
352450.101532 4026362.878395 0.000000 -0.002356
352450.100172 4026362.818572 0.000000 -0.002345
352450.098802 4026362.758726 0.000000 -0.002333
352450.097423 4026362.698854 0.000000 -0.002320
352450.096035 4026362.638957 0.000000 -0.002306
352450.094638 4026362.579031 0.000000 -0.002290
352450.093232 4026362.519076 0.000000 -0.002274
352450.091816 4026362.459090 0.000000 -0.002256
352450.090392 4026362.399070 0.000000 -0.002236
352450.088959 4026362.339015 0.000000 -0.002216
352450.087516 4026362.278923 0.000000 -0.002194
352450.086065 4026362.218792 0.000000 -0.002171
352450.084604 4026362.158619 0.000000 -0.002146
352450.083135 4026362.098403 0.000000 -0.002121
352450.081656 4026362.038141 0.000000 -0.002094
352450.080169 4026361.977831 0.000000 -0.002065
352450.078672 4026361.917471 0.000000 -0.002036
352450.077167 4026361.857057 0.000000 -0.002005
352450.075653 4026361.796588 0.000000 -0.001972
352450.074130 4026361.736060 0.000000 -0.001939
352450.072598 4026361.675472 0.000000 -0.001904
352450.071058 4026361.614820 0.000000 -0.001868
352450.069508 4026361.554102 0.000000 -0.001831
352450.067950 4026361.493314 0.000000 -0.001792
352450.066384 4026361.432454 0.000000 -0.001752
352450.064809 4026361.371519 0.000000 -0.001711
352450.063225 4026361.310505 0.000000 -0.001668
352450.061633 4026361.249410 0.000000 -0.001625
352450.060032 4026361.188230 0.000000 -0.001580
352450.058423 4026361.126962 0.000000 -0.001533
352450.056806 4026361.065603 0.000000 -0.001486
352450.055181 4026361.004149 0.000000 -0.001437
352450.053547 4026360.942597 0.000000 -0.001388
352450.051905 4026360.880943 0.000000 -0.001337
352450.050256 4026360.819184 0.000000 -0.001285
352450.048598 4026360.757316 0.000000 -0.001232
352450.046933 4026360.695335 0.000000 -0.001178
352450.045259 4026360.633239 0.000000 -0.001122
352450.043579 4026360.571022 0.000000 -0.001066
352450.041890 4026360.508681 0.000000 -0.001009
352450.040194 4026360.446213 0.000000 -0.000950
352450.038491 4026360.383613 0.000000 -0.000891
352450.036780 4026360.320878 0.000000 -0.000831
352450.035063 4026360.258003 0.000000 -0.000770
352450.033338 4026360.194984 0.000000 -0.000708
352450.031606 4026360.131819 0.000000 -0.000646
352450.029868 4026360.068501 0.000000 -0.000582
352450.028123 4026360.005028 0.000000 -0.000518
352450.026371 4026359.941395 0.000000 -0.000453
352450.024613 4026359.877598 0.000000 -0.000388
352450.022849 4026359.813633 0.000000 -0.000322
352450.021078 4026359.749495 0.000000 -0.000255
352450.019302 4026359.685181 0.000000 -0.000188
352450.017520 4026359.620686 0.000000 -0.000120
352450.015732 4026359.556005 0.000000 -0.000052
352450.013939 4026359.491135 0.000000 0.000017
352450.012140 4026359.426072 0.000000 0.000086
352450.010337 4026359.360809 0.000000 0.000156
352450.008528 4026359.295345 0.000000 0.000225
352450.006715 4026359.229673 0.000000 0.000295
352450.004897 4026359.163789 0.000000 0.000366
352450.003075 4026359.097690 0.000000 0.000436
352450.001249 4026359.031370 0.000000 0.000507
352449.999419 4026358.964825 0.000000 0.000578
352449.997585 4026358.898051 0.000000 0.000648
352449.995748 4026358.831042 0.000000 0.000719
352449.993907 4026358.763795 0.000000 0.000790
352449.992064 4026358.696305 0.000000 0.000861
352449.990218 4026358.628566 0.000000 0.000932
352449.988369 4026358.560575 0.000000 0.001002
352449.986518 4026358.492326 0.000000 0.001073
352449.984665 4026358.423815 0.000000 0.001143
352449.982810 4026358.355037 0.000000 0.001213
352449.980954 4026358.285987 0.000000 0.001282
352449.979097 4026358.216660 0.000000 0.001352
352449.977239 4026358.147052 0.000000 0.001421
352449.975380 4026358.077157 0.000000 0.001489
352449.973521 4026358.006970 0.000000 0.001558
352449.971662 4026357.936486 0.000000 0.001625
352449.969803 4026357.865701 0.000000 0.001692
352449.967945 4026357.794608 0.000000 0.001759
352449.966088 4026357.723203 0.000000 0.001825
352449.964232 4026357.651481 0.000000 0.001890
352449.962378 4026357.579435 0.000000 0.001954
352449.960526 4026357.507060 0.000000 0.002018
352449.958676 4026357.434352 0.000000 0.002081
352449.956829 4026357.361304 0.000000 0.002143
352449.954984 4026357.287910 0.000000 0.002203
352449.953143 4026357.214166 0.000000 0.002263
352449.951306 4026357.140064 0.000000 0.002322
352449.949473 4026357.065599 0.000000 0.002379
352449.947645 4026356.990766 0.000000 0.002435
352449.945821 4026356.915557 0.000000 0.002489
352449.944002 4026356.839966 0.000000 0.002542
352449.942190 4026356.763988 0.000000 0.002593
352449.940383 4026356.687616 0.000000 0.002642
352449.938583 4026356.610842 0.000000 0.002689
352449.936790 4026356.533661 0.000000 0.002734
352449.935004 4026356.456065 0.000000 0.002777
352449.933225 4026356.378047 0.000000 0.002818
352449.931455 4026356.299601 0.000000 0.002855
352449.929694 4026356.220718 0.000000 0.002891
352449.927941 4026356.141391 0.000000 0.002923
352449.926198 4026356.061613 0.000000 0.002952
352449.924464 4026355.981374 0.000000 0.002977
352449.922741 4026355.900668 0.000000 0.002999
352449.921028 4026355.819486 0.000000 0.003018
352449.919326 4026355.737819 0.000000 0.003032
352449.917636 4026355.655657 0.000000 0.003043
352449.915957 4026355.572993 0.000000 0.003049
352449.914290 4026355.489816 0.000000 0.003051
352449.912635 4026355.406116 0.000000 0.003047
352449.910992 4026355.321884 0.000000 0.003040
352449.909363 4026355.237109 0.000000 0.003027
352449.907746 4026355.151780 0.000000 0.003008
352449.906143 4026355.065886 0.000000 0.002985
352449.904553 4026354.979415 0.000000 0.002955
352449.902977 4026354.892356 0.000000 0.002920
352449.901414 4026354.804695 0.000000 0.002879
352449.899865 4026354.716420 0.000000 0.002832
352449.898329 4026354.627518 0.000000 0.002779
352449.896807 4026354.537974 0.000000 0.002719
352449.895298 4026354.447774 0.000000 0.002653
352449.893803 4026354.356903 0.000000 0.002581
352449.892320 4026354.265346 0.000000 0.002502
352449.890850 4026354.173087 0.000000 0.002416
352449.889392 4026354.080108 0.000000 0.002324
352449.887947 4026353.986392 0.000000 0.002226
352449.886512 4026353.891922 0.000000 0.002120
352449.885088 4026353.796678 0.000000 0.002009
352449.883674 4026353.700640 0.000000 0.001891
352449.882268 4026353.603789 0.000000 0.001766
352449.880871 4026353.506104 0.000000 0.001636
352449.879481 4026353.407563 0.000000 0.001499
352449.878097 4026353.308142 0.000000 0.001357
352449.876717 4026353.207818 0.000000 0.001209
352449.875340 4026353.106567 0.000000 0.001056
352449.873965 4026353.004364 0.000000 0.000897
352449.872590 4026352.901181 0.000000 0.000735
352449.871214 4026352.796991 0.000000 0.000568
352449.869833 4026352.691767 0.000000 0.000397
352449.868446 4026352.585478 0.000000 0.000224
352449.867051 4026352.478093 0.000000 0.000047
352449.865646 4026352.369581 0.000000 -0.000131
352449.864227 4026352.259909 0.000000 -0.000310
352449.862792 4026352.149041 0.000000 -0.000490
352449.861337 4026352.036940 0.000000 -0.000670
352449.859861 4026351.923567 0.000000 -0.000848
352449.858358 4026351.808881 0.000000 -0.001025
352449.856826 4026351.692837 0.000000 -0.001198
352449.855260 4026351.575387 0.000000 -0.001366
352449.853657 4026351.456479 0.000000 -0.001530
352449.852012 4026351.336055 0.000000 -0.001687
352449.850320 4026351.214055 0.000000 -0.001836
352449.848577 4026351.090409 0.000000 -0.001976
352449.846777 4026350.965045 0.000000 -0.002107
352449.844914 4026350.837881 0.000000 -0.002226
352449.842983 4026350.708826 0.000000 -0.002333
352449.840978 4026350.577782 0.000000 -0.002427
352449.838891 4026350.444639 0.000000 -0.002508
352449.836716 4026350.309279 0.000000 -0.002573
352449.834446 4026350.171569 0.000000 -0.002623
352449.832072 4026350.031364 0.000000 -0.002658
352449.829587 4026349.888505 0.000000 -0.002676
352449.826981 4026349.742818 0.000000 -0.002678
352449.824247 4026349.594112 0.000000 -0.002665
352449.821373 4026349.442177 0.000000 -0.002636
352449.818351 4026349.286784 0.000000 -0.002592
352449.815169 4026349.127686 0.000000 -0.002474
352449.811816 4026348.964611 0.000000 -0.002356
352449.808281 4026348.797265 0.000000 -0.002238
352449.804551 4026348.625326 0.000000 -0.002121
352449.800614 4026348.448450 0.000000 -0.002003
352449.796455 4026348.266261 0.000000 -0.001885
352449.792061 4026348.078355 0.000000 -0.001767
352449.787416 4026347.884294 0.000000 -0.001649
352449.782506 4026347.683608 0.000000 -0.001532
352449.777313 4026347.475792 0.000000 -0.001414
352449.771821 4026347.260303 0.000000 -0.001296
352449.766011 4026347.036557 0.000000 -0.001178
352449.759866 4026346.803932 0.000000 -0.001060
352449.753365 4026346.561760 0.000000 -0.000942
352449.746488 4026346.309329 0.000000 -0.000825
352449.739215 4026346.045879 0.000000 -0.000707
352449.731522 4026345.770599 0.000000 -0.000589
352449.723386 4026345.482627 0.000000 -0.000471
352449.714784 4026345.181048 0.000000 -0.000353
352449.705690 4026344.864888 0.000000 -0.000236
352449.696078 4026344.533115 0.000000 -0.000118
