352449.275137 4026330.386587 0.000000 0.000000
352449.270459 4026330.052474 0.000000 0.000000
352449.265781 4026329.718362 0.000000 0.000000
352449.261102 4026329.384249 0.000000 0.000000
352449.256424 4026329.050136 0.000000 0.000000
352449.251746 4026328.716023 0.000000 0.000000
352449.247067 4026328.381910 0.000000 0.000000
352449.242389 4026328.047797 0.000000 0.000000
352449.237711 4026327.713684 0.000000 0.000000
352449.233032 4026327.379572 0.000000 0.000000
352449.228354 4026327.045459 0.000000 0.000000
352449.223676 4026326.711346 0.000000 0.000000
352449.218997 4026326.377233 0.000000 0.000000
352449.214319 4026326.043120 0.000000 0.000000
352449.209641 4026325.709007 0.000000 0.000000
352449.204962 4026325.374894 0.000000 0.000000
352449.200284 4026325.040782 0.000000 0.000000
352449.195606 4026324.706669 0.000000 0.000000
352449.190927 4026324.372556 0.000000 -0.000000
352449.186249 4026324.038443 0.000000 0.000000
352449.181570 4026323.704330 0.000000 0.000000
352449.176892 4026323.370217 0.000000 -0.000000
352449.172214 4026323.036105 0.000000 -0.000000
352449.167535 4026322.701992 0.000000 0.000000
352449.162857 4026322.367879 0.000000 -0.000000
352449.158179 4026322.033766 0.000000 -0.000000
352449.153500 4026321.699653 0.000000 0.000000
352449.148822 4026321.365540 0.000000 0.000000
352449.144144 4026321.031427 0.000000 -0.000000
352449.139465 4026320.697315 0.000000 -0.000000
352449.134787 4026320.363202 0.000000 0.000000
352449.130109 4026320.029089 0.000000 -0.000000
352449.125430 4026319.694976 0.000000 -0.000000
352449.120752 4026319.360863 0.000000 0.000000
352449.116074 4026319.026750 0.000000 -0.000000
352449.111395 4026318.692637 0.000000 0.000000
352449.106717 4026318.358525 0.000000 0.000000
352449.102039 4026318.024412 0.000000 0.000000
352449.097360 4026317.690299 0.000000 0.000000
352449.092682 4026317.356186 0.000000 0.000000
352449.088004 4026317.022073 0.000000 0.000000
352449.083325 4026316.687960 0.000000 0.000000
352449.078647 4026316.353847 0.000000 0.000000
352449.073969 4026316.019735 0.000000 0.000000
352449.069290 4026315.685622 0.000000 0.000000
352449.064612 4026315.351509 0.000000 0.000000
352449.059934 4026315.017396 0.000000 0.000000
352449.055255 4026314.683283 0.000000 0.000000
352449.050577 4026314.349170 0.000000 0.000000
352449.045899 4026314.015057 0.000000 0.000000
