352448.543120 4026295.000286 0.000000 -0.000000
352448.536624 4026294.650664 0.000000 -0.000000
352448.530439 4026294.317804 0.000000 -0.000000
352448.524546 4026294.000610 0.000000 -0.000000
352448.518924 4026293.698047 0.000000 -0.000000
352448.513556 4026293.409136 0.000000 -0.000000
352448.508425 4026293.132960 0.000000 -0.000000
352448.503514 4026292.868653 0.000000 -0.000000
352448.498808 4026292.615403 0.000000 -0.000000
352448.494294 4026292.372447 0.000000 -0.000000
352448.489958 4026292.139071 0.000000 -0.000000
352448.485787 4026291.914604 0.000000 -0.000000
352448.481771 4026291.698422 0.000000 0.000000
352448.477897 4026291.489939 0.000000 0.000000
352448.474156 4026291.288612 0.000000 0.000000
352448.470539 4026291.093932 0.000000 0.000000
352448.467037 4026290.905428 0.000000 0.000000
352448.463641 4026290.722661 0.000000 0.000000
352448.460344 4026290.545225 0.000000 0.000000
352448.457139 4026290.372744 0.000000 0.000000
352448.454020 4026290.204871 0.000000 0.000000
352448.450981 4026290.041284 0.000000 0.000000
352448.448015 4026289.881687 0.000000 0.000000
352448.445119 4026289.725809 0.000000 0.000000
352448.442287 4026289.573400 0.000000 -0.000000
352448.439516 4026289.424230 0.000000 0.000000
352448.436800 4026289.278090 0.000000 -0.000000
352448.434138 4026289.134787 0.000000 0.000000
352448.431525 4026288.994146 0.000000 0.000000
352448.428958 4026288.856008 0.000000 0.000000
352448.426435 4026288.720227 0.000000 0.000000
352448.423954 4026288.586669 0.000000 -0.000000
352448.421511 4026288.455216 0.000000 0.000000
352448.419106 4026288.325757 0.000000 0.000000
352448.416736 4026288.198194 0.000000 0.000000
352448.414399 4026288.072434 0.000000 0.000000
352448.412095 4026287.948397 0.000000 -0.000000
352448.409820 4026287.826007 0.000000 0.000000
352448.407576 4026287.705197 0.000000 -0.000000
352448.405359 4026287.585903 0.000000 0.000000
352448.403170 4026287.468068 0.000000 -0.000000
352448.401007 4026287.351640 0.000000 0.000000
352448.398869 4026287.236570 0.000000 0.000000
352448.396755 4026287.122812 0.000000 -0.000000
352448.394665 4026287.010325 0.000000 -0.000000
352448.392598 4026286.899067 0.000000 -0.000000
352448.390553 4026286.789003 0.000000 -0.000000
352448.388529 4026286.680096 0.000000 0.000000
352448.386527 4026286.572311 0.000000 -0.000000
352448.384544 4026286.465617 0.000000 0.000000
352448.382581 4026286.359981 0.000000 0.000000
352448.380638 4026286.255373 0.000000 -0.000000
352448.378713 4026286.151764 0.000000 -0.000000
352448.376806 4026286.049126 0.000000 0.000000
352448.374916 4026285.947430 0.000000 -0.000000
352448.373044 4026285.846650 0.000000 -0.000000
352448.371188 4026285.746761 0.000000 -0.000000
352448.369348 4026285.647738 0.000000 -0.000000
352448.367524 4026285.549556 0.000000 -0.000000
352448.365715 4026285.452193 0.000000 -0.000000
352448.363920 4026285.355627 0.000000 0.000000
352448.362140 4026285.259835 0.000000 -0.000000
352448.360375 4026285.164797 0.000000 -0.000000
352448.358622 4026285.070493 0.000000 0.000000
352448.356884 4026284.976901 0.000000 0.000000
352448.355157 4026284.884005 0.000000 -0.000000
352448.353444 4026284.791785 0.000000 0.000000
352448.351743 4026284.700222 0.000000 -0.000000
352448.350053 4026284.609301 0.000000 0.000000
352448.348376 4026284.519004 0.000000 -0.000000
352448.346709 4026284.429314 0.000000 0.000000
352448.345054 4026284.340215 0.000000 -0.000000
352448.343409 4026284.251693 0.000000 0.000000
352448.341775 4026284.163732 0.000000 0.000000
352448.340150 4026284.076317 0.000000 0.000000
352448.338536 4026283.989434 0.000000 -0.000000
352448.336932 4026283.903070 0.000000 0.000000
352448.335336 4026283.817209 0.000000 0.000000
352448.333750 4026283.731840 0.000000 0.000000
352448.332173 4026283.646948 0.000000 -0.000000
352448.330604 4026283.562522 0.000000 0.000000
352448.329044 4026283.478548 0.000000 0.000000
352448.327492 4026283.395015 0.000000 -0.000000
352448.325948 4026283.311910 0.000000 -0.000000
352448.324411 4026283.229221 0.000000 0.000000
352448.322882 4026283.146937 0.000000 0.000000
352448.321361 4026283.065047 0.000000 -0.000000
352448.319846 4026282.983539 0.000000 -0.000000
352448.318339 4026282.902401 0.000000 0.000000
352448.316838 4026282.821623 0.000000 0.000000
352448.315344 4026282.741195 0.000000 -0.000000
352448.313856 4026282.661104 0.000000 0.000000
352448.312374 4026282.581341 0.000000 -0.000000
352448.310897 4026282.501896 0.000000 -0.000000
352448.309427 4026282.422756 0.000000 -0.000000
352448.307962 4026282.343914 0.000000 -0.000000
352448.306502 4026282.265357 0.000000 -0.000000
352448.305048 4026282.187076 0.000000 -0.000000
352448.303598 4026282.109060 0.000000 -0.000000
352448.302154 4026282.031301 0.000000 0.000000
352448.300713 4026281.953787 0.000000 -0.000000
352448.299278 4026281.876509 0.000000 -0.000000
352448.297846 4026281.799456 0.000000 0.000000
352448.296418 4026281.722620 0.000000 -0.000000
352448.294994 4026281.645990 0.000000 -0.000000
352448.293574 4026281.569557 0.000000 -0.000000
352448.292158 4026281.493310 0.000000 -0.000000
352448.290744 4026281.417241 0.000000 0.000000
352448.289334 4026281.341339 0.000000 0.000000
352448.287927 4026281.265596 0.000000 0.000000
352448.286522 4026281.190001 0.000000 -0.000000
352448.285120 4026281.114546 0.000000 -0.000000
352448.283721 4026281.039220 0.000000 -0.000000
352448.282323 4026280.964015 0.000000 0.000000
352448.280928 4026280.888920 0.000000 -0.000000
352448.279535 4026280.813927 0.000000 0.000000
352448.278143 4026280.739027 0.000000 0.000000
352448.276753 4026280.664210 0.000000 0.000000
352448.275364 4026280.589466 0.000000 -0.000000
352448.273977 4026280.514787 0.000000 -0.000000
352448.272590 4026280.440163 0.000000 0.000000
352448.271204 4026280.365585 0.000000 0.000000
352448.269819 4026280.291044 0.000000 0.000000
352448.268435 4026280.216530 0.000000 0.000000
352448.267051 4026280.142035 0.000000 -0.000000
352448.265667 4026280.067549 0.000000 0.000000
352448.264283 4026279.993064 0.000000 0.000000
352448.262899 4026279.918568 0.000000 0.000000
352448.261514 4026279.844055 0.000000 0.000000
352448.260129 4026279.769514 0.000000 -0.000000
352448.258744 4026279.694936 0.000000 -0.000000
352448.257357 4026279.620312 0.000000 -0.000000
352448.255969 4026279.545633 0.000000 -0.000000
352448.254581 4026279.470889 0.000000 0.000000
352448.253191 4026279.396072 0.000000 0.000000
352448.251799 4026279.321171 0.000000 -0.000000
352448.250406 4026279.246179 0.000000 0.000000
352448.249010 4026279.171084 0.000000 0.000000
352448.247613 4026279.095879 0.000000 -0.000000
352448.246213 4026279.020553 0.000000 -0.000000
352448.244811 4026278.945098 0.000000 0.000000
352448.243407 4026278.869503 0.000000 0.000000
352448.241999 4026278.793760 0.000000 -0.000000
352448.240589 4026278.717858 0.000000 -0.000000
352448.239176 4026278.641789 0.000000 0.000000
352448.237759 4026278.565542 0.000000 -0.000000
352448.236339 4026278.489109 0.000000 0.000000
352448.234915 4026278.412479 0.000000 0.000000
352448.233488 4026278.335643 0.000000 -0.000000
352448.232056 4026278.258590 0.000000 0.000000
352448.230620 4026278.181312 0.000000 0.000000
352448.229180 4026278.103798 0.000000 -0.000000
352448.227735 4026278.026039 0.000000 0.000000
352448.226286 4026277.948023 0.000000 -0.000000
352448.224831 4026277.869742 0.000000 -0.000000
352448.223371 4026277.791185 0.000000 -0.000000
352448.221907 4026277.712342 0.000000 -0.000000
352448.220436 4026277.633203 0.000000 0.000000
352448.218960 4026277.553758 0.000000 0.000000
352448.217478 4026277.473995 0.000000 0.000000
352448.215990 4026277.393904 0.000000 0.000000
352448.214495 4026277.313476 0.000000 -0.000000
352448.212995 4026277.232698 0.000000 -0.000000
352448.211487 4026277.151560 0.000000 0.000000
352448.209973 4026277.070052 0.000000 -0.000000
352448.208451 4026276.988162 0.000000 0.000000
352448.206922 4026276.905878 0.000000 -0.000000
352448.205386 4026276.823189 0.000000 -0.000000
352448.203842 4026276.740084 0.000000 -0.000000
352448.202290 4026276.656551 0.000000 0.000000
352448.200729 4026276.572577 0.000000 0.000000
352448.199161 4026276.488151 0.000000 0.000000
352448.197583 4026276.403259 0.000000 0.000000
352448.195997 4026276.317890 0.000000 0.000000
352448.194402 4026276.232029 0.000000 0.000000
352448.192797 4026276.145665 0.000000 0.000000
352448.191183 4026276.058782 0.000000 0.000000
352448.189559 4026275.971367 0.000000 0.000000
352448.187924 4026275.883406 0.000000 0.000000
352448.186280 4026275.794884 0.000000 -0.000000
352448.184624 4026275.705785 0.000000 -0.000000
352448.182958 4026275.616095 0.000000 0.000000
352448.181280 4026275.525798 0.000000 -0.000000
352448.179591 4026275.434877 0.000000 0.000000
352448.177889 4026275.343314 0.000000 0.000000
352448.176176 4026275.251094 0.000000 -0.000000
352448.174450 4026275.158197 0.000000 0.000000
352448.172711 4026275.064606 0.000000 0.000000
352448.170959 4026274.970302 0.000000 -0.000000
352448.169193 4026274.875263 0.000000 0.000000
352448.167413 4026274.779472 0.000000 0.000000
352448.165619 4026274.682905 0.000000 0.000000
352448.163810 4026274.585543 0.000000 0.000000
352448.161986 4026274.487361 0.000000 -0.000000
352448.160146 4026274.388338 0.000000 0.000000
352448.158290 4026274.288449 0.000000 -0.000000
352448.156417 4026274.187669 0.000000 -0.000000
352448.154528 4026274.085973 0.000000 -0.000000
352448.152621 4026273.983335 0.000000 0.000000
352448.150696 4026273.879726 0.000000 -0.000000
352448.148752 4026273.775118 0.000000 0.000000
352448.146789 4026273.669482 0.000000 0.000000
352448.144807 4026273.562788 0.000000 0.000000
352448.142804 4026273.455003 0.000000 0.000000
352448.140781 4026273.346096 0.000000 -0.000000
352448.138736 4026273.236032 0.000000 0.000000
352448.136669 4026273.124774 0.000000 0.000000
352448.134579 4026273.012287 0.000000 -0.000000
352448.132465 4026272.898529 0.000000 0.000000
352448.130327 4026272.783459 0.000000 -0.000000
352448.128164 4026272.667031 0.000000 -0.000000
352448.125974 4026272.549196 0.000000 0.000000
352448.123758 4026272.429902 0.000000 -0.000000
352448.121513 4026272.309092 0.000000 -0.000000
352448.119239 4026272.186702 0.000000 -0.000000
352448.116934 4026272.062665 0.000000 -0.000000
352448.114598 4026271.936905 0.000000 -0.000000
352448.112228 4026271.809341 0.000000 -0.000000
352448.109822 4026271.679883 0.000000 0.000000
352448.107380 4026271.548429 0.000000 -0.000000
352448.104898 4026271.414872 0.000000 -0.000000
352448.102375 4026271.279091 0.000000 -0.000000
352448.099809 4026271.140953 0.000000 0.000000
352448.097196 4026271.000312 0.000000 0.000000
352448.094533 4026270.857009 0.000000 0.000000
352448.091818 4026270.710869 0.000000 -0.000000
352448.089046 4026270.561699 0.000000 0.000000
352448.086214 4026270.409290 0.000000 0.000000
352448.083318 4026270.253412 0.000000 -0.000000
352448.080353 4026270.093815 0.000000 -0.000000
352448.077313 4026269.930228 0.000000 -0.000000
352448.074194 4026269.762355 0.000000 -0.000000
352448.070989 4026269.589874 0.000000 -0.000000
352448.067693 4026269.412438 0.000000 -0.000000
352448.064297 4026269.229671 0.000000 -0.000000
352448.060794 4026269.041167 0.000000 -0.000000
352448.057177 4026268.846487 0.000000 -0.000000
352448.053436 4026268.645160 0.000000 -0.000000
352448.049563 4026268.436677 0.000000 -0.000000
352448.045546 4026268.220495 0.000000 -0.000000
352448.041375 4026267.996028 0.000000 -0.000000
352448.037039 4026267.762651 0.000000 -0.000000
352448.032525 4026267.519696 0.000000 -0.000000
352448.027820 4026267.266446 0.000000 -0.000000
352448.022909 4026267.002139 0.000000 -0.000000
352448.017777 4026266.725963 0.000000 -0.000000
352448.012409 4026266.437052 0.000000 -0.000000
352448.006788 4026266.134488 0.000000 -0.000000
352448.000894 4026265.817295 0.000000 -0.000000
352447.994709 4026265.484435 0.000000 -0.000000
