352447.834283 4026252.173912 0.000000 0.000000
352447.844383 4026251.824005 0.000000 0.000116
352447.854006 4026251.490875 0.000000 0.000232
352447.863194 4026251.173424 0.000000 0.000348
352447.871984 4026250.870616 0.000000 0.000463
352447.880409 4026250.581474 0.000000 0.000579
352447.888503 4026250.305078 0.000000 0.000695
352447.896295 4026250.040563 0.000000 0.000811
352447.903814 4026249.787115 0.000000 0.000927
352447.911085 4026249.543971 0.000000 0.001043
352447.918133 4026249.310417 0.000000 0.001159
352447.924980 4026249.085783 0.000000 0.001274
352447.931645 4026248.869441 0.000000 0.001390
352447.938148 4026248.660809 0.000000 0.001506
352447.944506 4026248.459340 0.000000 0.001622
352447.950736 4026248.264526 0.000000 0.001738
352447.956850 4026248.075895 0.000000 0.001854
352447.962862 4026247.893010 0.000000 0.001970
352447.968785 4026247.715462 0.000000 0.002085
352447.974628 4026247.542877 0.000000 0.002201
352447.980401 4026247.374905 0.000000 0.002317
352447.986113 4026247.211226 0.000000 0.002433
352447.991771 4026247.051543 0.000000 0.002549
352447.997382 4026246.895585 0.000000 0.002665
352448.002953 4026246.743101 0.000000 0.002796
352448.008488 4026246.593862 0.000000 0.002919
352448.013991 4026246.447658 0.000000 0.003035
352448.019467 4026246.304297 0.000000 0.003142
352448.024920 4026246.163604 0.000000 0.003240
352448.030350 4026246.025418 0.000000 0.003328
352448.035762 4026245.889594 0.000000 0.003407
352448.041157 4026245.755999 0.000000 0.003476
352448.046537 4026245.624513 0.000000 0.003535
352448.051902 4026245.495027 0.000000 0.003585
352448.057254 4026245.367441 0.000000 0.003625
352448.062594 4026245.241665 0.000000 0.003657
352448.067921 4026245.117617 0.000000 0.003681
352448.073236 4026244.995221 0.000000 0.003698
352448.078540 4026244.874411 0.000000 0.003708
352448.083832 4026244.755123 0.000000 0.003712
352448.089112 4026244.637301 0.000000 0.003710
352448.094380 4026244.520892 0.000000 0.003704
352448.099636 4026244.405848 0.000000 0.003695
352448.104880 4026244.292124 0.000000 0.003682
352448.110111 4026244.179677 0.000000 0.003667
352448.115329 4026244.068470 0.000000 0.003650
352448.120535 4026243.958463 0.000000 0.003633
352448.125727 4026243.849623 0.000000 0.003615
352448.130907 4026243.741916 0.000000 0.003597
352448.136073 4026243.635309 0.000000 0.003580
352448.141226 4026243.529772 0.000000 0.003564
352448.146366 4026243.425274 0.000000 0.003549
352448.151493 4026243.321788 0.000000 0.003537
352448.156607 4026243.219286 0.000000 0.003526
352448.161708 4026243.117741 0.000000 0.003519
352448.166796 4026243.017128 0.000000 0.003514
352448.171873 4026242.917421 0.000000 0.003512
352448.176937 4026242.818598 0.000000 0.003513
352448.181990 4026242.720635 0.000000 0.003518
352448.187031 4026242.623511 0.000000 0.003526
352448.192062 4026242.527204 0.000000 0.003537
352448.197082 4026242.431693 0.000000 0.003553
352448.202092 4026242.336960 0.000000 0.003571
352448.207093 4026242.242986 0.000000 0.003594
352448.212084 4026242.149752 0.000000 0.003620
352448.217068 4026242.057240 0.000000 0.003650
352448.222043 4026241.965435 0.000000 0.003684
352448.227010 4026241.874320 0.000000 0.003721
352448.231971 4026241.783878 0.000000 0.003762
352448.236925 4026241.694096 0.000000 0.003807
352448.241874 4026241.604959 0.000000 0.003854
352448.246817 4026241.516452 0.000000 0.003905
352448.251756 4026241.428563 0.000000 0.003960
352448.256690 4026241.341278 0.000000 0.004017
352448.261621 4026241.254585 0.000000 0.004077
352448.266550 4026241.168472 0.000000 0.004140
352448.271476 4026241.082927 0.000000 0.004206
352448.276401 4026240.997940 0.000000 0.004274
352448.281324 4026240.913498 0.000000 0.004344
352448.286248 4026240.829593 0.000000 0.004417
352448.291171 4026240.746212 0.000000 0.004491
352448.296095 4026240.663348 0.000000 0.004567
352448.301021 4026240.580990 0.000000 0.004645
352448.305948 4026240.499129 0.000000 0.004725
352448.310878 4026240.417756 0.000000 0.004805
352448.315811 4026240.336862 0.000000 0.004887
352448.320747 4026240.256439 0.000000 0.004969
352448.325688 4026240.176479 0.000000 0.005052
352448.330633 4026240.096974 0.000000 0.005135
352448.335584 4026240.017916 0.000000 0.005219
352448.340540 4026239.939297 0.000000 0.005302
352448.345502 4026239.861111 0.000000 0.005386
352448.350470 4026239.783349 0.000000 0.005469
352448.355446 4026239.706005 0.000000 0.005552
352448.360429 4026239.629071 0.000000 0.005633
352448.365420 4026239.552542 0.000000 0.005714
352448.370420 4026239.476410 0.000000 0.005794
352448.375428 4026239.400670 0.000000 0.005873
352448.380445 4026239.325313 0.000000 0.005950
352448.385472 4026239.250335 0.000000 0.006025
352448.390508 4026239.175729 0.000000 0.006099
352448.395555 4026239.101489 0.000000 0.006171
352448.400612 4026239.027609 0.000000 0.006241
352448.405679 4026238.954084 0.000000 0.006309
352448.410758 4026238.880906 0.000000 0.006374
352448.415848 4026238.808072 0.000000 0.006437
352448.420949 4026238.735574 0.000000 0.006497
352448.426063 4026238.663408 0.000000 0.006555
352448.431188 4026238.591569 0.000000 0.006609
352448.436325 4026238.520049 0.000000 0.006661
352448.441475 4026238.448846 0.000000 0.006710
352448.446637 4026238.377952 0.000000 0.006756
352448.451812 4026238.307363 0.000000 0.006799
352448.457000 4026238.237074 0.000000 0.006838
352448.462201 4026238.167079 0.000000 0.006874
352448.467415 4026238.097374 0.000000 0.006906
352448.472642 4026238.027954 0.000000 0.006935
352448.477883 4026237.958813 0.000000 0.006961
352448.483137 4026237.889947 0.000000 0.006983
352448.488404 4026237.821350 0.000000 0.007002
352448.493685 4026237.753019 0.000000 0.007017
352448.498980 4026237.684948 0.000000 0.007028
352448.504288 4026237.617132 0.000000 0.007035
352448.509609 4026237.549568 0.000000 0.007039
352448.514944 4026237.482249 0.000000 0.007040
352448.520293 4026237.415171 0.000000 0.007037
352448.525656 4026237.348330 0.000000 0.007030
352448.531032 4026237.281722 0.000000 0.007020
352448.536422 4026237.215341 0.000000 0.007006
352448.541825 4026237.149183 0.000000 0.006989
352448.547241 4026237.083243 0.000000 0.006968
352448.552672 4026237.017518 0.000000 0.006944
352448.558115 4026236.952002 0.000000 0.006917
352448.563572 4026236.886691 0.000000 0.006887
352448.569042 4026236.821581 0.000000 0.006854
352448.574525 4026236.756667 0.000000 0.006818
352448.580021 4026236.691946 0.000000 0.006779
352448.585531 4026236.627411 0.000000 0.006738
352448.591053 4026236.563060 0.000000 0.006695
352448.596588 4026236.498888 0.000000 0.006649
352448.602136 4026236.434890 0.000000 0.006601
352448.607697 4026236.371063 0.000000 0.006552
352448.613270 4026236.307402 0.000000 0.006500
352448.618856 4026236.243904 0.000000 0.006448
352448.624454 4026236.180563 0.000000 0.006394
352448.630064 4026236.117375 0.000000 0.006339
352448.635687 4026236.054338 0.000000 0.006283
352448.641321 4026235.991445 0.000000 0.006227
352448.646968 4026235.928695 0.000000 0.006171
352448.652627 4026235.866082 0.000000 0.006115
352448.658298 4026235.803602 0.000000 0.006058
352448.663980 4026235.741252 0.000000 0.006003
352448.669675 4026235.679028 0.000000 0.005948
352448.675381 4026235.616926 0.000000 0.005894
352448.681099 4026235.554942 0.000000 0.005842
352448.686828 4026235.493073 0.000000 0.005791
352448.692570 4026235.431314 0.000000 0.005742
352448.698323 4026235.369662 0.000000 0.005694
352448.704087 4026235.308114 0.000000 0.005650
352448.709864 4026235.246666 0.000000 0.005607
352448.715652 4026235.185315 0.000000 0.005568
352448.721452 4026235.124057 0.000000 0.005531
352448.727263 4026235.062889 0.000000 0.005498
352448.733087 4026235.001807 0.000000 0.005467
352448.738923 4026234.940809 0.000000 0.005441
352448.744770 4026234.879891 0.000000 0.005418
352448.750630 4026234.819050 0.000000 0.005399
352448.756503 4026234.758283 0.000000 0.005384
352448.762388 4026234.697588 0.000000 0.005373
352448.768285 4026234.636961 0.000000 0.005367
352448.774196 4026234.576400 0.000000 0.005364
352448.780119 4026234.515901 0.000000 0.005367
352448.786056 4026234.455462 0.000000 0.005373
352448.792006 4026234.395081 0.000000 0.005385
352448.797969 4026234.334756 0.000000 0.005401
352448.803947 4026234.274482 0.000000 0.005421
352448.809939 4026234.214259 0.000000 0.005447
352448.815946 4026234.154084 0.000000 0.005476
352448.821967 4026234.093954 0.000000 0.005511
352448.828004 4026234.033868 0.000000 0.005550
352448.834056 4026233.973824 0.000000 0.005593
352448.840123 4026233.913818 0.000000 0.005641
352448.846207 4026233.853851 0.000000 0.005693
352448.852308 4026233.793919 0.000000 0.005750
352448.858425 4026233.734020 0.000000 0.005810
352448.864560 4026233.674154 0.000000 0.005875
352448.870713 4026233.614318 0.000000 0.005943
352448.876883 4026233.554511 0.000000 0.006015
352448.883073 4026233.494731 0.000000 0.006090
352448.889281 4026233.434976 0.000000 0.006168
352448.895508 4026233.375247 0.000000 0.006250
352448.901756 4026233.315540 0.000000 0.006334
352448.908024 4026233.255855 0.000000 0.006420
352448.914313 4026233.196191 0.000000 0.006509
352448.920623 4026233.136546 0.000000 0.006600
352448.926955 4026233.076919 0.000000 0.006693
352448.933309 4026233.017310 0.000000 0.006787
352448.939685 4026232.957717 0.000000 0.006882
352448.946085 4026232.898140 0.000000 0.006978
352448.952509 4026232.838577 0.000000 0.007075
352448.958956 4026232.779028 0.000000 0.007172
352448.965429 4026232.719492 0.000000 0.007269
352448.971926 4026232.659968 0.000000 0.007365
352448.978449 4026232.600456 0.000000 0.007461
352448.984998 4026232.540955 0.000000 0.007556
352448.991573 4026232.481464 0.000000 0.007650
352448.998175 4026232.421983 0.000000 0.007742
352449.004805 4026232.362512 0.000000 0.007833
352449.011462 4026232.303049 0.000000 0.007921
352449.018147 4026232.243595 0.000000 0.008008
352449.024861 4026232.184149 0.000000 0.008091
352449.031604 4026232.124711 0.000000 0.008172
352449.038376 4026232.065280 0.000000 0.008249
352449.045177 4026232.005856 0.000000 0.008323
352449.052008 4026231.946438 0.000000 0.008394
352449.058870 4026231.887027 0.000000 0.008461
352449.065762 4026231.827622 0.000000 0.008524
352449.072685 4026231.768223 0.000000 0.008582
352449.079638 4026231.708830 0.000000 0.008637
352449.086623 4026231.649443 0.000000 0.008687
352449.093640 4026231.590061 0.000000 0.008732
352449.100688 4026231.530684 0.000000 0.008773
352449.107768 4026231.471312 0.000000 0.008808
352449.114880 4026231.411945 0.000000 0.008839
352449.122024 4026231.352583 0.000000 0.008865
352449.129200 4026231.293225 0.000000 0.008885
352449.136409 4026231.233873 0.000000 0.008901
352449.143650 4026231.174524 0.000000 0.008911
352449.150923 4026231.115181 0.000000 0.008916
352449.158229 4026231.055841 0.000000 0.008916
352449.165567 4026230.996506 0.000000 0.008910
352449.172938 4026230.937176 0.000000 0.008900
352449.180340 4026230.877849 0.000000 0.008884
352449.187776 4026230.818527 0.000000 0.008863
352449.195243 4026230.759209 0.000000 0.008837
352449.202742 4026230.699895 0.000000 0.008806
352449.210274 4026230.640585 0.000000 0.008771
352449.217837 4026230.581279 0.000000 0.008730
352449.225432 4026230.521977 0.000000 0.008685
352449.233058 4026230.462679 0.000000 0.008636
352449.240716 4026230.403385 0.000000 0.008582
352449.248405 4026230.344095 0.000000 0.008524
352449.256124 4026230.284809 0.000000 0.008461
352449.263874 4026230.225526 0.000000 0.008396
352449.271654 4026230.166247 0.000000 0.008326
352449.279465 4026230.106972 0.000000 0.008253
352449.287305 4026230.047701 0.000000 0.008177
352449.295174 4026229.988434 0.000000 0.008098
352449.303072 4026229.929170 0.000000 0.008016
352449.310999 4026229.869909 0.000000 0.007931
352449.318955 4026229.810653 0.000000 0.007845
352449.326938 4026229.751399 0.000000 0.007756
352449.334950 4026229.692149 0.000000 0.007665
352449.342988 4026229.632903 0.000000 0.007573
352449.351053 4026229.573660 0.000000 0.007480
352449.359145 4026229.514421 0.000000 0.007385
352449.367264 4026229.455184 0.000000 0.007290
352449.375407 4026229.395951 0.000000 0.007194
352449.383577 4026229.336721 0.000000 0.007098
352449.391771 4026229.277495 0.000000 0.007001
352449.399990 4026229.218271 0.000000 0.006905
352449.408234 4026229.159051 0.000000 0.006809
352449.416501 4026229.099834 0.000000 0.006714
352449.424792 4026229.040619 0.000000 0.006620
352449.433105 4026228.981408 0.000000 0.006526
352449.441442 4026228.922200 0.000000 0.006434
352449.449801 4026228.862994 0.000000 0.006343
352449.458183 4026228.803791 0.000000 0.006254
352449.466586 4026228.744592 0.000000 0.006167
352449.475010 4026228.685395 0.000000 0.006081
352449.483456 4026228.626200 0.000000 0.005997
352449.491922 4026228.567009 0.000000 0.005916
352449.500409 4026228.507820 0.000000 0.005837
352449.508916 4026228.448634 0.000000 0.005761
352449.517443 4026228.389450 0.000000 0.005687
352449.525990 4026228.330269 0.000000 0.005616
352449.534556 4026228.271091 0.000000 0.005547
352449.543141 4026228.211915 0.000000 0.005481
352449.551745 4026228.152742 0.000000 0.005419
352449.560367 4026228.093571 0.000000 0.005359
352449.569008 4026228.034403 0.000000 0.005303
352449.577668 4026227.975238 0.000000 0.005249
352449.586345 4026227.916074 0.000000 0.005199
352449.595040 4026227.856914 0.000000 0.005151
352449.603753 4026227.797756 0.000000 0.005107
352449.612483 4026227.738600 0.000000 0.005066
352449.621231 4026227.679446 0.000000 0.005028
352449.629996 4026227.620295 0.000000 0.004994
352449.638778 4026227.561147 0.000000 0.004962
352449.647577 4026227.502001 0.000000 0.004934
352449.656393 4026227.442857 0.000000 0.004908
352449.665226 4026227.383716 0.000000 0.004886
352449.674076 4026227.324578 0.000000 0.004866
352449.682942 4026227.265441 0.000000 0.004849
352449.691825 4026227.206307 0.000000 0.004835
352449.700725 4026227.147176 0.000000 0.004824
352449.709642 4026227.088047 0.000000 0.004815
352449.718575 4026227.028921 0.000000 0.004809
352449.727524 4026226.969797 0.000000 0.004805
352449.736491 4026226.910675 0.000000 0.004803
352449.745474 4026226.851557 0.000000 0.004804
352449.754474 4026226.792440 0.000000 0.004806
352449.763490 4026226.733326 0.000000 0.004811
352449.772523 4026226.674215 0.000000 0.004817
352449.781573 4026226.615106 0.000000 0.004825
352449.790640 4026226.556000 0.000000 0.004835
352449.799723 4026226.496897 0.000000 0.004846
352449.808824 4026226.437796 0.000000 0.004858
352449.817942 4026226.378698 0.000000 0.004872
352449.827076 4026226.319602 0.000000 0.004886
352449.836228 4026226.260510 0.000000 0.004902
352449.845397 4026226.201419 0.000000 0.004919
352449.854584 4026226.142332 0.000000 0.004936
352449.863787 4026226.083247 0.000000 0.004954
352449.873009 4026226.024166 0.000000 0.004972
352449.882247 4026225.965087 0.000000 0.004991
352449.891504 4026225.906010 0.000000 0.005010
352449.900778 4026225.846937 0.000000 0.005029
352449.910070 4026225.787866 0.000000 0.005048
352449.919379 4026225.728799 0.000000 0.005067
352449.928707 4026225.669734 0.000000 0.005087
352449.938053 4026225.610672 0.000000 0.005106
352449.947417 4026225.551613 0.000000 0.005124
352449.956799 4026225.492557 0.000000 0.005143
352449.966199 4026225.433504 0.000000 0.005161
352449.975618 4026225.374454 0.000000 0.005178
352449.985054 4026225.315407 0.000000 0.005195
352449.994510 4026225.256363 0.000000 0.005211
352450.003984 4026225.197322 0.000000 0.005227
352450.013476 4026225.138284 0.000000 0.005242
352450.022988 4026225.079249 0.000000 0.005256
352450.032517 4026225.020217 0.000000 0.005270
352450.042066 4026224.961188 0.000000 0.005282
352450.051634 4026224.902162 0.000000 0.005294
352450.061220 4026224.843140 0.000000 0.005305
352450.070825 4026224.784120 0.000000 0.005315
352450.080449 4026224.725104 0.000000 0.005324
352450.090092 4026224.666090 0.000000 0.005332
352450.099754 4026224.607080 0.000000 0.005339
352450.109435 4026224.548073 0.000000 0.005345
352450.119135 4026224.489069 0.000000 0.005351
352450.128854 4026224.430069 0.000000 0.005355
352450.138592 4026224.371071 0.000000 0.005358
352450.148349 4026224.312077 0.000000 0.005361
352450.158126 4026224.253085 0.000000 0.005362
352450.167921 4026224.194097 0.000000 0.005363
352450.177735 4026224.135113 0.000000 0.005363
352450.187569 4026224.076131 0.000000 0.005361
352450.197421 4026224.017152 0.000000 0.005359
352450.207292 4026223.958177 0.000000 0.005357
352450.217183 4026223.899205 0.000000 0.005353
352450.227092 4026223.840236 0.000000 0.005349
352450.237021 4026223.781270 0.000000 0.005344
352450.246968 4026223.722307 0.000000 0.005338
352450.256934 4026223.663348 0.000000 0.005332
352450.266920 4026223.604392 0.000000 0.005325
352450.276924 4026223.545439 0.000000 0.005317
352450.286946 4026223.486489 0.000000 0.005309
352450.296988 4026223.427542 0.000000 0.005301
352450.307048 4026223.368598 0.000000 0.005292
352450.317127 4026223.309658 0.000000 0.005283
352450.327225 4026223.250721 0.000000 0.005274
352450.337341 4026223.191787 0.000000 0.005264
352450.347476 4026223.132856 0.000000 0.005254
352450.357630 4026223.073928 0.000000 0.005244
352450.367801 4026223.015003 0.000000 0.005234
352450.377992 4026222.956082 0.000000 0.005224
352450.388200 4026222.897164 0.000000 0.005214
352450.398427 4026222.838248 0.000000 0.005204
352450.408673 4026222.779336 0.000000 0.005194
352450.418936 4026222.720427 0.000000 0.005184
352450.429218 4026222.661522 0.000000 0.005174
352450.439518 4026222.602619 0.000000 0.005165
352450.449837 4026222.543720 0.000000 0.005156
352450.460173 4026222.484823 0.000000 0.005147
352450.470527 4026222.425930 0.000000 0.005139
352450.480899 4026222.367040 0.000000 0.005131
352450.491290 4026222.308154 0.000000 0.005124
352450.501698 4026222.249270 0.000000 0.005117
352450.512124 4026222.190389 0.000000 0.005111
352450.522568 4026222.131512 0.000000 0.005106
352450.533030 4026222.072638 0.000000 0.005101
352450.543510 4026222.013767 0.000000 0.005098
352450.554008 4026221.954899 0.000000 0.005095
352450.564523 4026221.896034 0.000000 0.005092
352450.575056 4026221.837173 0.000000 0.005091
352450.585607 4026221.778314 0.000000 0.005091
352450.596176 4026221.719459 0.000000 0.005092
352450.606762 4026221.660607 0.000000 0.005094
352450.617366 4026221.601759 0.000000 0.005097
352450.627988 4026221.542913 0.000000 0.005101
352450.638628 4026221.484071 0.000000 0.005106
352450.649286 4026221.425232 0.000000 0.005113
352450.659961 4026221.366396 0.000000 0.005121
352450.670654 4026221.307564 0.000000 0.005130
352450.681365 4026221.248735 0.000000 0.005141
352450.692094 4026221.189909 0.000000 0.005153
352450.702840 4026221.131086 0.000000 0.005166
352450.713605 4026221.072267 0.000000 0.005181
352450.724388 4026221.013451 0.000000 0.005198
352450.735188 4026220.954639 0.000000 0.005216
352450.746007 4026220.895830 0.000000 0.005236
352450.756844 4026220.837025 0.000000 0.005258
352450.767699 4026220.778223 0.000000 0.005281
352450.778573 4026220.719424 0.000000 0.005306
352450.789465 4026220.660629 0.000000 0.005332
352450.800375 4026220.601838 0.000000 0.005361
352450.811304 4026220.543050 0.000000 0.005391
352450.822252 4026220.484266 0.000000 0.005423
352450.833218 4026220.425485 0.000000 0.005456
352450.844203 4026220.366708 0.000000 0.005492
352450.855208 4026220.307935 0.000000 0.005529
352450.866231 4026220.249165 0.000000 0.005567
352450.877274 4026220.190400 0.000000 0.005608
352450.888336 4026220.131638 0.000000 0.005650
352450.899418 4026220.072880 0.000000 0.005694
352450.910520 4026220.014126 0.000000 0.005740
352450.921642 4026219.955376 0.000000 0.005787
352450.932783 4026219.896630 0.000000 0.005836
352450.943945 4026219.837888 0.000000 0.005887
352450.955128 4026219.779150 0.000000 0.005939
352450.966331 4026219.720416 0.000000 0.005992
352450.977555 4026219.661686 0.000000 0.006047
352450.988800 4026219.602961 0.000000 0.006103
352451.000066 4026219.544240 0.000000 0.006160
352451.011353 4026219.485523 0.000000 0.006219
352451.022663 4026219.426811 0.000000 0.006279
352451.033994 4026219.368103 0.000000 0.006339
352451.045347 4026219.309400 0.000000 0.006401
352451.056723 4026219.250701 0.000000 0.006464
352451.068121 4026219.192007 0.000000 0.006527
352451.079542 4026219.133317 0.000000 0.006591
352451.090987 4026219.074632 0.000000 0.006656
352451.102454 4026219.015952 0.000000 0.006721
352451.113945 4026218.957277 0.000000 0.006786
352451.125460 4026218.898607 0.000000 0.006851
352451.136999 4026218.839942 0.000000 0.006917
352451.148562 4026218.781281 0.000000 0.006982
352451.160150 4026218.722626 0.000000 0.007048
352451.171762 4026218.663976 0.000000 0.007112
352451.183400 4026218.605331 0.000000 0.007177
352451.195063 4026218.546691 0.000000 0.007240
352451.206751 4026218.488057 0.000000 0.007303
352451.218465 4026218.429428 0.000000 0.007365
352451.230205 4026218.370804 0.000000 0.007426
352451.241971 4026218.312186 0.000000 0.007486
352451.253764 4026218.253574 0.000000 0.007544
352451.265584 4026218.194966 0.000000 0.007601
352451.277430 4026218.136365 0.000000 0.007655
352451.289304 4026218.077769 0.000000 0.007708
352451.301205 4026218.019179 0.000000 0.007759
352451.313133 4026217.960595 0.000000 0.007808
352451.325090 4026217.902016 0.000000 0.007854
352451.337074 4026217.843443 0.000000 0.007898
352451.349086 4026217.784876 0.000000 0.007939
352451.361126 4026217.726315 0.000000 0.007978
352451.373195 4026217.667760 0.000000 0.008013
352451.385293 4026217.609211 0.000000 0.008046
352451.397419 4026217.550668 0.000000 0.008075
352451.409574 4026217.492131 0.000000 0.008101
352451.421758 4026217.433600 0.000000 0.008124
352451.433971 4026217.375075 0.000000 0.008143
352451.446213 4026217.316556 0.000000 0.008159
352451.458484 4026217.258043 0.000000 0.008171
352451.470784 4026217.199537 0.000000 0.008179
352451.483114 4026217.141036 0.000000 0.008184
352451.495473 4026217.082542 0.000000 0.008185
352451.507861 4026217.024053 0.000000 0.008182
352451.520278 4026216.965571 0.000000 0.008175
352451.532724 4026216.907095 0.000000 0.008164
352451.545200 4026216.848625 0.000000 0.008149
352451.557704 4026216.790161 0.000000 0.008131
352451.570238 4026216.731704 0.000000 0.008108
352451.582801 4026216.673252 0.000000 0.008082
352451.595392 4026216.614806 0.000000 0.008052
352451.608012 4026216.556367 0.000000 0.008018
352451.620661 4026216.497933 0.000000 0.007981
352451.633338 4026216.439506 0.000000 0.007940
352451.646044 4026216.381084 0.000000 0.007895
352451.658778 4026216.322668 0.000000 0.007847
352451.671539 4026216.264258 0.000000 0.007796
352451.684328 4026216.205854 0.000000 0.007741
352451.697145 4026216.147456 0.000000 0.007684
352451.709989 4026216.089063 0.000000 0.007623
352451.722860 4026216.030676 0.000000 0.007560
352451.735758 4026215.972295 0.000000 0.007494
352451.748683 4026215.913919 0.000000 0.007426
352451.761633 4026215.855549 0.000000 0.007355
352451.774610 4026215.797185 0.000000 0.007283
352451.787612 4026215.738825 0.000000 0.007208
352451.800640 4026215.680472 0.000000 0.007132
352451.813693 4026215.622123 0.000000 0.007055
352451.826770 4026215.563780 0.000000 0.006976
352451.839872 4026215.505441 0.000000 0.006897
352451.852999 4026215.447108 0.000000 0.006817
352451.866149 4026215.388780 0.000000 0.006736
352451.879322 4026215.330457 0.000000 0.006655
352451.892519 4026215.272139 0.000000 0.006574
352451.905738 4026215.213826 0.000000 0.006494
352451.918981 4026215.155518 0.000000 0.006414
352451.932245 4026215.097214 0.000000 0.006335
352451.945531 4026215.038915 0.000000 0.006257
352451.958839 4026214.980621 0.000000 0.006180
352451.972168 4026214.922331 0.000000 0.006105
352451.985518 4026214.864046 0.000000 0.006032
352451.998888 4026214.805765 0.000000 0.005961
352452.012279 4026214.747489 0.000000 0.005892
352452.025690 4026214.689217 0.000000 0.005826
352452.039121 4026214.630949 0.000000 0.005762
352452.052572 4026214.572686 0.000000 0.005702
352452.066041 4026214.514427 0.000000 0.005645
352452.079530 4026214.456172 0.000000 0.005591
352452.093038 4026214.397921 0.000000 0.005541
352452.106564 4026214.339674 0.000000 0.005494
352452.120109 4026214.281432 0.000000 0.005452
352452.133672 4026214.223193 0.000000 0.005413
352452.147254 4026214.164959 0.000000 0.005379
352452.160853 4026214.106729 0.000000 0.005349
352452.174470 4026214.048502 0.000000 0.005324
352452.188105 4026213.990280 0.000000 0.005303
352452.201758 4026213.932062 0.000000 0.005287
352452.215429 4026213.873848 0.000000 0.005275
352452.229117 4026213.815638 0.000000 0.005268
352452.242822 4026213.757432 0.000000 0.005266
352452.256546 4026213.699231 0.000000 0.005269
352452.270286 4026213.641033 0.000000 0.005276
352452.284045 4026213.582839 0.000000 0.005289
352452.297821 4026213.524650 0.000000 0.005306
352452.311615 4026213.466465 0.000000 0.005327
352452.325427 4026213.408284 0.000000 0.005353
352452.339256 4026213.350108 0.000000 0.005384
352452.353104 4026213.291936 0.000000 0.005420
352452.366970 4026213.233768 0.000000 0.005459
352452.380854 4026213.175605 0.000000 0.005503
352452.394757 4026213.117446 0.000000 0.005551
352452.408678 4026213.059292 0.000000 0.005603
352452.422618 4026213.001142 0.000000 0.005659
352452.436578 4026212.942998 0.000000 0.005718
352452.450557 4026212.884858 0.000000 0.005781
352452.464555 4026212.826723 0.000000 0.005847
352452.478574 4026212.768593 0.000000 0.005916
352452.492612 4026212.710468 0.000000 0.005988
352452.506671 4026212.652348 0.000000 0.006062
352452.520751 4026212.594233 0.000000 0.006139
352452.534851 4026212.536124 0.000000 0.006218
352452.548973 4026212.478020 0.000000 0.006298
352452.563117 4026212.419921 0.000000 0.006380
352452.577283 4026212.361828 0.000000 0.006463
352452.591471 4026212.303741 0.000000 0.006547
352452.605682 4026212.245660 0.000000 0.006632
352452.619916 4026212.187584 0.000000 0.006717
352452.634173 4026212.129515 0.000000 0.006802
352452.648454 4026212.071451 0.000000 0.006887
352452.662759 4026212.013394 0.000000 0.006971
352452.677088 4026211.955343 0.000000 0.007054
352452.691442 4026211.897298 0.000000 0.007137
352452.705821 4026211.839260 0.000000 0.007218
352452.720226 4026211.781228 0.000000 0.007297
352452.734656 4026211.723203 0.000000 0.007374
352452.749112 4026211.665185 0.000000 0.007449
352452.763595 4026211.607173 0.000000 0.007522
352452.778104 4026211.549168 0.000000 0.007591
352452.792640 4026211.491171 0.000000 0.007658
352452.807203 4026211.433180 0.000000 0.007722
352452.821793 4026211.375196 0.000000 0.007782
352452.836411 4026211.317219 0.000000 0.007839
352452.851057 4026211.259250 0.000000 0.007892
352452.865731 4026211.201288 0.000000 0.007941
352452.880433 4026211.143333 0.000000 0.007986
352452.895163 4026211.085385 0.000000 0.008026
352452.909922 4026211.027445 0.000000 0.008062
352452.924709 4026210.969513 0.000000 0.008094
352452.939526 4026210.911587 0.000000 0.008121
352452.954371 4026210.853669 0.000000 0.008144
352452.969245 4026210.795759 0.000000 0.008161
352452.984148 4026210.737856 0.000000 0.008174
352452.999080 4026210.679961 0.000000 0.008182
352453.014042 4026210.622074 0.000000 0.008185
352453.029032 4026210.564193 0.000000 0.008183
352453.044051 4026210.506321 0.000000 0.008176
352453.059100 4026210.448456 0.000000 0.008164
352453.074177 4026210.390598 0.000000 0.008148
352453.089284 4026210.332748 0.000000 0.008127
352453.104419 4026210.274906 0.000000 0.008101
352453.119583 4026210.217071 0.000000 0.008070
352453.134775 4026210.159243 0.000000 0.008035
352453.149997 4026210.101423 0.000000 0.007995
352453.165246 4026210.043610 0.000000 0.007951
352453.180523 4026209.985805 0.000000 0.007903
352453.195829 4026209.928006 0.000000 0.007851
352453.211162 4026209.870215 0.000000 0.007795
352453.226522 4026209.812431 0.000000 0.007736
352453.241910 4026209.754654 0.000000 0.007673
352453.257325 4026209.696884 0.000000 0.007606
352453.272766 4026209.639122 0.000000 0.007537
352453.288234 4026209.581366 0.000000 0.007465
352453.303728 4026209.523616 0.000000 0.007390
352453.319248 4026209.465874 0.000000 0.007312
352453.334793 4026209.408138 0.000000 0.007233
352453.350364 4026209.350409 0.000000 0.007151
352453.365959 4026209.292686 0.000000 0.007068
352453.381579 4026209.234970 0.000000 0.006984
352453.397224 4026209.177260 0.000000 0.006898
352453.412892 4026209.119556 0.000000 0.006812
352453.428584 4026209.061859 0.000000 0.006725
352453.444299 4026209.004168 0.000000 0.006637
352453.460036 4026208.946482 0.000000 0.006549
352453.475796 4026208.888803 0.000000 0.006462
352453.491579 4026208.831129 0.000000 0.006375
352453.507383 4026208.773461 0.000000 0.006288
352453.523209 4026208.715799 0.000000 0.006202
352453.539056 4026208.658142 0.000000 0.006118
352453.554923 4026208.600491 0.000000 0.006035
352453.570811 4026208.542845 0.000000 0.005953
352453.586720 4026208.485205 0.000000 0.005873
352453.602648 4026208.427570 0.000000 0.005794
352453.618595 4026208.369940 0.000000 0.005718
352453.634562 4026208.312315 0.000000 0.005645
352453.650549 4026208.254696 0.000000 0.005573
352453.666553 4026208.197081 0.000000 0.005505
352453.682577 4026208.139472 0.000000 0.005439
352453.698618 4026208.081867 0.000000 0.005376
352453.714677 4026208.024267 0.000000 0.005316
352453.730755 4026207.966672 0.000000 0.005259
352453.746850 4026207.909082 0.000000 0.005205
352453.762962 4026207.851497 0.000000 0.005155
352453.779091 4026207.793916 0.000000 0.005108
352453.795238 4026207.736340 0.000000 0.005065
352453.811401 4026207.678768 0.000000 0.005025
352453.827581 4026207.621202 0.000000 0.004988
352453.843777 4026207.563639 0.000000 0.004956
352453.859990 4026207.506082 0.000000 0.004927
352453.876220 4026207.448529 0.000000 0.004902
352453.892465 4026207.390980 0.000000 0.004880
352453.908727 4026207.333436 0.000000 0.004862
352453.925005 4026207.275897 0.000000 0.004847
352453.941299 4026207.218362 0.000000 0.004837
352453.957609 4026207.160832 0.000000 0.004829
352453.973936 4026207.103306 0.000000 0.004826
352453.990278 4026207.045785 0.000000 0.004825
352454.006636 4026206.988268 0.000000 0.004828
352454.023011 4026206.930756 0.000000 0.004835
352454.039401 4026206.873249 0.000000 0.004844
352454.055808 4026206.815746 0.000000 0.004857
352454.072231 4026206.758248 0.000000 0.004873
352454.088670 4026206.700755 0.000000 0.004891
352454.105126 4026206.643267 0.000000 0.004912
352454.121598 4026206.585783 0.000000 0.004936
352454.138087 4026206.528305 0.000000 0.004962
352454.154592 4026206.470831 0.000000 0.004991
352454.171115 4026206.413362 0.000000 0.005022
352454.187654 4026206.355898 0.000000 0.005055
352454.204210 4026206.298439 0.000000 0.005090
352454.220784 4026206.240985 0.000000 0.005126
352454.237375 4026206.183537 0.000000 0.005164
352454.253983 4026206.126094 0.000000 0.005204
352454.270610 4026206.068656 0.000000 0.005245
352454.287254 4026206.011223 0.000000 0.005287
352454.303916 4026205.953795 0.000000 0.005330
352454.320596 4026205.896374 0.000000 0.005373
352454.337295 4026205.838957 0.000000 0.005418
352454.354012 4026205.781546 0.000000 0.005463
352454.370749 4026205.724141 0.000000 0.005508
352454.387503 4026205.666742 0.000000 0.005553
352454.404278 4026205.609348 0.000000 0.005599
352454.421071 4026205.551960 0.000000 0.005644
352454.437884 4026205.494578 0.000000 0.005690
352454.454716 4026205.437201 0.000000 0.005734
352454.471568 4026205.379831 0.000000 0.005779
352454.488440 4026205.322467 0.000000 0.005823
352454.505332 4026205.265109 0.000000 0.005866
352454.522244 4026205.207757 0.000000 0.005908
352454.539177 4026205.150411 0.000000 0.005949
352454.556131 4026205.093071 0.000000 0.005990
352454.573105 4026205.035738 0.000000 0.006029
352454.590100 4026204.978411 0.000000 0.006067
352454.607116 4026204.921091 0.000000 0.006104
352454.624153 4026204.863776 0.000000 0.006139
352454.641211 4026204.806469 0.000000 0.006173
352454.658291 4026204.749167 0.000000 0.006205
352454.675392 4026204.691873 0.000000 0.006236
352454.692515 4026204.634585 0.000000 0.006265
352454.709660 4026204.577303 0.000000 0.006293
352454.726826 4026204.520028 0.000000 0.006319
352454.744015 4026204.462760 0.000000 0.006343
352454.761225 4026204.405499 0.000000 0.006365
352454.778457 4026204.348244 0.000000 0.006385
352454.795712 4026204.290996 0.000000 0.006404
352454.812989 4026204.233755 0.000000 0.006420
352454.830288 4026204.176521 0.000000 0.006435
352454.847609 4026204.119293 0.000000 0.006448
352454.864953 4026204.062072 0.000000 0.006459
352454.882319 4026204.004858 0.000000 0.006468
352454.899708 4026203.947651 0.000000 0.006475
352454.917119 4026203.890451 0.000000 0.006480
352454.934552 4026203.833258 0.000000 0.006483
352454.952008 4026203.776071 0.000000 0.006485
352454.969486 4026203.718892 0.000000 0.006485
352454.986987 4026203.661719 0.000000 0.006482
352455.004510 4026203.604553 0.000000 0.006478
352455.022056 4026203.547394 0.000000 0.006473
352455.039624 4026203.490242 0.000000 0.006465
352455.057214 4026203.433097 0.000000 0.006456
352455.074826 4026203.375959 0.000000 0.006446
352455.092461 4026203.318827 0.000000 0.006433
352455.110118 4026203.261702 0.000000 0.006420
352455.127797 4026203.204584 0.000000 0.006405
352455.145498 4026203.147473 0.000000 0.006388
352455.163222 4026203.090369 0.000000 0.006371
352455.180967 4026203.033271 0.000000 0.006352
352455.198734 4026202.976180 0.000000 0.006332
352455.216523 4026202.919096 0.000000 0.006311
352455.234333 4026202.862019 0.000000 0.006289
352455.252165 4026202.804948 0.000000 0.006266
352455.270018 4026202.747884 0.000000 0.006243
352455.287893 4026202.690826 0.000000 0.006218
352455.305789 4026202.633776 0.000000 0.006193
352455.323707 4026202.576731 0.000000 0.006168
352455.341645 4026202.519694 0.000000 0.006142
352455.359605 4026202.462662 0.000000 0.006117
352455.377585 4026202.405638 0.000000 0.006090
352455.395586 4026202.348619 0.000000 0.006064
352455.413608 4026202.291608 0.000000 0.006038
352455.431650 4026202.234602 0.000000 0.006013
352455.449713 4026202.177603 0.000000 0.005987
352455.467796 4026202.120611 0.000000 0.005962
352455.485899 4026202.063624 0.000000 0.005938
352455.504023 4026202.006645 0.000000 0.005914
352455.522166 4026201.949671 0.000000 0.005891
352455.540330 4026201.892704 0.000000 0.005870
352455.558513 4026201.835743 0.000000 0.005849
352455.576716 4026201.778788 0.000000 0.005830
352455.594938 4026201.721840 0.000000 0.005812
352455.613180 4026201.664897 0.000000 0.005796
352455.631442 4026201.607961 0.000000 0.005782
352455.649723 4026201.551031 0.000000 0.005769
352455.668023 4026201.494108 0.000000 0.005759
352455.686343 4026201.437191 0.000000 0.005750
352455.704681 4026201.380279 0.000000 0.005745
352455.723039 4026201.323374 0.000000 0.005742
352455.741416 4026201.266476 0.000000 0.005741
352455.759813 4026201.209583 0.000000 0.005744
352455.778228 4026201.152697 0.000000 0.005749
352455.796662 4026201.095817 0.000000 0.005758
352455.815116 4026201.038943 0.000000 0.005771
352455.833588 4026200.982076 0.000000 0.005787
352455.852080 4026200.925215 0.000000 0.005806
352455.870590 4026200.868360 0.000000 0.005830
352455.889120 4026200.811512 0.000000 0.005858
352455.907669 4026200.754670 0.000000 0.005890
352455.926238 4026200.697834 0.000000 0.005926
352455.944826 4026200.641006 0.000000 0.005967
352455.963433 4026200.584183 0.000000 0.006013
352455.982060 4026200.527368 0.000000 0.006063
352456.000707 4026200.470559 0.000000 0.006119
352456.019374 4026200.413758 0.000000 0.006179
352456.038062 4026200.356963 0.000000 0.006245
352456.056769 4026200.300175 0.000000 0.006316
352456.075497 4026200.243395 0.000000 0.006392
352456.094246 4026200.186621 0.000000 0.006474
352456.113016 4026200.129855 0.000000 0.006561
352456.131808 4026200.073097 0.000000 0.006654
352456.150621 4026200.016346 0.000000 0.006753
352456.169456 4026199.959603 0.000000 0.006857
352456.188314 4026199.902868 0.000000 0.006966
352456.207194 4026199.846141 0.000000 0.007082
352456.226098 4026199.789423 0.000000 0.007202
352456.245025 4026199.732712 0.000000 0.007329
352456.263976 4026199.676011 0.000000 0.007461
352456.282951 4026199.619318 0.000000 0.007598
352456.301951 4026199.562634 0.000000 0.007741
352456.320977 4026199.505960 0.000000 0.007889
352456.340028 4026199.449295 0.000000 0.008042
352456.359106 4026199.392639 0.000000 0.008200
352456.378211 4026199.335993 0.000000 0.008364
352456.397344 4026199.279358 0.000000 0.008532
352456.416504 4026199.222733 0.000000 0.008704
352456.435693 4026199.166118 0.000000 0.008881
352456.454912 4026199.109514 0.000000 0.009062
352456.474161 4026199.052921 0.000000 0.009247
352456.493440 4026198.996340 0.000000 0.009435
352456.512751 4026198.939770 0.000000 0.009627
352456.532093 4026198.883212 0.000000 0.009823
352456.551468 4026198.826666 0.000000 0.010021
352456.570877 4026198.770133 0.000000 0.010221
352456.590320 4026198.713612 0.000000 0.010424
352456.609797 4026198.657104 0.000000 0.010629
352456.629310 4026198.600610 0.000000 0.010836
352456.648860 4026198.544129 0.000000 0.011043
352456.668446 4026198.487662 0.000000 0.011252
352456.688070 4026198.431209 0.000000 0.011461
352456.707733 4026198.374770 0.000000 0.011669
352456.727435 4026198.318346 0.000000 0.011878
352456.747177 4026198.261937 0.000000 0.012086
352456.766960 4026198.205544 0.000000 0.012292
352456.786785 4026198.149166 0.000000 0.012497
352456.806651 4026198.092804 0.000000 0.012700
352456.826561 4026198.036458 0.000000 0.012900
352456.846515 4026197.980129 0.000000 0.013098
352456.866513 4026197.923816 0.000000 0.013291
352456.886556 4026197.867521 0.000000 0.013481
352456.906645 4026197.811243 0.000000 0.013667
352456.926781 4026197.754982 0.000000 0.013848
352456.946964 4026197.698739 0.000000 0.014024
352456.967195 4026197.642514 0.000000 0.014194
352456.987475 4026197.586307 0.000000 0.014358
352457.007803 4026197.530119 0.000000 0.014516
352457.028181 4026197.473950 0.000000 0.014667
352457.048610 4026197.417800 0.000000 0.014810
352457.069089 4026197.361668 0.000000 0.014947
352457.089620 4026197.305556 0.000000 0.015075
352457.110202 4026197.249464 0.000000 0.015195
352457.130836 4026197.193391 0.000000 0.015306
352457.151523 4026197.137339 0.000000 0.015409
352457.172263 4026197.081306 0.000000 0.015503
352457.193057 4026197.025293 0.000000 0.015587
352457.213904 4026196.969301 0.000000 0.015662
352457.234804 4026196.913328 0.000000 0.015727
352457.255759 4026196.857377 0.000000 0.015782
352457.276768 4026196.801445 0.000000 0.015827
352457.297831 4026196.745535 0.000000 0.015862
352457.318949 4026196.689645 0.000000 0.015886
352457.340122 4026196.633775 0.000000 0.015900
352457.361349 4026196.577927 0.000000 0.015904
352457.382631 4026196.522098 0.000000 0.015897
352457.403968 4026196.466291 0.000000 0.015880
352457.425359 4026196.410504 0.000000 0.015853
352457.446804 4026196.354738 0.000000 0.015815
352457.468304 4026196.298992 0.000000 0.015767
352457.489858 4026196.243267 0.000000 0.015708
352457.511465 4026196.187562 0.000000 0.015640
352457.533127 4026196.131877 0.000000 0.015562
352457.554841 4026196.076213 0.000000 0.015474
352457.576609 4026196.020568 0.000000 0.015377
352457.598429 4026195.964944 0.000000 0.015271
352457.620302 4026195.909339 0.000000 0.015156
352457.642226 4026195.853753 0.000000 0.015032
352457.664202 4026195.798188 0.000000 0.014899
352457.686228 4026195.742641 0.000000 0.014759
352457.708304 4026195.687114 0.000000 0.014611
352457.730431 4026195.631605 0.000000 0.014456
352457.752606 4026195.576115 0.000000 0.014294
352457.774830 4026195.520643 0.000000 0.014126
352457.797102 4026195.465190 0.000000 0.013951
352457.819421 4026195.409754 0.000000 0.013771
352457.841786 4026195.354336 0.000000 0.013586
352457.864198 4026195.298936 0.000000 0.013396
352457.886654 4026195.243552 0.000000 0.013202
352457.909155 4026195.188186 0.000000 0.013005
352457.931700 4026195.132836 0.000000 0.012804
352457.954287 4026195.077503 0.000000 0.012601
352457.976917 4026195.022185 0.000000 0.012396
352457.999588 4026194.966883 0.000000 0.012189
352458.022299 4026194.911597 0.000000 0.011981
352458.045050 4026194.856326 0.000000 0.011773
352458.067841 4026194.801070 0.000000 0.011564
352458.090669 4026194.745829 0.000000 0.011356
352458.113535 4026194.690602 0.000000 0.011149
352458.136438 4026194.635389 0.000000 0.010943
352458.159377 4026194.580190 0.000000 0.010739
352458.182350 4026194.525004 0.000000 0.010538
352458.205359 4026194.469832 0.000000 0.010339
352458.228400 4026194.414673 0.000000 0.010144
352458.251475 4026194.359527 0.000000 0.009952
352458.274583 4026194.304393 0.000000 0.009765
352458.297721 4026194.249271 0.000000 0.009581
352458.320891 4026194.194162 0.000000 0.009403
352458.344091 4026194.139064 0.000000 0.009229
352458.367321 4026194.083978 0.000000 0.009061
352458.390580 4026194.028904 0.000000 0.008899
352458.413867 4026193.973840 0.000000 0.008743
352458.437182 4026193.918788 0.000000 0.008593
352458.460525 4026193.863747 0.000000 0.008449
352458.483894 4026193.808716 0.000000 0.008312
352458.507290 4026193.753696 0.000000 0.008182
352458.530712 4026193.698687 0.000000 0.008059
352458.554159 4026193.643688 0.000000 0.007943
352458.577631 4026193.588699 0.000000 0.007834
352458.601129 4026193.533720 0.000000 0.007732
352458.624650 4026193.478751 0.000000 0.007638
352458.648196 4026193.423792 0.000000 0.007551
352458.671765 4026193.368842 0.000000 0.007472
352458.695358 4026193.313903 0.000000 0.007399
352458.718974 4026193.258973 0.000000 0.007334
352458.742613 4026193.204052 0.000000 0.007277
352458.766275 4026193.149142 0.000000 0.007226
352458.789959 4026193.094241 0.000000 0.007183
352458.813667 4026193.039349 0.000000 0.007146
352458.837396 4026192.984467 0.000000 0.007117
352458.861148 4026192.929595 0.000000 0.007093
352458.884923 4026192.874732 0.000000 0.007077
352458.908719 4026192.819879 0.000000 0.007066
352458.932538 4026192.765035 0.000000 0.007062
352458.956380 4026192.710201 0.000000 0.007063
352458.980243 4026192.655377 0.000000 0.007070
352459.004129 4026192.600563 0.000000 0.007082
352459.028038 4026192.545758 0.000000 0.007098
352459.051969 4026192.490964 0.000000 0.007120
352459.075922 4026192.436180 0.000000 0.007145
352459.099899 4026192.381405 0.000000 0.007175
352459.123898 4026192.326641 0.000000 0.007208
352459.147921 4026192.271887 0.000000 0.007245
352459.171967 4026192.217144 0.000000 0.007284
352459.196036 4026192.162411 0.000000 0.007327
352459.220129 4026192.107689 0.000000 0.007371
352459.244246 4026192.052977 0.000000 0.007417
352459.268387 4026191.998276 0.000000 0.007465
352459.292552 4026191.943586 0.000000 0.007514
352459.316742 4026191.888908 0.000000 0.007564
352459.340956 4026191.834240 0.000000 0.007614
352459.365195 4026191.779584 0.000000 0.007665
352459.389460 4026191.724939 0.000000 0.007715
352459.413749 4026191.670305 0.000000 0.007765
352459.438064 4026191.615683 0.000000 0.007815
352459.462405 4026191.561073 0.000000 0.007863
352459.486772 4026191.506475 0.000000 0.007909
352459.511164 4026191.451888 0.000000 0.007955
352459.535583 4026191.397313 0.000000 0.007998
352459.560028 4026191.342751 0.000000 0.008039
352459.584500 4026191.288200 0.000000 0.008077
352459.608999 4026191.233662 0.000000 0.008113
352459.633524 4026191.179136 0.000000 0.008146
352459.658077 4026191.124623 0.000000 0.008176
352459.682656 4026191.070121 0.000000 0.008203
352459.707263 4026191.015633 0.000000 0.008227
352459.731897 4026190.961156 0.000000 0.008246
352459.756559 4026190.906693 0.000000 0.008262
352459.781248 4026190.852242 0.000000 0.008274
352459.805964 4026190.797803 0.000000 0.008283
352459.830708 4026190.743377 0.000000 0.008287
352459.855480 4026190.688964 0.000000 0.008287
352459.880279 4026190.634563 0.000000 0.008282
352459.905105 4026190.580175 0.000000 0.008273
352459.929959 4026190.525799 0.000000 0.008260
352459.954841 4026190.471436 0.000000 0.008243
352459.979750 4026190.417086 0.000000 0.008221
352460.004686 4026190.362748 0.000000 0.008194
352460.029650 4026190.308423 0.000000 0.008163
352460.054641 4026190.254110 0.000000 0.008128
352460.079659 4026190.199809 0.000000 0.008089
352460.104703 4026190.145521 0.000000 0.008044
352460.129775 4026190.091245 0.000000 0.007996
352460.154873 4026190.036981 0.000000 0.007944
352460.179997 4026189.982730 0.000000 0.007887
352460.205147 4026189.928490 0.000000 0.007826
352460.230324 4026189.874262 0.000000 0.007761
352460.255526 4026189.820046 0.000000 0.007693
352460.280754 4026189.765842 0.000000 0.007620
352460.306006 4026189.711649 0.000000 0.007544
352460.331284 4026189.657467 0.000000 0.007465
352460.356586 4026189.603297 0.000000 0.007382
352460.381913 4026189.549138 0.000000 0.007296
352460.407264 4026189.494990 0.000000 0.007207
352460.432638 4026189.440853 0.000000 0.007114
352460.458036 4026189.386727 0.000000 0.007019
352460.483457 4026189.332611 0.000000 0.006922
352460.508901 4026189.278505 0.000000 0.006822
352460.534367 4026189.224410 0.000000 0.006720
352460.559855 4026189.170325 0.000000 0.006615
352460.585364 4026189.116250 0.000000 0.006509
352460.610895 4026189.062185 0.000000 0.006401
352460.636447 4026189.008129 0.000000 0.006291
352460.662020 4026188.954082 0.000000 0.006179
352460.687612 4026188.900045 0.000000 0.006067
352460.713225 4026188.846017 0.000000 0.005953
352460.738856 4026188.791997 0.000000 0.005838
352460.764507 4026188.737986 0.000000 0.005722
352460.790176 4026188.683984 0.000000 0.005605
352460.815864 4026188.629990 0.000000 0.005488
352460.841569 4026188.576003 0.000000 0.005370
352460.867292 4026188.522025 0.000000 0.005252
352460.893031 4026188.468054 0.000000 0.005134
352460.918788 4026188.414090 0.000000 0.005015
352460.944561 4026188.360133 0.000000 0.004897
352460.970350 4026188.306183 0.000000 0.004779
352460.996154 4026188.252240 0.000000 0.004661
352461.021973 4026188.198303 0.000000 0.004544
352461.047808 4026188.144372 0.000000 0.004427
352461.073657 4026188.090447 0.000000 0.004310
352461.099520 4026188.036527 0.000000 0.004194
352461.125397 4026187.982612 0.000000 0.004079
352461.151288 4026187.928702 0.000000 0.003965
352461.177192 4026187.874797 0.000000 0.003852
352461.203109 4026187.820895 0.000000 0.003739
352461.229038 4026187.766998 0.000000 0.003628
352461.254981 4026187.713103 0.000000 0.003518
352461.280935 4026187.659212 0.000000 0.003409
352461.306901 4026187.605323 0.000000 0.003301
352461.332879 4026187.551436 0.000000 0.003195
352461.358868 4026187.497551 0.000000 0.003090
352461.384869 4026187.443667 0.000000 0.002986
352461.410881 4026187.389783 0.000000 0.002884
352461.436904 4026187.335900 0.000000 0.002783
352461.462938 4026187.282016 0.000000 0.002684
352461.488983 4026187.228131 0.000000 0.002586
352461.515039 4026187.174244 0.000000 0.002490
352461.541105 4026187.120355 0.000000 0.002396
352461.567181 4026187.066463 0.000000 0.002303
352461.593269 4026187.012568 0.000000 0.002212
352461.619366 4026186.958667 0.000000 0.002122
352461.645475 4026186.904762 0.000000 0.002034
352461.671594 4026186.850850 0.000000 0.001948
352461.697724 4026186.796932 0.000000 0.001864
352461.723865 4026186.743005 0.000000 0.001781
352461.750016 4026186.689070 0.000000 0.001700
352461.776179 4026186.635125 0.000000 0.001620
352461.802353 4026186.581169 0.000000 0.001543
352461.828539 4026186.527201 0.000000 0.001467
352461.854737 4026186.473220 0.000000 0.001393
352461.880947 4026186.419224 0.000000 0.001320
352461.907169 4026186.365214 0.000000 0.001250
352461.933404 4026186.311186 0.000000 0.001181
352461.959652 4026186.257140 0.000000 0.001113
352461.985914 4026186.203074 0.000000 0.001048
352462.012190 4026186.148988 0.000000 0.000984
352462.038481 4026186.094879 0.000000 0.000921
352462.064787 4026186.040745 0.000000 0.000861
352462.091108 4026185.986586 0.000000 0.000802
352462.117445 4026185.932400 0.000000 0.000745
352462.143800 4026185.878184 0.000000 0.000689
352462.170172 4026185.823937 0.000000 0.000635
352462.196562 4026185.769657 0.000000 0.000583
352462.222971 4026185.715343 0.000000 0.000532
352462.249400 4026185.660991 0.000000 0.000483
352462.275850 4026185.606601 0.000000 0.000436
352462.302321 4026185.552170 0.000000 0.000390
352462.328814 4026185.497695 0.000000 0.000345
352462.355330 4026185.443175 0.000000 0.000303
352462.381871 4026185.388607 0.000000 0.000261
352462.408436 4026185.333990 0.000000 0.000222
352462.435028 4026185.279319 0.000000 0.000184
352462.461647 4026185.224594 0.000000 0.000147
352462.488294 4026185.169811 0.000000 0.000112
352462.514971 4026185.114968 0.000000 0.000078
352462.541678 4026185.060063 0.000000 0.000046
352462.568417 4026185.005092 0.000000 0.000015
352462.595189 4026184.950052 0.000000 -0.000014
352462.621996 4026184.894942 0.000000 -0.000043
352462.648838 4026184.839757 0.000000 -0.000069
352462.675716 4026184.784496 0.000000 -0.000094
352462.702633 4026184.729155 0.000000 -0.000118
352462.729590 4026184.673731 0.000000 -0.000141
352462.756587 4026184.618221 0.000000 -0.000163
352462.783627 4026184.562621 0.000000 -0.000183
352462.810711 4026184.506929 0.000000 -0.000202
352462.837840 4026184.451142 0.000000 -0.000219
352462.865017 4026184.395256 0.000000 -0.000236
352462.892241 4026184.339267 0.000000 -0.000251
352462.919516 4026184.283173 0.000000 -0.000265
352462.946842 4026184.226970 0.000000 -0.000278
352462.974222 4026184.170654 0.000000 -0.000290
352463.001657 4026184.114222 0.000000 -0.000300
352463.029148 4026184.057671 0.000000 -0.000310
352463.056698 4026184.000996 0.000000 -0.000318
352463.084307 4026183.944195 0.000000 -0.000325
352463.111978 4026183.887264 0.000000 -0.000331
352463.139713 4026183.830198 0.000000 -0.000336
352463.167513 4026183.772995 0.000000 -0.000340
352463.195380 4026183.715651 0.000000 -0.000343
352463.223316 4026183.658161 0.000000 -0.000345
352463.251322 4026183.600522 0.000000 -0.000345
352463.279401 4026183.542731 0.000000 -0.000345
352463.307554 4026183.484783 0.000000 -0.000343
352463.335783 4026183.426675 0.000000 -0.000340
352463.364090 4026183.368403 0.000000 -0.000336
352463.392477 4026183.309962 0.000000 -0.000330
352463.420945 4026183.251350 0.000000 -0.000323
352463.449498 4026183.192561 0.000000 -0.000315
352463.478135 4026183.133593 0.000000 -0.000306
352463.506861 4026183.074441 0.000000 -0.000295
352463.535676 4026183.015101 0.000000 -0.000282
352463.564582 4026182.955569 0.000000 -0.000269
352463.593582 4026182.895842 0.000000 -0.000253
352463.622677 4026182.835915 0.000000 -0.000236
352463.651870 4026182.775784 0.000000 -0.000218
352463.681162 4026182.715445 0.000000 -0.000198
352463.710556 4026182.654894 0.000000 -0.000176
352463.740053 4026182.594127 0.000000 -0.000152
352463.769657 4026182.533139 0.000000 -0.000126
352463.799368 4026182.471927 0.000000 -0.000099
352463.829189 4026182.410486 0.000000 -0.000069
352463.859123 4026182.348813 0.000000 -0.000038
352463.889170 4026182.286902 0.000000 -0.000004
352463.919335 4026182.224750 0.000000 0.000032
352463.949618 4026182.162352 0.000000 0.000070
352463.980023 4026182.099704 0.000000 0.000110
352464.010551 4026182.036802 0.000000 0.000152
352464.041205 4026181.973640 0.000000 0.000197
352464.071987 4026181.910216 0.000000 0.000245
352464.102900 4026181.846524 0.000000 0.000294
352464.133946 4026181.782559 0.000000 0.000346
352464.165128 4026181.718318 0.000000 0.000401
352464.196448 4026181.653795 0.000000 0.000459
352464.227909 4026181.588986 0.000000 0.000519
352464.259513 4026181.523886 0.000000 0.000581
352464.291264 4026181.458490 0.000000 0.000646
352464.323163 4026181.392794 0.000000 0.000714
352464.355214 4026181.326793 0.000000 0.000785
352464.387420 4026181.260481 0.000000 0.000858
352464.419783 4026181.193854 0.000000 0.000934
352464.452306 4026181.126907 0.000000 0.001013
352464.484993 4026181.059634 0.000000 0.001094
352464.517847 4026180.992030 0.000000 0.001178
352464.550871 4026180.924091 0.000000 0.001264
352464.584068 4026180.855810 0.000000 0.001353
352464.617441 4026180.787182 0.000000 0.001444
352464.650994 4026180.718201 0.000000 0.001537
352464.684731 4026180.648862 0.000000 0.001633
352464.718655 4026180.579160 0.000000 0.001731
352464.752769 4026180.509087 0.000000 0.001831
352464.787078 4026180.438639 0.000000 0.001932
352464.821586 4026180.367808 0.000000 0.002036
352464.856296 4026180.296590 0.000000 0.002141
352464.891212 4026180.224976 0.000000 0.002247
352464.926340 4026180.152962 0.000000 0.002355
352464.961683 4026180.080539 0.000000 0.002464
352464.997245 4026180.007702 0.000000 0.002574
352465.033032 4026179.934442 0.000000 0.002684
352465.069048 4026179.860753 0.000000 0.002795
352465.105299 4026179.786626 0.000000 0.002906
352465.141788 4026179.712056 0.000000 0.003017
352465.178522 4026179.637032 0.000000 0.003127
352465.215506 4026179.561547 0.000000 0.003238
352465.252746 4026179.485593 0.000000 0.003347
352465.290246 4026179.409160 0.000000 0.003455
352465.328015 4026179.332239 0.000000 0.003562
352465.366056 4026179.254821 0.000000 0.003668
352465.404378 4026179.176897 0.000000 0.003771
352465.442986 4026179.098455 0.000000 0.003872
352465.481887 4026179.019486 0.000000 0.003971
352465.521089 4026178.939978 0.000000 0.004067
352465.560599 4026178.859920 0.000000 0.004160
352465.600424 4026178.779300 0.000000 0.004250
352465.640572 4026178.698106 0.000000 0.004336
352465.681052 4026178.616325 0.000000 0.004418
352465.721871 4026178.533944 0.000000 0.004496
352465.763038 4026178.450949 0.000000 0.004569
352465.804563 4026178.367326 0.000000 0.004638
352465.846455 4026178.283059 0.000000 0.004701
352465.888722 4026178.198134 0.000000 0.004759
352465.931376 4026178.112535 0.000000 0.004812
352465.974426 4026178.026244 0.000000 0.004859
352466.017884 4026177.939243 0.000000 0.004901
352466.061759 4026177.851516 0.000000 0.004936
352466.106064 4026177.763043 0.000000 0.004965
352466.150811 4026177.673804 0.000000 0.004987
352466.196011 4026177.583779 0.000000 0.005003
352466.241677 4026177.492946 0.000000 0.005013
352466.287822 4026177.401284 0.000000 0.005015
352466.334460 4026177.308770 0.000000 0.005011
352466.381604 4026177.215380 0.000000 0.004999
352466.429269 4026177.121089 0.000000 0.004981
352466.477470 4026177.025871 0.000000 0.004955
352466.526223 4026176.929699 0.000000 0.004923
352466.575542 4026176.832546 0.000000 0.004883
352466.625446 4026176.734382 0.000000 0.004836
352466.675950 4026176.635177 0.000000 0.004782
352466.727074 4026176.534899 0.000000 0.004720
352466.778836 4026176.433512 0.000000 0.004651
352466.831257 4026176.330980 0.000000 0.004575
352466.884358 4026176.227264 0.000000 0.004492
352466.938163 4026176.122322 0.000000 0.004402
352466.992697 4026176.016107 0.000000 0.004306
352467.047986 4026175.908569 0.000000 0.004202
352467.104061 4026175.799654 0.000000 0.004092
352467.160955 4026175.689302 0.000000 0.003975
352467.218701 4026175.577446 0.000000 0.003852
352467.277338 4026175.464014 0.000000 0.003724
352467.336910 4026175.348927 0.000000 0.003590
352467.397463 4026175.232098 0.000000 0.003451
352467.459048 4026175.113428 0.000000 0.003308
352467.521721 4026174.992812 0.000000 0.003161
352467.585545 4026174.870133 0.000000 0.003011
352467.650586 4026174.745261 0.000000 0.002858
352467.716921 4026174.618056 0.000000 0.002703
352467.784630 4026174.488362 0.000000 0.002547
352467.853802 4026174.356009 0.000000 0.002391
352467.924537 4026174.220812 0.000000 0.002235
352467.996940 4026174.082567 0.000000 0.002080
352468.071127 4026173.941052 0.000000 0.001986
352468.147226 4026173.796028 0.000000 0.001891
352468.225374 4026173.647230 0.000000 0.001797
352468.305720 4026173.494376 0.000000 0.001702
352468.388426 4026173.337157 0.000000 0.001607
352468.473666 4026173.175239 0.000000 0.001513
352468.561631 4026173.008262 0.000000 0.001418
352468.652523 4026172.835839 0.000000 0.001324
352468.746563 4026172.657549 0.000000 0.001229
352468.843986 4026172.472944 0.000000 0.001135
352468.945045 4026172.281541 0.000000 0.001040
352469.050013 4026172.082821 0.000000 0.000946
352469.159180 4026171.876229 0.000000 0.000851
352469.272858 4026171.661173 0.000000 0.000756
352469.391380 4026171.437018 0.000000 0.000662
352469.515100 4026171.203090 0.000000 0.000567
352469.644396 4026170.958666 0.000000 0.000473
352469.779672 4026170.702981 0.000000 0.000378
352469.921353 4026170.435219 0.000000 0.000284
352470.069896 4026170.154515 0.000000 0.000189
352470.225782 4026169.859952 0.000000 0.000095
