352513.937558 4026084.468024 0.000000 0.000000
352514.090809 4026084.153753 0.000000 0.000000
352514.236711 4026083.854551 0.000000 0.000000
352514.375746 4026083.569430 0.000000 0.000000
352514.508369 4026083.297460 0.000000 0.000000
352514.635007 4026083.037762 0.000000 0.000000
352514.756064 4026082.789511 0.000000 0.000000
352514.871917 4026082.551930 0.000000 0.000000
352514.982925 4026082.324287 0.000000 0.000000
352515.089419 4026082.105897 0.000000 0.000000
352515.191716 4026081.896118 0.000000 0.000000
352515.290106 4026081.694349 0.000000 0.000000
352515.384865 4026081.500025 0.000000 0.000000
352515.476249 4026081.312624 0.000000 0.000000
352515.564497 4026081.131653 0.000000 0.000000
352515.649831 4026080.956658 0.000000 0.000000
352515.732458 4026080.787215 0.000000 0.000000
352515.812570 4026080.622929 0.000000 0.000000
352515.890346 4026080.463435 0.000000 0.000000
352515.965949 4026080.308395 0.000000 0.000000
352516.039532 4026080.157497 0.000000 0.000000
352516.111237 4026080.010451 0.000000 0.000000
352516.181192 4026079.866994 0.000000 0.000000
352516.249518 4026079.726879 0.000000 0.000000
352516.316322 4026079.589882 0.000000 0.000000
352516.381707 4026079.455798 0.000000 -0.000000
352516.445763 4026079.324438 0.000000 -0.000000
352516.508575 4026079.195629 0.000000 0.000000
352516.570220 4026079.069213 0.000000 -0.000000
352516.630767 4026078.945048 0.000000 0.000000
352516.690281 4026078.823003 0.000000 0.000000
352516.748820 4026078.702958 0.000000 -0.000000
352516.806435 4026078.584805 0.000000 0.000000
352516.863176 4026078.468447 0.000000 0.000000
352516.919085 4026078.353793 0.000000 -0.000000
352516.974203 4026078.240764 0.000000 0.000000
352517.028564 4026078.129285 0.000000 -0.000000
352517.082202 4026078.019289 0.000000 0.000000
352517.135147 4026077.910716 0.000000 0.000000
352517.187425 4026077.803508 0.000000 0.000000
352517.239062 4026077.697616 0.000000 0.000000
352517.290081 4026077.592991 0.000000 0.000000
352517.340502 4026077.489592 0.000000 0.000000
352517.390346 4026077.387376 0.000000 0.000000
352517.439631 4026077.286307 0.000000 0.000000
352517.488374 4026077.186350 0.000000 0.000000
352517.536591 4026077.087471 0.000000 0.000000
352517.584298 4026076.989638 0.000000 0.000000
352517.631510 4026076.892821 0.000000 0.000000
352517.678240 4026076.796992 0.000000 0.000000
352517.724502 4026076.702122 0.000000 0.000000
352517.770308 4026076.608186 0.000000 0.000000
352517.815673 4026076.515157 0.000000 0.000000
352517.860607 4026076.423011 0.000000 0.000000
352517.905122 4026076.331723 0.000000 0.000000
352517.949230 4026076.241272 0.000000 0.000000
352517.992941 4026076.151634 0.000000 0.000000
352518.036265 4026076.062788 0.000000 0.000000
352518.079213 4026075.974714 0.000000 0.000000
352518.121794 4026075.887392 0.000000 0.000001
352518.164018 4026075.800804 0.000000 0.000001
352518.205893 4026075.714930 0.000000 0.000001
352518.247429 4026075.629753 0.000000 0.000001
352518.288632 4026075.545257 0.000000 0.000001
352518.329512 4026075.461425 0.000000 0.000002
352518.370076 4026075.378240 0.000000 0.000002
352518.410331 4026075.295689 0.000000 0.000002
352518.450284 4026075.213757 0.000000 0.000003
352518.489943 4026075.132429 0.000000 0.000003
352518.529313 4026075.051692 0.000000 0.000003
352518.568402 4026074.971533 0.000000 0.000004
352518.607215 4026074.891939 0.000000 0.000005
352518.645758 4026074.812899 0.000000 0.000005
352518.684037 4026074.734400 0.000000 0.000006
352518.722057 4026074.656432 0.000000 0.000007
352518.759824 4026074.578984 0.000000 0.000008
352518.797342 4026074.502045 0.000000 0.000010
352518.834618 4026074.425605 0.000000 0.000011
352518.871654 4026074.349654 0.000000 0.000012
352518.908457 4026074.274183 0.000000 0.000014
352518.945030 4026074.199183 0.000000 0.000016
352518.981378 4026074.124645 0.000000 0.000018
352519.017505 4026074.050561 0.000000 0.000020
352519.053415 4026073.976921 0.000000 0.000023
352519.089113 4026073.903718 0.000000 0.000025
352519.124600 4026073.830945 0.000000 0.000028
352519.159883 4026073.758594 0.000000 0.000031
352519.194963 4026073.686656 0.000000 0.000035
352519.229846 4026073.615126 0.000000 0.000039
352519.264533 4026073.543996 0.000000 0.000043
352519.299029 4026073.473259 0.000000 0.000048
352519.333336 4026073.402908 0.000000 0.000052
352519.367459 4026073.332938 0.000000 0.000058
352519.401399 4026073.263342 0.000000 0.000063
352519.435161 4026073.194113 0.000000 0.000070
352519.468746 4026073.125245 0.000000 0.000076
352519.502159 4026073.056734 0.000000 0.000083
352519.535401 4026072.988571 0.000000 0.000091
352519.568477 4026072.920753 0.000000 0.000099
352519.601387 4026072.853273 0.000000 0.000108
352519.634136 4026072.786126 0.000000 0.000117
352519.666726 4026072.719306 0.000000 0.000127
352519.699160 4026072.652809 0.000000 0.000138
352519.731440 4026072.586628 0.000000 0.000149
352519.763568 4026072.520758 0.000000 0.000161
352519.795548 4026072.455196 0.000000 0.000174
352519.827382 4026072.389934 0.000000 0.000188
352519.859072 4026072.324969 0.000000 0.000202
352519.890621 4026072.260296 0.000000 0.000217
352519.922031 4026072.195909 0.000000 0.000233
352519.953305 4026072.131805 0.000000 0.000250
352519.984445 4026072.067978 0.000000 0.000267
352520.015453 4026072.004423 0.000000 0.000286
352520.046332 4026071.941137 0.000000 0.000305
352520.077083 4026071.878114 0.000000 0.000326
352520.107710 4026071.815350 0.000000 0.000347
352520.138215 4026071.752841 0.000000 0.000369
352520.168599 4026071.690582 0.000000 0.000392
352520.198865 4026071.628569 0.000000 0.000417
352520.229015 4026071.566797 0.000000 0.000442
352520.259052 4026071.505263 0.000000 0.000468
352520.288977 4026071.443961 0.000000 0.000495
352520.318793 4026071.382889 0.000000 0.000523
352520.348502 4026071.322041 0.000000 0.000553
352520.378106 4026071.261413 0.000000 0.000583
352520.407608 4026071.201002 0.000000 0.000614
352520.437008 4026071.140803 0.000000 0.000647
352520.466310 4026071.080812 0.000000 0.000680
352520.495516 4026071.021025 0.000000 0.000714
352520.524627 4026070.961438 0.000000 0.000749
352520.553646 4026070.902048 0.000000 0.000786
352520.582575 4026070.842850 0.000000 0.000823
352520.611416 4026070.783840 0.000000 0.000861
352520.640171 4026070.725014 0.000000 0.000900
352520.668841 4026070.666368 0.000000 0.000940
352520.697430 4026070.607900 0.000000 0.000980
352520.725939 4026070.549603 0.000000 0.001022
352520.754370 4026070.491476 0.000000 0.001064
352520.782726 4026070.433514 0.000000 0.001107
352520.811007 4026070.375713 0.000000 0.001151
352520.839217 4026070.318070 0.000000 0.001196
352520.867357 4026070.260580 0.000000 0.001241
352520.895429 4026070.203241 0.000000 0.001287
352520.923435 4026070.146048 0.000000 0.001333
352520.951378 4026070.088998 0.000000 0.001380
352520.979258 4026070.032087 0.000000 0.001427
352521.007079 4026069.975311 0.000000 0.001474
352521.034841 4026069.918668 0.000000 0.001522
352521.062547 4026069.862153 0.000000 0.001570
352521.090199 4026069.805763 0.000000 0.001619
352521.117799 4026069.749494 0.000000 0.001667
352521.145348 4026069.693343 0.000000 0.001716
352521.172848 4026069.637307 0.000000 0.001765
352521.200302 4026069.581383 0.000000 0.001814
352521.227710 4026069.525566 0.000000 0.001862
352521.255076 4026069.469854 0.000000 0.001911
352521.282399 4026069.414244 0.000000 0.001959
352521.309683 4026069.358732 0.000000 0.002007
352521.336929 4026069.303315 0.000000 0.002055
352521.364139 4026069.247990 0.000000 0.002103
352521.391313 4026069.192754 0.000000 0.002150
352521.418455 4026069.137604 0.000000 0.002196
352521.445565 4026069.082538 0.000000 0.002242
352521.472646 4026069.027551 0.000000 0.002288
352521.499698 4026068.972643 0.000000 0.002332
352521.526723 4026068.917808 0.000000 0.002376
352521.553723 4026068.863046 0.000000 0.002420
352521.580698 4026068.808353 0.000000 0.002462
352521.607652 4026068.753727 0.000000 0.002504
352521.634584 4026068.699164 0.000000 0.002545
352521.661497 4026068.644664 0.000000 0.002584
352521.688391 4026068.590223 0.000000 0.002623
352521.715268 4026068.535838 0.000000 0.002661
352521.742130 4026068.481509 0.000000 0.002698
352521.768977 4026068.427231 0.000000 0.002733
352521.795810 4026068.373004 0.000000 0.002768
352521.822631 4026068.318825 0.000000 0.002801
352521.849441 4026068.264692 0.000000 0.002834
352521.876241 4026068.210603 0.000000 0.002864
352521.903032 4026068.156556 0.000000 0.002894
352521.929816 4026068.102549 0.000000 0.002923
352521.956592 4026068.048581 0.000000 0.002950
352521.983362 4026067.994649 0.000000 0.002976
352522.010127 4026067.940753 0.000000 0.003000
352522.036888 4026067.886889 0.000000 0.003023
352522.063646 4026067.833058 0.000000 0.003045
352522.090402 4026067.779257 0.000000 0.003066
352522.117155 4026067.725484 0.000000 0.003085
352522.143908 4026067.671739 0.000000 0.003102
352522.170660 4026067.618020 0.000000 0.003119
352522.197413 4026067.564326 0.000000 0.003133
352522.224167 4026067.510656 0.000000 0.003147
352522.250922 4026067.457008 0.000000 0.003159
352522.277680 4026067.403381 0.000000 0.003169
352522.304441 4026067.349774 0.000000 0.003178
352522.331205 4026067.296187 0.000000 0.003186
352522.357974 4026067.242618 0.000000 0.003192
352522.384746 4026067.189066 0.000000 0.003197
352522.411524 4026067.135531 0.000000 0.003201
352522.438306 4026067.082012 0.000000 0.003203
352522.465094 4026067.028507 0.000000 0.003203
352522.491889 4026066.975016 0.000000 0.003202
352522.518689 4026066.921539 0.000000 0.003200
352522.545496 4026066.868075 0.000000 0.003196
352522.572310 4026066.814623 0.000000 0.003191
352522.599132 4026066.761182 0.000000 0.003185
352522.625960 4026066.707752 0.000000 0.003177
352522.652797 4026066.654333 0.000000 0.003168
352522.679641 4026066.600924 0.000000 0.003157
352522.706493 4026066.547525 0.000000 0.003145
352522.733354 4026066.494135 0.000000 0.003132
352522.760222 4026066.440753 0.000000 0.003117
352522.787100 4026066.387380 0.000000 0.003102
352522.813985 4026066.334014 0.000000 0.003085
352522.840880 4026066.280657 0.000000 0.003066
352522.867783 4026066.227307 0.000000 0.003047
352522.894695 4026066.173964 0.000000 0.003026
352522.921616 4026066.120627 0.000000 0.003004
352522.948545 4026066.067298 0.000000 0.002980
352522.975484 4026066.013974 0.000000 0.002956
352523.002431 4026065.960657 0.000000 0.002930
352523.029388 4026065.907345 0.000000 0.002904
352523.056353 4026065.854040 0.000000 0.002876
352523.083327 4026065.800739 0.000000 0.002847
352523.110310 4026065.747445 0.000000 0.002817
352523.137301 4026065.694155 0.000000 0.002786
352523.164302 4026065.640870 0.000000 0.002755
352523.191311 4026065.587591 0.000000 0.002722
352523.218328 4026065.534316 0.000000 0.002688
352523.245354 4026065.481046 0.000000 0.002653
352523.272389 4026065.427780 0.000000 0.002618
352523.299432 4026065.374519 0.000000 0.002581
352523.326483 4026065.321262 0.000000 0.002544
352523.353542 4026065.268010 0.000000 0.002506
352523.380609 4026065.214761 0.000000 0.002467
352523.407684 4026065.161517 0.000000 0.002428
352523.434766 4026065.108276 0.000000 0.002388
352523.461857 4026065.055040 0.000000 0.002347
352523.488955 4026065.001807 0.000000 0.002306
352523.516060 4026064.948578 0.000000 0.002264
352523.543172 4026064.895353 0.000000 0.002222
352523.570292 4026064.842131 0.000000 0.002179
352523.597418 4026064.788913 0.000000 0.002136
352523.624552 4026064.735698 0.000000 0.002092
352523.651692 4026064.682487 0.000000 0.002048
352523.678838 4026064.629278 0.000000 0.002004
352523.705991 4026064.576073 0.000000 0.001959
352523.733150 4026064.522872 0.000000 0.001915
352523.760316 4026064.469673 0.000000 0.001870
352523.787487 4026064.416477 0.000000 0.001825
352523.814664 4026064.363284 0.000000 0.001780
352523.841846 4026064.310094 0.000000 0.001735
352523.869034 4026064.256906 0.000000 0.001690
352523.896228 4026064.203722 0.000000 0.001645
352523.923426 4026064.150539 0.000000 0.001600
352523.950630 4026064.097360 0.000000 0.001555
352523.977839 4026064.044183 0.000000 0.001511
352524.005052 4026063.991008 0.000000 0.001467
352524.032270 4026063.937835 0.000000 0.001423
352524.059492 4026063.884665 0.000000 0.001379
352524.086718 4026063.831497 0.000000 0.001336
352524.113949 4026063.778331 0.000000 0.001293
352524.141184 4026063.725167 0.000000 0.001251
352524.168422 4026063.672005 0.000000 0.001209
352524.195665 4026063.618844 0.000000 0.001168
352524.222911 4026063.565686 0.000000 0.001127
352524.250160 4026063.512529 0.000000 0.001086
352524.277413 4026063.459374 0.000000 0.001047
352524.304669 4026063.406221 0.000000 0.001008
352524.331928 4026063.353069 0.000000 0.000969
352524.359190 4026063.299919 0.000000 0.000932
352524.386455 4026063.246770 0.000000 0.000895
352524.413722 4026063.193622 0.000000 0.000859
352524.440992 4026063.140476 0.000000 0.000823
352524.468265 4026063.087331 0.000000 0.000788
352524.495540 4026063.034187 0.000000 0.000755
352524.522817 4026062.981044 0.000000 0.000721
352524.550096 4026062.927902 0.000000 0.000689
352524.577378 4026062.874762 0.000000 0.000658
352524.604661 4026062.821622 0.000000 0.000627
352524.631946 4026062.768483 0.000000 0.000597
352524.659233 4026062.715345 0.000000 0.000569
352524.686522 4026062.662208 0.000000 0.000541
352524.713812 4026062.609072 0.000000 0.000513
352524.741104 4026062.555936 0.000000 0.000487
352524.768397 4026062.502802 0.000000 0.000462
352524.795691 4026062.449667 0.000000 0.000437
352524.822987 4026062.396534 0.000000 0.000414
352524.850284 4026062.343401 0.000000 0.000391
352524.877582 4026062.290269 0.000000 0.000369
352524.904881 4026062.237137 0.000000 0.000348
352524.932181 4026062.184005 0.000000 0.000327
352524.959482 4026062.130874 0.000000 0.000308
352524.986783 4026062.077744 0.000000 0.000289
352525.014086 4026062.024614 0.000000 0.000272
352525.041389 4026061.971484 0.000000 0.000254
352525.068693 4026061.918355 0.000000 0.000238
352525.095998 4026061.865226 0.000000 0.000223
352525.123303 4026061.812097 0.000000 0.000208
352525.150608 4026061.758968 0.000000 0.000194
352525.177915 4026061.705840 0.000000 0.000181
352525.205221 4026061.652712 0.000000 0.000168
352525.232528 4026061.599584 0.000000 0.000156
352525.259836 4026061.546457 0.000000 0.000145
352525.287144 4026061.493329 0.000000 0.000134
352525.314452 4026061.440202 0.000000 0.000124
352525.341761 4026061.387075 0.000000 0.000114
352525.369069 4026061.333948 0.000000 0.000105
352525.396378 4026061.280821 0.000000 0.000097
352525.423688 4026061.227695 0.000000 0.000089
352525.450997 4026061.174568 0.000000 0.000082
352525.478307 4026061.121441 0.000000 0.000075
352525.505617 4026061.068315 0.000000 0.000068
352525.532927 4026061.015189 0.000000 0.000062
352525.560237 4026060.962062 0.000000 0.000056
352525.587547 4026060.908936 0.000000 0.000051
352525.614858 4026060.855810 0.000000 0.000046
352525.642168 4026060.802684 0.000000 0.000041
352525.669479 4026060.749558 0.000000 0.000037
352525.696789 4026060.696432 0.000000 0.000033
352525.724100 4026060.643306 0.000000 0.000029
352525.751411 4026060.590180 0.000000 0.000026
352525.778722 4026060.537054 0.000000 0.000023
352525.806033 4026060.483928 0.000000 0.000020
352525.833344 4026060.430802 0.000000 0.000017
352525.860655 4026060.377676 0.000000 0.000014
352525.887965 4026060.324551 0.000000 0.000012
352525.915276 4026060.271425 0.000000 0.000009
352525.942587 4026060.218299 0.000000 0.000007
352525.969898 4026060.165173 0.000000 0.000005
352525.997209 4026060.112047 0.000000 0.000003
352526.024520 4026060.058921 0.000000 0.000001
352526.051831 4026060.005795 0.000000 -0.000001
352526.079142 4026059.952670 0.000000 -0.000003
352526.106453 4026059.899544 0.000000 -0.000005
352526.133764 4026059.846418 0.000000 -0.000006
352526.161075 4026059.793292 0.000000 -0.000008
352526.188386 4026059.740166 0.000000 -0.000010
352526.215697 4026059.687040 0.000000 -0.000012
352526.243008 4026059.633914 0.000000 -0.000014
352526.270319 4026059.580788 0.000000 -0.000015
352526.297630 4026059.527662 0.000000 -0.000017
352526.324940 4026059.474536 0.000000 -0.000019
352526.352251 4026059.421410 0.000000 -0.000021
352526.379562 4026059.368284 0.000000 -0.000024
352526.406872 4026059.315158 0.000000 -0.000026
352526.434183 4026059.262032 0.000000 -0.000028
352526.461493 4026059.208906 0.000000 -0.000031
352526.488803 4026059.155780 0.000000 -0.000033
352526.516114 4026059.102654 0.000000 -0.000036
352526.543424 4026059.049527 0.000000 -0.000039
352526.570734 4026058.996401 0.000000 -0.000042
352526.598044 4026058.943275 0.000000 -0.000045
352526.625353 4026058.890148 0.000000 -0.000048
352526.652663 4026058.837022 0.000000 -0.000052
352526.679973 4026058.783895 0.000000 -0.000055
352526.707282 4026058.730768 0.000000 -0.000059
352526.734591 4026058.677642 0.000000 -0.000063
352526.761900 4026058.624515 0.000000 -0.000068
352526.789209 4026058.571388 0.000000 -0.000072
352526.816518 4026058.518261 0.000000 -0.000077
352526.843826 4026058.465134 0.000000 -0.000082
352526.871134 4026058.412006 0.000000 -0.000087
352526.898442 4026058.358879 0.000000 -0.000092
352526.925750 4026058.305751 0.000000 -0.000098
352526.953057 4026058.252624 0.000000 -0.000104
352526.980364 4026058.199496 0.000000 -0.000110
352527.007671 4026058.146368 0.000000 -0.000117
352527.034977 4026058.093240 0.000000 -0.000124
352527.062283 4026058.040111 0.000000 -0.000131
352527.089589 4026057.986983 0.000000 -0.000138
352527.116894 4026057.933854 0.000000 -0.000146
352527.144199 4026057.880725 0.000000 -0.000154
352527.171504 4026057.827596 0.000000 -0.000163
352527.198807 4026057.774467 0.000000 -0.000172
352527.226111 4026057.721337 0.000000 -0.000181
352527.253414 4026057.668207 0.000000 -0.000191
352527.280716 4026057.615077 0.000000 -0.000201
352527.308018 4026057.561946 0.000000 -0.000211
352527.335319 4026057.508815 0.000000 -0.000222
352527.362619 4026057.455684 0.000000 -0.000233
352527.389919 4026057.402553 0.000000 -0.000245
352527.417218 4026057.349421 0.000000 -0.000257
352527.444516 4026057.296288 0.000000 -0.000269
352527.471813 4026057.243156 0.000000 -0.000282
352527.499110 4026057.190022 0.000000 -0.000296
352527.526406 4026057.136889 0.000000 -0.000310
352527.553700 4026057.083755 0.000000 -0.000324
352527.580994 4026057.030620 0.000000 -0.000339
352527.608287 4026056.977485 0.000000 -0.000355
352527.635578 4026056.924350 0.000000 -0.000371
352527.662869 4026056.871213 0.000000 -0.000387
352527.690158 4026056.818077 0.000000 -0.000405
352527.717446 4026056.764939 0.000000 -0.000423
352527.744733 4026056.711801 0.000000 -0.000441
352527.772019 4026056.658662 0.000000 -0.000460
352527.799303 4026056.605523 0.000000 -0.000479
352527.826585 4026056.552383 0.000000 -0.000500
352527.853867 4026056.499242 0.000000 -0.000521
352527.881146 4026056.446100 0.000000 -0.000542
352527.908424 4026056.392958 0.000000 -0.000564
352527.935700 4026056.339814 0.000000 -0.000587
352527.962974 4026056.286670 0.000000 -0.000611
352527.990247 4026056.233525 0.000000 -0.000635
352528.017517 4026056.180378 0.000000 -0.000660
352528.044786 4026056.127231 0.000000 -0.000685
352528.072052 4026056.074083 0.000000 -0.000711
352528.099316 4026056.020933 0.000000 -0.000738
352528.126578 4026055.967782 0.000000 -0.000766
352528.153837 4026055.914631 0.000000 -0.000794
352528.181094 4026055.861478 0.000000 -0.000823
352528.208349 4026055.808323 0.000000 -0.000853
352528.235601 4026055.755167 0.000000 -0.000883
352528.262850 4026055.702010 0.000000 -0.000914
352528.290096 4026055.648852 0.000000 -0.000946
352528.317339 4026055.595692 0.000000 -0.000978
352528.344579 4026055.542530 0.000000 -0.001011
352528.371817 4026055.489367 0.000000 -0.001044
352528.399050 4026055.436202 0.000000 -0.001078
352528.426281 4026055.383036 0.000000 -0.001113
352528.453508 4026055.329867 0.000000 -0.001148
352528.480731 4026055.276697 0.000000 -0.001184
352528.507950 4026055.223525 0.000000 -0.001220
352528.535166 4026055.170351 0.000000 -0.001257
352528.562378 4026055.117175 0.000000 -0.001294
352528.589585 4026055.063997 0.000000 -0.001332
352528.616789 4026055.010817 0.000000 -0.001370
352528.643988 4026054.957635 0.000000 -0.001408
352528.671182 4026054.904450 0.000000 -0.001447
352528.698372 4026054.851263 0.000000 -0.001486
352528.725557 4026054.798074 0.000000 -0.001525
352528.752737 4026054.744882 0.000000 -0.001565
352528.779913 4026054.691688 0.000000 -0.001604
352528.807083 4026054.638491 0.000000 -0.001644
352528.834248 4026054.585291 0.000000 -0.001684
352528.861407 4026054.532089 0.000000 -0.001723
352528.888561 4026054.478884 0.000000 -0.001763
352528.915710 4026054.425676 0.000000 -0.001803
352528.942852 4026054.372465 0.000000 -0.001842
352528.969989 4026054.319251 0.000000 -0.001881
352528.997119 4026054.266035 0.000000 -0.001920
352529.024243 4026054.212815 0.000000 -0.001959
352529.051361 4026054.159591 0.000000 -0.001997
352529.078473 4026054.106365 0.000000 -0.002035
352529.105578 4026054.053135 0.000000 -0.002072
352529.132676 4026053.999902 0.000000 -0.002109
352529.159767 4026053.946665 0.000000 -0.002145
352529.186852 4026053.893425 0.000000 -0.002180
352529.213929 4026053.840181 0.000000 -0.002215
352529.240999 4026053.786934 0.000000 -0.002249
352529.268062 4026053.733683 0.000000 -0.002282
352529.295117 4026053.680428 0.000000 -0.002313
352529.322165 4026053.627169 0.000000 -0.002344
352529.349205 4026053.573907 0.000000 -0.002374
352529.376238 4026053.520640 0.000000 -0.002403
352529.403262 4026053.467370 0.000000 -0.002430
352529.430279 4026053.414096 0.000000 -0.002456
352529.457287 4026053.360817 0.000000 -0.002481
352529.484288 4026053.307535 0.000000 -0.002504
352529.511280 4026053.254248 0.000000 -0.002526
352529.538264 4026053.200957 0.000000 -0.002547
352529.565239 4026053.147662 0.000000 -0.002566
352529.592207 4026053.094363 0.000000 -0.002583
352529.619165 4026053.041059 0.000000 -0.002599
352529.646115 4026052.987751 0.000000 -0.002613
352529.673057 4026052.934439 0.000000 -0.002626
352529.699990 4026052.881122 0.000000 -0.002637
352529.726914 4026052.827801 0.000000 -0.002646
352529.753830 4026052.774476 0.000000 -0.002653
352529.780737 4026052.721146 0.000000 -0.002659
352529.807635 4026052.667812 0.000000 -0.002662
352529.834524 4026052.614474 0.000000 -0.002664
352529.861405 4026052.561131 0.000000 -0.002664
352529.888277 4026052.507784 0.000000 -0.002662
352529.915140 4026052.454432 0.000000 -0.002659
352529.941995 4026052.401076 0.000000 -0.002653
352529.968840 4026052.347715 0.000000 -0.002646
352529.995678 4026052.294350 0.000000 -0.002637
352530.022506 4026052.240981 0.000000 -0.002626
352530.049326 4026052.187607 0.000000 -0.002613
352530.076137 4026052.134229 0.000000 -0.002598
352530.102940 4026052.080847 0.000000 -0.002582
352530.129734 4026052.027460 0.000000 -0.002564
352530.156520 4026051.974070 0.000000 -0.002544
352530.183298 4026051.920675 0.000000 -0.002523
352530.210067 4026051.867276 0.000000 -0.002500
352530.236828 4026051.813872 0.000000 -0.002475
352530.263581 4026051.760465 0.000000 -0.002448
352530.290327 4026051.707054 0.000000 -0.002421
352530.317064 4026051.653639 0.000000 -0.002391
352530.343793 4026051.600219 0.000000 -0.002361
352530.370515 4026051.546796 0.000000 -0.002328
352530.397229 4026051.493369 0.000000 -0.002295
352530.423936 4026051.439939 0.000000 -0.002260
352530.450636 4026051.386504 0.000000 -0.002225
352530.477328 4026051.333066 0.000000 -0.002188
352530.504013 4026051.279625 0.000000 -0.002150
352530.530691 4026051.226180 0.000000 -0.002111
352530.557363 4026051.172731 0.000000 -0.002071
352530.584027 4026051.119279 0.000000 -0.002030
352530.610686 4026051.065824 0.000000 -0.001988
352530.637338 4026051.012366 0.000000 -0.001946
352530.663983 4026050.958904 0.000000 -0.001903
352530.690623 4026050.905439 0.000000 -0.001860
352530.717256 4026050.851972 0.000000 -0.001816
352530.743884 4026050.798501 0.000000 -0.001771
352530.770506 4026050.745028 0.000000 -0.001727
352530.797123 4026050.691552 0.000000 -0.001682
352530.823734 4026050.638073 0.000000 -0.001637
352530.850340 4026050.584592 0.000000 -0.001591
352530.876942 4026050.531108 0.000000 -0.001546
352530.903538 4026050.477621 0.000000 -0.001501
352530.930129 4026050.424132 0.000000 -0.001456
352530.956716 4026050.370641 0.000000 -0.001411
352530.983299 4026050.317148 0.000000 -0.001366
352531.009877 4026050.263652 0.000000 -0.001321
352531.036452 4026050.210155 0.000000 -0.001277
352531.063022 4026050.156655 0.000000 -0.001233
352531.089588 4026050.103154 0.000000 -0.001190
352531.116151 4026050.049651 0.000000 -0.001147
352531.142710 4026049.996146 0.000000 -0.001104
352531.169266 4026049.942639 0.000000 -0.001062
352531.195819 4026049.889130 0.000000 -0.001021
352531.222369 4026049.835620 0.000000 -0.000981
352531.248915 4026049.782109 0.000000 -0.000941
352531.275459 4026049.728596 0.000000 -0.000902
352531.302000 4026049.675082 0.000000 -0.000864
352531.328538 4026049.621566 0.000000 -0.000826
352531.355074 4026049.568049 0.000000 -0.000789
352531.381608 4026049.514531 0.000000 -0.000754
352531.408139 4026049.461012 0.000000 -0.000719
352531.434668 4026049.407492 0.000000 -0.000685
352531.461196 4026049.353970 0.000000 -0.000652
352531.487721 4026049.300448 0.000000 -0.000620
352531.514244 4026049.246925 0.000000 -0.000588
352531.540766 4026049.193401 0.000000 -0.000558
352531.567286 4026049.139876 0.000000 -0.000529
352531.593805 4026049.086351 0.000000 -0.000501
352531.620322 4026049.032824 0.000000 -0.000473
352531.646838 4026048.979297 0.000000 -0.000447
352531.673353 4026048.925770 0.000000 -0.000422
352531.699866 4026048.872241 0.000000 -0.000397
352531.726379 4026048.818713 0.000000 -0.000374
352531.752890 4026048.765183 0.000000 -0.000352
352531.779400 4026048.711654 0.000000 -0.000330
352531.805910 4026048.658123 0.000000 -0.000309
352531.832419 4026048.604593 0.000000 -0.000290
352531.858926 4026048.551062 0.000000 -0.000271
352531.885434 4026048.497530 0.000000 -0.000253
352531.911940 4026048.443999 0.000000 -0.000236
352531.938446 4026048.390467 0.000000 -0.000220
352531.964951 4026048.336934 0.000000 -0.000205
352531.991456 4026048.283402 0.000000 -0.000190
352532.017960 4026048.229869 0.000000 -0.000176
352532.044464 4026048.176336 0.000000 -0.000163
352532.070968 4026048.122802 0.000000 -0.000151
352532.097471 4026048.069269 0.000000 -0.000140
352532.123973 4026048.015735 0.000000 -0.000129
352532.150476 4026047.962202 0.000000 -0.000119
352532.176978 4026047.908668 0.000000 -0.000109
352532.203480 4026047.855134 0.000000 -0.000100
352532.229981 4026047.801599 0.000000 -0.000092
352532.256483 4026047.748065 0.000000 -0.000084
352532.282984 4026047.694531 0.000000 -0.000076
352532.309485 4026047.640996 0.000000 -0.000070
352532.335986 4026047.587462 0.000000 -0.000063
352532.362487 4026047.533927 0.000000 -0.000057
352532.388987 4026047.480392 0.000000 -0.000052
352532.415488 4026047.426858 0.000000 -0.000047
352532.441988 4026047.373323 0.000000 -0.000042
352532.468488 4026047.319788 0.000000 -0.000038
352532.494989 4026047.266253 0.000000 -0.000034
352532.521489 4026047.212718 0.000000 -0.000031
352532.547989 4026047.159183 0.000000 -0.000027
352532.574489 4026047.105648 0.000000 -0.000024
352532.600989 4026047.052113 0.000000 -0.000022
352532.627489 4026046.998578 0.000000 -0.000019
352532.653989 4026046.945043 0.000000 -0.000017
352532.680489 4026046.891508 0.000000 -0.000015
352532.706989 4026046.837973 0.000000 -0.000013
352532.733489 4026046.784438 0.000000 -0.000011
352532.759989 4026046.730903 0.000000 -0.000010
352532.786489 4026046.677368 0.000000 -0.000009
352532.812989 4026046.623833 0.000000 -0.000007
352532.839489 4026046.570298 0.000000 -0.000006
352532.865989 4026046.516763 0.000000 -0.000006
352532.892488 4026046.463228 0.000000 -0.000005
352532.918988 4026046.409693 0.000000 -0.000004
352532.945488 4026046.356158 0.000000 -0.000003
352532.971988 4026046.302623 0.000000 -0.000003
352532.998488 4026046.249088 0.000000 -0.000002
352533.024988 4026046.195553 0.000000 -0.000002
352533.051488 4026046.142018 0.000000 -0.000002
352533.077987 4026046.088483 0.000000 -0.000001
352533.104487 4026046.034947 0.000000 -0.000001
352533.130987 4026045.981412 0.000000 -0.000001
352533.157487 4026045.927877 0.000000 -0.000001
352533.183987 4026045.874342 0.000000 -0.000000
352533.210487 4026045.820807 0.000000 -0.000000
352533.236987 4026045.767272 0.000000 0.000000
352533.263487 4026045.713737 0.000000 0.000000
352533.289986 4026045.660202 0.000000 0.000000
352533.316486 4026045.606667 0.000000 0.000001
352533.342986 4026045.553132 0.000000 0.000001
352533.369486 4026045.499597 0.000000 0.000001
352533.395986 4026045.446062 0.000000 0.000002
352533.422486 4026045.392527 0.000000 0.000002
352533.448986 4026045.338992 0.000000 0.000003
352533.475485 4026045.285456 0.000000 0.000003
352533.501985 4026045.231921 0.000000 0.000004
352533.528485 4026045.178386 0.000000 0.000005
352533.554985 4026045.124851 0.000000 0.000006
352533.581485 4026045.071316 0.000000 0.000007
352533.607985 4026045.017781 0.000000 0.000008
352533.634485 4026044.964246 0.000000 0.000010
352533.660984 4026044.910711 0.000000 0.000012
352533.687484 4026044.857176 0.000000 0.000014
352533.713984 4026044.803641 0.000000 0.000016
352533.740484 4026044.750106 0.000000 0.000019
352533.766984 4026044.696571 0.000000 0.000022
352533.793484 4026044.643036 0.000000 0.000025
352533.819984 4026044.589501 0.000000 0.000028
352533.846484 4026044.535966 0.000000 0.000033
352533.872984 4026044.482431 0.000000 0.000037
352533.899485 4026044.428896 0.000000 0.000042
352533.925985 4026044.375361 0.000000 0.000048
352533.952485 4026044.321826 0.000000 0.000054
352533.978986 4026044.268292 0.000000 0.000060
352534.005486 4026044.214757 0.000000 0.000068
352534.031987 4026044.161222 0.000000 0.000076
352534.058488 4026044.107688 0.000000 0.000085
352534.084989 4026044.054153 0.000000 0.000094
352534.111490 4026044.000619 0.000000 0.000105
352534.137991 4026043.947085 0.000000 0.000116
352534.164493 4026043.893550 0.000000 0.000129
352534.190995 4026043.840016 0.000000 0.000142
352534.217497 4026043.786483 0.000000 0.000156
352534.244000 4026043.732949 0.000000 0.000172
352534.270503 4026043.679416 0.000000 0.000188
352534.297007 4026043.625883 0.000000 0.000206
352534.323511 4026043.572350 0.000000 0.000226
352534.350015 4026043.518817 0.000000 0.000246
352534.376520 4026043.465285 0.000000 0.000268
352534.403026 4026043.411753 0.000000 0.000291
352534.429533 4026043.358221 0.000000 0.000316
352534.456040 4026043.304690 0.000000 0.000343
352534.482549 4026043.251159 0.000000 0.000371
352534.509058 4026043.197629 0.000000 0.000401
352534.535568 4026043.144100 0.000000 0.000433
352534.562080 4026043.090571 0.000000 0.000467
352534.588593 4026043.037042 0.000000 0.000502
352534.615107 4026042.983515 0.000000 0.000539
352534.641623 4026042.929988 0.000000 0.000579
352534.668140 4026042.876462 0.000000 0.000620
352534.694659 4026042.822936 0.000000 0.000664
352534.721179 4026042.769412 0.000000 0.000710
352534.747702 4026042.715889 0.000000 0.000758
352534.774227 4026042.662367 0.000000 0.000808
352534.800754 4026042.608846 0.000000 0.000860
352534.827284 4026042.555326 0.000000 0.000915
352534.853816 4026042.501808 0.000000 0.000972
352534.880351 4026042.448291 0.000000 0.001032
352534.906890 4026042.394776 0.000000 0.001093
352534.933431 4026042.341262 0.000000 0.001158
352534.959976 4026042.287750 0.000000 0.001224
352534.986524 4026042.234240 0.000000 0.001293
352535.013076 4026042.180732 0.000000 0.001365
352535.039633 4026042.127226 0.000000 0.001438
352535.066193 4026042.073722 0.000000 0.001514
352535.092759 4026042.020220 0.000000 0.001593
352535.119329 4026041.966720 0.000000 0.001674
352535.145904 4026041.913223 0.000000 0.001757
352535.172485 4026041.859728 0.000000 0.001842
352535.199072 4026041.806236 0.000000 0.001930
352535.225665 4026041.752747 0.000000 0.002019
352535.252264 4026041.699260 0.000000 0.002111
352535.278870 4026041.645776 0.000000 0.002205
352535.305483 4026041.592295 0.000000 0.002301
352535.332103 4026041.538817 0.000000 0.002399
352535.358732 4026041.485342 0.000000 0.002498
352535.385369 4026041.431870 0.000000 0.002599
352535.412014 4026041.378401 0.000000 0.002702
352535.438669 4026041.324935 0.000000 0.002807
352535.465333 4026041.271472 0.000000 0.002912
352535.492007 4026041.218012 0.000000 0.003019
352535.518691 4026041.164555 0.000000 0.003128
352535.545387 4026041.111102 0.000000 0.003237
352535.572094 4026041.057651 0.000000 0.003347
352535.598813 4026041.004203 0.000000 0.003458
352535.625544 4026040.950757 0.000000 0.003570
352535.652288 4026040.897314 0.000000 0.003682
352535.679046 4026040.843874 0.000000 0.003794
352535.705818 4026040.790436 0.000000 0.003907
352535.732605 4026040.737000 0.000000 0.004019
352535.759407 4026040.683566 0.000000 0.004132
352535.786225 4026040.630133 0.000000 0.004244
352535.813059 4026040.576702 0.000000 0.004355
352535.839911 4026040.523271 0.000000 0.004466
352535.866781 4026040.469841 0.000000 0.004575
352535.893669 4026040.416411 0.000000 0.004684
352535.920577 4026040.362981 0.000000 0.004791
352535.947504 4026040.309550 0.000000 0.004897
352535.974452 4026040.256117 0.000000 0.005002
352536.001422 4026040.202683 0.000000 0.005104
352536.028414 4026040.149246 0.000000 0.005204
352536.055430 4026040.095805 0.000000 0.005302
352536.082469 4026040.042361 0.000000 0.005398
352536.109532 4026039.988912 0.000000 0.005491
352536.136622 4026039.935457 0.000000 0.005581
352536.163738 4026039.881996 0.000000 0.005668
352536.190881 4026039.828527 0.000000 0.005753
352536.218052 4026039.775049 0.000000 0.005833
352536.245253 4026039.721562 0.000000 0.005911
352536.272484 4026039.668064 0.000000 0.005984
352536.299745 4026039.614554 0.000000 0.006054
352536.327039 4026039.561031 0.000000 0.006120
352536.354366 4026039.507494 0.000000 0.006182
352536.381727 4026039.453940 0.000000 0.006240
352536.409123 4026039.400369 0.000000 0.006294
352536.436555 4026039.346778 0.000000 0.006343
352536.464025 4026039.293167 0.000000 0.006388
352536.491533 4026039.239534 0.000000 0.006428
352536.519080 4026039.185877 0.000000 0.006463
352536.546668 4026039.132194 0.000000 0.006494
352536.574298 4026039.078483 0.000000 0.006520
352536.601970 4026039.024743 0.000000 0.006541
352536.629687 4026038.970971 0.000000 0.006557
352536.657450 4026038.917165 0.000000 0.006569
352536.685258 4026038.863323 0.000000 0.006575
352536.713115 4026038.809443 0.000000 0.006576
352536.741021 4026038.755523 0.000000 0.006573
352536.768977 4026038.701560 0.000000 0.006564
352536.796984 4026038.647551 0.000000 0.006551
352536.825045 4026038.593495 0.000000 0.006532
352536.853160 4026038.539388 0.000000 0.006509
352536.881331 4026038.485229 0.000000 0.006482
352536.909559 4026038.431014 0.000000 0.006449
352536.937845 4026038.376740 0.000000 0.006412
352536.966192 4026038.322406 0.000000 0.006370
352536.994599 4026038.268007 0.000000 0.006324
352537.023069 4026038.213541 0.000000 0.006273
352537.051604 4026038.159005 0.000000 0.006219
352537.080204 4026038.104396 0.000000 0.006160
352537.108871 4026038.049710 0.000000 0.006097
352537.137607 4026037.994945 0.000000 0.006031
352537.166413 4026037.940098 0.000000 0.005960
352537.195291 4026037.885164 0.000000 0.005887
352537.224242 4026037.830141 0.000000 0.005809
352537.253267 4026037.775026 0.000000 0.005729
352537.282369 4026037.719814 0.000000 0.005646
352537.311550 4026037.664503 0.000000 0.005559
352537.340809 4026037.609089 0.000000 0.005470
352537.370150 4026037.553568 0.000000 0.005379
352537.399573 4026037.497937 0.000000 0.005285
352537.429081 4026037.442191 0.000000 0.005188
352537.458675 4026037.386329 0.000000 0.005090
352537.488357 4026037.330344 0.000000 0.004990
352537.518128 4026037.274235 0.000000 0.004888
352537.547990 4026037.217997 0.000000 0.004784
352537.577944 4026037.161627 0.000000 0.004679
352537.607993 4026037.105120 0.000000 0.004572
352537.638138 4026037.048473 0.000000 0.004465
352537.668381 4026036.991681 0.000000 0.004356
352537.698724 4026036.934742 0.000000 0.004246
352537.729168 4026036.877650 0.000000 0.004136
352537.759714 4026036.820403 0.000000 0.004024
352537.790366 4026036.762996 0.000000 0.003912
352537.821123 4026036.705424 0.000000 0.003800
352537.851989 4026036.647685 0.000000 0.003687
352537.882966 4026036.589774 0.000000 0.003573
352537.914053 4026036.531687 0.000000 0.003459
352537.945255 4026036.473420 0.000000 0.003345
352537.976572 4026036.414969 0.000000 0.003231
352538.008006 4026036.356329 0.000000 0.003116
352538.039558 4026036.297497 0.000000 0.003001
352538.071232 4026036.238468 0.000000 0.002886
352538.103029 4026036.179238 0.000000 0.002771
352538.134949 4026036.119803 0.000000 0.002655
352538.166997 4026036.060158 0.000000 0.002539
352538.199172 4026036.000300 0.000000 0.002424
352538.231477 4026035.940224 0.000000 0.002307
352538.263915 4026035.879925 0.000000 0.002191
352538.296486 4026035.819400 0.000000 0.002075
352538.329193 4026035.758643 0.000000 0.001958
352538.362038 4026035.697651 0.000000 0.001841
352538.395022 4026035.636418 0.000000 0.001723
352538.428148 4026035.574941 0.000000 0.001605
352538.461418 4026035.513214 0.000000 0.001487
352538.494833 4026035.451233 0.000000 0.001368
352538.528395 4026035.388994 0.000000 0.001249
352538.562107 4026035.326491 0.000000 0.001129
352538.595970 4026035.263719 0.000000 0.001008
352538.629987 4026035.200675 0.000000 0.000887
352538.664160 4026035.137352 0.000000 0.000765
352538.698490 4026035.073746 0.000000 0.000642
352538.732981 4026035.009852 0.000000 0.000518
352538.767633 4026034.945665 0.000000 0.000394
352538.802449 4026034.881179 0.000000 0.000268
352538.837431 4026034.816389 0.000000 0.000142
352538.872581 4026034.751290 0.000000 0.000015
352538.907903 4026034.685876 0.000000 -0.000114
352538.943397 4026034.620142 0.000000 -0.000243
352538.979065 4026034.554082 0.000000 -0.000373
352539.014912 4026034.487690 0.000000 -0.000504
352539.050938 4026034.420961 0.000000 -0.000636
352539.087145 4026034.353888 0.000000 -0.000768
352539.123538 4026034.286465 0.000000 -0.000902
352539.160116 4026034.218686 0.000000 -0.001036
352539.196884 4026034.150545 0.000000 -0.001171
352539.233844 4026034.082035 0.000000 -0.001306
352539.270997 4026034.013149 0.000000 -0.001442
352539.308348 4026033.943881 0.000000 -0.001578
352539.345897 4026033.874223 0.000000 -0.001715
352539.383649 4026033.804170 0.000000 -0.001851
352539.421605 4026033.733712 0.000000 -0.001987
352539.459769 4026033.662843 0.000000 -0.002123
352539.498143 4026033.591554 0.000000 -0.002259
352539.536731 4026033.519838 0.000000 -0.002394
352539.575534 4026033.447687 0.000000 -0.002528
352539.614558 4026033.375092 0.000000 -0.002661
352539.653804 4026033.302045 0.000000 -0.002792
352539.693276 4026033.228536 0.000000 -0.002922
352539.732978 4026033.154556 0.000000 -0.003050
352539.772913 4026033.080095 0.000000 -0.003177
352539.813085 4026033.005144 0.000000 -0.003300
352539.853497 4026032.929693 0.000000 -0.003421
352539.894154 4026032.853730 0.000000 -0.003540
352539.935060 4026032.777245 0.000000 -0.003655
352539.976219 4026032.700227 0.000000 -0.003766
352540.017636 4026032.622663 0.000000 -0.003874
352540.059316 4026032.544542 0.000000 -0.003978
352540.101263 4026032.465851 0.000000 -0.004078
352540.143482 4026032.386577 0.000000 -0.004173
352540.185979 4026032.306707 0.000000 -0.004263
352540.228760 4026032.226226 0.000000 -0.004348
352540.271830 4026032.145119 0.000000 -0.004427
352540.315195 4026032.063373 0.000000 -0.004501
352540.358863 4026031.980971 0.000000 -0.004569
352540.402838 4026031.897897 0.000000 -0.004631
352540.447130 4026031.814133 0.000000 -0.004686
352540.491744 4026031.729664 0.000000 -0.004735
352540.536689 4026031.644470 0.000000 -0.004777
352540.581972 4026031.558533 0.000000 -0.004812
352540.627602 4026031.471833 0.000000 -0.004840
352540.673588 4026031.384350 0.000000 -0.004861
352540.719938 4026031.296064 0.000000 -0.004874
352540.766663 4026031.206951 0.000000 -0.004880
352540.813772 4026031.116991 0.000000 -0.004879
352540.861276 4026031.026159 0.000000 -0.004870
352540.909186 4026030.934432 0.000000 -0.004853
352540.957513 4026030.841783 0.000000 -0.004829
352541.006269 4026030.748188 0.000000 -0.004797
352541.055466 4026030.653619 0.000000 -0.004757
352541.105118 4026030.558048 0.000000 -0.004710
352541.155238 4026030.461446 0.000000 -0.004655
352541.205840 4026030.363782 0.000000 -0.004593
352541.256940 4026030.265026 0.000000 -0.004524
352541.308553 4026030.165143 0.000000 -0.004447
352541.360697 4026030.064099 0.000000 -0.004364
352541.413389 4026029.961854 0.000000 -0.004274
352541.466650 4026029.858370 0.000000 -0.004177
352541.520501 4026029.753602 0.000000 -0.004073
352541.574964 4026029.647504 0.000000 -0.003964
352541.630065 4026029.540025 0.000000 -0.003848
352541.685832 4026029.431108 0.000000 -0.003727
352541.742295 4026029.320694 0.000000 -0.003601
352541.799487 4026029.208715 0.000000 -0.003471
352541.857446 4026029.095099 0.000000 -0.003335
352541.916211 4026028.979763 0.000000 -0.003197
352541.975827 4026028.862621 0.000000 -0.003055
352542.036344 4026028.743575 0.000000 -0.002910
352542.097815 4026028.622516 0.000000 -0.002763
352542.160301 4026028.499327 0.000000 -0.002615
352542.223866 4026028.373877 0.000000 -0.002466
352542.288583 4026028.246026 0.000000 -0.002317
352542.354531 4026028.115615 0.000000 -0.002169
352542.421797 4026027.982475 0.000000 -0.002023
352542.490475 4026027.846417 0.000000 -0.001878
352542.560668 4026027.707237 0.000000 -0.001737
352542.632490 4026027.564713 0.000000 -0.001658
352542.706063 4026027.418601 0.000000 -0.001579
352542.781521 4026027.268638 0.000000 -0.001500
352542.859007 4026027.114537 0.000000 -0.001421
352542.938680 4026026.955988 0.000000 -0.001342
352543.020708 4026026.792655 0.000000 -0.001263
352543.105275 4026026.624176 0.000000 -0.001184
352543.192578 4026026.450159 0.000000 -0.001105
352543.282830 4026026.270184 0.000000 -0.001026
352543.376260 4026026.083796 0.000000 -0.000947
352543.473112 4026025.890510 0.000000 -0.000868
352543.573650 4026025.689804 0.000000 -0.000789
352543.678156 4026025.481119 0.000000 -0.000711
352543.786931 4026025.263858 0.000000 -0.000632
352543.900296 4026025.037381 0.000000 -0.000553
352544.018594 4026024.801008 0.000000 -0.000474
352544.142192 4026024.554013 0.000000 -0.000395
352544.271477 4026024.295624 0.000000 -0.000316
352544.406863 4026024.025019 0.000000 -0.000237
352544.548789 4026023.741326 0.000000 -0.000158
352544.697720 4026023.443619 0.000000 -0.000079
