352544.854149 4026023.130919 0.000000 0.000000
352545.014730 4026022.813628 0.000000 0.000000
352545.175310 4026022.496336 0.000000 0.000000
352545.335890 4026022.179045 0.000000 0.000000
352545.496471 4026021.861754 0.000000 0.000000
352545.657051 4026021.544463 0.000000 0.000000
352545.817631 4026021.227172 0.000000 0.000000
352545.978211 4026020.909881 0.000000 0.000000
352546.138792 4026020.592589 0.000000 0.000000
352546.299372 4026020.275298 0.000000 0.000000
352546.459952 4026019.958007 0.000000 0.000000
352546.620533 4026019.640716 0.000000 0.000000
352546.781113 4026019.323425 0.000000 0.000000
352546.941693 4026019.006133 0.000000 0.000000
352547.102274 4026018.688842 0.000000 0.000000
352547.262854 4026018.371551 0.000000 0.000000
352547.423434 4026018.054260 0.000000 0.000000
352547.584014 4026017.736969 0.000000 0.000000
352547.744595 4026017.419677 0.000000 -0.000000
352547.905175 4026017.102386 0.000000 0.000000
352548.065755 4026016.785095 0.000000 0.000000
352548.226336 4026016.467804 0.000000 -0.000000
352548.386916 4026016.150513 0.000000 -0.000000
352548.547496 4026015.833221 0.000000 -0.000000
352548.708077 4026015.515930 0.000000 -0.000000
352548.868657 4026015.198639 0.000000 0.000000
352549.029237 4026014.881348 0.000000 0.000000
352549.189817 4026014.564057 0.000000 0.000000
352549.350398 4026014.246766 0.000000 -0.000000
352549.510978 4026013.929474 0.000000 -0.000000
352549.671558 4026013.612183 0.000000 0.000000
352549.832139 4026013.294892 0.000000 -0.000000
352549.992719 4026012.977601 0.000000 0.000000
352550.153299 4026012.660310 0.000000 -0.000000
352550.313879 4026012.343018 0.000000 -0.000000
352550.474460 4026012.025727 0.000000 -0.000000
352550.635040 4026011.708436 0.000000 -0.000000
352550.795620 4026011.391145 0.000000 -0.000000
352550.956201 4026011.073854 0.000000 -0.000000
352551.116781 4026010.756562 0.000000 -0.000000
352551.277361 4026010.439271 0.000000 -0.000000
352551.437942 4026010.121980 0.000000 -0.000000
352551.598522 4026009.804689 0.000000 -0.000000
352551.759102 4026009.487398 0.000000 -0.000000
352551.919682 4026009.170106 0.000000 -0.000000
352552.080263 4026008.852815 0.000000 -0.000000
352552.240843 4026008.535524 0.000000 -0.000000
352552.401423 4026008.218233 0.000000 -0.000000
352552.562004 4026007.900942 0.000000 -0.000000
352552.722584 4026007.583650 0.000000 -0.000000
