352552.883164 4026007.266359 0.000000 0.000000
352553.038397 4026006.955203 0.000000 0.000000
352553.186186 4026006.658966 0.000000 0.000000
352553.327020 4026006.376670 0.000000 0.000000
352553.461359 4026006.107395 0.000000 0.000000
352553.589635 4026005.850272 0.000000 0.000000
352553.712257 4026005.604481 0.000000 0.000000
352553.829609 4026005.369254 0.000000 0.000000
352553.942052 4026005.143867 0.000000 0.000000
352554.049925 4026004.927642 0.000000 0.000000
352554.153544 4026004.719942 0.000000 0.000000
352554.253207 4026004.520171 0.000000 0.000000
352554.349192 4026004.327774 0.000000 0.000000
352554.441758 4026004.142229 0.000000 0.000000
352554.531147 4026003.963052 0.000000 0.000000
352554.617585 4026003.789792 0.000000 0.000000
352554.701281 4026003.622027 0.000000 0.000000
352554.782429 4026003.459369 0.000000 0.000000
352554.861211 4026003.301456 0.000000 0.000000
352554.937792 4026003.147952 0.000000 0.000000
352555.012327 4026002.998550 0.000000 0.000000
352555.084959 4026002.852962 0.000000 0.000000
352555.155820 4026002.710926 0.000000 0.000000
352555.225028 4026002.572199 0.000000 0.000000
352555.292697 4026002.436561 0.000000 0.000000
352555.358927 4026002.303805 0.000000 -0.000000
352555.423812 4026002.173746 0.000000 -0.000000
352555.487437 4026002.046214 0.000000 0.000000
352555.549879 4026001.921051 0.000000 -0.000000
352555.611210 4026001.798117 0.000000 0.000000
352555.671494 4026001.677280 0.000000 0.000000
352555.730789 4026001.558425 0.000000 -0.000000
352555.789150 4026001.441444 0.000000 0.000000
352555.846625 4026001.326238 0.000000 0.000000
352555.903257 4026001.212721 0.000000 -0.000000
352555.959087 4026001.100812 0.000000 0.000000
352556.014152 4026000.990438 0.000000 -0.000000
352556.068484 4026000.881532 0.000000 -0.000000
352556.122113 4026000.774034 0.000000 -0.000000
352556.175068 4026000.667889 0.000000 0.000000
352556.227373 4026000.563046 0.000000 -0.000000
352556.279051 4026000.459459 0.000000 0.000000
352556.330125 4026000.357084 0.000000 -0.000000
352556.380614 4026000.255881 0.000000 0.000000
352556.430536 4026000.155814 0.000000 -0.000000
352556.479910 4026000.056847 0.000000 -0.000000
352556.528751 4025999.958948 0.000000 0.000000
352556.577075 4025999.862084 0.000000 -0.000000
352556.624897 4025999.766227 0.000000 -0.000000
352556.672231 4025999.671348 0.000000 0.000000
352556.719091 4025999.577418 0.000000 0.000000
352556.765491 4025999.484413 0.000000 -0.000000
352556.811442 4025999.392306 0.000000 -0.000000
352556.856957 4025999.301073 0.000000 0.000000
352556.902048 4025999.210690 0.000000 -0.000000
352556.946726 4025999.121135 0.000000 -0.000000
352556.991003 4025999.032385 0.000000 0.000000
352557.034887 4025998.944420 0.000000 -0.000000
352557.078391 4025998.857219 0.000000 -0.000000
352557.121523 4025998.770762 0.000000 0.000000
352557.164293 4025998.685032 0.000000 0.000000
352557.206710 4025998.600009 0.000000 -0.000000
352557.248783 4025998.515677 0.000000 -0.000000
352557.290519 4025998.432018 0.000000 -0.000000
352557.331928 4025998.349016 0.000000 -0.000000
352557.373016 4025998.266656 0.000000 0.000000
352557.413792 4025998.184923 0.000000 0.000000
352557.454262 4025998.103803 0.000000 -0.000000
352557.494434 4025998.023280 0.000000 0.000000
352557.534313 4025997.943343 0.000000 -0.000000
352557.573907 4025997.863979 0.000000 0.000000
352557.613222 4025997.785174 0.000000 -0.000000
352557.652264 4025997.706917 0.000000 -0.000000
352557.691038 4025997.629196 0.000000 0.000000
352557.729550 4025997.552001 0.000000 0.000000
352557.767805 4025997.475320 0.000000 0.000000
352557.805809 4025997.399143 0.000000 -0.000000
352557.843566 4025997.323461 0.000000 0.000000
352557.881081 4025997.248263 0.000000 0.000000
352557.918360 4025997.173540 0.000000 0.000000
352557.955406 4025997.099283 0.000000 0.000000
352557.992224 4025997.025483 0.000000 0.000000
352558.028817 4025996.952132 0.000000 0.000000
352558.065191 4025996.879222 0.000000 0.000000
352558.101350 4025996.806745 0.000000 -0.000000
352558.137296 4025996.734692 0.000000 0.000000
352558.173034 4025996.663057 0.000000 0.000000
352558.208567 4025996.591832 0.000000 -0.000000
352558.243899 4025996.521010 0.000000 -0.000000
352558.279034 4025996.450584 0.000000 0.000000
352558.313975 4025996.380548 0.000000 -0.000000
352558.348724 4025996.310894 0.000000 -0.000000
352558.383286 4025996.241616 0.000000 -0.000000
352558.417663 4025996.172708 0.000000 0.000000
352558.451859 4025996.104164 0.000000 -0.000000
352558.485877 4025996.035978 0.000000 0.000000
352558.519718 4025995.968144 0.000000 -0.000000
352558.553388 4025995.900655 0.000000 -0.000000
352558.586887 4025995.833508 0.000000 -0.000000
352558.620219 4025995.766694 0.000000 -0.000000
352558.653387 4025995.700210 0.000000 0.000000
352558.686394 4025995.634051 0.000000 -0.000000
352558.719241 4025995.568209 0.000000 -0.000000
352558.751933 4025995.502681 0.000000 0.000000
352558.784470 4025995.437461 0.000000 -0.000000
352558.816856 4025995.372544 0.000000 -0.000000
352558.849094 4025995.307926 0.000000 0.000000
352558.881185 4025995.243600 0.000000 0.000000
352558.913133 4025995.179563 0.000000 -0.000000
352558.944939 4025995.115810 0.000000 0.000000
352558.976605 4025995.052335 0.000000 0.000000
352559.008136 4025994.989134 0.000000 -0.000000
352559.039531 4025994.926203 0.000000 -0.000000
352559.070795 4025994.863536 0.000000 0.000000
352559.101929 4025994.801130 0.000000 -0.000000
352559.132935 4025994.738980 0.000000 0.000000
352559.163815 4025994.677081 0.000000 -0.000000
352559.194572 4025994.615430 0.000000 0.000000
352559.225209 4025994.554021 0.000000 -0.000000
352559.255726 4025994.492850 0.000000 -0.000000
352559.286127 4025994.431913 0.000000 0.000000
352559.316413 4025994.371206 0.000000 0.000000
352559.346586 4025994.310725 0.000000 0.000000
352559.376649 4025994.250465 0.000000 0.000000
352559.406604 4025994.190423 0.000000 -0.000000
352559.436452 4025994.130593 0.000000 0.000000
352559.466196 4025994.070973 0.000000 0.000000
352559.495838 4025994.011557 0.000000 0.000000
352559.525379 4025993.952342 0.000000 0.000000
352559.554823 4025993.893325 0.000000 -0.000000
352559.584170 4025993.834500 0.000000 -0.000000
352559.613423 4025993.775863 0.000000 -0.000000
352559.642584 4025993.717412 0.000000 -0.000000
352559.671654 4025993.659142 0.000000 0.000000
352559.700636 4025993.601048 0.000000 0.000000
352559.729532 4025993.543128 0.000000 -0.000000
352559.758343 4025993.485377 0.000000 0.000000
352559.787072 4025993.427792 0.000000 -0.000000
352559.815720 4025993.370368 0.000000 -0.000000
352559.844290 4025993.313102 0.000000 0.000000
352559.872782 4025993.255989 0.000000 -0.000000
352559.901200 4025993.199027 0.000000 0.000000
352559.929545 4025993.142212 0.000000 -0.000000
352559.957818 4025993.085539 0.000000 -0.000000
352559.986022 4025993.029005 0.000000 -0.000000
352560.014158 4025992.972607 0.000000 -0.000000
352560.042229 4025992.916341 0.000000 -0.000000
352560.070236 4025992.860202 0.000000 -0.000000
352560.098181 4025992.804189 0.000000 -0.000000
352560.126065 4025992.748296 0.000000 -0.000000
352560.153890 4025992.692521 0.000000 -0.000000
352560.181659 4025992.636860 0.000000 -0.000000
352560.209373 4025992.581309 0.000000 -0.000000
352560.237032 4025992.525866 0.000000 -0.000000
352560.264641 4025992.470527 0.000000 -0.000000
352560.292199 4025992.415288 0.000000 -0.000000
352560.319708 4025992.360147 0.000000 -0.000000
352560.347171 4025992.305099 0.000000 -0.000000
352560.374588 4025992.250143 0.000000 -0.000000
352560.401961 4025992.195274 0.000000 -0.000000
352560.429292 4025992.140490 0.000000 -0.000000
352560.456583 4025992.085788 0.000000 -0.000000
352560.483834 4025992.031165 0.000000 -0.000000
352560.511047 4025991.976617 0.000000 -0.000000
352560.538224 4025991.922142 0.000000 -0.000000
352560.565366 4025991.867737 0.000000 -0.000000
352560.592474 4025991.813400 0.000000 -0.000000
352560.619550 4025991.759127 0.000000 -0.000000
352560.646595 4025991.704916 0.000000 -0.000000
352560.673611 4025991.650765 0.000000 -0.000001
352560.700598 4025991.596671 0.000000 -0.000001
352560.727558 4025991.542631 0.000000 -0.000001
352560.754492 4025991.488643 0.000000 -0.000001
352560.781401 4025991.434705 0.000000 -0.000001
352560.808286 4025991.380814 0.000000 -0.000001
352560.835149 4025991.326969 0.000000 -0.000001
352560.861990 4025991.273167 0.000000 -0.000001
352560.888811 4025991.219406 0.000000 -0.000002
352560.915612 4025991.165684 0.000000 -0.000002
352560.942395 4025991.111999 0.000000 -0.000002
352560.969160 4025991.058349 0.000000 -0.000002
352560.995909 4025991.004732 0.000000 -0.000003
352561.022642 4025990.951147 0.000000 -0.000003
352561.049360 4025990.897592 0.000000 -0.000003
352561.076064 4025990.844065 0.000000 -0.000004
352561.102755 4025990.790565 0.000000 -0.000004
352561.129433 4025990.737090 0.000000 -0.000004
352561.156099 4025990.683638 0.000000 -0.000005
352561.182754 4025990.630209 0.000000 -0.000005
352561.209399 4025990.576800 0.000000 -0.000006
352561.236034 4025990.523411 0.000000 -0.000006
352561.262660 4025990.470040 0.000000 -0.000007
352561.289277 4025990.416687 0.000000 -0.000007
352561.315887 4025990.363349 0.000000 -0.000008
352561.342488 4025990.310027 0.000000 -0.000009
352561.369083 4025990.256718 0.000000 -0.000009
352561.395672 4025990.203422 0.000000 -0.000010
352561.422254 4025990.150139 0.000000 -0.000011
352561.448831 4025990.096866 0.000000 -0.000012
352561.475402 4025990.043604 0.000000 -0.000013
352561.501969 4025989.990352 0.000000 -0.000014
352561.528531 4025989.937108 0.000000 -0.000015
352561.555089 4025989.883872 0.000000 -0.000016
352561.581643 4025989.830644 0.000000 -0.000017
352561.608194 4025989.777423 0.000000 -0.000018
352561.634742 4025989.724208 0.000000 -0.000020
352561.661286 4025989.670999 0.000000 -0.000021
352561.687828 4025989.617796 0.000000 -0.000022
352561.714367 4025989.564597 0.000000 -0.000024
352561.740905 4025989.511402 0.000000 -0.000025
352561.767440 4025989.458211 0.000000 -0.000027
352561.793973 4025989.405025 0.000000 -0.000028
352561.820504 4025989.351841 0.000000 -0.000030
352561.847034 4025989.298660 0.000000 -0.000032
352561.873563 4025989.245482 0.000000 -0.000034
352561.900090 4025989.192306 0.000000 -0.000036
352561.926616 4025989.139132 0.000000 -0.000038
352561.953141 4025989.085960 0.000000 -0.000040
352561.979665 4025989.032790 0.000000 -0.000042
352562.006188 4025988.979621 0.000000 -0.000044
352562.032710 4025988.926453 0.000000 -0.000046
352562.059232 4025988.873287 0.000000 -0.000048
352562.085753 4025988.820121 0.000000 -0.000051
352562.112273 4025988.766956 0.000000 -0.000053
352562.138793 4025988.713792 0.000000 -0.000055
352562.165313 4025988.660628 0.000000 -0.000058
352562.191831 4025988.607465 0.000000 -0.000060
352562.218350 4025988.554302 0.000000 -0.000063
352562.244868 4025988.501140 0.000000 -0.000066
352562.271386 4025988.447978 0.000000 -0.000068
352562.297903 4025988.394816 0.000000 -0.000071
352562.324420 4025988.341654 0.000000 -0.000074
352562.350937 4025988.288492 0.000000 -0.000077
352562.377453 4025988.235330 0.000000 -0.000079
352562.403969 4025988.182168 0.000000 -0.000082
352562.430485 4025988.129006 0.000000 -0.000085
352562.457001 4025988.075844 0.000000 -0.000088
352562.483516 4025988.022682 0.000000 -0.000091
352562.510031 4025987.969520 0.000000 -0.000094
352562.536545 4025987.916358 0.000000 -0.000097
352562.563059 4025987.863195 0.000000 -0.000100
352562.589573 4025987.810033 0.000000 -0.000103
352562.616087 4025987.756870 0.000000 -0.000106
352562.642600 4025987.703707 0.000000 -0.000109
352562.669113 4025987.650544 0.000000 -0.000112
352562.695626 4025987.597381 0.000000 -0.000114
352562.722138 4025987.544218 0.000000 -0.000117
352562.748650 4025987.491054 0.000000 -0.000120
352562.775161 4025987.437890 0.000000 -0.000123
352562.801672 4025987.384726 0.000000 -0.000126
352562.828183 4025987.331562 0.000000 -0.000128
352562.854693 4025987.278398 0.000000 -0.000131
352562.881202 4025987.225233 0.000000 -0.000134
352562.907712 4025987.172068 0.000000 -0.000136
352562.934221 4025987.118903 0.000000 -0.000139
352562.960729 4025987.065738 0.000000 -0.000141
352562.987237 4025987.012572 0.000000 -0.000144
352563.013745 4025986.959407 0.000000 -0.000146
352563.040252 4025986.906241 0.000000 -0.000148
352563.066758 4025986.853075 0.000000 -0.000150
352563.093264 4025986.799908 0.000000 -0.000152
352563.119770 4025986.746742 0.000000 -0.000154
352563.146275 4025986.693575 0.000000 -0.000156
352563.172779 4025986.640407 0.000000 -0.000158
352563.199283 4025986.587240 0.000000 -0.000159
352563.225787 4025986.534072 0.000000 -0.000161
352563.252290 4025986.480904 0.000000 -0.000162
352563.278792 4025986.427736 0.000000 -0.000163
352563.305294 4025986.374568 0.000000 -0.000165
352563.331796 4025986.321399 0.000000 -0.000166
352563.358296 4025986.268230 0.000000 -0.000167
352563.384797 4025986.215060 0.000000 -0.000167
352563.411296 4025986.161891 0.000000 -0.000168
352563.437796 4025986.108721 0.000000 -0.000169
352563.464294 4025986.055551 0.000000 -0.000169
352563.490792 4025986.002381 0.000000 -0.000169
352563.517290 4025985.949210 0.000000 -0.000169
352563.543787 4025985.896039 0.000000 -0.000169
352563.570283 4025985.842868 0.000000 -0.000169
352563.596779 4025985.789696 0.000000 -0.000169
352563.623275 4025985.736524 0.000000 -0.000169
352563.649769 4025985.683352 0.000000 -0.000168
352563.676264 4025985.630180 0.000000 -0.000168
352563.702757 4025985.577007 0.000000 -0.000167
352563.729251 4025985.523835 0.000000 -0.000166
352563.755743 4025985.470661 0.000000 -0.000165
352563.782235 4025985.417488 0.000000 -0.000164
352563.808727 4025985.364314 0.000000 -0.000163
352563.835218 4025985.311140 0.000000 -0.000162
352563.861708 4025985.257966 0.000000 -0.000160
352563.888198 4025985.204792 0.000000 -0.000159
352563.914688 4025985.151617 0.000000 -0.000157
352563.941177 4025985.098442 0.000000 -0.000155
352563.967665 4025985.045267 0.000000 -0.000154
352563.994153 4025984.992091 0.000000 -0.000152
352564.020640 4025984.938916 0.000000 -0.000150
352564.047127 4025984.885740 0.000000 -0.000148
352564.073614 4025984.832564 0.000000 -0.000146
352564.100100 4025984.779387 0.000000 -0.000143
352564.126585 4025984.726211 0.000000 -0.000141
352564.153071 4025984.673034 0.000000 -0.000139
352564.179555 4025984.619857 0.000000 -0.000136
352564.206040 4025984.566679 0.000000 -0.000134
352564.232523 4025984.513502 0.000000 -0.000131
352564.259007 4025984.460324 0.000000 -0.000129
352564.285490 4025984.407146 0.000000 -0.000126
352564.311972 4025984.353968 0.000000 -0.000123
352564.338454 4025984.300790 0.000000 -0.000121
352564.364936 4025984.247611 0.000000 -0.000118
352564.391418 4025984.194432 0.000000 -0.000115
352564.417899 4025984.141254 0.000000 -0.000113
352564.444380 4025984.088075 0.000000 -0.000110
352564.470860 4025984.034895 0.000000 -0.000107
352564.497340 4025983.981716 0.000000 -0.000104
352564.523820 4025983.928536 0.000000 -0.000101
352564.550299 4025983.875357 0.000000 -0.000099
352564.576778 4025983.822177 0.000000 -0.000096
352564.603257 4025983.768997 0.000000 -0.000093
352564.629735 4025983.715817 0.000000 -0.000090
352564.656214 4025983.662636 0.000000 -0.000088
352564.682692 4025983.609456 0.000000 -0.000085
352564.709169 4025983.556275 0.000000 -0.000082
352564.735647 4025983.503095 0.000000 -0.000080
352564.762124 4025983.449914 0.000000 -0.000077
352564.788601 4025983.396733 0.000000 -0.000074
352564.815078 4025983.343552 0.000000 -0.000072
352564.841554 4025983.290371 0.000000 -0.000069
352564.868031 4025983.237189 0.000000 -0.000067
352564.894507 4025983.184008 0.000000 -0.000064
352564.920983 4025983.130827 0.000000 -0.000062
352564.947458 4025983.077645 0.000000 -0.000060
352564.973934 4025983.024463 0.000000 -0.000057
352565.000409 4025982.971282 0.000000 -0.000055
352565.026884 4025982.918100 0.000000 -0.000053
352565.053359 4025982.864918 0.000000 -0.000051
352565.079834 4025982.811736 0.000000 -0.000049
352565.106309 4025982.758554 0.000000 -0.000047
352565.132784 4025982.705372 0.000000 -0.000045
352565.159258 4025982.652190 0.000000 -0.000043
352565.185733 4025982.599008 0.000000 -0.000041
352565.212207 4025982.545825 0.000000 -0.000039
352565.238681 4025982.492643 0.000000 -0.000038
352565.265155 4025982.439461 0.000000 -0.000036
352565.291629 4025982.386278 0.000000 -0.000034
352565.318103 4025982.333096 0.000000 -0.000033
352565.344576 4025982.279913 0.000000 -0.000031
352565.371050 4025982.226730 0.000000 -0.000030
352565.397524 4025982.173548 0.000000 -0.000028
352565.423997 4025982.120365 0.000000 -0.000027
352565.450470 4025982.067182 0.000000 -0.000026
352565.476944 4025982.014000 0.000000 -0.000024
352565.503417 4025981.960817 0.000000 -0.000023
352565.529890 4025981.907634 0.000000 -0.000022
352565.556363 4025981.854451 0.000000 -0.000021
352565.582836 4025981.801268 0.000000 -0.000020
352565.609309 4025981.748086 0.000000 -0.000019
352565.635782 4025981.694903 0.000000 -0.000018
352565.662255 4025981.641720 0.000000 -0.000017
352565.688728 4025981.588537 0.000000 -0.000016
352565.715201 4025981.535354 0.000000 -0.000015
352565.741674 4025981.482171 0.000000 -0.000014
352565.768147 4025981.428988 0.000000 -0.000013
352565.794619 4025981.375805 0.000000 -0.000013
352565.821092 4025981.322621 0.000000 -0.000012
352565.847565 4025981.269438 0.000000 -0.000011
352565.874037 4025981.216255 0.000000 -0.000011
352565.900510 4025981.163072 0.000000 -0.000010
352565.926982 4025981.109889 0.000000 -0.000010
352565.953455 4025981.056706 0.000000 -0.000009
352565.979927 4025981.003523 0.000000 -0.000008
352566.006400 4025980.950340 0.000000 -0.000008
352566.032872 4025980.897156 0.000000 -0.000008
352566.059345 4025980.843973 0.000000 -0.000007
352566.085817 4025980.790790 0.000000 -0.000007
352566.112289 4025980.737607 0.000000 -0.000006
352566.138762 4025980.684424 0.000000 -0.000006
352566.165234 4025980.631240 0.000000 -0.000006
352566.191707 4025980.578057 0.000000 -0.000005
352566.218179 4025980.524874 0.000000 -0.000005
352566.244651 4025980.471691 0.000000 -0.000005
352566.271124 4025980.418507 0.000000 -0.000004
352566.297596 4025980.365324 0.000000 -0.000004
352566.324068 4025980.312141 0.000000 -0.000004
352566.350540 4025980.258958 0.000000 -0.000004
352566.377013 4025980.205774 0.000000 -0.000003
352566.403485 4025980.152591 0.000000 -0.000003
352566.429957 4025980.099408 0.000000 -0.000003
352566.456429 4025980.046225 0.000000 -0.000003
352566.482902 4025979.993041 0.000000 -0.000003
352566.509374 4025979.939858 0.000000 -0.000002
352566.535846 4025979.886675 0.000000 -0.000002
352566.562318 4025979.833491 0.000000 -0.000002
352566.588791 4025979.780308 0.000000 -0.000002
352566.615263 4025979.727125 0.000000 -0.000002
352566.641735 4025979.673941 0.000000 -0.000002
352566.668207 4025979.620758 0.000000 -0.000002
352566.694679 4025979.567575 0.000000 -0.000001
352566.721152 4025979.514392 0.000000 -0.000001
352566.747624 4025979.461208 0.000000 -0.000001
352566.774096 4025979.408025 0.000000 -0.000001
352566.800568 4025979.354842 0.000000 -0.000001
352566.827040 4025979.301658 0.000000 -0.000001
352566.853512 4025979.248475 0.000000 -0.000001
352566.879985 4025979.195292 0.000000 -0.000001
352566.906457 4025979.142108 0.000000 -0.000001
352566.932929 4025979.088925 0.000000 -0.000001
352566.959401 4025979.035742 0.000000 -0.000001
352566.985873 4025978.982558 0.000000 -0.000001
352567.012345 4025978.929375 0.000000 -0.000001
352567.038818 4025978.876192 0.000000 -0.000001
352567.065290 4025978.823008 0.000000 -0.000000
352567.091762 4025978.769825 0.000000 -0.000000
352567.118234 4025978.716642 0.000000 -0.000000
352567.144706 4025978.663458 0.000000 -0.000000
352567.171178 4025978.610275 0.000000 -0.000000
352567.197651 4025978.557092 0.000000 -0.000000
352567.224123 4025978.503909 0.000000 -0.000000
352567.250595 4025978.450725 0.000000 -0.000000
352567.277067 4025978.397542 0.000000 -0.000000
352567.303539 4025978.344359 0.000000 -0.000000
352567.330011 4025978.291175 0.000000 -0.000000
352567.356483 4025978.237992 0.000000 -0.000000
352567.382956 4025978.184809 0.000000 -0.000000
352567.409428 4025978.131625 0.000000 -0.000000
352567.435900 4025978.078442 0.000000 -0.000000
352567.462372 4025978.025259 0.000000 -0.000000
352567.488844 4025977.972075 0.000000 -0.000000
352567.515316 4025977.918892 0.000000 -0.000000
352567.541789 4025977.865709 0.000000 -0.000000
352567.568261 4025977.812525 0.000000 -0.000000
352567.594733 4025977.759342 0.000000 -0.000000
352567.621205 4025977.706159 0.000000 -0.000000
352567.647677 4025977.652975 0.000000 -0.000000
352567.674149 4025977.599792 0.000000 -0.000000
352567.700621 4025977.546609 0.000000 -0.000000
352567.727094 4025977.493425 0.000000 -0.000000
352567.753566 4025977.440242 0.000000 -0.000000
352567.780038 4025977.387059 0.000000 -0.000000
352567.806510 4025977.333875 0.000000 -0.000000
352567.832982 4025977.280692 0.000000 -0.000000
352567.859454 4025977.227509 0.000000 -0.000000
352567.885926 4025977.174325 0.000000 -0.000000
352567.912399 4025977.121142 0.000000 -0.000000
352567.938871 4025977.067959 0.000000 -0.000000
352567.965343 4025977.014775 0.000000 -0.000000
352567.991815 4025976.961592 0.000000 -0.000000
352568.018287 4025976.908409 0.000000 -0.000000
352568.044759 4025976.855225 0.000000 -0.000000
352568.071232 4025976.802042 0.000000 -0.000000
352568.097704 4025976.748859 0.000000 -0.000000
352568.124176 4025976.695675 0.000000 -0.000000
352568.150648 4025976.642492 0.000000 -0.000000
352568.177120 4025976.589309 0.000000 -0.000000
352568.203592 4025976.536125 0.000000 -0.000000
352568.230064 4025976.482942 0.000000 -0.000000
352568.256537 4025976.429759 0.000000 -0.000000
352568.283009 4025976.376575 0.000000 0.000000
352568.309481 4025976.323392 0.000000 -0.000000
352568.335953 4025976.270209 0.000000 -0.000000
352568.362425 4025976.217025 0.000000 -0.000000
352568.388897 4025976.163842 0.000000 -0.000000
352568.415370 4025976.110659 0.000000 0.000000
352568.441842 4025976.057475 0.000000 -0.000000
352568.468314 4025976.004292 0.000000 0.000000
352568.494786 4025975.951109 0.000000 -0.000000
352568.521258 4025975.897925 0.000000 0.000000
352568.547730 4025975.844742 0.000000 0.000000
352568.574202 4025975.791559 0.000000 0.000000
352568.600675 4025975.738375 0.000000 -0.000000
352568.627147 4025975.685192 0.000000 0.000000
352568.653619 4025975.632009 0.000000 -0.000000
352568.680091 4025975.578825 0.000000 -0.000000
352568.706563 4025975.525642 0.000000 0.000000
352568.733035 4025975.472459 0.000000 -0.000000
352568.759507 4025975.419275 0.000000 0.000000
352568.785980 4025975.366092 0.000000 -0.000000
352568.812452 4025975.312909 0.000000 0.000000
352568.838924 4025975.259726 0.000000 -0.000000
352568.865396 4025975.206542 0.000000 -0.000000
352568.891868 4025975.153359 0.000000 -0.000000
352568.918340 4025975.100176 0.000000 -0.000000
352568.944813 4025975.046992 0.000000 -0.000000
352568.971285 4025974.993809 0.000000 -0.000000
352568.997757 4025974.940626 0.000000 -0.000000
352569.024229 4025974.887442 0.000000 0.000000
352569.050701 4025974.834259 0.000000 -0.000000
352569.077173 4025974.781076 0.000000 0.000000
352569.103645 4025974.727892 0.000000 0.000000
352569.130118 4025974.674709 0.000000 -0.000000
352569.156590 4025974.621526 0.000000 -0.000000
352569.183062 4025974.568342 0.000000 -0.000000
352569.209534 4025974.515159 0.000000 0.000000
352569.236006 4025974.461976 0.000000 -0.000000
352569.262478 4025974.408792 0.000000 0.000000
352569.288950 4025974.355609 0.000000 0.000000
352569.315423 4025974.302426 0.000000 -0.000000
352569.341895 4025974.249242 0.000000 -0.000000
352569.368367 4025974.196059 0.000000 -0.000000
352569.394839 4025974.142876 0.000000 0.000000
352569.421311 4025974.089692 0.000000 0.000000
352569.447783 4025974.036509 0.000000 0.000000
352569.474256 4025973.983326 0.000000 -0.000000
352569.500728 4025973.930142 0.000000 0.000000
352569.527200 4025973.876959 0.000000 0.000000
352569.553672 4025973.823776 0.000000 0.000000
352569.580144 4025973.770592 0.000000 0.000000
352569.606616 4025973.717409 0.000000 -0.000000
352569.633088 4025973.664226 0.000000 0.000000
352569.659561 4025973.611042 0.000000 0.000000
352569.686033 4025973.557859 0.000000 0.000000
352569.712505 4025973.504676 0.000000 0.000000
352569.738977 4025973.451492 0.000000 0.000000
352569.765449 4025973.398309 0.000000 -0.000000
352569.791921 4025973.345126 0.000000 -0.000000
352569.818394 4025973.291942 0.000000 0.000000
352569.844866 4025973.238759 0.000000 -0.000000
352569.871338 4025973.185576 0.000000 -0.000000
352569.897810 4025973.132392 0.000000 -0.000000
352569.924282 4025973.079209 0.000000 -0.000000
352569.950754 4025973.026026 0.000000 0.000000
352569.977226 4025972.972842 0.000000 -0.000000
352570.003699 4025972.919659 0.000000 -0.000000
352570.030171 4025972.866476 0.000000 0.000000
352570.056643 4025972.813292 0.000000 -0.000000
352570.083115 4025972.760109 0.000000 0.000000
352570.109587 4025972.706926 0.000000 -0.000000
352570.136059 4025972.653742 0.000000 0.000000
352570.162531 4025972.600559 0.000000 -0.000000
352570.189004 4025972.547376 0.000000 -0.000000
352570.215476 4025972.494192 0.000000 -0.000000
352570.241948 4025972.441009 0.000000 -0.000000
352570.268420 4025972.387826 0.000000 -0.000000
352570.294892 4025972.334642 0.000000 -0.000000
352570.321364 4025972.281459 0.000000 -0.000000
352570.347837 4025972.228276 0.000000 -0.000000
352570.374309 4025972.175092 0.000000 0.000000
352570.400781 4025972.121909 0.000000 0.000000
352570.427253 4025972.068726 0.000000 0.000000
352570.453725 4025972.015543 0.000000 0.000000
352570.480197 4025971.962359 0.000000 0.000000
352570.506669 4025971.909176 0.000000 0.000000
352570.533142 4025971.855993 0.000000 0.000000
352570.559614 4025971.802809 0.000000 0.000000
352570.586086 4025971.749626 0.000000 0.000000
352570.612558 4025971.696443 0.000000 0.000000
352570.639030 4025971.643259 0.000000 0.000000
352570.665502 4025971.590076 0.000000 0.000000
352570.691974 4025971.536893 0.000000 0.000000
352570.718447 4025971.483709 0.000000 0.000000
352570.744919 4025971.430526 0.000000 0.000000
352570.771391 4025971.377343 0.000000 0.000000
352570.797863 4025971.324159 0.000000 0.000000
352570.824335 4025971.270976 0.000000 0.000000
352570.850807 4025971.217793 0.000000 0.000000
352570.877280 4025971.164609 0.000000 0.000001
352570.903752 4025971.111426 0.000000 0.000001
352570.930224 4025971.058243 0.000000 0.000001
352570.956696 4025971.005059 0.000000 0.000001
352570.983168 4025970.951876 0.000000 0.000001
352571.009640 4025970.898693 0.000000 0.000002
352571.036112 4025970.845509 0.000000 0.000002
352571.062585 4025970.792326 0.000000 0.000002
352571.089057 4025970.739143 0.000000 0.000003
352571.115529 4025970.685959 0.000000 0.000003
352571.142001 4025970.632776 0.000000 0.000004
352571.168473 4025970.579593 0.000000 0.000005
352571.194945 4025970.526409 0.000000 0.000006
352571.221418 4025970.473226 0.000000 0.000007
352571.247890 4025970.420043 0.000000 0.000008
352571.274362 4025970.366859 0.000000 0.000009
352571.300834 4025970.313676 0.000000 0.000010
352571.327306 4025970.260493 0.000000 0.000012
352571.353779 4025970.207310 0.000000 0.000013
352571.380251 4025970.154126 0.000000 0.000015
352571.406723 4025970.100943 0.000000 0.000017
352571.433195 4025970.047760 0.000000 0.000020
352571.459668 4025969.994577 0.000000 0.000022
352571.486140 4025969.941393 0.000000 0.000025
352571.512613 4025969.888210 0.000000 0.000028
352571.539085 4025969.835027 0.000000 0.000031
352571.565558 4025969.781844 0.000000 0.000035
352571.592030 4025969.728661 0.000000 0.000039
352571.618503 4025969.675478 0.000000 0.000043
352571.644976 4025969.622295 0.000000 0.000048
352571.671449 4025969.569112 0.000000 0.000053
352571.697922 4025969.515929 0.000000 0.000059
352571.724395 4025969.462746 0.000000 0.000065
352571.750868 4025969.409563 0.000000 0.000071
352571.777342 4025969.356381 0.000000 0.000078
352571.803815 4025969.303198 0.000000 0.000085
352571.830289 4025969.250016 0.000000 0.000093
352571.856763 4025969.196833 0.000000 0.000102
352571.883238 4025969.143651 0.000000 0.000111
352571.909712 4025969.090469 0.000000 0.000120
352571.936187 4025969.037287 0.000000 0.000131
352571.962662 4025968.984105 0.000000 0.000142
352571.989138 4025968.930924 0.000000 0.000153
352572.015614 4025968.877742 0.000000 0.000166
352572.042091 4025968.824561 0.000000 0.000179
352572.068568 4025968.771380 0.000000 0.000193
352572.095045 4025968.718200 0.000000 0.000207
352572.121523 4025968.665019 0.000000 0.000223
352572.148002 4025968.611839 0.000000 0.000239
352572.174481 4025968.558660 0.000000 0.000256
352572.200961 4025968.505480 0.000000 0.000274
352572.227442 4025968.452301 0.000000 0.000293
352572.253923 4025968.399123 0.000000 0.000313
352572.280406 4025968.345945 0.000000 0.000333
352572.306889 4025968.292767 0.000000 0.000355
352572.333373 4025968.239590 0.000000 0.000377
352572.359859 4025968.186413 0.000000 0.000401
352572.386345 4025968.133237 0.000000 0.000425
352572.412833 4025968.080062 0.000000 0.000450
352572.439322 4025968.026887 0.000000 0.000477
352572.465813 4025967.973713 0.000000 0.000504
352572.492305 4025967.920540 0.000000 0.000532
352572.518799 4025967.867367 0.000000 0.000561
352572.545294 4025967.814196 0.000000 0.000591
352572.571791 4025967.761025 0.000000 0.000622
352572.598290 4025967.707855 0.000000 0.000654
352572.624791 4025967.654686 0.000000 0.000687
352572.651294 4025967.601519 0.000000 0.000721
352572.677799 4025967.548352 0.000000 0.000755
352572.704306 4025967.495186 0.000000 0.000791
352572.730816 4025967.442022 0.000000 0.000827
352572.757328 4025967.388859 0.000000 0.000864
352572.783843 4025967.335698 0.000000 0.000902
352572.810361 4025967.282537 0.000000 0.000941
352572.836882 4025967.229379 0.000000 0.000980
352572.863406 4025967.176221 0.000000 0.001020
352572.889932 4025967.123066 0.000000 0.001060
352572.916463 4025967.069912 0.000000 0.001101
352572.942996 4025967.016760 0.000000 0.001143
352572.969533 4025966.963609 0.000000 0.001185
352572.996074 4025966.910461 0.000000 0.001227
352573.022619 4025966.857314 0.000000 0.001270
352573.049168 4025966.804169 0.000000 0.001313
352573.075721 4025966.751027 0.000000 0.001356
352573.102278 4025966.697887 0.000000 0.001400
352573.128840 4025966.644749 0.000000 0.001443
352573.155406 4025966.591613 0.000000 0.001487
352573.181977 4025966.538480 0.000000 0.001531
352573.208552 4025966.485349 0.000000 0.001574
352573.235133 4025966.432220 0.000000 0.001618
352573.261719 4025966.379095 0.000000 0.001661
352573.288311 4025966.325972 0.000000 0.001704
352573.314907 4025966.272851 0.000000 0.001746
352573.341510 4025966.219734 0.000000 0.001788
352573.368118 4025966.166619 0.000000 0.001830
352573.394732 4025966.113508 0.000000 0.001871
352573.421352 4025966.060399 0.000000 0.001911
352573.447978 4025966.007294 0.000000 0.001951
352573.474610 4025965.954192 0.000000 0.001989
352573.501249 4025965.901093 0.000000 0.002027
352573.527895 4025965.847997 0.000000 0.002064
352573.554547 4025965.794905 0.000000 0.002099
352573.581206 4025965.741816 0.000000 0.002134
352573.607872 4025965.688731 0.000000 0.002167
352573.634545 4025965.635649 0.000000 0.002199
352573.661225 4025965.582571 0.000000 0.002230
352573.687912 4025965.529497 0.000000 0.002260
352573.714607 4025965.476426 0.000000 0.002288
352573.741309 4025965.423359 0.000000 0.002314
352573.768019 4025965.370296 0.000000 0.002339
352573.794736 4025965.317236 0.000000 0.002362
352573.821461 4025965.264181 0.000000 0.002384
352573.848194 4025965.211130 0.000000 0.002404
352573.874934 4025965.158082 0.000000 0.002422
352573.901683 4025965.105039 0.000000 0.002439
352573.928439 4025965.051999 0.000000 0.002453
352573.955204 4025964.998964 0.000000 0.002466
352573.981976 4025964.945932 0.000000 0.002477
352574.008757 4025964.892905 0.000000 0.002486
352574.035545 4025964.839882 0.000000 0.002493
352574.062342 4025964.786863 0.000000 0.002499
352574.089147 4025964.733848 0.000000 0.002502
352574.115960 4025964.680837 0.000000 0.002504
352574.142781 4025964.627830 0.000000 0.002503
352574.169610 4025964.574828 0.000000 0.002501
352574.196448 4025964.521829 0.000000 0.002497
352574.223293 4025964.468835 0.000000 0.002491
352574.250147 4025964.415845 0.000000 0.002482
352574.277009 4025964.362859 0.000000 0.002473
352574.303879 4025964.309876 0.000000 0.002461
352574.330756 4025964.256898 0.000000 0.002447
352574.357642 4025964.203924 0.000000 0.002432
352574.384536 4025964.150954 0.000000 0.002415
352574.411437 4025964.097988 0.000000 0.002396
352574.438346 4025964.045026 0.000000 0.002376
352574.465263 4025963.992068 0.000000 0.002353
352574.492188 4025963.939113 0.000000 0.002330
352574.519120 4025963.886163 0.000000 0.002305
352574.546059 4025963.833216 0.000000 0.002278
352574.573006 4025963.780273 0.000000 0.002250
352574.599960 4025963.727333 0.000000 0.002220
352574.626921 4025963.674397 0.000000 0.002189
352574.653889 4025963.621465 0.000000 0.002157
352574.680864 4025963.568536 0.000000 0.002124
352574.707846 4025963.515611 0.000000 0.002090
352574.734835 4025963.462689 0.000000 0.002055
352574.761830 4025963.409770 0.000000 0.002019
352574.788832 4025963.356855 0.000000 0.001981
352574.815839 4025963.303942 0.000000 0.001943
352574.842853 4025963.251033 0.000000 0.001905
352574.869874 4025963.198127 0.000000 0.001865
352574.896900 4025963.145224 0.000000 0.001825
352574.923931 4025963.092324 0.000000 0.001785
352574.950969 4025963.039427 0.000000 0.001744
352574.978012 4025962.986532 0.000000 0.001703
352575.005060 4025962.933641 0.000000 0.001661
352575.032113 4025962.880751 0.000000 0.001619
352575.059172 4025962.827865 0.000000 0.001578
352575.086235 4025962.774981 0.000000 0.001535
352575.113304 4025962.722099 0.000000 0.001493
352575.140376 4025962.669220 0.000000 0.001451
352575.167454 4025962.616343 0.000000 0.001409
352575.194536 4025962.563468 0.000000 0.001368
352575.221622 4025962.510595 0.000000 0.001326
352575.248712 4025962.457724 0.000000 0.001285
352575.275806 4025962.404856 0.000000 0.001244
352575.302903 4025962.351989 0.000000 0.001203
352575.330005 4025962.299124 0.000000 0.001163
352575.357110 4025962.246261 0.000000 0.001123
352575.384218 4025962.193400 0.000000 0.001084
352575.411330 4025962.140540 0.000000 0.001045
352575.438445 4025962.087682 0.000000 0.001007
352575.465563 4025962.034826 0.000000 0.000970
352575.492684 4025961.981971 0.000000 0.000933
352575.519808 4025961.929117 0.000000 0.000897
352575.546934 4025961.876265 0.000000 0.000862
352575.574063 4025961.823414 0.000000 0.000827
352575.601194 4025961.770564 0.000000 0.000793
352575.628328 4025961.717715 0.000000 0.000760
352575.655464 4025961.664868 0.000000 0.000728
352575.682602 4025961.612022 0.000000 0.000696
352575.709742 4025961.559176 0.000000 0.000666
352575.736884 4025961.506332 0.000000 0.000636
352575.764028 4025961.453489 0.000000 0.000607
352575.791174 4025961.400646 0.000000 0.000579
352575.818321 4025961.347805 0.000000 0.000552
352575.845470 4025961.294964 0.000000 0.000526
352575.872621 4025961.242124 0.000000 0.000501
352575.899773 4025961.189284 0.000000 0.000476
352575.926926 4025961.136446 0.000000 0.000453
352575.954080 4025961.083608 0.000000 0.000430
352575.981236 4025961.030770 0.000000 0.000408
352576.008393 4025960.977933 0.000000 0.000387
352576.035551 4025960.925097 0.000000 0.000367
352576.062710 4025960.872261 0.000000 0.000347
352576.089870 4025960.819426 0.000000 0.000329
352576.117031 4025960.766591 0.000000 0.000311
352576.144192 4025960.713757 0.000000 0.000294
352576.171355 4025960.660923 0.000000 0.000277
352576.198518 4025960.608089 0.000000 0.000262
352576.225682 4025960.555256 0.000000 0.000247
352576.252847 4025960.502423 0.000000 0.000233
352576.280012 4025960.449591 0.000000 0.000220
352576.307178 4025960.396758 0.000000 0.000207
352576.334344 4025960.343926 0.000000 0.000195
352576.361511 4025960.291095 0.000000 0.000183
352576.388679 4025960.238263 0.000000 0.000172
352576.415847 4025960.185432 0.000000 0.000162
352576.443015 4025960.132601 0.000000 0.000152
352576.470184 4025960.079770 0.000000 0.000142
352576.497353 4025960.026939 0.000000 0.000134
352576.524522 4025959.974109 0.000000 0.000125
352576.551692 4025959.921279 0.000000 0.000117
352576.578862 4025959.868448 0.000000 0.000110
352576.606032 4025959.815618 0.000000 0.000103
352576.633203 4025959.762789 0.000000 0.000096
352576.660374 4025959.709959 0.000000 0.000090
352576.687545 4025959.657129 0.000000 0.000084
352576.714716 4025959.604300 0.000000 0.000079
352576.741888 4025959.551470 0.000000 0.000074
352576.769060 4025959.498641 0.000000 0.000069
352576.796232 4025959.445812 0.000000 0.000064
352576.823404 4025959.392983 0.000000 0.000060
352576.850576 4025959.340153 0.000000 0.000056
352576.877748 4025959.287324 0.000000 0.000052
352576.904921 4025959.234496 0.000000 0.000049
352576.932093 4025959.181667 0.000000 0.000046
352576.959266 4025959.128838 0.000000 0.000043
352576.986439 4025959.076009 0.000000 0.000040
352577.013612 4025959.023180 0.000000 0.000037
352577.040785 4025958.970352 0.000000 0.000034
352577.067958 4025958.917523 0.000000 0.000032
352577.095131 4025958.864695 0.000000 0.000030
352577.122304 4025958.811866 0.000000 0.000028
352577.149478 4025958.759038 0.000000 0.000026
352577.176651 4025958.706209 0.000000 0.000024
352577.203824 4025958.653381 0.000000 0.000023
352577.230998 4025958.600552 0.000000 0.000021
352577.258172 4025958.547724 0.000000 0.000020
352577.285345 4025958.494895 0.000000 0.000018
352577.312519 4025958.442067 0.000000 0.000017
352577.339693 4025958.389239 0.000000 0.000016
352577.366866 4025958.336411 0.000000 0.000015
352577.394040 4025958.283582 0.000000 0.000014
352577.421214 4025958.230754 0.000000 0.000013
352577.448388 4025958.177926 0.000000 0.000012
352577.475562 4025958.125098 0.000000 0.000011
352577.502735 4025958.072269 0.000000 0.000010
352577.529909 4025958.019441 0.000000 0.000009
352577.557083 4025957.966613 0.000000 0.000009
352577.584257 4025957.913785 0.000000 0.000008
352577.611431 4025957.860957 0.000000 0.000007
352577.638605 4025957.808128 0.000000 0.000007
352577.665779 4025957.755300 0.000000 0.000006
352577.692953 4025957.702472 0.000000 0.000006
352577.720127 4025957.649644 0.000000 0.000005
352577.747301 4025957.596816 0.000000 0.000005
352577.774476 4025957.543988 0.000000 0.000004
352577.801650 4025957.491160 0.000000 0.000004
352577.828824 4025957.438331 0.000000 0.000004
352577.855998 4025957.385503 0.000000 0.000003
352577.883172 4025957.332675 0.000000 0.000003
352577.910346 4025957.279847 0.000000 0.000003
352577.937520 4025957.227019 0.000000 0.000002
352577.964694 4025957.174191 0.000000 0.000002
352577.991868 4025957.121363 0.000000 0.000002
352578.019043 4025957.068535 0.000000 0.000002
352578.046217 4025957.015707 0.000000 0.000002
352578.073391 4025956.962879 0.000000 0.000001
352578.100565 4025956.910051 0.000000 0.000001
352578.127739 4025956.857222 0.000000 0.000001
352578.154913 4025956.804394 0.000000 0.000001
352578.182087 4025956.751566 0.000000 0.000001
352578.209262 4025956.698738 0.000000 0.000001
352578.236436 4025956.645910 0.000000 0.000001
352578.263610 4025956.593082 0.000000 0.000001
352578.290784 4025956.540254 0.000000 0.000001
352578.317958 4025956.487426 0.000000 0.000000
352578.345132 4025956.434598 0.000000 0.000000
352578.372307 4025956.381770 0.000000 0.000000
352578.399481 4025956.328942 0.000000 0.000000
352578.426655 4025956.276113 0.000000 0.000000
352578.453829 4025956.223285 0.000000 0.000000
352578.481003 4025956.170457 0.000000 0.000000
352578.508177 4025956.117629 0.000000 0.000000
352578.535351 4025956.064801 0.000000 0.000000
352578.562526 4025956.011973 0.000000 0.000000
352578.589700 4025955.959145 0.000000 0.000000
352578.616874 4025955.906317 0.000000 0.000000
352578.644048 4025955.853489 0.000000 0.000000
352578.671222 4025955.800661 0.000000 0.000000
352578.698396 4025955.747833 0.000000 0.000000
352578.725571 4025955.695005 0.000000 0.000000
352578.752745 4025955.642177 0.000000 0.000000
352578.779919 4025955.589348 0.000000 0.000000
352578.807093 4025955.536520 0.000000 0.000000
352578.834267 4025955.483692 0.000000 0.000000
352578.861441 4025955.430864 0.000000 0.000000
352578.888616 4025955.378036 0.000000 0.000000
352578.915790 4025955.325208 0.000000 0.000000
352578.942964 4025955.272380 0.000000 0.000000
352578.970138 4025955.219552 0.000000 0.000000
352578.997312 4025955.166724 0.000000 0.000000
352579.024486 4025955.113896 0.000000 0.000000
352579.051660 4025955.061068 0.000000 0.000000
352579.078835 4025955.008240 0.000000 0.000000
352579.106009 4025954.955411 0.000000 0.000000
352579.133183 4025954.902583 0.000000 -0.000000
352579.160357 4025954.849755 0.000000 -0.000000
352579.187531 4025954.796927 0.000000 -0.000000
352579.214705 4025954.744099 0.000000 -0.000000
352579.241880 4025954.691271 0.000000 -0.000000
352579.269054 4025954.638443 0.000000 -0.000000
352579.296228 4025954.585615 0.000000 0.000000
352579.323402 4025954.532787 0.000000 0.000000
352579.350576 4025954.479959 0.000000 -0.000000
352579.377750 4025954.427131 0.000000 0.000000
352579.404924 4025954.374303 0.000000 -0.000000
352579.432099 4025954.321474 0.000000 -0.000000
352579.459273 4025954.268646 0.000000 -0.000000
352579.486447 4025954.215818 0.000000 0.000000
352579.513621 4025954.162990 0.000000 0.000000
352579.540795 4025954.110162 0.000000 -0.000000
352579.567969 4025954.057334 0.000000 -0.000000
352579.595144 4025954.004506 0.000000 -0.000000
352579.622318 4025953.951678 0.000000 -0.000000
352579.649492 4025953.898850 0.000000 -0.000000
352579.676666 4025953.846022 0.000000 -0.000000
352579.703840 4025953.793194 0.000000 -0.000000
352579.731014 4025953.740366 0.000000 -0.000000
352579.758189 4025953.687537 0.000000 0.000000
352579.785363 4025953.634709 0.000000 -0.000000
352579.812537 4025953.581881 0.000000 -0.000000
352579.839711 4025953.529053 0.000000 -0.000000
352579.866885 4025953.476225 0.000000 -0.000000
352579.894059 4025953.423397 0.000000 -0.000000
352579.921233 4025953.370569 0.000000 -0.000000
352579.948408 4025953.317741 0.000000 -0.000000
352579.975582 4025953.264913 0.000000 -0.000000
352580.002756 4025953.212085 0.000000 -0.000000
352580.029930 4025953.159257 0.000000 -0.000000
352580.057104 4025953.106429 0.000000 -0.000000
352580.084278 4025953.053600 0.000000 -0.000000
352580.111453 4025953.000772 0.000000 -0.000000
352580.138627 4025952.947944 0.000000 -0.000000
352580.165801 4025952.895116 0.000000 -0.000000
352580.192975 4025952.842288 0.000000 -0.000000
352580.220149 4025952.789460 0.000000 -0.000000
352580.247323 4025952.736632 0.000000 -0.000000
352580.274498 4025952.683804 0.000000 -0.000000
352580.301672 4025952.630976 0.000000 -0.000000
352580.328846 4025952.578148 0.000000 -0.000000
352580.356020 4025952.525320 0.000000 -0.000001
352580.383194 4025952.472492 0.000000 -0.000001
352580.410368 4025952.419663 0.000000 -0.000001
352580.437542 4025952.366835 0.000000 -0.000001
352580.464717 4025952.314007 0.000000 -0.000001
352580.491891 4025952.261179 0.000000 -0.000001
352580.519065 4025952.208351 0.000000 -0.000002
352580.546239 4025952.155523 0.000000 -0.000002
352580.573413 4025952.102695 0.000000 -0.000002
352580.600587 4025952.049867 0.000000 -0.000003
352580.627762 4025951.997039 0.000000 -0.000003
352580.654936 4025951.944211 0.000000 -0.000004
352580.682110 4025951.891383 0.000000 -0.000004
352580.709284 4025951.838555 0.000000 -0.000005
352580.736458 4025951.785726 0.000000 -0.000006
352580.763632 4025951.732898 0.000000 -0.000007
352580.790806 4025951.680070 0.000000 -0.000008
352580.817980 4025951.627242 0.000000 -0.000009
352580.845155 4025951.574414 0.000000 -0.000010
352580.872329 4025951.521586 0.000000 -0.000011
352580.899503 4025951.468758 0.000000 -0.000013
352580.926677 4025951.415930 0.000000 -0.000014
352580.953851 4025951.363101 0.000000 -0.000016
352580.981025 4025951.310273 0.000000 -0.000018
352581.008199 4025951.257445 0.000000 -0.000020
352581.035372 4025951.204617 0.000000 -0.000022
352581.062546 4025951.151789 0.000000 -0.000025
352581.089720 4025951.098960 0.000000 -0.000028
352581.116894 4025951.046132 0.000000 -0.000030
352581.144067 4025950.993304 0.000000 -0.000034
352581.171241 4025950.940475 0.000000 -0.000037
352581.198415 4025950.887647 0.000000 -0.000041
352581.225588 4025950.834818 0.000000 -0.000045
352581.252761 4025950.781990 0.000000 -0.000049
352581.279934 4025950.729161 0.000000 -0.000053
352581.307107 4025950.676333 0.000000 -0.000058
352581.334280 4025950.623504 0.000000 -0.000063
352581.361453 4025950.570675 0.000000 -0.000069
352581.388626 4025950.517846 0.000000 -0.000075
352581.415798 4025950.465017 0.000000 -0.000081
352581.442970 4025950.412188 0.000000 -0.000088
352581.470142 4025950.359359 0.000000 -0.000095
352581.497314 4025950.306530 0.000000 -0.000103
352581.524485 4025950.253700 0.000000 -0.000111
352581.551656 4025950.200871 0.000000 -0.000119
352581.578827 4025950.148041 0.000000 -0.000128
352581.605997 4025950.095211 0.000000 -0.000137
352581.633168 4025950.042381 0.000000 -0.000147
352581.660337 4025949.989550 0.000000 -0.000157
352581.687506 4025949.936720 0.000000 -0.000168
352581.714675 4025949.883889 0.000000 -0.000180
352581.741843 4025949.831058 0.000000 -0.000192
352581.769011 4025949.778227 0.000000 -0.000204
352581.796178 4025949.725395 0.000000 -0.000217
352581.823345 4025949.672563 0.000000 -0.000231
352581.850511 4025949.619731 0.000000 -0.000245
352581.877676 4025949.566898 0.000000 -0.000260
352581.904840 4025949.514065 0.000000 -0.000276
352581.932004 4025949.461232 0.000000 -0.000292
352581.959167 4025949.408398 0.000000 -0.000309
352581.986328 4025949.355564 0.000000 -0.000326
352582.013489 4025949.302729 0.000000 -0.000344
352582.040649 4025949.249894 0.000000 -0.000362
352582.067808 4025949.197058 0.000000 -0.000382
352582.094966 4025949.144221 0.000000 -0.000401
352582.122122 4025949.091384 0.000000 -0.000422
352582.149277 4025949.038547 0.000000 -0.000443
352582.176431 4025948.985708 0.000000 -0.000465
352582.203584 4025948.932869 0.000000 -0.000487
352582.230735 4025948.880030 0.000000 -0.000510
352582.257884 4025948.827189 0.000000 -0.000533
352582.285032 4025948.774348 0.000000 -0.000557
352582.312178 4025948.721506 0.000000 -0.000582
352582.339322 4025948.668662 0.000000 -0.000608
352582.366465 4025948.615818 0.000000 -0.000633
352582.393605 4025948.562973 0.000000 -0.000660
352582.420744 4025948.510127 0.000000 -0.000687
352582.447880 4025948.457280 0.000000 -0.000714
352582.475014 4025948.404432 0.000000 -0.000742
352582.502146 4025948.351583 0.000000 -0.000771
352582.529275 4025948.298732 0.000000 -0.000800
352582.556402 4025948.245880 0.000000 -0.000830
352582.583527 4025948.193027 0.000000 -0.000860
352582.610649 4025948.140172 0.000000 -0.000890
352582.637768 4025948.087317 0.000000 -0.000921
352582.664884 4025948.034459 0.000000 -0.000952
352582.691997 4025947.981600 0.000000 -0.000984
352582.719107 4025947.928740 0.000000 -0.001016
352582.746213 4025947.875878 0.000000 -0.001048
352582.773317 4025947.823014 0.000000 -0.001081
352582.800417 4025947.770149 0.000000 -0.001114
352582.827514 4025947.717282 0.000000 -0.001147
352582.854607 4025947.664413 0.000000 -0.001180
352582.881696 4025947.611542 0.000000 -0.001214
352582.908781 4025947.558669 0.000000 -0.001248
352582.935863 4025947.505794 0.000000 -0.001282
352582.962940 4025947.452917 0.000000 -0.001316
352582.990013 4025947.400039 0.000000 -0.001350
352583.017082 4025947.347157 0.000000 -0.001384
352583.044147 4025947.294274 0.000000 -0.001419
352583.071207 4025947.241389 0.000000 -0.001453
352583.098262 4025947.188501 0.000000 -0.001487
352583.125313 4025947.135610 0.000000 -0.001521
352583.152359 4025947.082718 0.000000 -0.001556
352583.179400 4025947.029822 0.000000 -0.001590
352583.206436 4025946.976925 0.000000 -0.001624
352583.233466 4025946.924024 0.000000 -0.001657
352583.260492 4025946.871121 0.000000 -0.001691
352583.287512 4025946.818216 0.000000 -0.001724
352583.314526 4025946.765307 0.000000 -0.001758
352583.341535 4025946.712396 0.000000 -0.001790
352583.368538 4025946.659481 0.000000 -0.001823
352583.395536 4025946.606564 0.000000 -0.001855
352583.422527 4025946.553644 0.000000 -0.001887
352583.449512 4025946.500721 0.000000 -0.001918
352583.476491 4025946.447795 0.000000 -0.001949
352583.503464 4025946.394865 0.000000 -0.001980
352583.530431 4025946.341933 0.000000 -0.002010
352583.557391 4025946.288997 0.000000 -0.002040
352583.584345 4025946.236058 0.000000 -0.002069
352583.611292 4025946.183115 0.000000 -0.002097
352583.638232 4025946.130169 0.000000 -0.002125
352583.665166 4025946.077220 0.000000 -0.002153
352583.692093 4025946.024267 0.000000 -0.002180
352583.719012 4025945.971311 0.000000 -0.002206
352583.745925 4025945.918351 0.000000 -0.002231
352583.772830 4025945.865388 0.000000 -0.002256
352583.799728 4025945.812420 0.000000 -0.002280
352583.826619 4025945.759450 0.000000 -0.002303
352583.853503 4025945.706475 0.000000 -0.002326
352583.880379 4025945.653497 0.000000 -0.002347
352583.907247 4025945.600515 0.000000 -0.002368
352583.934108 4025945.547529 0.000000 -0.002388
352583.960961 4025945.494539 0.000000 -0.002407
352583.987807 4025945.441546 0.000000 -0.002425
352584.014645 4025945.388548 0.000000 -0.002443
352584.041474 4025945.335546 0.000000 -0.002459
352584.068296 4025945.282541 0.000000 -0.002475
352584.095111 4025945.229531 0.000000 -0.002489
352584.121917 4025945.176518 0.000000 -0.002503
352584.148715 4025945.123500 0.000000 -0.002515
352584.175504 4025945.070479 0.000000 -0.002527
352584.202286 4025945.017453 0.000000 -0.002537
352584.229060 4025944.964423 0.000000 -0.002546
352584.255825 4025944.911389 0.000000 -0.002555
352584.282583 4025944.858351 0.000000 -0.002562
352584.309332 4025944.805309 0.000000 -0.002568
352584.336073 4025944.752262 0.000000 -0.002573
352584.362805 4025944.699212 0.000000 -0.002577
352584.389529 4025944.646157 0.000000 -0.002579
352584.416245 4025944.593098 0.000000 -0.002581
352584.442953 4025944.540035 0.000000 -0.002581
352584.469652 4025944.486968 0.000000 -0.002580
352584.496343 4025944.433896 0.000000 -0.002578
352584.523026 4025944.380821 0.000000 -0.002575
352584.549701 4025944.327741 0.000000 -0.002571
352584.576367 4025944.274657 0.000000 -0.002565
352584.603025 4025944.221569 0.000000 -0.002559
352584.629675 4025944.168477 0.000000 -0.002551
352584.656316 4025944.115380 0.000000 -0.002542
352584.682950 4025944.062280 0.000000 -0.002531
352584.709575 4025944.009175 0.000000 -0.002520
352584.736192 4025943.956067 0.000000 -0.002507
352584.762801 4025943.902954 0.000000 -0.002493
352584.789403 4025943.849837 0.000000 -0.002478
352584.815996 4025943.796717 0.000000 -0.002462
352584.842581 4025943.743592 0.000000 -0.002445
352584.869159 4025943.690463 0.000000 -0.002426
352584.895728 4025943.637331 0.000000 -0.002407
352584.922290 4025943.584194 0.000000 -0.002386
352584.948845 4025943.531054 0.000000 -0.002364
352584.975391 4025943.477910 0.000000 -0.002342
352585.001931 4025943.424762 0.000000 -0.002318
352585.028463 4025943.371610 0.000000 -0.002293
352585.054987 4025943.318455 0.000000 -0.002267
352585.081504 4025943.265296 0.000000 -0.002240
352585.108015 4025943.212133 0.000000 -0.002213
352585.134518 4025943.158967 0.000000 -0.002184
352585.161014 4025943.105797 0.000000 -0.002155
352585.187503 4025943.052624 0.000000 -0.002124
352585.213985 4025942.999448 0.000000 -0.002093
352585.240461 4025942.946268 0.000000 -0.002061
352585.266930 4025942.893084 0.000000 -0.002029
352585.293393 4025942.839898 0.000000 -0.001995
352585.319849 4025942.786708 0.000000 -0.001961
352585.346299 4025942.733516 0.000000 -0.001927
352585.372743 4025942.680320 0.000000 -0.001892
352585.399182 4025942.627121 0.000000 -0.001856
352585.425614 4025942.573919 0.000000 -0.001820
352585.452040 4025942.520714 0.000000 -0.001783
352585.478461 4025942.467506 0.000000 -0.001746
352585.504876 4025942.414296 0.000000 -0.001708
352585.531286 4025942.361083 0.000000 -0.001671
352585.557691 4025942.307867 0.000000 -0.001633
352585.584090 4025942.254649 0.000000 -0.001594
352585.610484 4025942.201428 0.000000 -0.001556
352585.636874 4025942.148205 0.000000 -0.001517
352585.663259 4025942.094979 0.000000 -0.001479
352585.689639 4025942.041751 0.000000 -0.001440
352585.716015 4025941.988521 0.000000 -0.001401
352585.742386 4025941.935288 0.000000 -0.001363
352585.768753 4025941.882053 0.000000 -0.001324
352585.795116 4025941.828817 0.000000 -0.001286
352585.821475 4025941.775578 0.000000 -0.001247
352585.847831 4025941.722337 0.000000 -0.001209
352585.874182 4025941.669095 0.000000 -0.001172
352585.900530 4025941.615850 0.000000 -0.001134
352585.926874 4025941.562604 0.000000 -0.001097
352585.953215 4025941.509357 0.000000 -0.001060
352585.979553 4025941.456107 0.000000 -0.001024
352586.005887 4025941.402856 0.000000 -0.000988
352586.032219 4025941.349604 0.000000 -0.000953
352586.058548 4025941.296350 0.000000 -0.000918
352586.084874 4025941.243094 0.000000 -0.000883
352586.111197 4025941.189837 0.000000 -0.000850
352586.137518 4025941.136579 0.000000 -0.000816
352586.163836 4025941.083320 0.000000 -0.000784
352586.190152 4025941.030060 0.000000 -0.000752
352586.216466 4025940.976798 0.000000 -0.000720
352586.242777 4025940.923536 0.000000 -0.000690
352586.269087 4025940.870272 0.000000 -0.000660
352586.295394 4025940.817007 0.000000 -0.000631
352586.321700 4025940.763742 0.000000 -0.000602
352586.348004 4025940.710475 0.000000 -0.000574
352586.374306 4025940.657208 0.000000 -0.000547
352586.400607 4025940.603940 0.000000 -0.000521
352586.426906 4025940.550671 0.000000 -0.000495
352586.453203 4025940.497401 0.000000 -0.000471
352586.479500 4025940.444131 0.000000 -0.000447
352586.505795 4025940.390860 0.000000 -0.000424
352586.532089 4025940.337589 0.000000 -0.000401
352586.558382 4025940.284316 0.000000 -0.000380
352586.584673 4025940.231044 0.000000 -0.000359
352586.610964 4025940.177771 0.000000 -0.000339
352586.637254 4025940.124497 0.000000 -0.000319
352586.663543 4025940.071223 0.000000 -0.000301
352586.689831 4025940.017949 0.000000 -0.000283
352586.716118 4025939.964674 0.000000 -0.000266
352586.742404 4025939.911398 0.000000 -0.000249
352586.768690 4025939.858123 0.000000 -0.000234
352586.794976 4025939.804847 0.000000 -0.000219
352586.821260 4025939.751571 0.000000 -0.000205
352586.847544 4025939.698294 0.000000 -0.000191
352586.873828 4025939.645018 0.000000 -0.000178
352586.900111 4025939.591741 0.000000 -0.000166
352586.926394 4025939.538464 0.000000 -0.000155
352586.952676 4025939.485186 0.000000 -0.000144
352586.978958 4025939.431909 0.000000 -0.000133
352587.005240 4025939.378631 0.000000 -0.000123
352587.031521 4025939.325353 0.000000 -0.000114
352587.057803 4025939.272075 0.000000 -0.000105
352587.084083 4025939.218797 0.000000 -0.000097
352587.110364 4025939.165519 0.000000 -0.000089
352587.136644 4025939.112241 0.000000 -0.000082
352587.162925 4025939.058962 0.000000 -0.000075
352587.189205 4025939.005684 0.000000 -0.000069
352587.215484 4025938.952405 0.000000 -0.000063
352587.241764 4025938.899126 0.000000 -0.000057
352587.268044 4025938.845848 0.000000 -0.000052
352587.294323 4025938.792569 0.000000 -0.000047
352587.320603 4025938.739290 0.000000 -0.000043
352587.346882 4025938.686011 0.000000 -0.000039
352587.373161 4025938.632732 0.000000 -0.000035
352587.399440 4025938.579453 0.000000 -0.000031
352587.425719 4025938.526174 0.000000 -0.000028
352587.451998 4025938.472895 0.000000 -0.000025
352587.478277 4025938.419616 0.000000 -0.000022
352587.504556 4025938.366337 0.000000 -0.000019
352587.530835 4025938.313058 0.000000 -0.000017
352587.557114 4025938.259779 0.000000 -0.000014
352587.583393 4025938.206500 0.000000 -0.000012
352587.609672 4025938.153221 0.000000 -0.000010
352587.635950 4025938.099942 0.000000 -0.000009
352587.662229 4025938.046663 0.000000 -0.000007
352587.688508 4025937.993383 0.000000 -0.000005
352587.714787 4025937.940104 0.000000 -0.000004
352587.741066 4025937.886825 0.000000 -0.000002
352587.767344 4025937.833546 0.000000 -0.000001
352587.793623 4025937.780267 0.000000 0.000000
352587.819902 4025937.726988 0.000000 0.000001
352587.846181 4025937.673709 0.000000 0.000003
352587.872460 4025937.620429 0.000000 0.000004
352587.898738 4025937.567150 0.000000 0.000005
352587.925017 4025937.513871 0.000000 0.000006
352587.951296 4025937.460592 0.000000 0.000007
352587.977575 4025937.407313 0.000000 0.000008
352588.003854 4025937.354034 0.000000 0.000009
352588.030133 4025937.300755 0.000000 0.000010
352588.056412 4025937.247476 0.000000 0.000012
352588.082691 4025937.194197 0.000000 0.000013
352588.108970 4025937.140918 0.000000 0.000014
352588.135249 4025937.087639 0.000000 0.000015
352588.161528 4025937.034360 0.000000 0.000017
352588.187807 4025936.981081 0.000000 0.000018
352588.214086 4025936.927802 0.000000 0.000020
352588.240366 4025936.874523 0.000000 0.000021
352588.266645 4025936.821244 0.000000 0.000023
352588.292924 4025936.767965 0.000000 0.000024
352588.319204 4025936.714687 0.000000 0.000026
352588.345483 4025936.661408 0.000000 0.000028
352588.371763 4025936.608129 0.000000 0.000030
352588.398043 4025936.554850 0.000000 0.000032
352588.424322 4025936.501572 0.000000 0.000034
352588.450602 4025936.448293 0.000000 0.000036
352588.476882 4025936.395015 0.000000 0.000039
352588.503162 4025936.341736 0.000000 0.000041
352588.529443 4025936.288458 0.000000 0.000044
352588.555723 4025936.235179 0.000000 0.000046
352588.582003 4025936.181901 0.000000 0.000049
352588.608284 4025936.128623 0.000000 0.000052
352588.634565 4025936.075345 0.000000 0.000055
352588.660846 4025936.022067 0.000000 0.000058
352588.687127 4025935.968789 0.000000 0.000061
352588.713408 4025935.915511 0.000000 0.000064
352588.739690 4025935.862233 0.000000 0.000068
352588.765971 4025935.808955 0.000000 0.000071
352588.792253 4025935.755677 0.000000 0.000075
352588.818535 4025935.702400 0.000000 0.000079
352588.844817 4025935.649123 0.000000 0.000083
352588.871100 4025935.595845 0.000000 0.000087
352588.897383 4025935.542568 0.000000 0.000091
352588.923666 4025935.489291 0.000000 0.000095
352588.949949 4025935.436014 0.000000 0.000100
352588.976233 4025935.382738 0.000000 0.000104
352589.002517 4025935.329461 0.000000 0.000109
352589.028802 4025935.276185 0.000000 0.000113
352589.055086 4025935.222909 0.000000 0.000118
352589.081371 4025935.169633 0.000000 0.000123
352589.107657 4025935.116357 0.000000 0.000129
352589.133943 4025935.063081 0.000000 0.000134
352589.160229 4025935.009806 0.000000 0.000139
352589.186516 4025934.956530 0.000000 0.000145
352589.212803 4025934.903255 0.000000 0.000151
352589.239090 4025934.849981 0.000000 0.000156
352589.265378 4025934.796706 0.000000 0.000162
352589.291667 4025934.743432 0.000000 0.000168
352589.317956 4025934.690158 0.000000 0.000175
352589.344246 4025934.636884 0.000000 0.000181
352589.370536 4025934.583611 0.000000 0.000187
352589.396827 4025934.530337 0.000000 0.000194
352589.423118 4025934.477064 0.000000 0.000200
352589.449410 4025934.423792 0.000000 0.000207
352589.475703 4025934.370520 0.000000 0.000214
352589.501996 4025934.317248 0.000000 0.000221
352589.528290 4025934.263976 0.000000 0.000228
352589.554585 4025934.210705 0.000000 0.000235
352589.580880 4025934.157434 0.000000 0.000243
352589.607177 4025934.104164 0.000000 0.000250
352589.633474 4025934.050893 0.000000 0.000257
352589.659771 4025933.997624 0.000000 0.000265
352589.686070 4025933.944354 0.000000 0.000273
352589.712370 4025933.891086 0.000000 0.000280
352589.738670 4025933.837817 0.000000 0.000288
352589.764971 4025933.784549 0.000000 0.000296
352589.791274 4025933.731282 0.000000 0.000304
352589.817577 4025933.678015 0.000000 0.000312
352589.843881 4025933.624748 0.000000 0.000320
352589.870186 4025933.571482 0.000000 0.000329
352589.896492 4025933.518217 0.000000 0.000337
352589.922800 4025933.464952 0.000000 0.000345
352589.949108 4025933.411687 0.000000 0.000354
352589.975418 4025933.358423 0.000000 0.000362
352590.001728 4025933.305160 0.000000 0.000371
352590.028040 4025933.251897 0.000000 0.000379
352590.054353 4025933.198635 0.000000 0.000388
352590.080668 4025933.145373 0.000000 0.000396
352590.106983 4025933.092113 0.000000 0.000405
352590.133300 4025933.038852 0.000000 0.000413
352590.159618 4025932.985593 0.000000 0.000422
352590.185938 4025932.932334 0.000000 0.000430
352590.212258 4025932.879075 0.000000 0.000439
352590.238581 4025932.825818 0.000000 0.000447
352590.264904 4025932.772561 0.000000 0.000456
352590.291229 4025932.719305 0.000000 0.000464
352590.317556 4025932.666049 0.000000 0.000473
352590.343884 4025932.612795 0.000000 0.000481
352590.370214 4025932.559541 0.000000 0.000489
352590.396545 4025932.506288 0.000000 0.000497
352590.422878 4025932.453035 0.000000 0.000505
352590.449212 4025932.399784 0.000000 0.000513
352590.475549 4025932.346533 0.000000 0.000521
352590.501886 4025932.293283 0.000000 0.000529
352590.528226 4025932.240034 0.000000 0.000537
352590.554567 4025932.186786 0.000000 0.000544
352590.580910 4025932.133539 0.000000 0.000552
352590.607255 4025932.080292 0.000000 0.000559
352590.633601 4025932.027047 0.000000 0.000566
352590.659949 4025931.973802 0.000000 0.000573
352590.686300 4025931.920558 0.000000 0.000580
352590.712652 4025931.867315 0.000000 0.000586
352590.739006 4025931.814073 0.000000 0.000592
352590.765361 4025931.760833 0.000000 0.000598
352590.791719 4025931.707593 0.000000 0.000604
352590.818079 4025931.654354 0.000000 0.000610
352590.844441 4025931.601115 0.000000 0.000615
352590.870804 4025931.547878 0.000000 0.000620
352590.897170 4025931.494642 0.000000 0.000625
352590.923538 4025931.441407 0.000000 0.000630
352590.949907 4025931.388173 0.000000 0.000634
352590.976279 4025931.334940 0.000000 0.000638
352591.002653 4025931.281708 0.000000 0.000641
352591.029029 4025931.228477 0.000000 0.000645
352591.055407 4025931.175247 0.000000 0.000648
352591.081787 4025931.122018 0.000000 0.000650
352591.108169 4025931.068790 0.000000 0.000653
352591.134553 4025931.015564 0.000000 0.000655
352591.160940 4025930.962338 0.000000 0.000656
352591.187329 4025930.909113 0.000000 0.000658
352591.213719 4025930.855890 0.000000 0.000658
352591.240112 4025930.802667 0.000000 0.000659
352591.266507 4025930.749445 0.000000 0.000659
352591.292904 4025930.696225 0.000000 0.000659
352591.319303 4025930.643006 0.000000 0.000658
352591.345705 4025930.589787 0.000000 0.000657
352591.372108 4025930.536570 0.000000 0.000656
352591.398514 4025930.483354 0.000000 0.000654
352591.424922 4025930.430138 0.000000 0.000652
352591.451332 4025930.376924 0.000000 0.000650
352591.477743 4025930.323711 0.000000 0.000647
352591.504158 4025930.270499 0.000000 0.000643
352591.530574 4025930.217288 0.000000 0.000640
352591.556992 4025930.164078 0.000000 0.000636
352591.583412 4025930.110869 0.000000 0.000631
352591.609834 4025930.057661 0.000000 0.000627
352591.636259 4025930.004454 0.000000 0.000622
352591.662685 4025929.951248 0.000000 0.000616
352591.689114 4025929.898043 0.000000 0.000610
352591.715544 4025929.844839 0.000000 0.000604
352591.741976 4025929.791636 0.000000 0.000598
352591.768410 4025929.738434 0.000000 0.000591
352591.794846 4025929.685233 0.000000 0.000584
352591.821284 4025929.632033 0.000000 0.000576
352591.847724 4025929.578833 0.000000 0.000569
352591.874166 4025929.525635 0.000000 0.000561
352591.900609 4025929.472437 0.000000 0.000553
352591.927054 4025929.419241 0.000000 0.000544
352591.953501 4025929.366045 0.000000 0.000535
352591.979950 4025929.312850 0.000000 0.000526
352592.006401 4025929.259656 0.000000 0.000517
352592.032853 4025929.206463 0.000000 0.000508
352592.059306 4025929.153270 0.000000 0.000498
352592.085761 4025929.100079 0.000000 0.000488
352592.112218 4025929.046888 0.000000 0.000479
352592.138677 4025928.993698 0.000000 0.000469
352592.165136 4025928.940508 0.000000 0.000458
352592.191598 4025928.887320 0.000000 0.000448
352592.218060 4025928.834132 0.000000 0.000438
352592.244524 4025928.780944 0.000000 0.000427
352592.270990 4025928.727758 0.000000 0.000417
352592.297457 4025928.674572 0.000000 0.000406
352592.323925 4025928.621386 0.000000 0.000395
352592.350394 4025928.568202 0.000000 0.000385
352592.376864 4025928.515018 0.000000 0.000374
352592.403336 4025928.461834 0.000000 0.000363
352592.429809 4025928.408651 0.000000 0.000353
352592.456282 4025928.355469 0.000000 0.000342
352592.482757 4025928.302287 0.000000 0.000331
352592.509233 4025928.249105 0.000000 0.000321
352592.535710 4025928.195924 0.000000 0.000311
352592.562188 4025928.142744 0.000000 0.000300
352592.588667 4025928.089564 0.000000 0.000290
352592.615147 4025928.036384 0.000000 0.000280
352592.641627 4025927.983205 0.000000 0.000270
352592.668108 4025927.930027 0.000000 0.000260
352592.694591 4025927.876848 0.000000 0.000250
352592.721074 4025927.823670 0.000000 0.000241
352592.747557 4025927.770493 0.000000 0.000231
352592.774041 4025927.717315 0.000000 0.000222
352592.800527 4025927.664139 0.000000 0.000213
352592.827012 4025927.610962 0.000000 0.000204
352592.853498 4025927.557786 0.000000 0.000195
352592.879985 4025927.504610 0.000000 0.000187
352592.906473 4025927.451434 0.000000 0.000178
352592.932961 4025927.398259 0.000000 0.000170
352592.959449 4025927.345083 0.000000 0.000162
352592.985938 4025927.291908 0.000000 0.000154
352593.012427 4025927.238734 0.000000 0.000147
352593.038917 4025927.185559 0.000000 0.000140
352593.065407 4025927.132385 0.000000 0.000133
352593.091898 4025927.079211 0.000000 0.000126
352593.118389 4025927.026037 0.000000 0.000119
352593.144880 4025926.972863 0.000000 0.000113
352593.171371 4025926.919689 0.000000 0.000107
352593.197863 4025926.866516 0.000000 0.000101
352593.224355 4025926.813342 0.000000 0.000095
352593.250848 4025926.760169 0.000000 0.000089
352593.277340 4025926.706996 0.000000 0.000084
352593.303833 4025926.653823 0.000000 0.000079
352593.330326 4025926.600650 0.000000 0.000074
352593.356820 4025926.547477 0.000000 0.000070
352593.383313 4025926.494304 0.000000 0.000065
352593.409807 4025926.441132 0.000000 0.000061
352593.436301 4025926.387959 0.000000 0.000057
352593.462795 4025926.334787 0.000000 0.000053
352593.489289 4025926.281614 0.000000 0.000049
352593.515783 4025926.228442 0.000000 0.000046
352593.542277 4025926.175270 0.000000 0.000043
352593.568772 4025926.122098 0.000000 0.000040
352593.595266 4025926.068925 0.000000 0.000037
352593.621761 4025926.015753 0.000000 0.000034
352593.648256 4025925.962581 0.000000 0.000031
352593.674750 4025925.909409 0.000000 0.000029
352593.701245 4025925.856237 0.000000 0.000027
352593.727740 4025925.803065 0.000000 0.000025
352593.754235 4025925.749893 0.000000 0.000023
352593.780730 4025925.696721 0.000000 0.000021
352593.807225 4025925.643549 0.000000 0.000019
352593.833721 4025925.590377 0.000000 0.000017
352593.860216 4025925.537205 0.000000 0.000016
352593.886711 4025925.484033 0.000000 0.000015
352593.913206 4025925.430861 0.000000 0.000013
352593.939702 4025925.377689 0.000000 0.000012
352593.966197 4025925.324517 0.000000 0.000011
352593.992693 4025925.271344 0.000000 0.000010
352594.019189 4025925.218172 0.000000 0.000009
352594.045685 4025925.164999 0.000000 0.000008
352594.072181 4025925.111826 0.000000 0.000008
352594.098677 4025925.058653 0.000000 0.000007
352594.125173 4025925.005479 0.000000 0.000007
352594.151670 4025924.952305 0.000000 0.000006
352594.178167 4025924.899130 0.000000 0.000006
352594.204664 4025924.845954 0.000000 0.000005
352594.231162 4025924.792778 0.000000 0.000005
352594.257660 4025924.739601 0.000000 0.000005
352594.284159 4025924.686423 0.000000 0.000005
352594.310658 4025924.633244 0.000000 0.000005
352594.337158 4025924.580063 0.000000 0.000005
352594.363658 4025924.526881 0.000000 0.000005
352594.390160 4025924.473698 0.000000 0.000005
352594.416662 4025924.420512 0.000000 0.000005
352594.443165 4025924.367324 0.000000 0.000005
352594.469670 4025924.314134 0.000000 0.000005
352594.496176 4025924.260941 0.000000 0.000006
352594.522684 4025924.207746 0.000000 0.000006
352594.549193 4025924.154547 0.000000 0.000007
352594.575704 4025924.101344 0.000000 0.000007
352594.602217 4025924.048138 0.000000 0.000008
352594.628732 4025923.994927 0.000000 0.000008
352594.655250 4025923.941711 0.000000 0.000009
352594.681770 4025923.888490 0.000000 0.000009
352594.708293 4025923.835263 0.000000 0.000010
352594.734820 4025923.782029 0.000000 0.000011
352594.761349 4025923.728789 0.000000 0.000012
352594.787883 4025923.675542 0.000000 0.000013
352594.814421 4025923.622286 0.000000 0.000014
352594.840963 4025923.569021 0.000000 0.000015
352594.867510 4025923.515747 0.000000 0.000017
352594.894062 4025923.462462 0.000000 0.000018
352594.920620 4025923.409166 0.000000 0.000020
352594.947184 4025923.355858 0.000000 0.000022
352594.973755 4025923.302538 0.000000 0.000024
352595.000332 4025923.249203 0.000000 0.000026
352595.026917 4025923.195853 0.000000 0.000028
352595.053510 4025923.142488 0.000000 0.000031
352595.080112 4025923.089105 0.000000 0.000034
352595.106723 4025923.035704 0.000000 0.000037
352595.133344 4025922.982283 0.000000 0.000040
352595.159975 4025922.928842 0.000000 0.000044
352595.186617 4025922.875378 0.000000 0.000048
352595.213271 4025922.821891 0.000000 0.000053
352595.239938 4025922.768379 0.000000 0.000058
352595.266619 4025922.714841 0.000000 0.000063
352595.293313 4025922.661274 0.000000 0.000069
352595.320023 4025922.607677 0.000000 0.000076
352595.346748 4025922.554049 0.000000 0.000083
352595.373490 4025922.500388 0.000000 0.000091
352595.400250 4025922.446691 0.000000 0.000100
352595.427029 4025922.392958 0.000000 0.000109
352595.453827 4025922.339186 0.000000 0.000119
352595.480646 4025922.285373 0.000000 0.000130
352595.507487 4025922.231516 0.000000 0.000142
352595.534351 4025922.177615 0.000000 0.000155
352595.561239 4025922.123667 0.000000 0.000168
352595.588152 4025922.069669 0.000000 0.000183
352595.615092 4025922.015619 0.000000 0.000199
352595.642059 4025921.961514 0.000000 0.000216
352595.669055 4025921.907354 0.000000 0.000235
352595.696081 4025921.853134 0.000000 0.000255
352595.723139 4025921.798852 0.000000 0.000276
352595.750230 4025921.744506 0.000000 0.000298
352595.777355 4025921.690093 0.000000 0.000322
352595.804516 4025921.635610 0.000000 0.000348
352595.831715 4025921.581055 0.000000 0.000375
352595.858952 4025921.526425 0.000000 0.000404
352595.886229 4025921.471716 0.000000 0.000434
352595.913549 4025921.416927 0.000000 0.000466
352595.940912 4025921.362053 0.000000 0.000500
352595.968320 4025921.307093 0.000000 0.000536
352595.995775 4025921.252042 0.000000 0.000574
352596.023279 4025921.196898 0.000000 0.000614
352596.050833 4025921.141658 0.000000 0.000656
352596.078439 4025921.086318 0.000000 0.000699
352596.106099 4025921.030875 0.000000 0.000745
352596.133815 4025920.975327 0.000000 0.000793
352596.161588 4025920.919668 0.000000 0.000844
352596.189421 4025920.863897 0.000000 0.000896
352596.217315 4025920.808010 0.000000 0.000950
352596.245273 4025920.752004 0.000000 0.001007
352596.273296 4025920.695875 0.000000 0.001065
352596.301387 4025920.639619 0.000000 0.001126
352596.329547 4025920.583233 0.000000 0.001189
352596.357778 4025920.526714 0.000000 0.001254
352596.386083 4025920.470058 0.000000 0.001321
352596.414464 4025920.413261 0.000000 0.001391
352596.442922 4025920.356321 0.000000 0.001462
352596.471461 4025920.299233 0.000000 0.001535
352596.500081 4025920.241994 0.000000 0.001609
352596.528787 4025920.184600 0.000000 0.001686
352596.557578 4025920.127047 0.000000 0.001764
352596.586459 4025920.069332 0.000000 0.001844
352596.615431 4025920.011452 0.000000 0.001925
352596.644497 4025919.953402 0.000000 0.002008
352596.673658 4025919.895179 0.000000 0.002092
352596.702918 4025919.836779 0.000000 0.002177
352596.732278 4025919.778199 0.000000 0.002263
352596.761741 4025919.719434 0.000000 0.002350
352596.791310 4025919.660482 0.000000 0.002438
352596.820987 4025919.601337 0.000000 0.002526
352596.850774 4025919.541997 0.000000 0.002614
352596.880674 4025919.482458 0.000000 0.002703
352596.910690 4025919.422715 0.000000 0.002792
352596.940823 4025919.362765 0.000000 0.002881
352596.971077 4025919.302604 0.000000 0.002970
352597.001455 4025919.242229 0.000000 0.003058
352597.031958 4025919.181635 0.000000 0.003145
352597.062590 4025919.120818 0.000000 0.003232
352597.093352 4025919.059774 0.000000 0.003317
352597.124249 4025918.998500 0.000000 0.003402
352597.155282 4025918.936991 0.000000 0.003485
352597.186455 4025918.875243 0.000000 0.003566
352597.217770 4025918.813253 0.000000 0.003646
352597.249229 4025918.751016 0.000000 0.003724
352597.280837 4025918.688527 0.000000 0.003799
352597.312595 4025918.625783 0.000000 0.003873
352597.344506 4025918.562780 0.000000 0.003943
352597.376574 4025918.499512 0.000000 0.004011
352597.408802 4025918.435977 0.000000 0.004076
352597.441191 4025918.372168 0.000000 0.004138
352597.473746 4025918.308082 0.000000 0.004197
352597.506470 4025918.243715 0.000000 0.004252
352597.539365 4025918.179061 0.000000 0.004304
352597.572434 4025918.114116 0.000000 0.004352
352597.605681 4025918.048876 0.000000 0.004396
352597.639109 4025917.983334 0.000000 0.004436
352597.672721 4025917.917487 0.000000 0.004472
352597.706521 4025917.851329 0.000000 0.004504
352597.740511 4025917.784856 0.000000 0.004532
352597.774695 4025917.718062 0.000000 0.004555
352597.809076 4025917.650941 0.000000 0.004573
352597.843657 4025917.583489 0.000000 0.004587
352597.878443 4025917.515700 0.000000 0.004596
352597.913436 4025917.447568 0.000000 0.004601
352597.948640 4025917.379087 0.000000 0.004601
352597.984059 4025917.310252 0.000000 0.004596
352598.019696 4025917.241056 0.000000 0.004586
352598.055555 4025917.171494 0.000000 0.004572
352598.091639 4025917.101558 0.000000 0.004553
352598.127953 4025917.031243 0.000000 0.004529
352598.164500 4025916.960542 0.000000 0.004501
352598.201284 4025916.889447 0.000000 0.004468
352598.238310 4025916.817952 0.000000 0.004430
352598.275581 4025916.746049 0.000000 0.004389
352598.313101 4025916.673731 0.000000 0.004343
352598.350875 4025916.600990 0.000000 0.004292
352598.388908 4025916.527817 0.000000 0.004238
352598.427203 4025916.454206 0.000000 0.004180
352598.465766 4025916.380146 0.000000 0.004118
352598.504601 4025916.305629 0.000000 0.004052
352598.543713 4025916.230646 0.000000 0.003983
352598.583107 4025916.155187 0.000000 0.003911
352598.622788 4025916.079242 0.000000 0.003835
352598.662762 4025916.002802 0.000000 0.003757
352598.703034 4025915.925855 0.000000 0.003675
352598.743610 4025915.848390 0.000000 0.003591
352598.784496 4025915.770396 0.000000 0.003505
352598.825698 4025915.691862 0.000000 0.003417
352598.867222 4025915.612774 0.000000 0.003326
352598.909075 4025915.533119 0.000000 0.003234
352598.951264 4025915.452886 0.000000 0.003141
352598.993795 4025915.372059 0.000000 0.003046
352599.036676 4025915.290625 0.000000 0.002950
352599.079914 4025915.208567 0.000000 0.002853
352599.123518 4025915.125872 0.000000 0.002755
352599.167495 4025915.042523 0.000000 0.002657
352599.211854 4025914.958503 0.000000 0.002559
352599.256603 4025914.873794 0.000000 0.002461
352599.301753 4025914.788379 0.000000 0.002363
352599.347311 4025914.702239 0.000000 0.002266
352599.393289 4025914.615354 0.000000 0.002169
352599.439696 4025914.527704 0.000000 0.002073
352599.486542 4025914.439268 0.000000 0.001979
352599.533840 4025914.350024 0.000000 0.001885
352599.581601 4025914.259950 0.000000 0.001793
352599.629835 4025914.169022 0.000000 0.001702
352599.678557 4025914.077215 0.000000 0.001613
352599.727778 4025913.984505 0.000000 0.001526
352599.777512 4025913.890864 0.000000 0.001441
352599.827774 4025913.796266 0.000000 0.001358
352599.878576 4025913.700682 0.000000 0.001277
352599.929936 4025913.604082 0.000000 0.001199
352599.981868 4025913.506436 0.000000 0.001123
352600.034389 4025913.407710 0.000000 0.001050
352600.087518 4025913.307871 0.000000 0.000979
352600.141273 4025913.206880 0.000000 0.000911
352600.195675 4025913.104698 0.000000 0.000845
352600.250747 4025913.001283 0.000000 0.000782
352600.306511 4025912.896588 0.000000 0.000722
352600.362995 4025912.790564 0.000000 0.000665
352600.420227 4025912.683155 0.000000 0.000611
352600.478238 4025912.574302 0.000000 0.000559
352600.537063 4025912.463938 0.000000 0.000511
352600.596739 4025912.351992 0.000000 0.000465
352600.657310 4025912.238385 0.000000 0.000422
352600.718820 4025912.123029 0.000000 0.000381
352600.781320 4025912.005828 0.000000 0.000343
352600.844867 4025911.886676 0.000000 0.000308
352600.909522 4025911.765457 0.000000 0.000276
352600.975353 4025911.642044 0.000000 0.000246
352601.042434 4025911.516295 0.000000 0.000218
352601.110847 4025911.388058 0.000000 0.000192
352601.180682 4025911.257163 0.000000 0.000169
352601.252036 4025911.123427 0.000000 0.000148
352601.325017 4025910.986647 0.000000 0.000129
352601.399742 4025910.846606 0.000000 0.000123
352601.476336 4025910.703063 0.000000 0.000117
352601.554940 4025910.555760 0.000000 0.000112
352601.635702 4025910.404415 0.000000 0.000106
352601.718786 4025910.248723 0.000000 0.000100
352601.804368 4025910.088353 0.000000 0.000094
352601.892636 4025909.922949 0.000000 0.000088
352601.983798 4025909.752126 0.000000 0.000082
352602.078073 4025909.575471 0.000000 0.000076
352602.175699 4025909.392538 0.000000 0.000070
352602.276931 4025909.202849 0.000000 0.000065
352602.382042 4025909.005891 0.000000 0.000059
352602.491326 4025908.801115 0.000000 0.000053
352602.605096 4025908.587933 0.000000 0.000047
352602.723686 4025908.365719 0.000000 0.000041
352602.847455 4025908.133804 0.000000 0.000035
352602.976781 4025907.891474 0.000000 0.000029
352603.112070 4025907.637970 0.000000 0.000023
352603.253753 4025907.372486 0.000000 0.000018
352603.402287 4025907.094165 0.000000 0.000012
352603.558157 4025906.802098 0.000000 0.000006
