352603.721877 4025906.495323 0.000000 0.000000
352603.839569 4025906.258878 0.000000 -0.000000
352603.957262 4025906.022433 0.000000 -0.000000
352604.074954 4025905.785988 0.000000 -0.000000
352604.192647 4025905.549544 0.000000 -0.000000
352604.310339 4025905.313099 0.000000 -0.000000
352604.428032 4025905.076654 0.000000 -0.000000
352604.545724 4025904.840209 0.000000 -0.000000
352604.663417 4025904.603764 0.000000 -0.000000
352604.781110 4025904.367319 0.000000 -0.000000
352604.898802 4025904.130875 0.000000 -0.000000
352605.016495 4025903.894430 0.000000 -0.000000
352605.134187 4025903.657985 0.000000 -0.000000
352605.251880 4025903.421540 0.000000 -0.000000
352605.369572 4025903.185095 0.000000 -0.000000
352605.487265 4025902.948651 0.000000 -0.000000
352605.604957 4025902.712206 0.000000 -0.000000
352605.722650 4025902.475761 0.000000 -0.000000
352605.840342 4025902.239316 0.000000 -0.000000
352605.958035 4025902.002871 0.000000 -0.000000
352606.075728 4025901.766427 0.000000 -0.000000
352606.193420 4025901.529982 0.000000 -0.000000
352606.311113 4025901.293537 0.000000 -0.000000
352606.428805 4025901.057092 0.000000 -0.000000
352606.546498 4025900.820647 0.000000 0.000000
352606.664190 4025900.584202 0.000000 -0.000000
352606.781883 4025900.347758 0.000000 0.000000
352606.899575 4025900.111313 0.000000 -0.000000
352607.017268 4025899.874868 0.000000 -0.000000
352607.134961 4025899.638423 0.000000 0.000000
352607.252653 4025899.401978 0.000000 0.000000
352607.370346 4025899.165534 0.000000 0.000000
352607.488038 4025898.929089 0.000000 0.000000
352607.605731 4025898.692644 0.000000 0.000000
352607.723423 4025898.456199 0.000000 0.000000
352607.841116 4025898.219754 0.000000 0.000000
352607.958808 4025897.983310 0.000000 0.000000
352608.076501 4025897.746865 0.000000 0.000000
352608.194194 4025897.510420 0.000000 0.000000
352608.311886 4025897.273975 0.000000 0.000000
352608.429579 4025897.037530 0.000000 0.000000
352608.547271 4025896.801085 0.000000 0.000000
352608.664964 4025896.564641 0.000000 0.000000
352608.782656 4025896.328196 0.000000 0.000000
352608.900349 4025896.091751 0.000000 0.000000
352609.018041 4025895.855306 0.000000 0.000000
352609.135734 4025895.618861 0.000000 0.000000
352609.253426 4025895.382417 0.000000 0.000000
352609.371119 4025895.145972 0.000000 0.000000
352609.488812 4025894.909527 0.000000 0.000000
