352609.606504 4025894.673082 0.000000 0.000000
352609.764178 4025894.365492 0.000000 0.000000
352609.914292 4025894.072650 0.000000 0.000000
352610.057341 4025893.793590 0.000000 0.000000
352610.193792 4025893.527401 0.000000 0.000000
352610.324086 4025893.273225 0.000000 0.000000
352610.448637 4025893.030251 0.000000 0.000000
352610.567834 4025892.797720 0.000000 0.000000
352610.682046 4025892.574916 0.000000 0.000000
352610.791615 4025892.361169 0.000000 0.000000
352610.896864 4025892.155850 0.000000 0.000000
352610.998094 4025891.958369 0.000000 0.000000
352611.095589 4025891.768177 0.000000 0.000000
352611.189611 4025891.584759 0.000000 0.000000
352611.280406 4025891.407636 0.000000 0.000000
352611.368204 4025891.236361 0.000000 0.000000
352611.453216 4025891.070519 0.000000 0.000000
352611.535640 4025890.909725 0.000000 0.000000
352611.615661 4025890.753622 0.000000 0.000000
352611.693446 4025890.601878 0.000000 0.000000
352611.769154 4025890.454187 0.000000 0.000000
352611.842928 4025890.310268 0.000000 0.000000
352611.914903 4025890.169860 0.000000 0.000000
352611.985201 4025890.032724 0.000000 0.000000
352612.053934 4025889.898640 0.000000 0.000000
352612.121205 4025889.767406 0.000000 -0.000000
352612.187111 4025889.638838 0.000000 -0.000000
352612.251736 4025889.512767 0.000000 0.000000
352612.315160 4025889.389039 0.000000 0.000000
352612.377456 4025889.267513 0.000000 0.000000
352612.438688 4025889.148062 0.000000 0.000000
352612.498916 4025889.030569 0.000000 0.000000
352612.558194 4025888.914928 0.000000 0.000000
352612.616573 4025888.801043 0.000000 0.000000
352612.674096 4025888.688827 0.000000 -0.000000
352612.730804 4025888.578201 0.000000 0.000000
352612.786735 4025888.469091 0.000000 -0.000000
352612.841921 4025888.361434 0.000000 -0.000000
352612.896394 4025888.255168 0.000000 -0.000000
352612.950182 4025888.150240 0.000000 0.000000
352613.003309 4025888.046598 0.000000 -0.000000
352613.055801 4025887.944198 0.000000 0.000000
352613.107678 4025887.842996 0.000000 -0.000000
352613.158961 4025887.742954 0.000000 -0.000000
352613.209668 4025887.644034 0.000000 -0.000000
352613.259818 4025887.546201 0.000000 -0.000000
352613.309427 4025887.449424 0.000000 -0.000000
352613.358511 4025887.353670 0.000000 -0.000000
352613.407086 4025887.258912 0.000000 -0.000000
352613.455164 4025887.165120 0.000000 -0.000000
352613.502762 4025887.072267 0.000000 0.000000
352613.549891 4025886.980328 0.000000 -0.000000
352613.596565 4025886.889276 0.000000 -0.000000
352613.642796 4025886.799089 0.000000 0.000000
352613.688596 4025886.709742 0.000000 -0.000000
352613.733977 4025886.621213 0.000000 -0.000000
352613.778949 4025886.533480 0.000000 0.000000
352613.823525 4025886.446523 0.000000 -0.000000
352613.867712 4025886.360322 0.000000 -0.000000
352613.911523 4025886.274856 0.000000 -0.000000
352613.954965 4025886.190109 0.000000 0.000000
352613.998050 4025886.106060 0.000000 -0.000000
352614.040784 4025886.022694 0.000000 -0.000000
352614.083177 4025885.939994 0.000000 -0.000000
352614.125237 4025885.857944 0.000000 -0.000000
352614.166971 4025885.776528 0.000000 0.000000
352614.208388 4025885.695732 0.000000 0.000000
352614.249495 4025885.615541 0.000000 -0.000000
352614.290298 4025885.535942 0.000000 0.000000
352614.330805 4025885.456921 0.000000 -0.000000
352614.371022 4025885.378466 0.000000 0.000000
352614.410955 4025885.300564 0.000000 -0.000000
352614.450611 4025885.223204 0.000000 0.000000
352614.489995 4025885.146374 0.000000 0.000000
352614.529112 4025885.070064 0.000000 0.000000
352614.567969 4025884.994262 0.000000 -0.000000
352614.606571 4025884.918958 0.000000 -0.000000
352614.644922 4025884.844143 0.000000 0.000000
352614.683027 4025884.769807 0.000000 0.000000
352614.720892 4025884.695940 0.000000 -0.000000
352614.758520 4025884.622534 0.000000 0.000000
352614.795917 4025884.549581 0.000000 0.000000
352614.833087 4025884.477071 0.000000 0.000000
352614.870033 4025884.404996 0.000000 0.000000
352614.906760 4025884.333349 0.000000 -0.000000
352614.943271 4025884.262123 0.000000 0.000000
352614.979571 4025884.191309 0.000000 0.000000
352615.015663 4025884.120900 0.000000 0.000000
352615.051551 4025884.050890 0.000000 -0.000000
352615.087239 4025883.981271 0.000000 0.000000
352615.122729 4025883.912037 0.000000 0.000000
352615.158025 4025883.843181 0.000000 0.000000
352615.193130 4025883.774698 0.000000 -0.000000
352615.228048 4025883.706580 0.000000 0.000000
352615.262782 4025883.638821 0.000000 -0.000000
352615.297334 4025883.571417 0.000000 0.000000
352615.331709 4025883.504360 0.000000 -0.000000
352615.365907 4025883.437645 0.000000 0.000000
352615.399933 4025883.371267 0.000000 -0.000000
352615.433790 4025883.305219 0.000000 -0.000000
352615.467480 4025883.239497 0.000000 0.000000
352615.501005 4025883.174096 0.000000 -0.000000
352615.534370 4025883.109009 0.000000 -0.000000
352615.567575 4025883.044232 0.000000 -0.000000
352615.600624 4025882.979759 0.000000 -0.000000
352615.633520 4025882.915587 0.000000 -0.000000
352615.666264 4025882.851709 0.000000 -0.000000
352615.698860 4025882.788120 0.000000 0.000000
352615.731310 4025882.724817 0.000000 -0.000000
352615.763616 4025882.661794 0.000000 0.000000
352615.795781 4025882.599047 0.000000 -0.000000
352615.827807 4025882.536571 0.000000 -0.000000
352615.859697 4025882.474361 0.000000 -0.000000
352615.891452 4025882.412413 0.000000 0.000000
352615.923075 4025882.350722 0.000000 -0.000000
352615.954569 4025882.289284 0.000000 0.000000
352615.985935 4025882.228095 0.000000 -0.000000
352616.017176 4025882.167150 0.000000 0.000000
352616.048295 4025882.106444 0.000000 -0.000000
352616.079292 4025882.045975 0.000000 -0.000000
352616.110171 4025881.985737 0.000000 0.000000
352616.140933 4025881.925726 0.000000 -0.000000
352616.171581 4025881.865937 0.000000 -0.000000
352616.202117 4025881.806368 0.000000 -0.000000
352616.232542 4025881.747014 0.000000 0.000000
352616.262860 4025881.687870 0.000000 0.000000
352616.293072 4025881.628933 0.000000 0.000000
352616.323180 4025881.570198 0.000000 0.000000
352616.353186 4025881.511662 0.000000 0.000000
352616.383093 4025881.453321 0.000000 -0.000000
352616.412901 4025881.395170 0.000000 0.000000
352616.442614 4025881.337206 0.000000 0.000000
352616.472234 4025881.279424 0.000000 0.000000
352616.501761 4025881.221822 0.000000 0.000000
352616.531199 4025881.164394 0.000000 0.000000
352616.560549 4025881.107138 0.000000 -0.000000
352616.589814 4025881.050049 0.000000 0.000000
352616.618995 4025880.993124 0.000000 -0.000000
352616.648093 4025880.936358 0.000000 -0.000000
352616.677112 4025880.879748 0.000000 -0.000000
352616.706053 4025880.823290 0.000000 -0.000000
352616.734917 4025880.766981 0.000000 0.000000
352616.763708 4025880.710817 0.000000 0.000000
352616.792426 4025880.654794 0.000000 -0.000000
352616.821074 4025880.598908 0.000000 0.000000
352616.849653 4025880.543156 0.000000 0.000000
352616.878165 4025880.487534 0.000000 -0.000000
352616.906612 4025880.432040 0.000000 0.000000
352616.934996 4025880.376668 0.000000 -0.000000
352616.963319 4025880.321416 0.000000 0.000000
352616.991582 4025880.266280 0.000000 0.000000
352617.019788 4025880.211257 0.000000 -0.000000
352617.047937 4025880.156343 0.000000 0.000000
352617.076032 4025880.101535 0.000000 -0.000000
352617.104074 4025880.046830 0.000000 -0.000000
352617.132066 4025879.992225 0.000000 0.000000
352617.160008 4025879.937715 0.000000 0.000000
352617.187902 4025879.883299 0.000000 -0.000000
352617.215751 4025879.828972 0.000000 -0.000000
352617.243555 4025879.774733 0.000000 0.000000
352617.271315 4025879.720577 0.000000 0.000000
352617.299035 4025879.666501 0.000000 0.000000
352617.326715 4025879.612504 0.000000 0.000000
352617.354356 4025879.558581 0.000000 0.000000
352617.381960 4025879.504731 0.000000 -0.000000
352617.409529 4025879.450949 0.000000 0.000000
352617.437064 4025879.397235 0.000000 0.000000
352617.464566 4025879.343584 0.000000 -0.000000
352617.492036 4025879.289995 0.000000 -0.000000
352617.519477 4025879.236464 0.000000 -0.000000
352617.546888 4025879.182990 0.000000 0.000000
352617.574272 4025879.129569 0.000000 -0.000000
352617.601630 4025879.076200 0.000000 -0.000000
352617.628962 4025879.022880 0.000000 0.000000
352617.656270 4025878.969607 0.000000 -0.000000
352617.683555 4025878.916379 0.000000 0.000000
352617.710819 4025878.863194 0.000000 0.000000
352617.738062 4025878.810049 0.000000 0.000000
352617.765284 4025878.756942 0.000000 0.000000
352617.792489 4025878.703873 0.000000 -0.000000
352617.819675 4025878.650838 0.000000 0.000000
352617.846844 4025878.597836 0.000000 0.000000
352617.873998 4025878.544865 0.000000 -0.000000
352617.901136 4025878.491924 0.000000 0.000000
352617.928260 4025878.439010 0.000000 0.000000
352617.955370 4025878.386123 0.000000 -0.000000
352617.982468 4025878.333261 0.000000 0.000000
352618.009554 4025878.280422 0.000000 -0.000000
352618.036628 4025878.227605 0.000000 -0.000000
352618.063692 4025878.174808 0.000000 0.000000
352618.090746 4025878.122031 0.000000 -0.000000
352618.117791 4025878.069273 0.000000 0.000000
352618.144827 4025878.016531 0.000000 0.000000
352618.171855 4025877.963804 0.000000 0.000000
352618.198876 4025877.911093 0.000000 0.000000
352618.225889 4025877.858396 0.000000 0.000000
352618.252896 4025877.805711 0.000000 -0.000000
352618.279896 4025877.753038 0.000000 -0.000000
352618.306891 4025877.700376 0.000000 -0.000000
352618.333881 4025877.647725 0.000000 0.000000
352618.360866 4025877.595083 0.000000 0.000000
352618.387846 4025877.542449 0.000000 -0.000000
352618.414823 4025877.489824 0.000000 -0.000000
352618.441795 4025877.437207 0.000000 -0.000000
352618.468764 4025877.384596 0.000000 -0.000000
352618.495729 4025877.331991 0.000000 0.000000
352618.522692 4025877.279392 0.000000 0.000000
352618.549652 4025877.226799 0.000000 0.000000
352618.576610 4025877.174210 0.000000 0.000000
352618.603565 4025877.121625 0.000000 0.000000
352618.630518 4025877.069045 0.000000 -0.000000
352618.657470 4025877.016468 0.000000 -0.000000
352618.684420 4025876.963894 0.000000 0.000000
352618.711368 4025876.911324 0.000000 -0.000000
352618.738315 4025876.858755 0.000000 0.000000
352618.765261 4025876.806190 0.000000 -0.000000
352618.792205 4025876.753626 0.000000 -0.000000
352618.819149 4025876.701064 0.000000 -0.000000
352618.846092 4025876.648504 0.000000 0.000000
352618.873034 4025876.595946 0.000000 0.000000
352618.899976 4025876.543388 0.000000 0.000000
352618.926916 4025876.490832 0.000000 0.000000
352618.953857 4025876.438277 0.000000 -0.000000
352618.980797 4025876.385722 0.000000 0.000000
352619.007736 4025876.333169 0.000000 0.000000
352619.034675 4025876.280616 0.000000 0.000000
352619.061614 4025876.228063 0.000000 0.000000
352619.088553 4025876.175511 0.000000 0.000000
352619.115492 4025876.122960 0.000000 -0.000000
352619.142430 4025876.070409 0.000000 -0.000000
352619.169368 4025876.017858 0.000000 -0.000000
352619.196306 4025875.965307 0.000000 -0.000000
352619.223244 4025875.912756 0.000000 0.000000
352619.250182 4025875.860206 0.000000 0.000000
352619.277120 4025875.807656 0.000000 -0.000000
352619.304058 4025875.755106 0.000000 -0.000000
352619.330995 4025875.702555 0.000000 0.000000
352619.357933 4025875.650005 0.000000 -0.000000
352619.384871 4025875.597455 0.000000 0.000000
352619.411808 4025875.544905 0.000000 0.000000
352619.438746 4025875.492355 0.000000 0.000000
352619.465684 4025875.439805 0.000000 -0.000000
352619.492621 4025875.387256 0.000000 -0.000000
352619.519559 4025875.334706 0.000000 0.000000
352619.546497 4025875.282156 0.000000 0.000000
352619.573434 4025875.229606 0.000000 0.000000
352619.600372 4025875.177056 0.000000 -0.000000
352619.627310 4025875.124506 0.000000 0.000000
352619.654247 4025875.071956 0.000000 0.000000
352619.681185 4025875.019406 0.000000 -0.000000
352619.708123 4025874.966856 0.000000 0.000000
352619.735060 4025874.914306 0.000000 0.000000
352619.761998 4025874.861756 0.000000 -0.000000
352619.788935 4025874.809206 0.000000 -0.000000
352619.815873 4025874.756656 0.000000 -0.000000
352619.842811 4025874.704106 0.000000 -0.000000
352619.869748 4025874.651556 0.000000 0.000000
352619.896686 4025874.599006 0.000000 0.000000
352619.923624 4025874.546457 0.000000 -0.000000
352619.950561 4025874.493907 0.000000 0.000000
352619.977499 4025874.441357 0.000000 -0.000000
352620.004437 4025874.388807 0.000000 -0.000000
352620.031374 4025874.336257 0.000000 -0.000000
352620.058312 4025874.283707 0.000000 -0.000000
352620.085250 4025874.231157 0.000000 0.000000
352620.112187 4025874.178607 0.000000 -0.000000
352620.139125 4025874.126057 0.000000 0.000000
352620.166063 4025874.073507 0.000000 -0.000000
352620.193000 4025874.020957 0.000000 0.000000
352620.219938 4025873.968407 0.000000 -0.000000
352620.246875 4025873.915857 0.000000 -0.000000
352620.273813 4025873.863307 0.000000 -0.000000
352620.300751 4025873.810757 0.000000 -0.000000
352620.327688 4025873.758207 0.000000 -0.000000
352620.354626 4025873.705658 0.000000 0.000000
352620.381564 4025873.653108 0.000000 -0.000000
352620.408501 4025873.600558 0.000000 0.000000
352620.435439 4025873.548008 0.000000 0.000000
352620.462377 4025873.495458 0.000000 0.000000
352620.489314 4025873.442908 0.000000 -0.000000
352620.516252 4025873.390358 0.000000 0.000000
352620.543190 4025873.337808 0.000000 0.000000
352620.570127 4025873.285258 0.000000 -0.000000
352620.597065 4025873.232708 0.000000 0.000000
352620.624003 4025873.180158 0.000000 0.000000
352620.650940 4025873.127608 0.000000 -0.000000
352620.677878 4025873.075058 0.000000 0.000000
352620.704816 4025873.022508 0.000000 0.000000
352620.731753 4025872.969958 0.000000 0.000000
352620.758691 4025872.917409 0.000000 -0.000000
352620.785628 4025872.864859 0.000000 -0.000000
352620.812566 4025872.812309 0.000000 0.000000
352620.839504 4025872.759759 0.000000 0.000000
352620.866441 4025872.707209 0.000000 0.000000
352620.893379 4025872.654659 0.000000 0.000000
352620.920317 4025872.602109 0.000000 0.000000
352620.947254 4025872.549559 0.000000 -0.000000
352620.974192 4025872.497009 0.000000 0.000000
352621.001130 4025872.444459 0.000000 0.000000
352621.028067 4025872.391909 0.000000 0.000000
352621.055005 4025872.339359 0.000000 0.000000
352621.081943 4025872.286809 0.000000 -0.000000
352621.108880 4025872.234259 0.000000 -0.000000
352621.135818 4025872.181709 0.000000 -0.000000
352621.162756 4025872.129159 0.000000 0.000000
352621.189693 4025872.076610 0.000000 -0.000000
352621.216631 4025872.024060 0.000000 0.000000
352621.243569 4025871.971510 0.000000 -0.000000
352621.270506 4025871.918960 0.000000 0.000000
352621.297444 4025871.866410 0.000000 0.000000
352621.324381 4025871.813860 0.000000 0.000000
352621.351319 4025871.761310 0.000000 0.000000
352621.378257 4025871.708760 0.000000 0.000000
352621.405194 4025871.656210 0.000000 0.000000
352621.432132 4025871.603660 0.000000 -0.000000
352621.459070 4025871.551110 0.000000 -0.000000
352621.486007 4025871.498560 0.000000 -0.000000
352621.512945 4025871.446010 0.000000 0.000000
352621.539883 4025871.393460 0.000000 -0.000000
352621.566820 4025871.340910 0.000000 -0.000000
352621.593758 4025871.288360 0.000000 -0.000000
352621.620696 4025871.235811 0.000000 -0.000000
352621.647633 4025871.183261 0.000000 -0.000000
352621.674571 4025871.130711 0.000000 0.000000
352621.701509 4025871.078161 0.000000 -0.000000
352621.728446 4025871.025611 0.000000 0.000000
352621.755384 4025870.973061 0.000000 0.000000
352621.782321 4025870.920511 0.000000 0.000000
352621.809259 4025870.867961 0.000000 0.000000
352621.836197 4025870.815411 0.000000 -0.000000
352621.863134 4025870.762861 0.000000 0.000000
352621.890072 4025870.710311 0.000000 -0.000000
352621.917010 4025870.657761 0.000000 -0.000000
352621.943947 4025870.605211 0.000000 0.000000
352621.970885 4025870.552661 0.000000 0.000000
352621.997823 4025870.500111 0.000000 -0.000000
352622.024760 4025870.447562 0.000000 0.000000
352622.051698 4025870.395012 0.000000 0.000000
352622.078636 4025870.342462 0.000000 0.000000
352622.105573 4025870.289912 0.000000 0.000000
352622.132511 4025870.237362 0.000000 -0.000000
352622.159449 4025870.184812 0.000000 0.000000
352622.186386 4025870.132262 0.000000 -0.000000
352622.213324 4025870.079712 0.000000 0.000000
352622.240262 4025870.027162 0.000000 0.000000
352622.267199 4025869.974612 0.000000 0.000000
352622.294137 4025869.922062 0.000000 -0.000000
352622.321074 4025869.869512 0.000000 0.000000
352622.348012 4025869.816962 0.000000 0.000000
352622.374950 4025869.764412 0.000000 0.000000
352622.401887 4025869.711862 0.000000 0.000000
352622.428825 4025869.659312 0.000000 -0.000000
352622.455763 4025869.606763 0.000000 -0.000000
352622.482700 4025869.554213 0.000000 -0.000000
352622.509638 4025869.501663 0.000000 -0.000000
352622.536576 4025869.449113 0.000000 -0.000000
352622.563513 4025869.396563 0.000000 0.000000
352622.590451 4025869.344013 0.000000 -0.000000
352622.617389 4025869.291463 0.000000 0.000000
352622.644326 4025869.238913 0.000000 0.000000
352622.671264 4025869.186363 0.000000 -0.000000
352622.698202 4025869.133813 0.000000 -0.000000
352622.725139 4025869.081263 0.000000 0.000000
352622.752077 4025869.028713 0.000000 0.000000
352622.779015 4025868.976163 0.000000 0.000000
352622.805952 4025868.923613 0.000000 -0.000000
352622.832890 4025868.871063 0.000000 0.000000
352622.859827 4025868.818513 0.000000 -0.000000
352622.886765 4025868.765964 0.000000 0.000000
352622.913703 4025868.713414 0.000000 -0.000000
352622.940640 4025868.660864 0.000000 0.000000
352622.967578 4025868.608314 0.000000 -0.000000
352622.994516 4025868.555764 0.000000 -0.000000
352623.021453 4025868.503214 0.000000 0.000000
352623.048391 4025868.450664 0.000000 -0.000000
352623.075329 4025868.398114 0.000000 -0.000000
352623.102266 4025868.345564 0.000000 0.000000
352623.129204 4025868.293014 0.000000 0.000000
352623.156142 4025868.240464 0.000000 0.000000
352623.183079 4025868.187914 0.000000 -0.000000
352623.210017 4025868.135364 0.000000 -0.000000
352623.236955 4025868.082814 0.000000 -0.000000
352623.263892 4025868.030264 0.000000 -0.000000
352623.290830 4025867.977714 0.000000 -0.000000
352623.317767 4025867.925165 0.000000 0.000000
352623.344705 4025867.872615 0.000000 -0.000000
352623.371643 4025867.820065 0.000000 0.000000
352623.398580 4025867.767515 0.000000 -0.000000
352623.425518 4025867.714965 0.000000 0.000000
352623.452456 4025867.662415 0.000000 -0.000000
352623.479393 4025867.609865 0.000000 -0.000000
352623.506331 4025867.557315 0.000000 0.000000
352623.533269 4025867.504765 0.000000 -0.000000
352623.560206 4025867.452215 0.000000 0.000000
352623.587144 4025867.399665 0.000000 0.000000
352623.614082 4025867.347115 0.000000 -0.000000
352623.641019 4025867.294565 0.000000 -0.000000
352623.667957 4025867.242015 0.000000 -0.000000
352623.694895 4025867.189465 0.000000 0.000000
352623.721832 4025867.136916 0.000000 0.000000
352623.748770 4025867.084366 0.000000 -0.000000
352623.775708 4025867.031816 0.000000 0.000000
352623.802645 4025866.979266 0.000000 0.000000
352623.829583 4025866.926716 0.000000 -0.000000
352623.856520 4025866.874166 0.000000 -0.000000
352623.883458 4025866.821616 0.000000 0.000000
352623.910396 4025866.769066 0.000000 -0.000000
352623.937333 4025866.716516 0.000000 0.000000
352623.964271 4025866.663966 0.000000 0.000000
352623.991209 4025866.611416 0.000000 0.000000
352624.018146 4025866.558866 0.000000 -0.000000
352624.045084 4025866.506316 0.000000 0.000000
352624.072022 4025866.453766 0.000000 -0.000000
352624.098959 4025866.401216 0.000000 0.000000
352624.125897 4025866.348666 0.000000 0.000000
352624.152835 4025866.296117 0.000000 0.000000
352624.179772 4025866.243567 0.000000 0.000000
352624.206710 4025866.191017 0.000000 -0.000000
352624.233648 4025866.138467 0.000000 -0.000000
352624.260585 4025866.085917 0.000000 0.000000
352624.287523 4025866.033367 0.000000 -0.000000
352624.314460 4025865.980817 0.000000 -0.000000
352624.341398 4025865.928267 0.000000 0.000000
352624.368336 4025865.875717 0.000000 -0.000000
352624.395273 4025865.823167 0.000000 0.000000
352624.422211 4025865.770617 0.000000 0.000000
352624.449149 4025865.718067 0.000000 -0.000000
352624.476086 4025865.665517 0.000000 0.000000
352624.503024 4025865.612967 0.000000 0.000000
352624.529962 4025865.560417 0.000000 -0.000000
352624.556899 4025865.507867 0.000000 -0.000000
352624.583837 4025865.455318 0.000000 -0.000000
352624.610775 4025865.402768 0.000000 0.000000
352624.637712 4025865.350218 0.000000 0.000000
352624.664650 4025865.297668 0.000000 -0.000000
352624.691588 4025865.245118 0.000000 -0.000000
352624.718525 4025865.192568 0.000000 0.000000
352624.745463 4025865.140018 0.000000 -0.000000
352624.772401 4025865.087468 0.000000 0.000000
352624.799338 4025865.034918 0.000000 0.000000
352624.826276 4025864.982368 0.000000 0.000000
352624.853213 4025864.929818 0.000000 0.000000
352624.880151 4025864.877268 0.000000 -0.000000
352624.907089 4025864.824718 0.000000 0.000000
352624.934026 4025864.772168 0.000000 -0.000000
352624.960964 4025864.719618 0.000000 0.000000
352624.987902 4025864.667069 0.000000 -0.000000
352625.014839 4025864.614519 0.000000 -0.000000
352625.041777 4025864.561969 0.000000 -0.000000
352625.068715 4025864.509419 0.000000 -0.000000
352625.095652 4025864.456869 0.000000 0.000000
352625.122590 4025864.404319 0.000000 0.000000
352625.149528 4025864.351769 0.000000 0.000000
352625.176465 4025864.299219 0.000000 -0.000000
352625.203403 4025864.246669 0.000000 0.000000
352625.230341 4025864.194119 0.000000 -0.000000
352625.257278 4025864.141569 0.000000 -0.000000
352625.284216 4025864.089019 0.000000 0.000000
352625.311154 4025864.036469 0.000000 0.000000
352625.338091 4025863.983919 0.000000 0.000000
352625.365029 4025863.931369 0.000000 0.000000
352625.391966 4025863.878819 0.000000 0.000000
352625.418904 4025863.826270 0.000000 -0.000000
352625.445842 4025863.773720 0.000000 -0.000000
352625.472779 4025863.721170 0.000000 -0.000000
352625.499717 4025863.668620 0.000000 -0.000000
352625.526655 4025863.616070 0.000000 -0.000000
352625.553592 4025863.563520 0.000000 0.000000
352625.580530 4025863.510970 0.000000 0.000000
352625.607468 4025863.458420 0.000000 0.000000
352625.634405 4025863.405870 0.000000 0.000000
352625.661343 4025863.353320 0.000000 -0.000000
352625.688281 4025863.300770 0.000000 0.000000
352625.715218 4025863.248220 0.000000 -0.000000
352625.742156 4025863.195670 0.000000 -0.000000
352625.769094 4025863.143120 0.000000 -0.000000
352625.796031 4025863.090570 0.000000 -0.000000
352625.822969 4025863.038020 0.000000 0.000000
352625.849906 4025862.985471 0.000000 -0.000000
352625.876844 4025862.932921 0.000000 -0.000000
352625.903782 4025862.880371 0.000000 -0.000000
352625.930719 4025862.827821 0.000000 -0.000000
352625.957657 4025862.775271 0.000000 -0.000000
352625.984595 4025862.722721 0.000000 -0.000000
352626.011532 4025862.670171 0.000000 -0.000000
352626.038470 4025862.617621 0.000000 -0.000000
352626.065408 4025862.565071 0.000000 0.000000
352626.092345 4025862.512521 0.000000 -0.000000
352626.119283 4025862.459971 0.000000 -0.000000
352626.146221 4025862.407421 0.000000 0.000000
352626.173158 4025862.354871 0.000000 -0.000000
352626.200096 4025862.302321 0.000000 0.000000
352626.227034 4025862.249771 0.000000 -0.000000
352626.253971 4025862.197221 0.000000 0.000000
352626.280909 4025862.144672 0.000000 -0.000000
352626.307847 4025862.092122 0.000000 -0.000000
352626.334784 4025862.039572 0.000000 0.000000
352626.361722 4025861.987022 0.000000 -0.000000
352626.388659 4025861.934472 0.000000 0.000000
352626.415597 4025861.881922 0.000000 0.000000
352626.442535 4025861.829372 0.000000 0.000000
352626.469472 4025861.776822 0.000000 -0.000000
352626.496410 4025861.724272 0.000000 0.000000
352626.523348 4025861.671722 0.000000 -0.000000
352626.550285 4025861.619172 0.000000 0.000000
352626.577223 4025861.566622 0.000000 0.000000
352626.604161 4025861.514072 0.000000 0.000000
352626.631098 4025861.461522 0.000000 0.000000
352626.658036 4025861.408972 0.000000 0.000000
352626.684974 4025861.356423 0.000000 0.000000
352626.711911 4025861.303873 0.000000 0.000000
352626.738849 4025861.251323 0.000000 -0.000000
352626.765787 4025861.198773 0.000000 0.000000
352626.792724 4025861.146223 0.000000 -0.000000
352626.819662 4025861.093673 0.000000 0.000000
352626.846600 4025861.041123 0.000000 -0.000000
352626.873537 4025860.988573 0.000000 -0.000000
352626.900475 4025860.936023 0.000000 0.000000
352626.927412 4025860.883473 0.000000 -0.000000
352626.954350 4025860.830923 0.000000 0.000000
352626.981288 4025860.778373 0.000000 0.000000
352627.008225 4025860.725823 0.000000 -0.000000
352627.035163 4025860.673273 0.000000 0.000000
352627.062101 4025860.620723 0.000000 -0.000000
352627.089038 4025860.568173 0.000000 0.000000
352627.115976 4025860.515624 0.000000 -0.000000
352627.142914 4025860.463074 0.000000 0.000000
352627.169851 4025860.410524 0.000000 -0.000000
352627.196789 4025860.357974 0.000000 -0.000000
352627.223727 4025860.305424 0.000000 -0.000000
352627.250664 4025860.252874 0.000000 -0.000000
352627.277602 4025860.200324 0.000000 -0.000000
352627.304540 4025860.147774 0.000000 -0.000000
352627.331477 4025860.095224 0.000000 -0.000000
352627.358415 4025860.042674 0.000000 -0.000000
352627.385352 4025859.990124 0.000000 0.000000
352627.412290 4025859.937574 0.000000 -0.000000
352627.439228 4025859.885024 0.000000 0.000000
352627.466165 4025859.832474 0.000000 0.000000
352627.493103 4025859.779924 0.000000 0.000000
352627.520041 4025859.727374 0.000000 -0.000000
352627.546978 4025859.674825 0.000000 0.000000
352627.573916 4025859.622275 0.000000 -0.000000
352627.600854 4025859.569725 0.000000 -0.000000
352627.627791 4025859.517175 0.000000 -0.000000
352627.654729 4025859.464625 0.000000 0.000000
352627.681667 4025859.412075 0.000000 0.000000
352627.708604 4025859.359525 0.000000 -0.000000
352627.735542 4025859.306975 0.000000 0.000000
352627.762480 4025859.254425 0.000000 0.000000
352627.789417 4025859.201875 0.000000 -0.000000
352627.816355 4025859.149325 0.000000 0.000000
352627.843293 4025859.096775 0.000000 0.000000
352627.870230 4025859.044225 0.000000 -0.000000
352627.897168 4025858.991675 0.000000 -0.000000
352627.924105 4025858.939125 0.000000 0.000000
352627.951043 4025858.886576 0.000000 0.000000
352627.977981 4025858.834026 0.000000 0.000000
352628.004918 4025858.781476 0.000000 -0.000000
352628.031856 4025858.728926 0.000000 0.000000
352628.058794 4025858.676376 0.000000 -0.000000
352628.085731 4025858.623826 0.000000 -0.000000
352628.112669 4025858.571276 0.000000 -0.000000
352628.139607 4025858.518726 0.000000 -0.000000
352628.166544 4025858.466176 0.000000 -0.000000
352628.193482 4025858.413626 0.000000 0.000000
352628.220420 4025858.361076 0.000000 -0.000000
352628.247357 4025858.308526 0.000000 -0.000000
352628.274295 4025858.255976 0.000000 -0.000000
352628.301233 4025858.203426 0.000000 0.000000
352628.328170 4025858.150876 0.000000 -0.000000
352628.355108 4025858.098326 0.000000 -0.000000
352628.382046 4025858.045777 0.000000 0.000000
352628.408983 4025857.993227 0.000000 -0.000000
352628.435921 4025857.940677 0.000000 0.000000
352628.462858 4025857.888127 0.000000 -0.000000
352628.489796 4025857.835577 0.000000 -0.000000
352628.516734 4025857.783027 0.000000 -0.000000
352628.543671 4025857.730477 0.000000 -0.000000
352628.570609 4025857.677927 0.000000 -0.000000
352628.597547 4025857.625377 0.000000 -0.000000
352628.624484 4025857.572827 0.000000 -0.000000
352628.651422 4025857.520277 0.000000 -0.000000
352628.678360 4025857.467727 0.000000 -0.000000
352628.705297 4025857.415177 0.000000 -0.000000
352628.732235 4025857.362627 0.000000 -0.000000
352628.759173 4025857.310077 0.000000 0.000000
352628.786110 4025857.257527 0.000000 -0.000000
352628.813048 4025857.204978 0.000000 0.000000
352628.839986 4025857.152428 0.000000 -0.000000
352628.866923 4025857.099878 0.000000 -0.000000
352628.893861 4025857.047328 0.000000 0.000000
352628.920798 4025856.994778 0.000000 -0.000000
352628.947736 4025856.942228 0.000000 0.000000
352628.974674 4025856.889678 0.000000 -0.000000
352629.001611 4025856.837128 0.000000 0.000000
352629.028549 4025856.784578 0.000000 0.000000
352629.055487 4025856.732028 0.000000 -0.000000
352629.082424 4025856.679478 0.000000 0.000000
352629.109362 4025856.626928 0.000000 -0.000000
352629.136300 4025856.574378 0.000000 -0.000000
352629.163237 4025856.521828 0.000000 -0.000000
352629.190175 4025856.469278 0.000000 0.000000
352629.217113 4025856.416728 0.000000 -0.000000
352629.244050 4025856.364179 0.000000 0.000000
352629.270988 4025856.311629 0.000000 0.000000
352629.297926 4025856.259079 0.000000 -0.000000
352629.324863 4025856.206529 0.000000 0.000000
352629.351801 4025856.153979 0.000000 -0.000000
352629.378739 4025856.101429 0.000000 0.000000
352629.405676 4025856.048879 0.000000 0.000000
352629.432614 4025855.996329 0.000000 0.000000
352629.459552 4025855.943779 0.000000 0.000000
352629.486489 4025855.891229 0.000000 -0.000000
352629.513427 4025855.838679 0.000000 -0.000000
352629.540365 4025855.786129 0.000000 0.000000
352629.567302 4025855.733579 0.000000 0.000000
352629.594240 4025855.681028 0.000000 0.000000
352629.621178 4025855.628478 0.000000 -0.000000
352629.648116 4025855.575927 0.000000 0.000000
352629.675054 4025855.523377 0.000000 0.000000
352629.701992 4025855.470826 0.000000 -0.000000
352629.728931 4025855.418274 0.000000 -0.000000
352629.755869 4025855.365723 0.000000 -0.000000
352629.782808 4025855.313171 0.000000 0.000000
352629.809747 4025855.260618 0.000000 0.000000
352629.836686 4025855.208066 0.000000 0.000000
352629.863625 4025855.155512 0.000000 0.000000
352629.890565 4025855.102958 0.000000 0.000000
352629.917506 4025855.050402 0.000000 -0.000000
352629.944447 4025854.997846 0.000000 -0.000000
352629.971388 4025854.945289 0.000000 -0.000000
352629.998330 4025854.892730 0.000000 0.000000
352630.025273 4025854.840170 0.000000 -0.000000
352630.052217 4025854.787608 0.000000 -0.000000
352630.079161 4025854.735045 0.000000 0.000000
352630.106107 4025854.682479 0.000000 0.000000
352630.133054 4025854.629911 0.000000 0.000000
352630.160002 4025854.577340 0.000000 -0.000000
352630.186952 4025854.524766 0.000000 -0.000000
352630.213904 4025854.472190 0.000000 0.000000
352630.240857 4025854.419609 0.000000 0.000000
352630.267812 4025854.367025 0.000000 -0.000000
352630.294770 4025854.314436 0.000000 0.000000
352630.321730 4025854.261842 0.000000 -0.000000
352630.348693 4025854.209243 0.000000 0.000000
352630.375658 4025854.156639 0.000000 -0.000000
352630.402627 4025854.104028 0.000000 -0.000000
352630.429600 4025854.051410 0.000000 -0.000000
352630.456576 4025853.998785 0.000000 -0.000000
352630.483556 4025853.946152 0.000000 0.000000
352630.510541 4025853.893510 0.000000 -0.000000
352630.537531 4025853.840858 0.000000 -0.000000
352630.564526 4025853.788196 0.000000 -0.000000
352630.591526 4025853.735524 0.000000 0.000000
352630.618533 4025853.682839 0.000000 0.000000
352630.645546 4025853.630141 0.000000 -0.000000
352630.672567 4025853.577430 0.000000 0.000000
352630.699595 4025853.524704 0.000000 -0.000000
352630.726631 4025853.471962 0.000000 0.000000
352630.753676 4025853.419203 0.000000 0.000000
352630.780730 4025853.366426 0.000000 0.000000
352630.807794 4025853.313629 0.000000 0.000000
352630.834868 4025853.260812 0.000000 -0.000000
352630.861954 4025853.207974 0.000000 -0.000000
352630.889052 4025853.155111 0.000000 0.000000
352630.916162 4025853.102224 0.000000 0.000000
352630.943286 4025853.049311 0.000000 -0.000000
352630.970425 4025852.996369 0.000000 -0.000000
352630.997578 4025852.943399 0.000000 0.000000
352631.024747 4025852.890397 0.000000 0.000000
352631.051934 4025852.837362 0.000000 -0.000000
352631.079138 4025852.784292 0.000000 -0.000000
352631.106361 4025852.731186 0.000000 -0.000000
352631.133603 4025852.678041 0.000000 0.000000
352631.160867 4025852.624855 0.000000 0.000000
352631.188152 4025852.571627 0.000000 0.000000
352631.215460 4025852.518354 0.000000 0.000000
352631.242793 4025852.465034 0.000000 0.000000
352631.270150 4025852.411665 0.000000 0.000000
352631.297534 4025852.358245 0.000000 -0.000000
352631.324945 4025852.304770 0.000000 -0.000000
352631.352386 4025852.251240 0.000000 0.000000
352631.379856 4025852.197650 0.000000 -0.000000
352631.407358 4025852.144000 0.000000 -0.000000
352631.434893 4025852.090285 0.000000 -0.000000
352631.462462 4025852.036504 0.000000 -0.000000
352631.490066 4025851.982653 0.000000 -0.000000
352631.517707 4025851.928731 0.000000 0.000000
352631.545387 4025851.874733 0.000000 -0.000000
352631.573107 4025851.820658 0.000000 0.000000
352631.600868 4025851.766502 0.000000 0.000000
352631.628672 4025851.712262 0.000000 -0.000000
352631.656520 4025851.657935 0.000000 0.000000
352631.684414 4025851.603519 0.000000 -0.000000
352631.712356 4025851.549010 0.000000 0.000000
352631.740348 4025851.494404 0.000000 -0.000000
352631.768390 4025851.439699 0.000000 -0.000000
352631.796485 4025851.384891 0.000000 0.000000
352631.824635 4025851.329978 0.000000 -0.000000
352631.852840 4025851.274954 0.000000 0.000000
352631.881103 4025851.219819 0.000000 -0.000000
352631.909426 4025851.164567 0.000000 -0.000000
352631.937810 4025851.109195 0.000000 0.000000
352631.966257 4025851.053700 0.000000 0.000000
352631.994770 4025850.998078 0.000000 0.000000
352632.023349 4025850.942326 0.000000 -0.000000
352632.051996 4025850.886441 0.000000 0.000000
352632.080714 4025850.830417 0.000000 0.000000
352632.109505 4025850.774253 0.000000 0.000000
352632.138369 4025850.717944 0.000000 0.000000
352632.167310 4025850.661486 0.000000 0.000000
352632.196329 4025850.604877 0.000000 0.000000
352632.225428 4025850.548111 0.000000 0.000000
352632.254608 4025850.491185 0.000000 0.000000
352632.283873 4025850.434096 0.000000 0.000000
352632.313223 4025850.376840 0.000000 0.000000
352632.342661 4025850.319412 0.000000 0.000000
352632.372189 4025850.261810 0.000000 -0.000000
352632.401808 4025850.204028 0.000000 0.000000
352632.431521 4025850.146064 0.000000 -0.000000
352632.461330 4025850.087914 0.000000 -0.000000
352632.491236 4025850.029572 0.000000 0.000000
352632.521242 4025849.971036 0.000000 -0.000000
352632.551350 4025849.912301 0.000000 0.000000
352632.581562 4025849.853364 0.000000 0.000000
352632.611880 4025849.794220 0.000000 0.000000
352632.642305 4025849.734866 0.000000 -0.000000
352632.672841 4025849.675297 0.000000 -0.000000
352632.703489 4025849.615509 0.000000 0.000000
352632.734252 4025849.555498 0.000000 -0.000000
352632.765130 4025849.495260 0.000000 -0.000000
352632.796128 4025849.434790 0.000000 0.000000
352632.827246 4025849.374085 0.000000 0.000000
352632.858487 4025849.313140 0.000000 0.000000
352632.889853 4025849.251950 0.000000 -0.000000
352632.921347 4025849.190512 0.000000 0.000000
352632.952970 4025849.128822 0.000000 -0.000000
352632.984725 4025849.066874 0.000000 0.000000
352633.016615 4025849.004664 0.000000 -0.000000
352633.048641 4025848.942187 0.000000 -0.000000
352633.080806 4025848.879440 0.000000 0.000000
352633.113112 4025848.816417 0.000000 -0.000000
352633.145562 4025848.753114 0.000000 0.000000
352633.178158 4025848.689526 0.000000 0.000000
352633.210902 4025848.625648 0.000000 0.000000
352633.243798 4025848.561475 0.000000 0.000000
352633.276847 4025848.497003 0.000000 0.000000
352633.310053 4025848.432225 0.000000 0.000000
352633.343417 4025848.367139 0.000000 0.000000
352633.376942 4025848.301737 0.000000 0.000000
352633.410632 4025848.236015 0.000000 -0.000000
352633.444489 4025848.169968 0.000000 0.000000
352633.478515 4025848.103589 0.000000 0.000000
352633.512714 4025848.036875 0.000000 0.000000
352633.547088 4025847.969818 0.000000 0.000000
352633.581640 4025847.902413 0.000000 -0.000000
352633.616374 4025847.834655 0.000000 0.000000
352633.651292 4025847.766537 0.000000 0.000000
352633.686397 4025847.698053 0.000000 -0.000000
352633.721693 4025847.629197 0.000000 -0.000000
352633.757183 4025847.559963 0.000000 0.000000
352633.792871 4025847.490345 0.000000 0.000000
352633.828759 4025847.420334 0.000000 0.000000
352633.864851 4025847.349926 0.000000 0.000000
352633.901151 4025847.279112 0.000000 0.000000
352633.937662 4025847.207885 0.000000 -0.000000
352633.974389 4025847.136238 0.000000 0.000000
352634.011335 4025847.064164 0.000000 -0.000000
352634.048505 4025846.991654 0.000000 -0.000000
352634.085902 4025846.918700 0.000000 -0.000000
352634.123530 4025846.845294 0.000000 -0.000000
352634.161395 4025846.771428 0.000000 0.000000
352634.199501 4025846.697091 0.000000 -0.000000
352634.237852 4025846.622276 0.000000 0.000000
352634.276453 4025846.546973 0.000000 -0.000000
352634.315310 4025846.471171 0.000000 0.000000
352634.354428 4025846.394860 0.000000 0.000000
352634.393811 4025846.318030 0.000000 -0.000000
352634.433467 4025846.240670 0.000000 0.000000
352634.473400 4025846.162769 0.000000 -0.000000
352634.513617 4025846.084313 0.000000 -0.000000
352634.554124 4025846.005293 0.000000 -0.000000
352634.594927 4025845.925693 0.000000 0.000000
352634.636034 4025845.845503 0.000000 -0.000000
352634.677451 4025845.764706 0.000000 0.000000
352634.719186 4025845.683290 0.000000 0.000000
352634.761245 4025845.601240 0.000000 -0.000000
352634.803638 4025845.518540 0.000000 0.000000
352634.846373 4025845.435174 0.000000 -0.000000
352634.889457 4025845.351126 0.000000 0.000000
352634.932899 4025845.266378 0.000000 0.000000
352634.976710 4025845.180912 0.000000 -0.000000
352635.020898 4025845.094711 0.000000 -0.000000
352635.065473 4025845.007754 0.000000 0.000000
352635.110445 4025844.920021 0.000000 -0.000000
352635.155826 4025844.831492 0.000000 -0.000000
352635.201626 4025844.742145 0.000000 0.000000
352635.247857 4025844.651958 0.000000 -0.000000
352635.294531 4025844.560907 0.000000 -0.000000
352635.341660 4025844.468967 0.000000 0.000000
352635.389258 4025844.376115 0.000000 -0.000000
352635.437337 4025844.282323 0.000000 0.000000
352635.485911 4025844.187564 0.000000 0.000000
352635.534995 4025844.091811 0.000000 0.000000
352635.584604 4025843.995033 0.000000 -0.000000
352635.634754 4025843.897201 0.000000 0.000000
352635.685462 4025843.798280 0.000000 -0.000000
352635.736744 4025843.698238 0.000000 -0.000000
352635.788621 4025843.597036 0.000000 -0.000000
352635.841113 4025843.494636 0.000000 0.000000
352635.894241 4025843.390995 0.000000 0.000000
352635.948028 4025843.286066 0.000000 -0.000000
352636.002501 4025843.179801 0.000000 0.000000
352636.057687 4025843.072143 0.000000 -0.000000
352636.113618 4025842.963034 0.000000 0.000000
352636.170326 4025842.852407 0.000000 -0.000000
352636.227849 4025842.740191 0.000000 0.000000
352636.286228 4025842.626306 0.000000 -0.000000
352636.345506 4025842.510666 0.000000 0.000000
352636.405735 4025842.393172 0.000000 0.000000
352636.466967 4025842.273721 0.000000 0.000000
352636.529262 4025842.152196 0.000000 0.000000
352636.592686 4025842.028468 0.000000 -0.000000
352636.657311 4025841.902397 0.000000 0.000000
352636.723217 4025841.773829 0.000000 -0.000000
352636.790489 4025841.642595 0.000000 -0.000000
352636.859222 4025841.508511 0.000000 -0.000000
352636.929519 4025841.371374 0.000000 -0.000000
352637.001494 4025841.230966 0.000000 -0.000000
352637.075268 4025841.087047 0.000000 -0.000000
352637.150976 4025840.939356 0.000000 -0.000000
352637.228762 4025840.787612 0.000000 -0.000000
352637.308782 4025840.631509 0.000000 -0.000000
352637.391206 4025840.470715 0.000000 -0.000000
352637.476219 4025840.304874 0.000000 -0.000000
352637.564016 4025840.133599 0.000000 -0.000000
352637.654811 4025839.956475 0.000000 -0.000000
352637.748833 4025839.773057 0.000000 -0.000000
352637.846328 4025839.582865 0.000000 -0.000000
352637.947558 4025839.385384 0.000000 -0.000000
352638.052807 4025839.180065 0.000000 -0.000000
352638.162376 4025838.966318 0.000000 -0.000000
352638.276588 4025838.743514 0.000000 -0.000000
352638.395786 4025838.510983 0.000000 -0.000000
352638.520336 4025838.268010 0.000000 -0.000000
352638.650630 4025838.013833 0.000000 -0.000000
352638.787081 4025837.747644 0.000000 -0.000000
352638.930130 4025837.468584 0.000000 -0.000000
352639.080244 4025837.175742 0.000000 -0.000000
