352639.237918 4025836.868152 0.000000 0.000000
352639.387043 4025836.569722 0.000000 0.000000
352639.529018 4025836.285600 0.000000 0.000000
352639.664311 4025836.014850 0.000000 0.000000
352639.793365 4025835.756588 0.000000 0.000000
352639.916594 4025835.509981 0.000000 0.000000
352640.034392 4025835.274242 0.000000 0.000000
352640.147127 4025835.048636 0.000000 0.000000
352640.255146 4025834.832467 0.000000 0.000000
352640.358775 4025834.625085 0.000000 0.000000
352640.458317 4025834.425880 0.000000 0.000000
352640.554059 4025834.234280 0.000000 0.000000
352640.646268 4025834.049751 0.000000 0.000000
352640.735192 4025833.871795 0.000000 0.000000
352640.821065 4025833.699946 0.000000 0.000000
352640.904102 4025833.533772 0.000000 0.000000
352640.984505 4025833.372869 0.000000 0.000000
352641.062461 4025833.216863 0.000000 0.000000
352641.138143 4025833.065408 0.000000 0.000000
352641.211711 4025832.918183 0.000000 0.000000
352641.283314 4025832.774890 0.000000 0.000000
352641.353088 4025832.635257 0.000000 0.000000
352641.421161 4025832.499030 0.000000 0.000000
352641.487647 4025832.365977 0.000000 0.000000
352641.552653 4025832.235886 0.000000 0.000000
352641.616278 4025832.108560 0.000000 0.000000
352641.678610 4025831.983821 0.000000 0.000000
352641.739731 4025831.861504 0.000000 -0.000000
352641.799717 4025831.741460 0.000000 0.000000
352641.858635 4025831.623554 0.000000 0.000000
352641.916547 4025831.507660 0.000000 0.000000
352641.973509 4025831.393665 0.000000 0.000000
352642.029574 4025831.281468 0.000000 0.000000
352642.084788 4025831.170975 0.000000 0.000000
352642.139192 4025831.062100 0.000000 0.000000
352642.192826 4025830.954768 0.000000 0.000000
352642.245724 4025830.848908 0.000000 -0.000000
352642.297918 4025830.744456 0.000000 -0.000000
352642.349438 4025830.641355 0.000000 0.000000
352642.400309 4025830.539551 0.000000 0.000000
352642.450556 4025830.438996 0.000000 -0.000000
352642.500201 4025830.339645 0.000000 -0.000000
352642.549266 4025830.241457 0.000000 -0.000000
352642.597768 4025830.144394 0.000000 0.000000
352642.645727 4025830.048419 0.000000 0.000000
352642.693157 4025829.953500 0.000000 -0.000000
352642.740077 4025829.859604 0.000000 -0.000000
352642.786500 4025829.766703 0.000000 0.000000
352642.832440 4025829.674766 0.000000 0.000000
352642.877913 4025829.583767 0.000000 -0.000000
352642.922929 4025829.493679 0.000000 -0.000000
352642.967503 4025829.404478 0.000000 -0.000000
352643.011646 4025829.316138 0.000000 -0.000000
352643.055371 4025829.228636 0.000000 0.000000
352643.098688 4025829.141949 0.000000 -0.000000
352643.141608 4025829.056057 0.000000 -0.000000
352643.184143 4025828.970937 0.000000 0.000000
352643.226301 4025828.886569 0.000000 -0.000000
352643.268093 4025828.802935 0.000000 -0.000000
352643.309528 4025828.720014 0.000000 -0.000000
352643.350615 4025828.637790 0.000000 0.000000
352643.391364 4025828.556245 0.000000 -0.000000
352643.431781 4025828.475361 0.000000 -0.000000
352643.471875 4025828.395124 0.000000 -0.000000
352643.511655 4025828.315517 0.000000 0.000000
352643.551127 4025828.236525 0.000000 0.000000
352643.590298 4025828.158135 0.000000 0.000000
352643.629176 4025828.080332 0.000000 -0.000000
352643.667767 4025828.003103 0.000000 0.000000
352643.706078 4025827.926436 0.000000 0.000000
352643.744114 4025827.850317 0.000000 0.000000
352643.781882 4025827.774735 0.000000 -0.000000
352643.819388 4025827.699679 0.000000 -0.000000
352643.856636 4025827.625137 0.000000 0.000000
352643.893633 4025827.551099 0.000000 -0.000000
352643.930383 4025827.477554 0.000000 0.000000
352643.966892 4025827.404493 0.000000 0.000000
352644.003164 4025827.331906 0.000000 0.000000
352644.039203 4025827.259783 0.000000 0.000000
352644.075015 4025827.188116 0.000000 0.000000
352644.110603 4025827.116896 0.000000 0.000000
352644.145973 4025827.046115 0.000000 -0.000000
352644.181127 4025826.975764 0.000000 0.000000
352644.216070 4025826.905836 0.000000 -0.000000
352644.250805 4025826.836323 0.000000 -0.000000
352644.285337 4025826.767217 0.000000 0.000000
352644.319669 4025826.698512 0.000000 -0.000000
352644.353805 4025826.630200 0.000000 0.000000
352644.387747 4025826.562274 0.000000 -0.000000
352644.421499 4025826.494729 0.000000 0.000000
352644.455065 4025826.427556 0.000000 -0.000000
352644.488448 4025826.360751 0.000000 0.000000
352644.521650 4025826.294307 0.000000 -0.000000
352644.554675 4025826.228217 0.000000 0.000000
352644.587525 4025826.162477 0.000000 -0.000000
352644.620204 4025826.097079 0.000000 0.000000
352644.652714 4025826.032019 0.000000 -0.000000
352644.685059 4025825.967291 0.000000 -0.000000
352644.717240 4025825.902889 0.000000 -0.000000
352644.749261 4025825.838809 0.000000 -0.000000
352644.781124 4025825.775044 0.000000 0.000000
352644.812832 4025825.711590 0.000000 0.000000
352644.844388 4025825.648441 0.000000 -0.000000
352644.875793 4025825.585593 0.000000 0.000000
352644.907050 4025825.523041 0.000000 -0.000000
352644.938162 4025825.460779 0.000000 -0.000000
352644.969131 4025825.398803 0.000000 0.000000
352644.999960 4025825.337109 0.000000 -0.000000
352645.030651 4025825.275691 0.000000 -0.000000
352645.061205 4025825.214544 0.000000 0.000000
352645.091626 4025825.153666 0.000000 0.000000
352645.121916 4025825.093050 0.000000 -0.000000
352645.152076 4025825.032692 0.000000 0.000000
352645.182110 4025824.972589 0.000000 -0.000000
352645.212019 4025824.912735 0.000000 -0.000000
352645.241805 4025824.853126 0.000000 0.000000
352645.271471 4025824.793759 0.000000 0.000000
352645.301018 4025824.734628 0.000000 0.000000
352645.330450 4025824.675730 0.000000 0.000000
352645.359767 4025824.617061 0.000000 -0.000000
352645.388972 4025824.558616 0.000000 0.000000
352645.418067 4025824.500391 0.000000 -0.000000
352645.447053 4025824.442382 0.000000 0.000000
352645.475934 4025824.384585 0.000000 0.000000
352645.504712 4025824.326996 0.000000 -0.000000
352645.533387 4025824.269611 0.000000 -0.000000
352645.561962 4025824.212426 0.000000 0.000000
352645.590439 4025824.155437 0.000000 0.000000
352645.618821 4025824.098640 0.000000 0.000000
352645.647108 4025824.042031 0.000000 0.000000
352645.675304 4025823.985605 0.000000 0.000000
352645.703410 4025823.929360 0.000000 -0.000000
352645.731427 4025823.873291 0.000000 -0.000000
352645.759359 4025823.817394 0.000000 -0.000000
352645.787206 4025823.761665 0.000000 0.000000
352645.814972 4025823.706100 0.000000 -0.000000
352645.842657 4025823.650696 0.000000 -0.000000
352645.870265 4025823.595448 0.000000 -0.000000
352645.897796 4025823.540353 0.000000 -0.000000
352645.925253 4025823.485405 0.000000 -0.000000
352645.952638 4025823.430603 0.000000 -0.000000
352645.979952 4025823.375941 0.000000 0.000000
352646.007198 4025823.321416 0.000000 -0.000000
352646.034378 4025823.267023 0.000000 -0.000000
352646.061494 4025823.212759 0.000000 0.000000
352646.088547 4025823.158620 0.000000 -0.000000
352646.115540 4025823.104602 0.000000 0.000000
352646.142474 4025823.050700 0.000000 -0.000000
352646.169352 4025822.996912 0.000000 -0.000000
352646.196176 4025822.943232 0.000000 -0.000000
352646.222947 4025822.889657 0.000000 -0.000000
352646.249668 4025822.836183 0.000000 -0.000000
352646.276341 4025822.782806 0.000000 0.000000
352646.302967 4025822.729522 0.000000 0.000000
352646.329548 4025822.676327 0.000000 -0.000000
352646.356087 4025822.623217 0.000000 -0.000000
352646.382586 4025822.570187 0.000000 0.000000
352646.409046 4025822.517235 0.000000 -0.000000
352646.435470 4025822.464355 0.000000 -0.000000
352646.461860 4025822.411544 0.000000 0.000000
352646.488217 4025822.358798 0.000000 -0.000000
352646.514544 4025822.306112 0.000000 -0.000000
352646.540842 4025822.253484 0.000000 0.000000
352646.567114 4025822.200908 0.000000 -0.000000
352646.593362 4025822.148380 0.000000 0.000000
352646.619587 4025822.095898 0.000000 -0.000000
352646.645793 4025822.043455 0.000000 0.000000
352646.671980 4025821.991050 0.000000 0.000000
352646.698151 4025821.938676 0.000000 -0.000000
352646.724307 4025821.886331 0.000000 -0.000000
352646.750452 4025821.834011 0.000000 0.000000
352646.776586 4025821.781711 0.000000 -0.000000
352646.802712 4025821.729427 0.000000 0.000000
352646.828833 4025821.677155 0.000000 0.000000
352646.854949 4025821.624891 0.000000 0.000000
352646.881063 4025821.572631 0.000000 0.000000
352646.907177 4025821.520371 0.000000 0.000000
352646.933293 4025821.468108 0.000000 0.000000
352646.959413 4025821.415836 0.000000 0.000000
352646.985539 4025821.363552 0.000000 0.000000
352647.011674 4025821.311252 0.000000 0.000000
352647.037818 4025821.258931 0.000000 -0.000000
352647.063975 4025821.206586 0.000000 0.000000
352647.090146 4025821.154213 0.000000 -0.000000
352647.116333 4025821.101807 0.000000 0.000000
352647.142538 4025821.049365 0.000000 -0.000000
352647.168764 4025820.996882 0.000000 0.000000
352647.195011 4025820.944355 0.000000 -0.000000
352647.221284 4025820.891779 0.000000 0.000000
352647.247582 4025820.839150 0.000000 -0.000000
352647.273909 4025820.786465 0.000000 -0.000000
352647.300266 4025820.733719 0.000000 -0.000000
352647.326655 4025820.680908 0.000000 0.000000
352647.353079 4025820.628028 0.000000 0.000000
352647.379540 4025820.575075 0.000000 0.000000
352647.406038 4025820.522046 0.000000 -0.000000
352647.432578 4025820.468936 0.000000 0.000000
352647.459159 4025820.415740 0.000000 -0.000000
352647.485785 4025820.362456 0.000000 -0.000000
352647.512457 4025820.309079 0.000000 -0.000000
352647.539178 4025820.255605 0.000000 -0.000000
352647.565949 4025820.202031 0.000000 -0.000000
352647.592773 4025820.148351 0.000000 -0.000000
352647.619651 4025820.094562 0.000000 -0.000000
352647.646586 4025820.040661 0.000000 -0.000000
352647.673579 4025819.986642 0.000000 -0.000000
352647.700632 4025819.932503 0.000000 0.000000
352647.727747 4025819.878239 0.000000 0.000000
352647.754927 4025819.823847 0.000000 -0.000000
352647.782173 4025819.769322 0.000000 0.000000
352647.809488 4025819.714660 0.000000 -0.000000
352647.836873 4025819.659857 0.000000 0.000000
352647.864330 4025819.604910 0.000000 0.000000
352647.891861 4025819.549814 0.000000 0.000000
352647.919468 4025819.494566 0.000000 0.000000
352647.947154 4025819.439162 0.000000 -0.000000
352647.974919 4025819.383597 0.000000 -0.000000
352648.002767 4025819.327869 0.000000 0.000000
352648.030698 4025819.271971 0.000000 0.000000
352648.058716 4025819.215902 0.000000 -0.000000
352648.086822 4025819.159657 0.000000 -0.000000
352648.115017 4025819.103232 0.000000 -0.000000
352648.143305 4025819.046623 0.000000 -0.000000
352648.171686 4025818.989825 0.000000 0.000000
352648.200164 4025818.932836 0.000000 0.000000
352648.228739 4025818.875651 0.000000 -0.000000
352648.257414 4025818.818266 0.000000 0.000000
352648.286191 4025818.760677 0.000000 0.000000
352648.315072 4025818.702881 0.000000 0.000000
352648.344059 4025818.644872 0.000000 -0.000000
352648.373154 4025818.586647 0.000000 -0.000000
352648.402359 4025818.528201 0.000000 -0.000000
352648.431676 4025818.469532 0.000000 0.000000
352648.461107 4025818.410634 0.000000 0.000000
352648.490655 4025818.351503 0.000000 -0.000000
352648.520320 4025818.292136 0.000000 0.000000
352648.550107 4025818.232528 0.000000 -0.000000
352648.580016 4025818.172674 0.000000 0.000000
352648.610049 4025818.112570 0.000000 0.000000
352648.640210 4025818.052213 0.000000 0.000000
352648.670499 4025817.991597 0.000000 -0.000000
352648.700920 4025817.930718 0.000000 -0.000000
352648.731475 4025817.869572 0.000000 -0.000000
352648.762166 4025817.808154 0.000000 0.000000
352648.792994 4025817.746459 0.000000 0.000000
352648.823963 4025817.684483 0.000000 0.000000
352648.855075 4025817.622222 0.000000 0.000000
352648.886333 4025817.559669 0.000000 0.000000
352648.917738 4025817.496821 0.000000 -0.000000
352648.949293 4025817.433672 0.000000 -0.000000
352648.981001 4025817.370218 0.000000 0.000000
352649.012864 4025817.306454 0.000000 0.000000
352649.044885 4025817.242373 0.000000 0.000000
352649.077067 4025817.177971 0.000000 -0.000000
352649.109411 4025817.113243 0.000000 -0.000000
352649.141921 4025817.048183 0.000000 -0.000000
352649.174600 4025816.982786 0.000000 0.000000
352649.207451 4025816.917045 0.000000 0.000000
352649.240476 4025816.850956 0.000000 0.000000
352649.273678 4025816.784511 0.000000 -0.000000
352649.307060 4025816.717706 0.000000 -0.000000
352649.340626 4025816.650534 0.000000 0.000000
352649.374379 4025816.582988 0.000000 0.000000
352649.408321 4025816.515063 0.000000 -0.000000
352649.442456 4025816.446751 0.000000 -0.000000
352649.476788 4025816.378045 0.000000 0.000000
352649.511320 4025816.308940 0.000000 -0.000000
352649.546056 4025816.239426 0.000000 0.000000
352649.580999 4025816.169498 0.000000 -0.000000
352649.616153 4025816.099148 0.000000 0.000000
352649.651522 4025816.028366 0.000000 -0.000000
352649.687111 4025815.957146 0.000000 -0.000000
352649.722922 4025815.885479 0.000000 -0.000000
352649.758962 4025815.813357 0.000000 0.000000
352649.795234 4025815.740770 0.000000 -0.000000
352649.831742 4025815.667708 0.000000 -0.000000
352649.868492 4025815.594164 0.000000 0.000000
352649.905489 4025815.520126 0.000000 0.000000
352649.942738 4025815.445584 0.000000 0.000000
352649.980243 4025815.370527 0.000000 0.000000
352650.018011 4025815.294945 0.000000 0.000000
352650.056048 4025815.218827 0.000000 -0.000000
352650.094358 4025815.142159 0.000000 0.000000
352650.132949 4025815.064930 0.000000 0.000000
352650.171827 4025814.987127 0.000000 0.000000
352650.210999 4025814.908737 0.000000 -0.000000
352650.250471 4025814.829746 0.000000 0.000000
352650.290250 4025814.750139 0.000000 -0.000000
352650.330345 4025814.669901 0.000000 0.000000
352650.370762 4025814.589018 0.000000 -0.000000
352650.411510 4025814.507472 0.000000 -0.000000
352650.452597 4025814.425248 0.000000 0.000000
352650.494033 4025814.342328 0.000000 0.000000
352650.535825 4025814.258693 0.000000 0.000000
352650.577983 4025814.174326 0.000000 0.000000
352650.620517 4025814.089206 0.000000 0.000000
352650.663438 4025814.003313 0.000000 -0.000000
352650.706755 4025813.916627 0.000000 -0.000000
352650.750479 4025813.829125 0.000000 -0.000000
352650.794623 4025813.740785 0.000000 -0.000000
352650.839196 4025813.651583 0.000000 0.000000
352650.884213 4025813.561496 0.000000 0.000000
352650.929685 4025813.470497 0.000000 -0.000000
352650.975626 4025813.378560 0.000000 -0.000000
352651.022049 4025813.285658 0.000000 -0.000000
352651.068968 4025813.191762 0.000000 -0.000000
352651.116399 4025813.096843 0.000000 -0.000000
352651.164357 4025813.000869 0.000000 -0.000000
352651.212860 4025812.903805 0.000000 0.000000
352651.261924 4025812.805617 0.000000 -0.000000
352651.311570 4025812.706266 0.000000 -0.000000
352651.361817 4025812.605711 0.000000 -0.000000
352651.412688 4025812.503907 0.000000 0.000000
352651.464207 4025812.400806 0.000000 0.000000
352651.516402 4025812.296355 0.000000 -0.000000
352651.569300 4025812.190494 0.000000 0.000000
352651.622934 4025812.083162 0.000000 0.000000
352651.677338 4025811.974288 0.000000 0.000000
352651.732551 4025811.863794 0.000000 -0.000000
352651.788616 4025811.751597 0.000000 -0.000000
352651.845579 4025811.637603 0.000000 0.000000
352651.903491 4025811.521709 0.000000 -0.000000
352651.962409 4025811.403802 0.000000 0.000000
352652.022394 4025811.283758 0.000000 0.000000
352652.083516 4025811.161442 0.000000 -0.000000
352652.145848 4025811.036702 0.000000 -0.000000
352652.209472 4025810.909376 0.000000 0.000000
352652.274479 4025810.779285 0.000000 0.000000
352652.340965 4025810.646232 0.000000 0.000000
352652.409037 4025810.510006 0.000000 0.000000
352652.478812 4025810.370372 0.000000 0.000000
352652.550415 4025810.227080 0.000000 0.000000
352652.623983 4025810.079854 0.000000 0.000000
352652.699665 4025809.928399 0.000000 0.000000
352652.777621 4025809.772394 0.000000 0.000000
352652.858024 4025809.611491 0.000000 0.000000
352652.941061 4025809.445316 0.000000 0.000000
352653.026933 4025809.273467 0.000000 0.000000
352653.115858 4025809.095511 0.000000 0.000000
352653.208066 4025808.910983 0.000000 0.000000
352653.303808 4025808.719383 0.000000 0.000000
352653.403351 4025808.520177 0.000000 0.000000
352653.506979 4025808.312795 0.000000 0.000000
352653.614998 4025808.096627 0.000000 0.000000
352653.727734 4025807.871020 0.000000 0.000000
352653.845532 4025807.635282 0.000000 0.000000
352653.968761 4025807.388674 0.000000 0.000000
352654.097814 4025807.130412 0.000000 0.000000
352654.233107 4025806.859662 0.000000 0.000000
352654.375082 4025806.575541 0.000000 0.000000
