352661.472825 4025792.832290 0.000000 0.000000
352661.624309 4025792.539093 0.000000 0.000000
352661.768532 4025792.259953 0.000000 0.000000
352661.905969 4025791.993946 0.000000 0.000000
352662.037071 4025791.740200 0.000000 0.000000
352662.162265 4025791.497888 0.000000 0.000000
352662.281954 4025791.266234 0.000000 0.000000
352662.396515 4025791.044501 0.000000 0.000000
352662.506308 4025790.831999 0.000000 0.000000
352662.611668 4025790.628077 0.000000 0.000000
352662.712912 4025790.432122 0.000000 0.000000
352662.810335 4025790.243559 0.000000 0.000000
352662.904218 4025790.061851 0.000000 0.000000
352662.994820 4025789.886492 0.000000 0.000000
352663.082386 4025789.717009 0.000000 0.000000
352663.167145 4025789.552961 0.000000 0.000000
352663.249308 4025789.393935 0.000000 0.000000
352663.329075 4025789.239547 0.000000 0.000000
352663.406630 4025789.089440 0.000000 0.000000
352663.482146 4025788.943280 0.000000 0.000000
352663.555782 4025788.800759 0.000000 0.000000
352663.627687 4025788.661589 0.000000 0.000000
352663.697996 4025788.525506 0.000000 0.000000
352663.766838 4025788.392264 0.000000 0.000000
352663.834329 4025788.261635 0.000000 0.000000
352663.900578 4025788.133412 0.000000 0.000000
352663.965684 4025788.007401 0.000000 -0.000000
352664.029738 4025787.883426 0.000000 0.000000
352664.092825 4025787.761322 0.000000 -0.000000
352664.155021 4025787.640941 0.000000 0.000000
352664.216399 4025787.522146 0.000000 0.000000
352664.277022 4025787.404811 0.000000 0.000000
352664.336950 4025787.288821 0.000000 -0.000000
352664.396238 4025787.174070 0.000000 0.000000
352664.454934 4025787.060464 0.000000 0.000000
352664.513085 4025786.947914 0.000000 0.000000
352664.570732 4025786.836340 0.000000 -0.000000
352664.627912 4025786.725668 0.000000 0.000000
352664.684661 4025786.615832 0.000000 -0.000000
352664.741010 4025786.506770 0.000000 0.000000
352664.796988 4025786.398425 0.000000 -0.000000
352664.852623 4025786.290745 0.000000 0.000000
352664.907938 4025786.183683 0.000000 -0.000000
352664.962957 4025786.077195 0.000000 0.000000
352665.017700 4025785.971240 0.000000 -0.000000
352665.072188 4025785.865780 0.000000 -0.000000
352665.126439 4025785.760779 0.000000 -0.000000
352665.180469 4025785.656205 0.000000 0.000000
352665.234294 4025785.552026 0.000000 0.000000
352665.287931 4025785.448214 0.000000 -0.000000
352665.341392 4025785.344740 0.000000 0.000000
352665.394691 4025785.241580 0.000000 -0.000000
352665.447841 4025785.138709 0.000000 0.000000
352665.500854 4025785.036104 0.000000 0.000000
352665.553740 4025784.933743 0.000000 -0.000000
352665.606511 4025784.831607 0.000000 0.000000
352665.659175 4025784.729676 0.000000 -0.000000
352665.711742 4025784.627933 0.000000 -0.000000
352665.764221 4025784.526361 0.000000 0.000000
352665.816620 4025784.424945 0.000000 -0.000000
352665.868945 4025784.323670 0.000000 -0.000000
352665.921204 4025784.222523 0.000000 -0.000000
352665.973404 4025784.121491 0.000000 0.000000
352666.025550 4025784.020563 0.000000 0.000000
352666.077649 4025783.919727 0.000000 -0.000000
352666.129705 4025783.818974 0.000000 0.000000
352666.181723 4025783.718293 0.000000 0.000000
352666.233709 4025783.617676 0.000000 -0.000000
352666.285666 4025783.517114 0.000000 0.000000
352666.337598 4025783.416599 0.000000 0.000000
352666.389510 4025783.316125 0.000000 0.000000
352666.441405 4025783.215682 0.000000 -0.000000
352666.493287 4025783.115266 0.000000 0.000000
352666.545159 4025783.014868 0.000000 0.000000
352666.597025 4025782.914483 0.000000 -0.000000
352666.648887 4025782.814105 0.000000 -0.000000
352666.700749 4025782.713726 0.000000 -0.000000
352666.752615 4025782.613342 0.000000 0.000000
352666.804487 4025782.512944 0.000000 0.000000
352666.856368 4025782.412528 0.000000 -0.000000
352666.908264 4025782.312085 0.000000 0.000000
352666.960176 4025782.211610 0.000000 -0.000000
352667.012108 4025782.111096 0.000000 -0.000000
352667.064065 4025782.010534 0.000000 0.000000
352667.116051 4025781.909917 0.000000 0.000000
352667.168069 4025781.809236 0.000000 -0.000000
352667.220125 4025781.708483 0.000000 -0.000000
352667.272224 4025781.607647 0.000000 0.000000
352667.324370 4025781.506718 0.000000 -0.000000
352667.376570 4025781.405687 0.000000 -0.000000
352667.428829 4025781.304540 0.000000 0.000000
352667.481154 4025781.203265 0.000000 -0.000000
352667.533552 4025781.101849 0.000000 -0.000000
352667.586031 4025781.000277 0.000000 0.000000
352667.638598 4025780.898534 0.000000 -0.000000
352667.691263 4025780.796603 0.000000 -0.000000
352667.744033 4025780.694467 0.000000 -0.000000
352667.796920 4025780.592106 0.000000 0.000000
352667.849932 4025780.489501 0.000000 -0.000000
352667.903082 4025780.386630 0.000000 -0.000000
352667.956382 4025780.283470 0.000000 0.000000
352668.009843 4025780.179996 0.000000 0.000000
352668.063479 4025780.076184 0.000000 -0.000000
352668.117305 4025779.972005 0.000000 0.000000
352668.171335 4025779.867431 0.000000 0.000000
352668.225585 4025779.762430 0.000000 -0.000000
352668.280073 4025779.656970 0.000000 -0.000000
352668.334817 4025779.551015 0.000000 0.000000
352668.389836 4025779.444527 0.000000 -0.000000
352668.445151 4025779.337465 0.000000 -0.000000
352668.500785 4025779.229785 0.000000 0.000000
352668.556764 4025779.121440 0.000000 0.000000
352668.613113 4025779.012378 0.000000 0.000000
352668.669861 4025778.902541 0.000000 0.000000
352668.727042 4025778.791870 0.000000 -0.000000
352668.784688 4025778.680296 0.000000 0.000000
352668.842839 4025778.567745 0.000000 0.000000
352668.901536 4025778.454139 0.000000 0.000000
352668.960823 4025778.339389 0.000000 -0.000000
352669.020752 4025778.223399 0.000000 0.000000
352669.081375 4025778.106064 0.000000 0.000000
352669.142752 4025777.987269 0.000000 -0.000000
352669.204949 4025777.866888 0.000000 -0.000000
352669.268036 4025777.744784 0.000000 -0.000000
352669.332090 4025777.620808 0.000000 0.000000
352669.397196 4025777.494798 0.000000 -0.000000
352669.463444 4025777.366574 0.000000 -0.000000
352669.530935 4025777.235946 0.000000 -0.000000
352669.599777 4025777.102704 0.000000 -0.000000
352669.670087 4025776.966621 0.000000 -0.000000
352669.741991 4025776.827451 0.000000 -0.000000
352669.815627 4025776.684930 0.000000 -0.000000
352669.891143 4025776.538770 0.000000 -0.000000
352669.968699 4025776.388662 0.000000 -0.000000
352670.048466 4025776.234275 0.000000 -0.000000
352670.130629 4025776.075249 0.000000 -0.000000
352670.215387 4025775.911201 0.000000 -0.000000
352670.302953 4025775.741718 0.000000 -0.000000
352670.393556 4025775.566359 0.000000 -0.000000
352670.487438 4025775.384650 0.000000 -0.000000
352670.584862 4025775.196088 0.000000 -0.000000
352670.686106 4025775.000133 0.000000 -0.000000
352670.791466 4025774.796211 0.000000 -0.000000
352670.901258 4025774.583709 0.000000 -0.000000
352671.015820 4025774.361976 0.000000 -0.000000
352671.135508 4025774.130321 0.000000 -0.000000
352671.260703 4025773.888010 0.000000 -0.000000
352671.391805 4025773.634263 0.000000 -0.000000
352671.529242 4025773.368257 0.000000 -0.000000
352671.673464 4025773.089116 0.000000 -0.000000
