352661.472825 4025792.832290 0.000000 0.000000
352661.606927 4025792.553484 0.000000 0.007843
352661.743383 4025792.276276 0.000000 0.015686
352661.882671 4025792.001240 0.000000 0.023528
352662.025234 4025791.728949 0.000000 0.031371
352662.171472 4025791.459973 0.000000 0.039214
352662.321752 4025791.194873 0.000000 0.047057
352662.476400 4025790.934203 0.000000 0.054899
352662.635707 4025790.678502 0.000000 0.062742
352662.799927 4025790.428296 0.000000 0.070585
352662.969280 4025790.184097 0.000000 0.078428
352663.143950 4025789.946395 0.000000 0.086270
352663.324086 4025789.715662 0.000000 0.094113
352663.509805 4025789.492348 0.000000 0.101956
352663.701193 4025789.276880 0.000000 0.109799
352663.898300 4025789.069662 0.000000 0.117641
352664.101148 4025788.871071 0.000000 0.125484
352664.309730 4025788.681458 0.000000 0.133327
352664.524007 4025788.501149 0.000000 0.141170
352664.743914 4025788.330440 0.000000 0.145894
352664.969358 4025788.169600 0.000000 0.150114
352665.200222 4025788.018872 0.000000 0.153788
352665.436362 4025787.878468 0.000000 0.156885
352665.677610 4025787.748574 0.000000 0.159384
352665.923777 4025787.629347 0.000000 0.161273
352666.174652 4025787.520918 0.000000 0.162554
352666.430005 4025787.423391 0.000000 0.163240
352666.689584 4025787.336845 0.000000 0.163359
352666.953124 4025787.261331 0.000000 0.162946
352667.220340 4025787.196882 0.000000 0.162050
352667.490934 4025787.143503 0.000000 0.160726
352667.764595 4025787.101183 0.000000 0.159034
352668.041000 4025787.069888 0.000000 0.157039
352668.319814 4025787.049570 0.000000 0.148315
352668.600697 4025787.040164 0.000000 0.139590
352668.883299 4025787.041591 0.000000 0.130866
352669.167264 4025787.053763 0.000000 0.122142
352669.452234 4025787.076584 0.000000 0.113417
352669.737849 4025787.109951 0.000000 0.104693
352670.023748 4025787.153758 0.000000 0.095968
352670.309570 4025787.207901 0.000000 0.087244
352670.594960 4025787.272279 0.000000 0.078520
352670.879565 4025787.346798 0.000000 0.069795
352671.163043 4025787.431373 0.000000 0.061071
352671.445057 4025787.525935 0.000000 0.052346
352671.725283 4025787.630432 0.000000 0.043622
352672.003409 4025787.744834 0.000000 0.034898
352672.279140 4025787.869138 0.000000 0.026173
352672.552195 4025788.003372 0.000000 0.017449
352672.822315 4025788.147598 0.000000 0.008724
