352671.824949 4025772.795920 0.000000 0.000000
352671.980770 4025772.488698 0.000000 0.000000
352672.129120 4025772.196206 0.000000 0.000000
352672.270488 4025771.917481 0.000000 0.000000
352672.405336 4025771.651610 0.000000 0.000000
352672.534098 4025771.397738 0.000000 0.000000
352672.657185 4025771.155055 0.000000 0.000000
352672.774982 4025770.922802 0.000000 0.000000
352672.887852 4025770.700265 0.000000 0.000000
352672.996133 4025770.486774 0.000000 0.000000
352673.100145 4025770.281701 0.000000 0.000000
352673.200186 4025770.084456 0.000000 0.000000
352673.296535 4025769.894492 0.000000 0.000000
352673.389452 4025769.711293 0.000000 0.000000
352673.479180 4025769.534382 0.000000 0.000000
352673.565946 4025769.363312 0.000000 0.000000
352673.649959 4025769.197669 0.000000 0.000000
352673.731415 4025769.037068 0.000000 0.000000
352673.810495 4025768.881151 0.000000 0.000000
352673.887366 4025768.729589 0.000000 0.000000
352673.962184 4025768.582075 0.000000 0.000000
352674.035092 4025768.438328 0.000000 0.000000
352674.106221 4025768.298088 0.000000 0.000000
352674.175692 4025768.161116 0.000000 0.000000
352674.243617 4025768.027192 0.000000 -0.000000
352674.310099 4025767.896115 0.000000 -0.000000
352674.375229 4025767.767701 0.000000 -0.000000
352674.439095 4025767.641781 0.000000 0.000000
352674.501774 4025767.518201 0.000000 -0.000000
352674.563337 4025767.396821 0.000000 0.000000
352674.623850 4025767.277513 0.000000 0.000000
352674.683370 4025767.160160 0.000000 0.000000
352674.741952 4025767.044658 0.000000 0.000000
352674.799645 4025766.930909 0.000000 0.000000
352674.856492 4025766.818828 0.000000 0.000000
352674.912534 4025766.708334 0.000000 0.000000
352674.967807 4025766.599355 0.000000 -0.000000
352675.022345 4025766.491826 0.000000 -0.000000
352675.076178 4025766.385688 0.000000 -0.000000
352675.129333 4025766.280885 0.000000 0.000000
352675.181836 4025766.177368 0.000000 -0.000000
352675.233711 4025766.075090 0.000000 0.000000
352675.284978 4025765.974009 0.000000 -0.000000
352675.335659 4025765.874087 0.000000 -0.000000
352675.385770 4025765.775285 0.000000 -0.000000
352675.435331 4025765.677569 0.000000 -0.000000
352675.484357 4025765.580908 0.000000 0.000000
352675.532864 4025765.485269 0.000000 -0.000000
352675.580868 4025765.390624 0.000000 -0.000000
352675.628381 4025765.296944 0.000000 -0.000000
352675.675419 4025765.204203 0.000000 0.000000
352675.721995 4025765.112373 0.000000 -0.000000
352675.768120 4025765.021431 0.000000 -0.000000
352675.813808 4025764.931351 0.000000 0.000000
352675.859070 4025764.842111 0.000000 -0.000000
352675.903917 4025764.753688 0.000000 -0.000000
352675.948361 4025764.666061 0.000000 -0.000000
352675.992413 4025764.579208 0.000000 -0.000000
352676.036081 4025764.493110 0.000000 0.000000
352676.079377 4025764.407746 0.000000 0.000000
352676.122309 4025764.323100 0.000000 0.000000
352676.164887 4025764.239152 0.000000 -0.000000
352676.207119 4025764.155886 0.000000 -0.000000
352676.249014 4025764.073285 0.000000 0.000000
352676.290579 4025763.991333 0.000000 0.000000
352676.331823 4025763.910015 0.000000 -0.000000
352676.372754 4025763.829315 0.000000 0.000000
352676.413377 4025763.749220 0.000000 -0.000000
352676.453701 4025763.669716 0.000000 0.000000
352676.493732 4025763.590790 0.000000 -0.000000
352676.533476 4025763.512429 0.000000 -0.000000
352676.572940 4025763.434620 0.000000 -0.000000
352676.612130 4025763.357353 0.000000 0.000000
352676.651051 4025763.280615 0.000000 0.000000
352676.689709 4025763.204396 0.000000 0.000000
352676.728109 4025763.128685 0.000000 0.000000
352676.766257 4025763.053471 0.000000 0.000000
352676.804157 4025762.978745 0.000000 0.000000
352676.841815 4025762.904498 0.000000 0.000000
352676.879235 4025762.830720 0.000000 0.000000
352676.916421 4025762.757402 0.000000 0.000000
352676.953378 4025762.684536 0.000000 -0.000000
352676.990111 4025762.612112 0.000000 -0.000000
352677.026623 4025762.540124 0.000000 0.000000
352677.062918 4025762.468563 0.000000 -0.000000
352677.099001 4025762.397422 0.000000 -0.000000
352677.134874 4025762.326693 0.000000 -0.000000
352677.170542 4025762.256368 0.000000 0.000000
352677.206008 4025762.186442 0.000000 -0.000000
352677.241276 4025762.116906 0.000000 -0.000000
352677.276349 4025762.047755 0.000000 -0.000000
352677.311231 4025761.978982 0.000000 -0.000000
352677.345924 4025761.910580 0.000000 -0.000000
352677.380431 4025761.842544 0.000000 -0.000000
352677.414757 4025761.774867 0.000000 -0.000000
352677.448903 4025761.707543 0.000000 -0.000000
352677.482873 4025761.640566 0.000000 -0.000000
352677.516670 4025761.573931 0.000000 -0.000000
352677.550296 4025761.507632 0.000000 -0.000000
352677.583755 4025761.441664 0.000000 -0.000000
352677.617049 4025761.376021 0.000000 -0.000000
352677.650180 4025761.310697 0.000000 -0.000000
352677.683152 4025761.245688 0.000000 -0.000000
352677.715968 4025761.180989 0.000000 -0.000000
352677.748629 4025761.116594 0.000000 -0.000000
352677.781138 4025761.052498 0.000000 -0.000000
352677.813497 4025760.988696 0.000000 -0.000000
352677.845710 4025760.925184 0.000000 -0.000000
352677.877779 4025760.861957 0.000000 -0.000000
352677.909705 4025760.799009 0.000000 -0.000000
352677.941492 4025760.736337 0.000000 -0.000000
352677.973142 4025760.673935 0.000000 -0.000000
352678.004657 4025760.611800 0.000000 -0.000000
352678.036039 4025760.549926 0.000000 -0.000001
352678.067290 4025760.488309 0.000000 -0.000001
352678.098414 4025760.426945 0.000000 -0.000001
352678.129412 4025760.365829 0.000000 -0.000001
352678.160286 4025760.304956 0.000000 -0.000001
352678.191038 4025760.244324 0.000000 -0.000001
352678.221671 4025760.183927 0.000000 -0.000001
352678.252187 4025760.123761 0.000000 -0.000002
352678.282588 4025760.063821 0.000000 -0.000002
352678.312876 4025760.004105 0.000000 -0.000002
352678.343053 4025759.944607 0.000000 -0.000002
352678.373121 4025759.885324 0.000000 -0.000003
352678.403082 4025759.826251 0.000000 -0.000003
352678.432939 4025759.767384 0.000000 -0.000004
352678.462693 4025759.708720 0.000000 -0.000004
352678.492346 4025759.650254 0.000000 -0.000005
352678.521901 4025759.591982 0.000000 -0.000005
352678.551360 4025759.533901 0.000000 -0.000006
352678.580723 4025759.476006 0.000000 -0.000007
352678.609995 4025759.418294 0.000000 -0.000007
352678.639175 4025759.360760 0.000000 -0.000008
352678.668267 4025759.303401 0.000000 -0.000009
352678.697272 4025759.246213 0.000000 -0.000010
352678.726192 4025759.189192 0.000000 -0.000011
352678.755030 4025759.132335 0.000000 -0.000013
352678.783786 4025759.075637 0.000000 -0.000014
352678.812464 4025759.019095 0.000000 -0.000015
352678.841064 4025758.962704 0.000000 -0.000017
352678.869589 4025758.906463 0.000000 -0.000018
352678.898041 4025758.850365 0.000000 -0.000020
352678.926421 4025758.794409 0.000000 -0.000022
352678.954731 4025758.738590 0.000000 -0.000024
352678.982974 4025758.682904 0.000000 -0.000026
352679.011150 4025758.627349 0.000000 -0.000028
352679.039263 4025758.571920 0.000000 -0.000031
352679.067312 4025758.516614 0.000000 -0.000033
352679.095301 4025758.461428 0.000000 -0.000036
352679.123231 4025758.406357 0.000000 -0.000039
352679.151104 4025758.351400 0.000000 -0.000042
352679.178921 4025758.296551 0.000000 -0.000045
352679.206685 4025758.241808 0.000000 -0.000048
352679.234396 4025758.187168 0.000000 -0.000052
352679.262057 4025758.132627 0.000000 -0.000056
352679.289669 4025758.078182 0.000000 -0.000060
352679.317233 4025758.023829 0.000000 -0.000064
352679.344752 4025757.969567 0.000000 -0.000069
352679.372227 4025757.915391 0.000000 -0.000073
352679.399659 4025757.861298 0.000000 -0.000078
352679.427050 4025757.807286 0.000000 -0.000083
352679.454401 4025757.753352 0.000000 -0.000088
352679.481714 4025757.699492 0.000000 -0.000094
352679.508991 4025757.645704 0.000000 -0.000100
352679.536232 4025757.591985 0.000000 -0.000106
352679.563438 4025757.538333 0.000000 -0.000112
352679.590613 4025757.484744 0.000000 -0.000118
352679.617755 4025757.431216 0.000000 -0.000125
352679.644868 4025757.377747 0.000000 -0.000132
352679.671952 4025757.324334 0.000000 -0.000139
352679.699008 4025757.270974 0.000000 -0.000147
352679.726037 4025757.217665 0.000000 -0.000154
352679.753041 4025757.164406 0.000000 -0.000162
352679.780021 4025757.111193 0.000000 -0.000171
352679.806978 4025757.058025 0.000000 -0.000179
352679.833912 4025757.004898 0.000000 -0.000188
352679.860825 4025756.951813 0.000000 -0.000197
352679.887719 4025756.898765 0.000000 -0.000206
352679.914593 4025756.845754 0.000000 -0.000215
352679.941449 4025756.792777 0.000000 -0.000225
352679.968287 4025756.739832 0.000000 -0.000235
352679.995109 4025756.686918 0.000000 -0.000245
352680.021915 4025756.634034 0.000000 -0.000256
352680.048706 4025756.581177 0.000000 -0.000266
352680.075484 4025756.528346 0.000000 -0.000277
352680.102247 4025756.475539 0.000000 -0.000289
352680.128998 4025756.422755 0.000000 -0.000300
352680.155737 4025756.369992 0.000000 -0.000312
352680.182465 4025756.317250 0.000000 -0.000323
352680.209182 4025756.264526 0.000000 -0.000335
352680.235888 4025756.211820 0.000000 -0.000348
352680.262585 4025756.159131 0.000000 -0.000360
352680.289273 4025756.106457 0.000000 -0.000373
352680.315953 4025756.053796 0.000000 -0.000386
352680.342624 4025756.001149 0.000000 -0.000399
352680.369287 4025755.948515 0.000000 -0.000412
352680.395943 4025755.895891 0.000000 -0.000426
352680.422592 4025755.843278 0.000000 -0.000439
352680.449235 4025755.790675 0.000000 -0.000453
352680.475871 4025755.738080 0.000000 -0.000467
352680.502502 4025755.685493 0.000000 -0.000481
352680.529126 4025755.632914 0.000000 -0.000496
352680.555746 4025755.580341 0.000000 -0.000510
352680.582361 4025755.527774 0.000000 -0.000525
352680.608970 4025755.475213 0.000000 -0.000540
352680.635576 4025755.422657 0.000000 -0.000554
352680.662176 4025755.370105 0.000000 -0.000569
352680.688773 4025755.317557 0.000000 -0.000585
352680.715366 4025755.265012 0.000000 -0.000600
352680.741954 4025755.212470 0.000000 -0.000615
352680.768539 4025755.159931 0.000000 -0.000630
352680.795121 4025755.107395 0.000000 -0.000646
352680.821699 4025755.054860 0.000000 -0.000661
352680.848273 4025755.002327 0.000000 -0.000677
352680.874844 4025754.949795 0.000000 -0.000693
352680.901412 4025754.897264 0.000000 -0.000708
352680.927977 4025754.844734 0.000000 -0.000724
352680.954539 4025754.792204 0.000000 -0.000740
352680.981098 4025754.739675 0.000000 -0.000755
352681.007654 4025754.687146 0.000000 -0.000771
352681.034206 4025754.634617 0.000000 -0.000786
352681.060756 4025754.582087 0.000000 -0.000802
352681.087303 4025754.529557 0.000000 -0.000818
352681.113847 4025754.477027 0.000000 -0.000833
352681.140388 4025754.424496 0.000000 -0.000848
352681.166926 4025754.371964 0.000000 -0.000864
352681.193461 4025754.319431 0.000000 -0.000879
352681.219993 4025754.266897 0.000000 -0.000894
352681.246522 4025754.214363 0.000000 -0.000909
352681.273049 4025754.161827 0.000000 -0.000924
352681.299572 4025754.109289 0.000000 -0.000939
352681.326092 4025754.056751 0.000000 -0.000953
352681.352609 4025754.004211 0.000000 -0.000967
352681.379123 4025753.951670 0.000000 -0.000981
352681.405634 4025753.899127 0.000000 -0.000995
352681.432142 4025753.846583 0.000000 -0.001009
352681.458646 4025753.794037 0.000000 -0.001022
352681.485147 4025753.741490 0.000000 -0.001035
352681.511645 4025753.688941 0.000000 -0.001048
352681.538140 4025753.636390 0.000000 -0.001061
352681.564631 4025753.583838 0.000000 -0.001073
352681.591119 4025753.531284 0.000000 -0.001085
352681.617604 4025753.478729 0.000000 -0.001096
352681.644085 4025753.426171 0.000000 -0.001107
352681.670563 4025753.373612 0.000000 -0.001118
352681.697037 4025753.321051 0.000000 -0.001128
352681.723507 4025753.268488 0.000000 -0.001138
352681.749974 4025753.215924 0.000000 -0.001147
352681.776438 4025753.163358 0.000000 -0.001156
352681.802897 4025753.110790 0.000000 -0.001165
352681.829353 4025753.058220 0.000000 -0.001173
352681.855806 4025753.005648 0.000000 -0.001180
352681.882254 4025752.953074 0.000000 -0.001187
352681.908699 4025752.900498 0.000000 -0.001193
352681.935140 4025752.847921 0.000000 -0.001199
352681.961577 4025752.795342 0.000000 -0.001204
352681.988011 4025752.742760 0.000000 -0.001209
352682.014440 4025752.690177 0.000000 -0.001213
352682.040866 4025752.637592 0.000000 -0.001217
352682.067288 4025752.585005 0.000000 -0.001219
352682.093706 4025752.532416 0.000000 -0.001222
352682.120120 4025752.479825 0.000000 -0.001223
352682.146531 4025752.427232 0.000000 -0.001224
352682.172937 4025752.374637 0.000000 -0.001224
352682.199339 4025752.322040 0.000000 -0.001224
352682.225738 4025752.269441 0.000000 -0.001223
352682.252133 4025752.216841 0.000000 -0.001221
352682.278524 4025752.164238 0.000000 -0.001219
352682.304911 4025752.111633 0.000000 -0.001216
352682.331294 4025752.059027 0.000000 -0.001212
352682.357674 4025752.006418 0.000000 -0.001208
352682.384049 4025751.953808 0.000000 -0.001203
352682.410421 4025751.901196 0.000000 -0.001197
352682.436789 4025751.848581 0.000000 -0.001191
352682.463153 4025751.795965 0.000000 -0.001184
352682.489513 4025751.743347 0.000000 -0.001176
352682.515870 4025751.690727 0.000000 -0.001168
352682.542223 4025751.638106 0.000000 -0.001159
352682.568572 4025751.585482 0.000000 -0.001149
352682.594918 4025751.532857 0.000000 -0.001139
352682.621260 4025751.480230 0.000000 -0.001128
352682.647599 4025751.427601 0.000000 -0.001117
352682.673934 4025751.374970 0.000000 -0.001105
352682.700266 4025751.322337 0.000000 -0.001092
352682.726594 4025751.269703 0.000000 -0.001079
352682.752918 4025751.217067 0.000000 -0.001066
352682.779240 4025751.164430 0.000000 -0.001051
352682.805558 4025751.111790 0.000000 -0.001037
352682.831873 4025751.059149 0.000000 -0.001022
352682.858184 4025751.006507 0.000000 -0.001006
352682.884493 4025750.953863 0.000000 -0.000990
352682.910798 4025750.901217 0.000000 -0.000974
352682.937100 4025750.848570 0.000000 -0.000957
352682.963400 4025750.795921 0.000000 -0.000940
352682.989696 4025750.743271 0.000000 -0.000922
352683.015990 4025750.690619 0.000000 -0.000905
352683.042280 4025750.637966 0.000000 -0.000886
352683.068568 4025750.585312 0.000000 -0.000868
352683.094853 4025750.532656 0.000000 -0.000849
352683.121136 4025750.479999 0.000000 -0.000831
352683.147416 4025750.427341 0.000000 -0.000812
352683.173693 4025750.374681 0.000000 -0.000793
352683.199968 4025750.322020 0.000000 -0.000773
352683.226241 4025750.269358 0.000000 -0.000754
352683.252511 4025750.216695 0.000000 -0.000734
352683.278780 4025750.164030 0.000000 -0.000715
352683.305045 4025750.111365 0.000000 -0.000695
352683.331309 4025750.058698 0.000000 -0.000676
352683.357571 4025750.006031 0.000000 -0.000656
352683.383831 4025749.953362 0.000000 -0.000637
352683.410088 4025749.900693 0.000000 -0.000618
352683.436344 4025749.848022 0.000000 -0.000599
352683.462598 4025749.795351 0.000000 -0.000579
352683.488851 4025749.742678 0.000000 -0.000560
352683.515101 4025749.690005 0.000000 -0.000542
352683.541350 4025749.637331 0.000000 -0.000523
352683.567598 4025749.584656 0.000000 -0.000505
352683.593844 4025749.531981 0.000000 -0.000486
352683.620088 4025749.479305 0.000000 -0.000469
352683.646331 4025749.426628 0.000000 -0.000451
352683.672573 4025749.373950 0.000000 -0.000433
352683.698813 4025749.321272 0.000000 -0.000416
352683.725052 4025749.268593 0.000000 -0.000400
352683.751291 4025749.215913 0.000000 -0.000383
352683.777527 4025749.163233 0.000000 -0.000367
352683.803763 4025749.110553 0.000000 -0.000351
352683.829998 4025749.057872 0.000000 -0.000336
352683.856232 4025749.005190 0.000000 -0.000321
352683.882465 4025748.952508 0.000000 -0.000306
352683.908697 4025748.899826 0.000000 -0.000292
352683.934928 4025748.847143 0.000000 -0.000278
352683.961159 4025748.794459 0.000000 -0.000264
352683.987388 4025748.741776 0.000000 -0.000251
352684.013617 4025748.689092 0.000000 -0.000239
352684.039846 4025748.636407 0.000000 -0.000226
352684.066073 4025748.583723 0.000000 -0.000214
352684.092300 4025748.531038 0.000000 -0.000203
352684.118527 4025748.478352 0.000000 -0.000192
352684.144753 4025748.425667 0.000000 -0.000181
352684.170978 4025748.372981 0.000000 -0.000171
352684.197204 4025748.320295 0.000000 -0.000161
352684.223428 4025748.267609 0.000000 -0.000151
352684.249652 4025748.214922 0.000000 -0.000142
352684.275876 4025748.162236 0.000000 -0.000133
352684.302100 4025748.109549 0.000000 -0.000125
352684.328323 4025748.056862 0.000000 -0.000117
352684.354546 4025748.004175 0.000000 -0.000110
352684.380768 4025747.951488 0.000000 -0.000102
352684.406990 4025747.898800 0.000000 -0.000095
352684.433212 4025747.846113 0.000000 -0.000089
352684.459434 4025747.793425 0.000000 -0.000083
352684.485656 4025747.740737 0.000000 -0.000077
352684.511877 4025747.688050 0.000000 -0.000071
352684.538099 4025747.635362 0.000000 -0.000066
352684.564320 4025747.582674 0.000000 -0.000061
352684.590541 4025747.529986 0.000000 -0.000056
352684.616761 4025747.477297 0.000000 -0.000052
352684.642982 4025747.424609 0.000000 -0.000048
352684.669203 4025747.371921 0.000000 -0.000044
352684.695423 4025747.319233 0.000000 -0.000040
352684.721644 4025747.266544 0.000000 -0.000037
352684.747864 4025747.213856 0.000000 -0.000034
352684.774084 4025747.161167 0.000000 -0.000031
352684.800304 4025747.108479 0.000000 -0.000028
352684.826524 4025747.055791 0.000000 -0.000026
352684.852744 4025747.003102 0.000000 -0.000023
352684.878964 4025746.950413 0.000000 -0.000021
352684.905184 4025746.897725 0.000000 -0.000019
352684.931404 4025746.845036 0.000000 -0.000017
352684.957624 4025746.792348 0.000000 -0.000015
352684.983844 4025746.739659 0.000000 -0.000014
352685.010064 4025746.686970 0.000000 -0.000012
352685.036284 4025746.634282 0.000000 -0.000011
352685.062503 4025746.581593 0.000000 -0.000010
352685.088723 4025746.528905 0.000000 -0.000009
352685.114943 4025746.476216 0.000000 -0.000008
352685.141163 4025746.423527 0.000000 -0.000007
352685.167382 4025746.370839 0.000000 -0.000006
352685.193602 4025746.318150 0.000000 -0.000005
352685.219822 4025746.265461 0.000000 -0.000005
352685.246042 4025746.212772 0.000000 -0.000004
352685.272261 4025746.160084 0.000000 -0.000003
352685.298481 4025746.107395 0.000000 -0.000003
352685.324701 4025746.054706 0.000000 -0.000003
352685.350920 4025746.002018 0.000000 -0.000002
352685.377140 4025745.949329 0.000000 -0.000002
352685.403360 4025745.896640 0.000000 -0.000002
352685.429580 4025745.843952 0.000000 -0.000001
352685.455799 4025745.791263 0.000000 -0.000001
352685.482019 4025745.738574 0.000000 -0.000001
352685.508239 4025745.685886 0.000000 -0.000001
352685.534458 4025745.633197 0.000000 -0.000001
352685.560678 4025745.580508 0.000000 -0.000001
352685.586898 4025745.527819 0.000000 -0.000000
352685.613117 4025745.475131 0.000000 -0.000000
352685.639337 4025745.422442 0.000000 -0.000000
352685.665557 4025745.369753 0.000000 -0.000000
352685.691776 4025745.317065 0.000000 -0.000000
352685.717996 4025745.264376 0.000000 -0.000000
352685.744216 4025745.211687 0.000000 -0.000000
352685.770436 4025745.158999 0.000000 -0.000000
352685.796655 4025745.106310 0.000000 -0.000000
352685.822875 4025745.053621 0.000000 -0.000000
352685.849095 4025745.000932 0.000000 -0.000000
352685.875314 4025744.948244 0.000000 -0.000000
352685.901534 4025744.895555 0.000000 -0.000000
352685.927754 4025744.842866 0.000000 -0.000000
352685.953973 4025744.790178 0.000000 -0.000000
352685.980193 4025744.737489 0.000000 -0.000000
352686.006413 4025744.684800 0.000000 -0.000000
352686.032633 4025744.632112 0.000000 -0.000000
352686.058852 4025744.579423 0.000000 -0.000000
352686.085072 4025744.526734 0.000000 -0.000000
352686.111292 4025744.474045 0.000000 -0.000000
352686.137511 4025744.421357 0.000000 -0.000000
352686.163731 4025744.368668 0.000000 -0.000000
352686.189951 4025744.315979 0.000000 -0.000000
352686.216170 4025744.263291 0.000000 -0.000000
352686.242390 4025744.210602 0.000000 0.000000
352686.268610 4025744.157913 0.000000 -0.000000
352686.294829 4025744.105225 0.000000 -0.000000
352686.321049 4025744.052536 0.000000 0.000000
352686.347269 4025743.999847 0.000000 -0.000000
352686.373489 4025743.947158 0.000000 -0.000000
352686.399708 4025743.894470 0.000000 0.000000
352686.425928 4025743.841781 0.000000 0.000000
352686.452148 4025743.789092 0.000000 0.000000
352686.478367 4025743.736404 0.000000 -0.000000
352686.504587 4025743.683715 0.000000 -0.000000
352686.530807 4025743.631026 0.000000 -0.000000
352686.557026 4025743.578338 0.000000 -0.000000
352686.583246 4025743.525649 0.000000 0.000000
352686.609466 4025743.472960 0.000000 -0.000000
352686.635685 4025743.420272 0.000000 -0.000000
352686.661905 4025743.367583 0.000000 -0.000000
352686.688125 4025743.314894 0.000000 0.000000
352686.714345 4025743.262205 0.000000 0.000000
352686.740564 4025743.209517 0.000000 0.000000
352686.766784 4025743.156828 0.000000 0.000000
352686.793004 4025743.104139 0.000000 0.000000
352686.819223 4025743.051451 0.000000 0.000000
352686.845443 4025742.998762 0.000000 0.000000
352686.871663 4025742.946073 0.000000 0.000000
352686.897882 4025742.893385 0.000000 0.000000
352686.924102 4025742.840696 0.000000 0.000000
352686.950322 4025742.788007 0.000000 0.000000
352686.976542 4025742.735318 0.000000 0.000000
352687.002761 4025742.682630 0.000000 0.000000
352687.028981 4025742.629941 0.000000 0.000000
352687.055201 4025742.577252 0.000000 0.000000
352687.081420 4025742.524564 0.000000 0.000000
352687.107640 4025742.471875 0.000000 0.000000
352687.133860 4025742.419186 0.000000 0.000000
352687.160079 4025742.366498 0.000000 0.000000
352687.186299 4025742.313809 0.000000 0.000000
352687.212519 4025742.261120 0.000000 0.000000
352687.238738 4025742.208431 0.000000 0.000000
352687.264958 4025742.155743 0.000000 0.000000
352687.291178 4025742.103054 0.000000 0.000000
352687.317398 4025742.050365 0.000000 0.000001
352687.343617 4025741.997677 0.000000 0.000001
352687.369837 4025741.944988 0.000000 0.000001
352687.396057 4025741.892299 0.000000 0.000001
352687.422276 4025741.839611 0.000000 0.000001
352687.448496 4025741.786922 0.000000 0.000001
352687.474716 4025741.734233 0.000000 0.000001
352687.500935 4025741.681545 0.000000 0.000002
352687.527155 4025741.628856 0.000000 0.000002
352687.553375 4025741.576167 0.000000 0.000002
352687.579595 4025741.523478 0.000000 0.000003
352687.605814 4025741.470790 0.000000 0.000003
352687.632034 4025741.418101 0.000000 0.000003
352687.658254 4025741.365412 0.000000 0.000004
352687.684473 4025741.312724 0.000000 0.000004
352687.710693 4025741.260035 0.000000 0.000005
352687.736913 4025741.207346 0.000000 0.000005
352687.763133 4025741.154658 0.000000 0.000006
352687.789352 4025741.101969 0.000000 0.000007
352687.815572 4025741.049280 0.000000 0.000008
352687.841792 4025740.996592 0.000000 0.000009
352687.868012 4025740.943903 0.000000 0.000010
352687.894232 4025740.891214 0.000000 0.000011
352687.920451 4025740.838526 0.000000 0.000012
352687.946671 4025740.785837 0.000000 0.000013
352687.972891 4025740.733149 0.000000 0.000015
352687.999111 4025740.680460 0.000000 0.000016
352688.025331 4025740.627771 0.000000 0.000018
352688.051551 4025740.575083 0.000000 0.000019
352688.077771 4025740.522394 0.000000 0.000021
352688.103991 4025740.469706 0.000000 0.000023
352688.130212 4025740.417017 0.000000 0.000025
352688.156432 4025740.364329 0.000000 0.000027
352688.182652 4025740.311641 0.000000 0.000030
352688.208872 4025740.258952 0.000000 0.000032
352688.235093 4025740.206264 0.000000 0.000035
352688.261313 4025740.153576 0.000000 0.000038
352688.287534 4025740.100887 0.000000 0.000041
352688.313755 4025740.048199 0.000000 0.000044
352688.339976 4025739.995511 0.000000 0.000048
352688.366197 4025739.942823 0.000000 0.000051
352688.392418 4025739.890135 0.000000 0.000055
352688.418639 4025739.837447 0.000000 0.000059
352688.444861 4025739.784759 0.000000 0.000063
352688.471082 4025739.732072 0.000000 0.000068
352688.497304 4025739.679384 0.000000 0.000073
352688.523526 4025739.626696 0.000000 0.000078
352688.549748 4025739.574009 0.000000 0.000083
352688.575971 4025739.521322 0.000000 0.000088
352688.602193 4025739.468634 0.000000 0.000094
352688.628416 4025739.415947 0.000000 0.000099
352688.654639 4025739.363260 0.000000 0.000106
352688.680863 4025739.310574 0.000000 0.000112
352688.707087 4025739.257887 0.000000 0.000118
352688.733311 4025739.205201 0.000000 0.000125
352688.759535 4025739.152514 0.000000 0.000132
352688.785760 4025739.099828 0.000000 0.000140
352688.811986 4025739.047142 0.000000 0.000147
352688.838211 4025738.994457 0.000000 0.000155
352688.864438 4025738.941771 0.000000 0.000163
352688.890664 4025738.889086 0.000000 0.000171
352688.916892 4025738.836401 0.000000 0.000180
352688.943119 4025738.783716 0.000000 0.000188
352688.969348 4025738.731032 0.000000 0.000197
352688.995576 4025738.678348 0.000000 0.000206
352689.021806 4025738.625664 0.000000 0.000216
352689.048036 4025738.572981 0.000000 0.000225
352689.074267 4025738.520298 0.000000 0.000235
352689.100498 4025738.467615 0.000000 0.000245
352689.126731 4025738.414932 0.000000 0.000255
352689.152964 4025738.362250 0.000000 0.000266
352689.179198 4025738.309569 0.000000 0.000276
352689.205432 4025738.256888 0.000000 0.000287
352689.231668 4025738.204207 0.000000 0.000298
352689.257905 4025738.151527 0.000000 0.000309
352689.284142 4025738.098847 0.000000 0.000320
352689.310380 4025738.046168 0.000000 0.000331
352689.336620 4025737.993489 0.000000 0.000343
352689.362860 4025737.940810 0.000000 0.000354
352689.389102 4025737.888133 0.000000 0.000365
352689.415345 4025737.835456 0.000000 0.000377
352689.441589 4025737.782779 0.000000 0.000389
352689.467834 4025737.730103 0.000000 0.000400
352689.494080 4025737.677428 0.000000 0.000412
352689.520328 4025737.624753 0.000000 0.000423
352689.546577 4025737.572079 0.000000 0.000435
352689.572827 4025737.519406 0.000000 0.000447
352689.599079 4025737.466733 0.000000 0.000458
352689.625332 4025737.414061 0.000000 0.000470
352689.651587 4025737.361390 0.000000 0.000481
352689.677843 4025737.308719 0.000000 0.000493
352689.704101 4025737.256050 0.000000 0.000504
352689.730360 4025737.203381 0.000000 0.000515
352689.756621 4025737.150713 0.000000 0.000526
352689.782884 4025737.098046 0.000000 0.000536
352689.809148 4025737.045379 0.000000 0.000547
352689.835414 4025736.992714 0.000000 0.000557
352689.861682 4025736.940049 0.000000 0.000568
352689.887952 4025736.887386 0.000000 0.000578
352689.914223 4025736.834723 0.000000 0.000587
352689.940497 4025736.782061 0.000000 0.000597
352689.966772 4025736.729400 0.000000 0.000606
352689.993049 4025736.676740 0.000000 0.000615
352690.019328 4025736.624081 0.000000 0.000623
352690.045609 4025736.571423 0.000000 0.000632
352690.071892 4025736.518766 0.000000 0.000640
352690.098177 4025736.466110 0.000000 0.000647
352690.124465 4025736.413455 0.000000 0.000655
352690.150754 4025736.360801 0.000000 0.000662
352690.177045 4025736.308149 0.000000 0.000668
352690.203339 4025736.255497 0.000000 0.000674
352690.229634 4025736.202846 0.000000 0.000680
352690.255932 4025736.150196 0.000000 0.000686
352690.282232 4025736.097548 0.000000 0.000691
352690.308534 4025736.044901 0.000000 0.000695
352690.334839 4025735.992254 0.000000 0.000700
352690.361146 4025735.939609 0.000000 0.000703
352690.387454 4025735.886965 0.000000 0.000707
352690.413766 4025735.834322 0.000000 0.000710
352690.440079 4025735.781680 0.000000 0.000713
352690.466395 4025735.729040 0.000000 0.000715
352690.492713 4025735.676400 0.000000 0.000717
352690.519033 4025735.623762 0.000000 0.000718
352690.545355 4025735.571124 0.000000 0.000719
352690.571680 4025735.518488 0.000000 0.000719
352690.598007 4025735.465853 0.000000 0.000720
352690.624336 4025735.413219 0.000000 0.000719
352690.650668 4025735.360587 0.000000 0.000719
352690.677002 4025735.307955 0.000000 0.000717
352690.703338 4025735.255325 0.000000 0.000716
352690.729677 4025735.202695 0.000000 0.000714
352690.756017 4025735.150067 0.000000 0.000712
352690.782360 4025735.097440 0.000000 0.000709
352690.808705 4025735.044814 0.000000 0.000706
352690.835053 4025734.992190 0.000000 0.000703
352690.861402 4025734.939566 0.000000 0.000699
352690.887754 4025734.886943 0.000000 0.000695
352690.914108 4025734.834322 0.000000 0.000691
352690.940465 4025734.781702 0.000000 0.000686
352690.966823 4025734.729082 0.000000 0.000681
352690.993184 4025734.676464 0.000000 0.000676
352691.019546 4025734.623847 0.000000 0.000670
352691.045911 4025734.571231 0.000000 0.000664
352691.072278 4025734.518616 0.000000 0.000658
352691.098647 4025734.466002 0.000000 0.000652
352691.125018 4025734.413389 0.000000 0.000645
352691.151391 4025734.360777 0.000000 0.000638
352691.177766 4025734.308166 0.000000 0.000631
352691.204143 4025734.255556 0.000000 0.000624
352691.230522 4025734.202947 0.000000 0.000616
352691.256902 4025734.150339 0.000000 0.000608
352691.283285 4025734.097732 0.000000 0.000600
352691.309670 4025734.045125 0.000000 0.000592
352691.336056 4025733.992520 0.000000 0.000584
352691.362445 4025733.939916 0.000000 0.000576
352691.388835 4025733.887312 0.000000 0.000567
352691.415226 4025733.834710 0.000000 0.000559
352691.441620 4025733.782108 0.000000 0.000550
352691.468015 4025733.729507 0.000000 0.000541
352691.494412 4025733.676907 0.000000 0.000532
352691.520811 4025733.624308 0.000000 0.000523
352691.547211 4025733.571710 0.000000 0.000514
352691.573613 4025733.519112 0.000000 0.000505
352691.600016 4025733.466515 0.000000 0.000496
352691.626421 4025733.413919 0.000000 0.000486
352691.652827 4025733.361324 0.000000 0.000477
352691.679235 4025733.308729 0.000000 0.000468
352691.705645 4025733.256136 0.000000 0.000458
352691.732055 4025733.203542 0.000000 0.000449
352691.758467 4025733.150950 0.000000 0.000440
352691.784881 4025733.098358 0.000000 0.000430
352691.811296 4025733.045767 0.000000 0.000421
352691.837712 4025732.993177 0.000000 0.000412
352691.864129 4025732.940587 0.000000 0.000403
352691.890547 4025732.887998 0.000000 0.000393
352691.916967 4025732.835409 0.000000 0.000384
352691.943388 4025732.782821 0.000000 0.000375
352691.969810 4025732.730234 0.000000 0.000366
352691.996233 4025732.677647 0.000000 0.000357
352692.022658 4025732.625060 0.000000 0.000348
352692.049083 4025732.572475 0.000000 0.000339
352692.075509 4025732.519889 0.000000 0.000330
352692.101937 4025732.467305 0.000000 0.000322
352692.128365 4025732.414720 0.000000 0.000313
352692.154794 4025732.362136 0.000000 0.000304
352692.181224 4025732.309553 0.000000 0.000296
352692.207655 4025732.256970 0.000000 0.000288
352692.234087 4025732.204388 0.000000 0.000279
352692.260520 4025732.151806 0.000000 0.000271
352692.286954 4025732.099224 0.000000 0.000263
352692.313388 4025732.046643 0.000000 0.000255
352692.339823 4025731.994062 0.000000 0.000247
352692.366259 4025731.941481 0.000000 0.000240
352692.392696 4025731.888901 0.000000 0.000232
352692.419133 4025731.836321 0.000000 0.000225
352692.445571 4025731.783742 0.000000 0.000217
352692.472010 4025731.731163 0.000000 0.000210
352692.498449 4025731.678584 0.000000 0.000203
352692.524889 4025731.626005 0.000000 0.000196
352692.551330 4025731.573427 0.000000 0.000189
352692.577771 4025731.520849 0.000000 0.000182
352692.604212 4025731.468272 0.000000 0.000176
352692.630654 4025731.415694 0.000000 0.000169
352692.657097 4025731.363117 0.000000 0.000163
352692.683540 4025731.310540 0.000000 0.000157
352692.709983 4025731.257963 0.000000 0.000151
352692.736427 4025731.205387 0.000000 0.000145
352692.762872 4025731.152811 0.000000 0.000139
352692.789317 4025731.100235 0.000000 0.000134
352692.815762 4025731.047659 0.000000 0.000128
352692.842207 4025730.995083 0.000000 0.000123
352692.868653 4025730.942508 0.000000 0.000118
352692.895100 4025730.889932 0.000000 0.000112
352692.921546 4025730.837357 0.000000 0.000108
352692.947993 4025730.784782 0.000000 0.000103
352692.974440 4025730.732207 0.000000 0.000098
352693.000888 4025730.679632 0.000000 0.000094
352693.027335 4025730.627058 0.000000 0.000089
352693.053783 4025730.574483 0.000000 0.000085
352693.080232 4025730.521909 0.000000 0.000081
352693.106680 4025730.469335 0.000000 0.000077
352693.133129 4025730.416761 0.000000 0.000073
352693.159578 4025730.364187 0.000000 0.000069
352693.186027 4025730.311613 0.000000 0.000066
352693.212476 4025730.259039 0.000000 0.000062
352693.238925 4025730.206465 0.000000 0.000059
352693.265375 4025730.153892 0.000000 0.000056
352693.291825 4025730.101318 0.000000 0.000053
352693.318275 4025730.048745 0.000000 0.000050
352693.344725 4025729.996171 0.000000 0.000047
352693.371175 4025729.943598 0.000000 0.000044
352693.397625 4025729.891024 0.000000 0.000042
352693.424075 4025729.838451 0.000000 0.000039
352693.450526 4025729.785878 0.000000 0.000037
352693.476977 4025729.733305 0.000000 0.000034
352693.503427 4025729.680732 0.000000 0.000032
352693.529878 4025729.628159 0.000000 0.000030
352693.556329 4025729.575585 0.000000 0.000028
352693.582780 4025729.523012 0.000000 0.000026
352693.609231 4025729.470440 0.000000 0.000024
352693.635682 4025729.417867 0.000000 0.000023
352693.662133 4025729.365294 0.000000 0.000021
352693.688584 4025729.312721 0.000000 0.000020
352693.715035 4025729.260148 0.000000 0.000018
352693.741486 4025729.207575 0.000000 0.000017
352693.767938 4025729.155002 0.000000 0.000016
352693.794389 4025729.102429 0.000000 0.000014
352693.820840 4025729.049857 0.000000 0.000013
352693.847292 4025728.997284 0.000000 0.000012
352693.873743 4025728.944711 0.000000 0.000011
352693.900195 4025728.892138 0.000000 0.000010
352693.926646 4025728.839566 0.000000 0.000009
352693.953098 4025728.786993 0.000000 0.000009
352693.979549 4025728.734420 0.000000 0.000008
352694.006001 4025728.681848 0.000000 0.000007
352694.032452 4025728.629275 0.000000 0.000007
352694.058904 4025728.576702 0.000000 0.000006
352694.085355 4025728.524130 0.000000 0.000005
352694.111807 4025728.471557 0.000000 0.000005
352694.138258 4025728.418984 0.000000 0.000004
352694.164710 4025728.366412 0.000000 0.000004
352694.191162 4025728.313839 0.000000 0.000004
352694.217613 4025728.261266 0.000000 0.000003
352694.244065 4025728.208694 0.000000 0.000003
352694.270516 4025728.156121 0.000000 0.000003
352694.296968 4025728.103548 0.000000 0.000002
352694.323420 4025728.050976 0.000000 0.000002
352694.349871 4025727.998403 0.000000 0.000002
352694.376323 4025727.945830 0.000000 0.000002
352694.402775 4025727.893258 0.000000 0.000001
352694.429226 4025727.840685 0.000000 0.000001
352694.455678 4025727.788112 0.000000 0.000001
352694.482129 4025727.735540 0.000000 0.000001
352694.508581 4025727.682967 0.000000 0.000001
352694.535033 4025727.630395 0.000000 0.000001
352694.561484 4025727.577822 0.000000 0.000001
352694.587936 4025727.525249 0.000000 0.000000
352694.614388 4025727.472677 0.000000 0.000000
352694.640839 4025727.420104 0.000000 0.000000
352694.667291 4025727.367531 0.000000 0.000000
352694.693743 4025727.314959 0.000000 0.000000
352694.720194 4025727.262386 0.000000 0.000000
352694.746646 4025727.209813 0.000000 0.000000
352694.773097 4025727.157241 0.000000 0.000000
352694.799549 4025727.104668 0.000000 0.000000
352694.826001 4025727.052096 0.000000 0.000000
352694.852452 4025726.999523 0.000000 0.000000
352694.878904 4025726.946950 0.000000 0.000000
352694.905356 4025726.894378 0.000000 0.000000
352694.931807 4025726.841805 0.000000 0.000000
352694.958259 4025726.789232 0.000000 0.000000
352694.984711 4025726.736660 0.000000 0.000000
352695.011162 4025726.684087 0.000000 0.000000
352695.037614 4025726.631514 0.000000 0.000000
352695.064065 4025726.578942 0.000000 0.000000
352695.090517 4025726.526369 0.000000 0.000000
352695.116969 4025726.473797 0.000000 0.000000
352695.143420 4025726.421224 0.000000 0.000000
352695.169872 4025726.368651 0.000000 0.000000
352695.196324 4025726.316079 0.000000 0.000000
352695.222775 4025726.263506 0.000000 0.000000
352695.249227 4025726.210933 0.000000 0.000000
352695.275679 4025726.158361 0.000000 0.000000
352695.302130 4025726.105788 0.000000 0.000000
352695.328582 4025726.053215 0.000000 -0.000000
352695.355033 4025726.000643 0.000000 -0.000000
352695.381485 4025725.948070 0.000000 -0.000000
352695.407937 4025725.895498 0.000000 0.000000
352695.434388 4025725.842925 0.000000 -0.000000
352695.460840 4025725.790352 0.000000 0.000000
352695.487292 4025725.737780 0.000000 -0.000000
352695.513743 4025725.685207 0.000000 -0.000000
352695.540195 4025725.632634 0.000000 0.000000
352695.566647 4025725.580062 0.000000 -0.000000
352695.593098 4025725.527489 0.000000 0.000000
352695.619550 4025725.474916 0.000000 -0.000000
352695.646002 4025725.422344 0.000000 -0.000000
352695.672453 4025725.369771 0.000000 -0.000000
352695.698905 4025725.317199 0.000000 0.000000
352695.725356 4025725.264626 0.000000 -0.000000
352695.751808 4025725.212053 0.000000 -0.000000
352695.778260 4025725.159481 0.000000 -0.000000
352695.804711 4025725.106908 0.000000 -0.000000
352695.831163 4025725.054335 0.000000 0.000000
352695.857615 4025725.001763 0.000000 0.000000
352695.884066 4025724.949190 0.000000 0.000000
352695.910518 4025724.896617 0.000000 0.000000
352695.936970 4025724.844045 0.000000 0.000000
352695.963421 4025724.791472 0.000000 0.000000
352695.989873 4025724.738900 0.000000 0.000000
352696.016324 4025724.686327 0.000000 0.000000
352696.042776 4025724.633754 0.000000 0.000000
352696.069228 4025724.581182 0.000000 0.000000
352696.095679 4025724.528609 0.000000 0.000000
352696.122131 4025724.476036 0.000000 0.000000
352696.148583 4025724.423464 0.000000 0.000000
352696.175034 4025724.370891 0.000000 0.000000
352696.201486 4025724.318319 0.000000 0.000000
352696.227938 4025724.265746 0.000000 0.000000
352696.254389 4025724.213173 0.000000 0.000000
352696.280841 4025724.160601 0.000000 0.000000
352696.307292 4025724.108028 0.000000 0.000000
352696.333744 4025724.055455 0.000000 0.000000
352696.360196 4025724.002883 0.000000 0.000000
352696.386647 4025723.950310 0.000000 0.000000
352696.413099 4025723.897737 0.000000 0.000000
352696.439551 4025723.845165 0.000000 0.000000
352696.466002 4025723.792592 0.000000 0.000001
352696.492454 4025723.740020 0.000000 0.000001
352696.518906 4025723.687447 0.000000 0.000001
352696.545357 4025723.634874 0.000000 0.000001
352696.571809 4025723.582302 0.000000 0.000001
352696.598261 4025723.529729 0.000000 0.000001
352696.624712 4025723.477156 0.000000 0.000002
352696.651164 4025723.424584 0.000000 0.000002
352696.677615 4025723.372011 0.000000 0.000002
352696.704067 4025723.319438 0.000000 0.000003
352696.730519 4025723.266866 0.000000 0.000003
352696.756970 4025723.214293 0.000000 0.000004
352696.783422 4025723.161721 0.000000 0.000004
352696.809874 4025723.109148 0.000000 0.000005
352696.836325 4025723.056575 0.000000 0.000006
352696.862777 4025723.004003 0.000000 0.000007
352696.889229 4025722.951430 0.000000 0.000008
352696.915680 4025722.898857 0.000000 0.000009
352696.942132 4025722.846285 0.000000 0.000010
352696.968584 4025722.793712 0.000000 0.000011
352696.995036 4025722.741140 0.000000 0.000012
352697.021487 4025722.688567 0.000000 0.000014
352697.047939 4025722.635995 0.000000 0.000016
352697.074391 4025722.583422 0.000000 0.000017
352697.100843 4025722.530850 0.000000 0.000019
352697.127295 4025722.478277 0.000000 0.000022
352697.153747 4025722.425705 0.000000 0.000024
352697.180199 4025722.373132 0.000000 0.000027
352697.206651 4025722.320560 0.000000 0.000029
352697.233103 4025722.267987 0.000000 0.000032
352697.259555 4025722.215415 0.000000 0.000035
352697.286008 4025722.162843 0.000000 0.000039
352697.312460 4025722.110270 0.000000 0.000043
352697.338912 4025722.057698 0.000000 0.000046
352697.365365 4025722.005126 0.000000 0.000051
352697.391818 4025721.952554 0.000000 0.000055
352697.418271 4025721.899982 0.000000 0.000060
352697.444724 4025721.847410 0.000000 0.000065
352697.471177 4025721.794838 0.000000 0.000071
352697.497630 4025721.742266 0.000000 0.000076
352697.524084 4025721.689695 0.000000 0.000083
352697.550537 4025721.637123 0.000000 0.000089
352697.576991 4025721.584552 0.000000 0.000096
352697.603446 4025721.531980 0.000000 0.000103
352697.629900 4025721.479409 0.000000 0.000111
352697.656355 4025721.426838 0.000000 0.000119
352697.682810 4025721.374267 0.000000 0.000128
352697.709265 4025721.321697 0.000000 0.000137
352697.735721 4025721.269126 0.000000 0.000146
352697.762178 4025721.216556 0.000000 0.000156
352697.788634 4025721.163986 0.000000 0.000166
352697.815091 4025721.111416 0.000000 0.000177
352697.841549 4025721.058846 0.000000 0.000188
352697.868007 4025721.006277 0.000000 0.000200
352697.894466 4025720.953708 0.000000 0.000212
352697.920925 4025720.901139 0.000000 0.000225
352697.947385 4025720.848571 0.000000 0.000238
352697.973846 4025720.796003 0.000000 0.000251
352698.000307 4025720.743435 0.000000 0.000266
352698.026769 4025720.690868 0.000000 0.000280
352698.053232 4025720.638301 0.000000 0.000295
352698.079696 4025720.585734 0.000000 0.000311
352698.106161 4025720.533168 0.000000 0.000327
352698.132626 4025720.480603 0.000000 0.000343
352698.159093 4025720.428038 0.000000 0.000360
352698.185561 4025720.375473 0.000000 0.000377
352698.212030 4025720.322909 0.000000 0.000395
352698.238500 4025720.270346 0.000000 0.000413
352698.264971 4025720.217784 0.000000 0.000431
352698.291444 4025720.165222 0.000000 0.000450
352698.317918 4025720.112660 0.000000 0.000469
352698.344393 4025720.060100 0.000000 0.000489
352698.370870 4025720.007540 0.000000 0.000509
352698.397349 4025719.954981 0.000000 0.000529
352698.423829 4025719.902423 0.000000 0.000550
352698.450310 4025719.849865 0.000000 0.000570
352698.476794 4025719.797309 0.000000 0.000591
352698.503279 4025719.744753 0.000000 0.000613
352698.529766 4025719.692199 0.000000 0.000634
352698.556255 4025719.639645 0.000000 0.000656
352698.582747 4025719.587092 0.000000 0.000677
352698.609240 4025719.534541 0.000000 0.000699
352698.635735 4025719.481990 0.000000 0.000721
352698.662233 4025719.429441 0.000000 0.000743
352698.688733 4025719.376893 0.000000 0.000765
352698.715235 4025719.324346 0.000000 0.000786
352698.741740 4025719.271800 0.000000 0.000808
352698.768248 4025719.219256 0.000000 0.000830
352698.794758 4025719.166713 0.000000 0.000851
352698.821270 4025719.114171 0.000000 0.000873
352698.847786 4025719.061631 0.000000 0.000894
352698.874304 4025719.009092 0.000000 0.000914
352698.900825 4025718.956555 0.000000 0.000935
352698.927349 4025718.904019 0.000000 0.000955
352698.953876 4025718.851485 0.000000 0.000975
352698.980406 4025718.798952 0.000000 0.000994
352699.006939 4025718.746421 0.000000 0.001013
352699.033476 4025718.693891 0.000000 0.001032
352699.060016 4025718.641363 0.000000 0.001050
352699.086559 4025718.588837 0.000000 0.001067
352699.113105 4025718.536312 0.000000 0.001084
352699.139655 4025718.483790 0.000000 0.001100
352699.166209 4025718.431269 0.000000 0.001116
352699.192766 4025718.378750 0.000000 0.001130
352699.219327 4025718.326232 0.000000 0.001145
352699.245891 4025718.273717 0.000000 0.001158
352699.272459 4025718.221203 0.000000 0.001171
352699.299031 4025718.168691 0.000000 0.001182
352699.325606 4025718.116182 0.000000 0.001194
352699.352186 4025718.063674 0.000000 0.001204
352699.378769 4025718.011168 0.000000 0.001213
352699.405356 4025717.958664 0.000000 0.001221
352699.431947 4025717.906162 0.000000 0.001229
352699.458542 4025717.853662 0.000000 0.001236
352699.485141 4025717.801164 0.000000 0.001241
352699.511743 4025717.748668 0.000000 0.001246
352699.538350 4025717.696174 0.000000 0.001250
352699.564961 4025717.643682 0.000000 0.001253
352699.591576 4025717.591192 0.000000 0.001255
352699.618194 4025717.538705 0.000000 0.001256
352699.644817 4025717.486219 0.000000 0.001256
352699.671444 4025717.433735 0.000000 0.001255
352699.698075 4025717.381253 0.000000 0.001253
352699.724710 4025717.328774 0.000000 0.001251
352699.751349 4025717.276296 0.000000 0.001247
352699.777991 4025717.223820 0.000000 0.001242
352699.804638 4025717.171347 0.000000 0.001237
352699.831289 4025717.118875 0.000000 0.001230
352699.857943 4025717.066405 0.000000 0.001223
352699.884602 4025717.013937 0.000000 0.001215
352699.911264 4025716.961472 0.000000 0.001206
352699.937930 4025716.909008 0.000000 0.001196
352699.964600 4025716.856546 0.000000 0.001185
352699.991274 4025716.804086 0.000000 0.001174
352700.017951 4025716.751628 0.000000 0.001161
352700.044632 4025716.699172 0.000000 0.001148
352700.071317 4025716.646717 0.000000 0.001135
352700.098006 4025716.594265 0.000000 0.001120
352700.124697 4025716.541814 0.000000 0.001105
352700.151393 4025716.489365 0.000000 0.001090
352700.178091 4025716.436918 0.000000 0.001073
352700.204794 4025716.384472 0.000000 0.001057
352700.231499 4025716.332028 0.000000 0.001039
352700.258208 4025716.279586 0.000000 0.001022
352700.284920 4025716.227146 0.000000 0.001003
352700.311635 4025716.174707 0.000000 0.000985
352700.338353 4025716.122269 0.000000 0.000966
352700.365074 4025716.069833 0.000000 0.000946
352700.391798 4025716.017399 0.000000 0.000927
352700.418525 4025715.964966 0.000000 0.000907
352700.445255 4025715.912534 0.000000 0.000887
352700.471987 4025715.860104 0.000000 0.000866
352700.498722 4025715.807675 0.000000 0.000846
352700.525460 4025715.755248 0.000000 0.000825
352700.552200 4025715.702821 0.000000 0.000804
352700.578943 4025715.650396 0.000000 0.000784
352700.605688 4025715.597973 0.000000 0.000763
352700.632436 4025715.545550 0.000000 0.000742
352700.659185 4025715.493129 0.000000 0.000721
352700.685937 4025715.440708 0.000000 0.000700
352700.712691 4025715.388289 0.000000 0.000680
352700.739447 4025715.335871 0.000000 0.000659
352700.766205 4025715.283454 0.000000 0.000639
352700.792965 4025715.231038 0.000000 0.000619
352700.819727 4025715.178622 0.000000 0.000599
352700.846491 4025715.126208 0.000000 0.000579
352700.873256 4025715.073795 0.000000 0.000559
352700.900023 4025715.021382 0.000000 0.000540
352700.926792 4025714.968970 0.000000 0.000521
352700.953562 4025714.916559 0.000000 0.000503
352700.980334 4025714.864149 0.000000 0.000484
352701.007107 4025714.811739 0.000000 0.000466
352701.033882 4025714.759331 0.000000 0.000448
352701.060658 4025714.706922 0.000000 0.000431
352701.087435 4025714.654515 0.000000 0.000414
352701.114213 4025714.602108 0.000000 0.000398
352701.140992 4025714.549702 0.000000 0.000381
352701.167773 4025714.497296 0.000000 0.000366
352701.194555 4025714.444891 0.000000 0.000350
352701.221337 4025714.392486 0.000000 0.000335
352701.248121 4025714.340082 0.000000 0.000321
352701.274905 4025714.287678 0.000000 0.000307
352701.301691 4025714.235275 0.000000 0.000293
352701.328477 4025714.182872 0.000000 0.000280
352701.355264 4025714.130469 0.000000 0.000267
352701.382052 4025714.078067 0.000000 0.000254
352701.408840 4025714.025665 0.000000 0.000242
352701.435629 4025713.973264 0.000000 0.000231
352701.462419 4025713.920863 0.000000 0.000220
352701.489210 4025713.868462 0.000000 0.000209
352701.516001 4025713.816062 0.000000 0.000198
352701.542792 4025713.763661 0.000000 0.000188
352701.569584 4025713.711262 0.000000 0.000179
352701.596377 4025713.658862 0.000000 0.000170
352701.623170 4025713.606462 0.000000 0.000161
352701.649963 4025713.554063 0.000000 0.000152
352701.676757 4025713.501664 0.000000 0.000144
352701.703551 4025713.449265 0.000000 0.000137
352701.730346 4025713.396867 0.000000 0.000129
352701.757141 4025713.344468 0.000000 0.000122
352701.783936 4025713.292070 0.000000 0.000116
352701.810732 4025713.239672 0.000000 0.000109
352701.837528 4025713.187274 0.000000 0.000103
352701.864324 4025713.134876 0.000000 0.000097
352701.891120 4025713.082478 0.000000 0.000092
352701.917917 4025713.030081 0.000000 0.000087
352701.944714 4025712.977683 0.000000 0.000082
352701.971511 4025712.925286 0.000000 0.000077
352701.998308 4025712.872889 0.000000 0.000072
352702.025106 4025712.820491 0.000000 0.000068
352702.051904 4025712.768094 0.000000 0.000064
352702.078701 4025712.715697 0.000000 0.000060
352702.105499 4025712.663300 0.000000 0.000057
352702.132298 4025712.610904 0.000000 0.000053
352702.159096 4025712.558507 0.000000 0.000050
352702.185894 4025712.506110 0.000000 0.000047
352702.212693 4025712.453713 0.000000 0.000044
352702.239492 4025712.401317 0.000000 0.000041
352702.266290 4025712.348920 0.000000 0.000039
352702.293089 4025712.296524 0.000000 0.000036
352702.319888 4025712.244127 0.000000 0.000034
352702.346687 4025712.191731 0.000000 0.000032
352702.373486 4025712.139335 0.000000 0.000030
352702.400286 4025712.086938 0.000000 0.000028
352702.427085 4025712.034542 0.000000 0.000026
352702.453884 4025711.982146 0.000000 0.000025
352702.480684 4025711.929750 0.000000 0.000023
352702.507483 4025711.877353 0.000000 0.000022
352702.534283 4025711.824957 0.000000 0.000020
352702.561082 4025711.772561 0.000000 0.000019
352702.587882 4025711.720165 0.000000 0.000018
352702.614682 4025711.667769 0.000000 0.000017
352702.641481 4025711.615373 0.000000 0.000015
352702.668281 4025711.562977 0.000000 0.000014
352702.695081 4025711.510581 0.000000 0.000013
352702.721881 4025711.458185 0.000000 0.000013
352702.748680 4025711.405789 0.000000 0.000012
352702.775480 4025711.353393 0.000000 0.000011
352702.802280 4025711.300997 0.000000 0.000010
352702.829080 4025711.248601 0.000000 0.000009
352702.855880 4025711.196205 0.000000 0.000009
352702.882680 4025711.143809 0.000000 0.000008
352702.909480 4025711.091413 0.000000 0.000008
352702.936280 4025711.039017 0.000000 0.000007
352702.963080 4025710.986622 0.000000 0.000007
352702.989880 4025710.934226 0.000000 0.000006
352703.016680 4025710.881830 0.000000 0.000006
352703.043480 4025710.829434 0.000000 0.000005
352703.070280 4025710.777038 0.000000 0.000005
352703.097081 4025710.724642 0.000000 0.000004
352703.123881 4025710.672246 0.000000 0.000004
352703.150681 4025710.619851 0.000000 0.000004
352703.177481 4025710.567455 0.000000 0.000003
352703.204281 4025710.515059 0.000000 0.000003
352703.231081 4025710.462663 0.000000 0.000003
352703.257881 4025710.410267 0.000000 0.000003
352703.284682 4025710.357871 0.000000 0.000002
352703.311482 4025710.305476 0.000000 0.000002
352703.338282 4025710.253080 0.000000 0.000002
352703.365082 4025710.200684 0.000000 0.000002
352703.391882 4025710.148288 0.000000 0.000002
352703.418682 4025710.095892 0.000000 0.000001
352703.445483 4025710.043496 0.000000 0.000001
352703.472283 4025709.991101 0.000000 0.000001
352703.499083 4025709.938705 0.000000 0.000001
352703.525883 4025709.886309 0.000000 0.000001
352703.552683 4025709.833913 0.000000 0.000001
352703.579484 4025709.781517 0.000000 0.000001
352703.606284 4025709.729122 0.000000 0.000001
352703.633084 4025709.676726 0.000000 0.000001
352703.659884 4025709.624330 0.000000 0.000001
352703.686684 4025709.571934 0.000000 0.000000
352703.713485 4025709.519538 0.000000 0.000000
352703.740285 4025709.467143 0.000000 0.000000
352703.767085 4025709.414747 0.000000 0.000000
352703.793885 4025709.362351 0.000000 0.000000
352703.820685 4025709.309955 0.000000 0.000000
352703.847486 4025709.257559 0.000000 0.000000
352703.874286 4025709.205164 0.000000 0.000000
352703.901086 4025709.152768 0.000000 0.000000
352703.927886 4025709.100372 0.000000 0.000000
352703.954686 4025709.047976 0.000000 0.000000
352703.981487 4025708.995580 0.000000 0.000000
352704.008287 4025708.943185 0.000000 0.000000
352704.035087 4025708.890789 0.000000 0.000000
352704.061887 4025708.838393 0.000000 0.000000
352704.088687 4025708.785997 0.000000 0.000000
352704.115488 4025708.733601 0.000000 0.000000
352704.142288 4025708.681205 0.000000 0.000000
352704.169088 4025708.628810 0.000000 0.000000
352704.195888 4025708.576414 0.000000 -0.000000
352704.222688 4025708.524018 0.000000 -0.000000
352704.249489 4025708.471622 0.000000 -0.000000
352704.276289 4025708.419226 0.000000 -0.000000
352704.303089 4025708.366831 0.000000 -0.000000
352704.329889 4025708.314435 0.000000 -0.000000
352704.356689 4025708.262039 0.000000 -0.000000
352704.383490 4025708.209643 0.000000 -0.000000
352704.410290 4025708.157247 0.000000 -0.000000
352704.437090 4025708.104852 0.000000 -0.000000
352704.463890 4025708.052456 0.000000 -0.000000
352704.490690 4025708.000060 0.000000 -0.000000
352704.517491 4025707.947664 0.000000 -0.000001
352704.544291 4025707.895268 0.000000 -0.000001
352704.571091 4025707.842873 0.000000 -0.000001
352704.597891 4025707.790477 0.000000 -0.000001
352704.624691 4025707.738081 0.000000 -0.000001
352704.651492 4025707.685685 0.000000 -0.000001
352704.678292 4025707.633289 0.000000 -0.000001
352704.705092 4025707.580894 0.000000 -0.000002
352704.731892 4025707.528498 0.000000 -0.000002
352704.758692 4025707.476102 0.000000 -0.000002
352704.785493 4025707.423706 0.000000 -0.000003
352704.812293 4025707.371310 0.000000 -0.000003
352704.839093 4025707.318915 0.000000 -0.000003
352704.865893 4025707.266519 0.000000 -0.000004
352704.892693 4025707.214123 0.000000 -0.000005
352704.919494 4025707.161727 0.000000 -0.000005
352704.946294 4025707.109331 0.000000 -0.000006
352704.973094 4025707.056935 0.000000 -0.000007
352704.999894 4025707.004540 0.000000 -0.000007
352705.026694 4025706.952144 0.000000 -0.000008
352705.053494 4025706.899748 0.000000 -0.000009
352705.080294 4025706.847352 0.000000 -0.000010
352705.107094 4025706.794956 0.000000 -0.000012
352705.133894 4025706.742560 0.000000 -0.000013
352705.160694 4025706.690164 0.000000 -0.000014
352705.187494 4025706.637768 0.000000 -0.000016
352705.214294 4025706.585372 0.000000 -0.000017
352705.241094 4025706.532977 0.000000 -0.000019
352705.267894 4025706.480581 0.000000 -0.000021
352705.294694 4025706.428185 0.000000 -0.000023
352705.321494 4025706.375789 0.000000 -0.000025
352705.348293 4025706.323392 0.000000 -0.000028
352705.375093 4025706.270996 0.000000 -0.000030
352705.401893 4025706.218600 0.000000 -0.000033
352705.428692 4025706.166204 0.000000 -0.000036
352705.455491 4025706.113808 0.000000 -0.000039
352705.482291 4025706.061412 0.000000 -0.000042
352705.509090 4025706.009015 0.000000 -0.000045
352705.535889 4025705.956619 0.000000 -0.000049
352705.562688 4025705.904222 0.000000 -0.000053
352705.589487 4025705.851826 0.000000 -0.000057
352705.616285 4025705.799429 0.000000 -0.000061
352705.643084 4025705.747033 0.000000 -0.000066
352705.669882 4025705.694636 0.000000 -0.000071
352705.696680 4025705.642239 0.000000 -0.000076
352705.723478 4025705.589842 0.000000 -0.000081
352705.750276 4025705.537445 0.000000 -0.000087
352705.777073 4025705.485048 0.000000 -0.000093
352705.803871 4025705.432651 0.000000 -0.000099
352705.830668 4025705.380253 0.000000 -0.000105
352705.857464 4025705.327855 0.000000 -0.000112
352705.884261 4025705.275458 0.000000 -0.000119
352705.911057 4025705.223060 0.000000 -0.000126
352705.937852 4025705.170662 0.000000 -0.000134
352705.964648 4025705.118263 0.000000 -0.000142
352705.991442 4025705.065865 0.000000 -0.000150
352706.018237 4025705.013466 0.000000 -0.000159
352706.045031 4025704.961067 0.000000 -0.000167
352706.071824 4025704.908668 0.000000 -0.000177
352706.098617 4025704.856268 0.000000 -0.000186
352706.125410 4025704.803869 0.000000 -0.000196
352706.152201 4025704.751469 0.000000 -0.000206
352706.178993 4025704.699068 0.000000 -0.000216
352706.205783 4025704.646668 0.000000 -0.000227
352706.232573 4025704.594267 0.000000 -0.000237
352706.259362 4025704.541865 0.000000 -0.000249
352706.286151 4025704.489463 0.000000 -0.000260
352706.312939 4025704.437061 0.000000 -0.000272
352706.339726 4025704.384659 0.000000 -0.000284
352706.366512 4025704.332256 0.000000 -0.000296
352706.393297 4025704.279852 0.000000 -0.000308
352706.420081 4025704.227448 0.000000 -0.000321
352706.446864 4025704.175044 0.000000 -0.000334
352706.473646 4025704.122639 0.000000 -0.000347
352706.500428 4025704.070234 0.000000 -0.000360
352706.527208 4025704.017828 0.000000 -0.000374
352706.553987 4025703.965421 0.000000 -0.000388
352706.580764 4025703.913014 0.000000 -0.000402
352706.607541 4025703.860606 0.000000 -0.000416
352706.634316 4025703.808197 0.000000 -0.000430
352706.661090 4025703.755788 0.000000 -0.000444
352706.687863 4025703.703378 0.000000 -0.000459
352706.714634 4025703.650968 0.000000 -0.000473
352706.741403 4025703.598557 0.000000 -0.000488
352706.768171 4025703.546144 0.000000 -0.000503
352706.794938 4025703.493732 0.000000 -0.000517
352706.821703 4025703.441318 0.000000 -0.000532
352706.848466 4025703.388903 0.000000 -0.000547
352706.875228 4025703.336488 0.000000 -0.000562
352706.901988 4025703.284072 0.000000 -0.000577
352706.928746 4025703.231655 0.000000 -0.000592
352706.955502 4025703.179236 0.000000 -0.000606
352706.982256 4025703.126817 0.000000 -0.000621
352707.009009 4025703.074397 0.000000 -0.000636
352707.035759 4025703.021976 0.000000 -0.000650
352707.062507 4025702.969554 0.000000 -0.000664
352707.089254 4025702.917131 0.000000 -0.000679
352707.115998 4025702.864707 0.000000 -0.000693
352707.142740 4025702.812281 0.000000 -0.000707
352707.169480 4025702.759855 0.000000 -0.000720
352707.196217 4025702.707427 0.000000 -0.000734
352707.222952 4025702.654998 0.000000 -0.000747
352707.249685 4025702.602568 0.000000 -0.000760
352707.276415 4025702.550137 0.000000 -0.000773
352707.303143 4025702.497704 0.000000 -0.000785
352707.329869 4025702.445271 0.000000 -0.000797
352707.356592 4025702.392836 0.000000 -0.000809
352707.383312 4025702.340399 0.000000 -0.000821
352707.410030 4025702.287962 0.000000 -0.000832
352707.436745 4025702.235523 0.000000 -0.000843
352707.463458 4025702.183082 0.000000 -0.000853
352707.490167 4025702.130641 0.000000 -0.000863
352707.516874 4025702.078198 0.000000 -0.000873
352707.543579 4025702.025753 0.000000 -0.000882
352707.570280 4025701.973307 0.000000 -0.000891
352707.596979 4025701.920860 0.000000 -0.000900
352707.623675 4025701.868411 0.000000 -0.000908
352707.650368 4025701.815961 0.000000 -0.000916
352707.677058 4025701.763509 0.000000 -0.000923
352707.703745 4025701.711056 0.000000 -0.000930
352707.730429 4025701.658602 0.000000 -0.000936
352707.757111 4025701.606146 0.000000 -0.000942
352707.783789 4025701.553688 0.000000 -0.000947
352707.810464 4025701.501229 0.000000 -0.000953
352707.837137 4025701.448768 0.000000 -0.000957
352707.863806 4025701.396306 0.000000 -0.000961
352707.890472 4025701.343842 0.000000 -0.000965
352707.917136 4025701.291377 0.000000 -0.000968
352707.943796 4025701.238910 0.000000 -0.000971
352707.970453 4025701.186441 0.000000 -0.000973
352707.997107 4025701.133971 0.000000 -0.000975
352708.023758 4025701.081500 0.000000 -0.000976
352708.050406 4025701.029027 0.000000 -0.000977
352708.077051 4025700.976552 0.000000 -0.000977
352708.103692 4025700.924076 0.000000 -0.000977
352708.130331 4025700.871598 0.000000 -0.000977
352708.156966 4025700.819119 0.000000 -0.000976
352708.183599 4025700.766638 0.000000 -0.000974
352708.210228 4025700.714155 0.000000 -0.000973
352708.236855 4025700.661671 0.000000 -0.000970
352708.263478 4025700.609186 0.000000 -0.000968
352708.290098 4025700.556698 0.000000 -0.000964
352708.316716 4025700.504210 0.000000 -0.000961
352708.343330 4025700.451720 0.000000 -0.000957
352708.369941 4025700.399228 0.000000 -0.000953
352708.396549 4025700.346735 0.000000 -0.000948
352708.423155 4025700.294240 0.000000 -0.000943
352708.449757 4025700.241744 0.000000 -0.000937
352708.476356 4025700.189246 0.000000 -0.000931
352708.502953 4025700.136747 0.000000 -0.000925
352708.529546 4025700.084246 0.000000 -0.000918
352708.556137 4025700.031744 0.000000 -0.000911
352708.582725 4025699.979240 0.000000 -0.000904
352708.609310 4025699.926735 0.000000 -0.000897
352708.635892 4025699.874229 0.000000 -0.000889
352708.662471 4025699.821721 0.000000 -0.000880
352708.689048 4025699.769212 0.000000 -0.000872
352708.715622 4025699.716701 0.000000 -0.000863
352708.742193 4025699.664189 0.000000 -0.000854
352708.768762 4025699.611676 0.000000 -0.000845
352708.795328 4025699.559161 0.000000 -0.000835
352708.821891 4025699.506645 0.000000 -0.000825
352708.848452 4025699.454128 0.000000 -0.000815
352708.875010 4025699.401609 0.000000 -0.000805
352708.901566 4025699.349089 0.000000 -0.000794
352708.928119 4025699.296568 0.000000 -0.000783
352708.954670 4025699.244046 0.000000 -0.000772
352708.981219 4025699.191522 0.000000 -0.000761
352709.007765 4025699.138998 0.000000 -0.000750
352709.034309 4025699.086472 0.000000 -0.000738
352709.060850 4025699.033944 0.000000 -0.000727
352709.087389 4025698.981416 0.000000 -0.000715
352709.113926 4025698.928887 0.000000 -0.000703
352709.140461 4025698.876356 0.000000 -0.000691
352709.166994 4025698.823825 0.000000 -0.000679
352709.193524 4025698.771292 0.000000 -0.000666
352709.220053 4025698.718758 0.000000 -0.000654
352709.246580 4025698.666224 0.000000 -0.000641
352709.273104 4025698.613688 0.000000 -0.000629
352709.299627 4025698.561151 0.000000 -0.000616
352709.326147 4025698.508614 0.000000 -0.000604
352709.352666 4025698.456075 0.000000 -0.000591
352709.379183 4025698.403536 0.000000 -0.000578
352709.405699 4025698.350995 0.000000 -0.000565
352709.432212 4025698.298454 0.000000 -0.000552
352709.458724 4025698.245912 0.000000 -0.000540
352709.485234 4025698.193369 0.000000 -0.000527
352709.511743 4025698.140825 0.000000 -0.000514
352709.538250 4025698.088280 0.000000 -0.000501
352709.564755 4025698.035735 0.000000 -0.000488
352709.591259 4025697.983189 0.000000 -0.000476
352709.617762 4025697.930642 0.000000 -0.000463
352709.644263 4025697.878094 0.000000 -0.000451
352709.670763 4025697.825546 0.000000 -0.000438
352709.697261 4025697.772997 0.000000 -0.000426
352709.723758 4025697.720447 0.000000 -0.000413
352709.750254 4025697.667897 0.000000 -0.000401
352709.776749 4025697.615346 0.000000 -0.000389
352709.803242 4025697.562795 0.000000 -0.000377
352709.829735 4025697.510243 0.000000 -0.000365
352709.856226 4025697.457690 0.000000 -0.000354
352709.882716 4025697.405137 0.000000 -0.000342
352709.909206 4025697.352584 0.000000 -0.000331
352709.935694 4025697.300029 0.000000 -0.000319
352709.962181 4025697.247475 0.000000 -0.000308
352709.988667 4025697.194920 0.000000 -0.000297
352710.015153 4025697.142364 0.000000 -0.000287
352710.041637 4025697.089808 0.000000 -0.000276
352710.068121 4025697.037252 0.000000 -0.000266
352710.094604 4025696.984695 0.000000 -0.000256
352710.121086 4025696.932138 0.000000 -0.000246
352710.147568 4025696.879580 0.000000 -0.000236
352710.174049 4025696.827022 0.000000 -0.000226
352710.200529 4025696.774464 0.000000 -0.000217
352710.227009 4025696.721906 0.000000 -0.000208
352710.253488 4025696.669347 0.000000 -0.000199
352710.279966 4025696.616788 0.000000 -0.000190
352710.306444 4025696.564228 0.000000 -0.000182
352710.332921 4025696.511669 0.000000 -0.000173
352710.359398 4025696.459109 0.000000 -0.000165
352710.385874 4025696.406548 0.000000 -0.000158
352710.412350 4025696.353988 0.000000 -0.000150
352710.438826 4025696.301427 0.000000 -0.000143
352710.465301 4025696.248867 0.000000 -0.000136
352710.491775 4025696.196306 0.000000 -0.000129
352710.518250 4025696.143744 0.000000 -0.000122
352710.544724 4025696.091183 0.000000 -0.000116
352710.571197 4025696.038621 0.000000 -0.000109
352710.597671 4025695.986060 0.000000 -0.000104
352710.624144 4025695.933498 0.000000 -0.000098
352710.650617 4025695.880936 0.000000 -0.000092
352710.677089 4025695.828374 0.000000 -0.000087
352710.703562 4025695.775812 0.000000 -0.000082
352710.730034 4025695.723249 0.000000 -0.000077
352710.756506 4025695.670687 0.000000 -0.000072
352710.782977 4025695.618124 0.000000 -0.000068
352710.809449 4025695.565562 0.000000 -0.000064
352710.835920 4025695.512999 0.000000 -0.000060
352710.862391 4025695.460436 0.000000 -0.000056
352710.888862 4025695.407874 0.000000 -0.000052
352710.915333 4025695.355311 0.000000 -0.000048
352710.941804 4025695.302748 0.000000 -0.000045
352710.968275 4025695.250185 0.000000 -0.000042
352710.994746 4025695.197622 0.000000 -0.000039
352711.021216 4025695.145058 0.000000 -0.000036
352711.047686 4025695.092495 0.000000 -0.000033
352711.074157 4025695.039932 0.000000 -0.000031
352711.100627 4025694.987369 0.000000 -0.000029
352711.127097 4025694.934805 0.000000 -0.000026
352711.153567 4025694.882242 0.000000 -0.000024
352711.180037 4025694.829679 0.000000 -0.000022
352711.206507 4025694.777115 0.000000 -0.000020
352711.232977 4025694.724552 0.000000 -0.000019
352711.259447 4025694.671989 0.000000 -0.000017
352711.285917 4025694.619425 0.000000 -0.000016
352711.312387 4025694.566862 0.000000 -0.000014
352711.338857 4025694.514298 0.000000 -0.000013
352711.365327 4025694.461735 0.000000 -0.000012
352711.391797 4025694.409171 0.000000 -0.000011
352711.418266 4025694.356608 0.000000 -0.000010
352711.444736 4025694.304044 0.000000 -0.000009
352711.471206 4025694.251481 0.000000 -0.000008
352711.497676 4025694.198917 0.000000 -0.000007
352711.524145 4025694.146354 0.000000 -0.000006
352711.550615 4025694.093790 0.000000 -0.000006
352711.577085 4025694.041226 0.000000 -0.000005
352711.603554 4025693.988663 0.000000 -0.000004
352711.630024 4025693.936099 0.000000 -0.000004
352711.656494 4025693.883536 0.000000 -0.000003
352711.682963 4025693.830972 0.000000 -0.000003
352711.709433 4025693.778409 0.000000 -0.000003
352711.735903 4025693.725845 0.000000 -0.000002
352711.762372 4025693.673281 0.000000 -0.000002
352711.788842 4025693.620718 0.000000 -0.000002
352711.815311 4025693.568154 0.000000 -0.000002
352711.841781 4025693.515591 0.000000 -0.000001
352711.868251 4025693.463027 0.000000 -0.000001
352711.894720 4025693.410464 0.000000 -0.000001
352711.921190 4025693.357900 0.000000 -0.000001
352711.947660 4025693.305336 0.000000 -0.000001
352711.974129 4025693.252773 0.000000 -0.000001
352712.000599 4025693.200209 0.000000 -0.000000
352712.027068 4025693.147646 0.000000 -0.000000
352712.053538 4025693.095082 0.000000 -0.000000
352712.080008 4025693.042518 0.000000 -0.000000
352712.106477 4025692.989955 0.000000 -0.000000
352712.132947 4025692.937391 0.000000 -0.000000
352712.159417 4025692.884828 0.000000 -0.000000
352712.185886 4025692.832264 0.000000 0.000000
352712.212356 4025692.779701 0.000000 0.000000
352712.238826 4025692.727137 0.000000 0.000000
352712.265295 4025692.674573 0.000000 0.000000
352712.291765 4025692.622010 0.000000 0.000000
352712.318234 4025692.569446 0.000000 0.000001
352712.344704 4025692.516883 0.000000 0.000001
352712.371174 4025692.464319 0.000000 0.000001
352712.397643 4025692.411756 0.000000 0.000001
352712.424113 4025692.359192 0.000000 0.000002
352712.450583 4025692.306628 0.000000 0.000002
352712.477052 4025692.254065 0.000000 0.000002
352712.503522 4025692.201501 0.000000 0.000003
352712.529991 4025692.148938 0.000000 0.000004
352712.556461 4025692.096374 0.000000 0.000004
352712.582931 4025692.043810 0.000000 0.000005
352712.609400 4025691.991247 0.000000 0.000006
352712.635870 4025691.938683 0.000000 0.000007
352712.662340 4025691.886119 0.000000 0.000008
352712.688810 4025691.833555 0.000000 0.000010
352712.715280 4025691.780991 0.000000 0.000011
352712.741749 4025691.728427 0.000000 0.000013
352712.768219 4025691.675863 0.000000 0.000015
352712.794690 4025691.623299 0.000000 0.000018
352712.821160 4025691.570734 0.000000 0.000020
352712.847630 4025691.518170 0.000000 0.000023
352712.874101 4025691.465605 0.000000 0.000026
352712.900572 4025691.413039 0.000000 0.000030
352712.927043 4025691.360473 0.000000 0.000034
352712.953514 4025691.307907 0.000000 0.000038
352712.979986 4025691.255340 0.000000 0.000043
352713.006459 4025691.202772 0.000000 0.000048
352713.032931 4025691.150203 0.000000 0.000054
352713.059405 4025691.097634 0.000000 0.000060
352713.085879 4025691.045063 0.000000 0.000067
352713.112354 4025690.992491 0.000000 0.000075
352713.138830 4025690.939918 0.000000 0.000083
352713.165307 4025690.887343 0.000000 0.000091
352713.191785 4025690.834767 0.000000 0.000101
352713.218264 4025690.782188 0.000000 0.000111
352713.244745 4025690.729608 0.000000 0.000122
352713.271227 4025690.677024 0.000000 0.000134
352713.297711 4025690.624438 0.000000 0.000146
352713.324197 4025690.571849 0.000000 0.000160
352713.350686 4025690.519257 0.000000 0.000175
352713.377176 4025690.466661 0.000000 0.000190
352713.403670 4025690.414060 0.000000 0.000207
352713.430166 4025690.361456 0.000000 0.000224
352713.456665 4025690.308846 0.000000 0.000243
352713.483169 4025690.256231 0.000000 0.000263
352713.509675 4025690.203609 0.000000 0.000284
352713.536186 4025690.150982 0.000000 0.000306
352713.562702 4025690.098347 0.000000 0.000330
352713.589223 4025690.045705 0.000000 0.000354
352713.615748 4025689.993054 0.000000 0.000381
352713.642280 4025689.940395 0.000000 0.000408
352713.668818 4025689.887725 0.000000 0.000437
352713.695363 4025689.835046 0.000000 0.000467
352713.721915 4025689.782355 0.000000 0.000499
352713.748475 4025689.729652 0.000000 0.000532
352713.775043 4025689.676936 0.000000 0.000567
352713.801620 4025689.624205 0.000000 0.000603
352713.828207 4025689.571460 0.000000 0.000640
352713.854805 4025689.518699 0.000000 0.000680
352713.881413 4025689.465921 0.000000 0.000720
352713.908033 4025689.413125 0.000000 0.000762
352713.934666 4025689.360309 0.000000 0.000806
352713.961312 4025689.307472 0.000000 0.000851
352713.987973 4025689.254613 0.000000 0.000897
352714.014648 4025689.201731 0.000000 0.000945
352714.041340 4025689.148824 0.000000 0.000994
352714.068049 4025689.095891 0.000000 0.001045
352714.094775 4025689.042929 0.000000 0.001097
352714.121521 4025688.989939 0.000000 0.001150
352714.148287 4025688.936917 0.000000 0.001204
352714.175074 4025688.883862 0.000000 0.001260
352714.201883 4025688.830772 0.000000 0.001316
352714.228716 4025688.777646 0.000000 0.001374
352714.255574 4025688.724482 0.000000 0.001433
352714.282457 4025688.671277 0.000000 0.001492
352714.309368 4025688.618030 0.000000 0.001552
352714.336308 4025688.564739 0.000000 0.001613
352714.363277 4025688.511401 0.000000 0.001675
352714.390278 4025688.458014 0.000000 0.001737
352714.417311 4025688.404576 0.000000 0.001800
352714.444378 4025688.351085 0.000000 0.001863
352714.471482 4025688.297539 0.000000 0.001926
352714.498622 4025688.243934 0.000000 0.001989
352714.525801 4025688.190269 0.000000 0.002052
352714.553021 4025688.136540 0.000000 0.002115
352714.580282 4025688.082746 0.000000 0.002178
352714.607587 4025688.028884 0.000000 0.002240
352714.634938 4025687.974950 0.000000 0.002302
352714.662335 4025687.920943 0.000000 0.002364
352714.689781 4025687.866859 0.000000 0.002424
352714.717278 4025687.812696 0.000000 0.002484
352714.744827 4025687.758451 0.000000 0.002542
352714.772430 4025687.704120 0.000000 0.002600
352714.800089 4025687.649700 0.000000 0.002656
352714.827806 4025687.595190 0.000000 0.002711
352714.855583 4025687.540585 0.000000 0.002764
352714.883421 4025687.485882 0.000000 0.002816
352714.911323 4025687.431079 0.000000 0.002865
352714.939290 4025687.376171 0.000000 0.002913
352714.967325 4025687.321156 0.000000 0.002959
352714.995430 4025687.266031 0.000000 0.003003
352715.023606 4025687.210792 0.000000 0.003044
352715.051855 4025687.155435 0.000000 0.003084
352715.080180 4025687.099958 0.000000 0.003120
352715.108582 4025687.044357 0.000000 0.003155
352715.137064 4025686.988627 0.000000 0.003186
352715.165628 4025686.932767 0.000000 0.003215
352715.194275 4025686.876772 0.000000 0.003241
352715.223008 4025686.820639 0.000000 0.003265
352715.251829 4025686.764364 0.000000 0.003286
352715.280740 4025686.707944 0.000000 0.003303
352715.309743 4025686.651374 0.000000 0.003318
352715.338839 4025686.594652 0.000000 0.003330
352715.368032 4025686.537773 0.000000 0.003339
352715.397323 4025686.480734 0.000000 0.003344
352715.426715 4025686.423532 0.000000 0.003347
352715.456209 4025686.366161 0.000000 0.003347
352715.485807 4025686.308619 0.000000 0.003344
352715.515512 4025686.250902 0.000000 0.003338
352715.545326 4025686.193005 0.000000 0.003329
352715.575250 4025686.134926 0.000000 0.003317
352715.605288 4025686.076659 0.000000 0.003302
352715.635441 4025686.018202 0.000000 0.003284
352715.665710 4025685.959550 0.000000 0.003264
352715.696099 4025685.900699 0.000000 0.003241
352715.726610 4025685.841645 0.000000 0.003215
352715.757244 4025685.782385 0.000000 0.003187
352715.788004 4025685.722913 0.000000 0.003156
352715.818891 4025685.663226 0.000000 0.003123
352715.849909 4025685.603321 0.000000 0.003087
352715.881058 4025685.543191 0.000000 0.003049
352715.912342 4025685.482834 0.000000 0.003009
352715.943762 4025685.422245 0.000000 0.002967
352715.975321 4025685.361420 0.000000 0.002923
352716.007021 4025685.300355 0.000000 0.002878
352716.038864 4025685.239044 0.000000 0.002830
352716.070852 4025685.177484 0.000000 0.002781
352716.102988 4025685.115671 0.000000 0.002730
352716.135273 4025685.053598 0.000000 0.002678
352716.167711 4025684.991263 0.000000 0.002625
352716.200303 4025684.928660 0.000000 0.002571
352716.233051 4025684.865785 0.000000 0.002515
352716.265959 4025684.802633 0.000000 0.002459
352716.299027 4025684.739199 0.000000 0.002401
352716.332260 4025684.675477 0.000000 0.002343
352716.365659 4025684.611464 0.000000 0.002285
352716.399226 4025684.547154 0.000000 0.002226
352716.432965 4025684.482542 0.000000 0.002166
352716.466877 4025684.417623 0.000000 0.002107
352716.500966 4025684.352391 0.000000 0.002047
352716.535233 4025684.286842 0.000000 0.001987
352716.569682 4025684.220969 0.000000 0.001927
352716.604315 4025684.154766 0.000000 0.001868
352716.639135 4025684.088230 0.000000 0.001808
352716.674145 4025684.021353 0.000000 0.001749
352716.709348 4025683.954129 0.000000 0.001691
352716.744746 4025683.886554 0.000000 0.001633
352716.780342 4025683.818619 0.000000 0.001575
352716.816140 4025683.750321 0.000000 0.001518
352716.852143 4025683.681651 0.000000 0.001462
352716.888353 4025683.612603 0.000000 0.001407
352716.924775 4025683.543171 0.000000 0.001352
352716.961412 4025683.473348 0.000000 0.001299
352716.998266 4025683.403126 0.000000 0.001246
352717.035342 4025683.332498 0.000000 0.001195
352717.072644 4025683.261458 0.000000 0.001144
352717.110174 4025683.189997 0.000000 0.001095
352717.147938 4025683.118107 0.000000 0.001047
352717.185939 4025683.045780 0.000000 0.001000
352717.224181 4025682.973008 0.000000 0.000954
352717.262668 4025682.899783 0.000000 0.000909
352717.301406 4025682.826094 0.000000 0.000866
352717.340398 4025682.751933 0.000000 0.000824
352717.379650 4025682.677291 0.000000 0.000783
352717.419167 4025682.602157 0.000000 0.000743
352717.458953 4025682.526521 0.000000 0.000705
352717.499014 4025682.450373 0.000000 0.000668
352717.539356 4025682.373702 0.000000 0.000632
352717.579985 4025682.296496 0.000000 0.000598
352717.620905 4025682.218743 0.000000 0.000565
352717.662125 4025682.140432 0.000000 0.000533
352717.703650 4025682.061549 0.000000 0.000502
352717.745487 4025681.982082 0.000000 0.000473
352717.787643 4025681.902016 0.000000 0.000445
352717.830125 4025681.821338 0.000000 0.000418
352717.872941 4025681.740033 0.000000 0.000392
352717.916099 4025681.658085 0.000000 0.000367
352717.959607 4025681.575479 0.000000 0.000344
352718.003473 4025681.492197 0.000000 0.000321
352718.047707 4025681.408224 0.000000 0.000300
352718.092318 4025681.323541 0.000000 0.000280
352718.137315 4025681.238130 0.000000 0.000261
352718.182708 4025681.151971 0.000000 0.000242
352718.228508 4025681.065045 0.000000 0.000225
352718.274725 4025680.977330 0.000000 0.000209
352718.321371 4025680.888806 0.000000 0.000193
352718.368458 4025680.799450 0.000000 0.000179
352718.415996 4025680.709238 0.000000 0.000165
352718.464000 4025680.618148 0.000000 0.000153
352718.512482 4025680.526153 0.000000 0.000140
352718.561456 4025680.433228 0.000000 0.000129
352718.610935 4025680.339346 0.000000 0.000119
352718.660935 4025680.244480 0.000000 0.000109
352718.711470 4025680.148598 0.000000 0.000099
352718.762558 4025680.051673 0.000000 0.000091
352718.814214 4025679.953669 0.000000 0.000083
352718.866457 4025679.854555 0.000000 0.000075
352718.919306 4025679.754292 0.000000 0.000068
352718.972781 4025679.652842 0.000000 0.000062
352719.026905 4025679.550163 0.000000 0.000056
352719.081702 4025679.446210 0.000000 0.000051
352719.137198 4025679.340931 0.000000 0.000045
352719.193421 4025679.234274 0.000000 0.000041
352719.250403 4025679.126179 0.000000 0.000037
352719.308177 4025679.016581 0.000000 0.000033
352719.366782 4025678.905408 0.000000 0.000029
352719.426259 4025678.792582 0.000000 0.000026
352719.486653 4025678.678017 0.000000 0.000023
352719.548015 4025678.561617 0.000000 0.000020
352719.610399 4025678.443277 0.000000 0.000018
352719.673868 4025678.322882 0.000000 0.000016
352719.738486 4025678.200305 0.000000 0.000014
352719.804329 4025678.075407 0.000000 0.000012
352719.871475 4025677.948035 0.000000 0.000010
352719.940014 4025677.818023 0.000000 0.000009
352720.010042 4025677.685186 0.000000 0.000008
352720.081664 4025677.549326 0.000000 0.000006
352720.154995 4025677.410225 0.000000 0.000006
352720.230160 4025677.267645 0.000000 0.000006
352720.307294 4025677.121329 0.000000 0.000006
352720.386545 4025676.970998 0.000000 0.000005
352720.468074 4025676.816347 0.000000 0.000005
352720.552051 4025676.657050 0.000000 0.000005
352720.638666 4025676.492752 0.000000 0.000004
352720.728118 4025676.323072 0.000000 0.000004
352720.820624 4025676.147597 0.000000 0.000004
352720.916418 4025675.965886 0.000000 0.000004
352721.015750 4025675.777464 0.000000 0.000003
352721.118888 4025675.581822 0.000000 0.000003
352721.226121 4025675.378414 0.000000 0.000003
352721.337755 4025675.166656 0.000000 0.000002
352721.454119 4025674.945927 0.000000 0.000002
352721.575563 4025674.715560 0.000000 0.000002
352721.702462 4025674.474848 0.000000 0.000001
352721.835211 4025674.223037 0.000000 0.000001
352721.974234 4025673.959326 0.000000 0.000001
352722.119979 4025673.682864 0.000000 0.000001
352722.272922 4025673.392748 0.000000 0.000000
