352722.433567 4025673.088021 0.000000 0.000000
352722.569055 4025672.817046 0.000000 -0.000000
352722.698136 4025672.558885 0.000000 -0.000000
352722.821316 4025672.312523 0.000000 -0.000000
352722.939073 4025672.077009 0.000000 -0.000000
352723.051854 4025671.851448 0.000000 -0.000000
352723.160077 4025671.635002 0.000000 -0.000000
352723.264133 4025671.426889 0.000000 -0.000000
352723.364390 4025671.226376 0.000000 -0.000000
352723.461188 4025671.032780 0.000000 -0.000000
352723.554844 4025670.845467 0.000000 -0.000000
352723.645655 4025670.663846 0.000000 -0.000000
352723.733894 4025670.487368 0.000000 -0.000000
352723.819815 4025670.315526 0.000000 -0.000000
352723.903652 4025670.147852 0.000000 -0.000000
352723.985622 4025669.983912 0.000000 -0.000000
352724.065923 4025669.823309 0.000000 -0.000000
352724.144739 4025669.665678 0.000000 -0.000000
352724.222236 4025669.510685 0.000000 -0.000000
352724.298566 4025669.358023 0.000000 -0.000000
352724.373870 4025669.207416 0.000000 -0.000000
352724.448273 4025669.058610 0.000000 -0.000000
352724.521889 4025668.911378 0.000000 -0.000000
352724.594821 4025668.765513 0.000000 -0.000000
352724.667163 4025668.620830 0.000000 -0.000000
352724.738995 4025668.477165 0.000000 -0.000000
352724.810394 4025668.334368 0.000000 -0.000000
352724.881423 4025668.192311 0.000000 0.000000
352724.952140 4025668.050876 0.000000 -0.000000
352725.022597 4025667.909962 0.000000 -0.000000
352725.092837 4025667.769482 0.000000 0.000000
352725.162899 4025667.629358 0.000000 0.000000
352725.232815 4025667.489525 0.000000 0.000000
352725.302615 4025667.349925 0.000000 0.000000
352725.372322 4025667.210512 0.000000 0.000000
352725.441955 4025667.071245 0.000000 0.000000
352725.511532 4025666.932091 0.000000 0.000000
352725.581067 4025666.793023 0.000000 -0.000000
352725.650569 4025666.654018 0.000000 0.000000
352725.720048 4025666.515060 0.000000 0.000000
352725.789510 4025666.376135 0.000000 -0.000000
352725.858962 4025666.237232 0.000000 -0.000000
352725.928406 4025666.098344 0.000000 -0.000000
352725.997845 4025665.959465 0.000000 -0.000000
352726.067282 4025665.820592 0.000000 -0.000000
352726.136717 4025665.681721 0.000000 -0.000000
352726.206152 4025665.542852 0.000000 -0.000000
352726.275586 4025665.403984 0.000000 -0.000000
352726.345020 4025665.265116 0.000000 -0.000000
352726.414454 4025665.126247 0.000000 0.000000
352726.483888 4025664.987379 0.000000 0.000000
352726.553322 4025664.848511 0.000000 0.000000
352726.622756 4025664.709643 0.000000 0.000000
352726.692190 4025664.570775 0.000000 0.000000
352726.761625 4025664.431906 0.000000 -0.000000
352726.831059 4025664.293037 0.000000 -0.000000
352726.900494 4025664.154167 0.000000 -0.000000
352726.969931 4025664.015294 0.000000 -0.000000
352727.039371 4025663.876415 0.000000 0.000000
352727.108815 4025663.737527 0.000000 0.000000
352727.178266 4025663.598624 0.000000 -0.000000
352727.247729 4025663.459698 0.000000 -0.000000
352727.317208 4025663.320740 0.000000 -0.000000
352727.386710 4025663.181736 0.000000 0.000000
352727.456244 4025663.042668 0.000000 0.000000
352727.525821 4025662.903513 0.000000 0.000000
352727.595455 4025662.764246 0.000000 0.000000
352727.665161 4025662.624833 0.000000 -0.000000
352727.734961 4025662.485234 0.000000 0.000000
352727.804878 4025662.345400 0.000000 0.000000
352727.874940 4025662.205276 0.000000 0.000000
352727.945180 4025662.064796 0.000000 0.000000
352728.015636 4025661.923883 0.000000 0.000000
352728.086354 4025661.782448 0.000000 0.000000
352728.157383 4025661.640390 0.000000 -0.000000
352728.228781 4025661.497594 0.000000 -0.000000
352728.300614 4025661.353928 0.000000 -0.000000
352728.372955 4025661.209246 0.000000 -0.000000
352728.445887 4025661.063381 0.000000 -0.000000
352728.519504 4025660.916149 0.000000 -0.000000
352728.593906 4025660.767343 0.000000 -0.000000
352728.669210 4025660.616736 0.000000 -0.000000
352728.745541 4025660.464074 0.000000 -0.000000
352728.823038 4025660.309080 0.000000 -0.000000
352728.901853 4025660.151449 0.000000 -0.000000
352728.982155 4025659.990847 0.000000 -0.000000
352729.064124 4025659.826907 0.000000 -0.000000
352729.147962 4025659.659232 0.000000 -0.000000
352729.233883 4025659.487391 0.000000 -0.000000
352729.322121 4025659.310913 0.000000 -0.000000
352729.412932 4025659.129291 0.000000 -0.000000
352729.506589 4025658.941978 0.000000 -0.000000
352729.603386 4025658.748383 0.000000 -0.000000
352729.703643 4025658.547870 0.000000 -0.000000
352729.807700 4025658.339756 0.000000 -0.000000
352729.915922 4025658.123311 0.000000 -0.000000
352730.028703 4025657.897750 0.000000 -0.000000
352730.146460 4025657.662235 0.000000 -0.000000
352730.269641 4025657.415874 0.000000 -0.000000
352730.398722 4025657.157713 0.000000 -0.000000
