352748.656530 4025621.108682 0.000000 0.000000
352748.823826 4025620.810411 0.000000 0.000000
352748.991122 4025620.512140 0.000000 0.000000
352749.158418 4025620.213869 0.000000 0.000000
352749.325714 4025619.915598 0.000000 0.000000
352749.493010 4025619.617327 0.000000 0.000000
352749.660306 4025619.319056 0.000000 0.000000
352749.827602 4025619.020785 0.000000 0.000000
352749.994897 4025618.722515 0.000000 0.000000
352750.162193 4025618.424244 0.000000 0.000000
352750.329489 4025618.125973 0.000000 0.000000
352750.496785 4025617.827702 0.000000 0.000000
352750.664081 4025617.529431 0.000000 0.000000
352750.831377 4025617.231160 0.000000 0.000000
352750.998673 4025616.932889 0.000000 0.000000
352751.165968 4025616.634618 0.000000 0.000000
352751.333264 4025616.336347 0.000000 0.000000
352751.500560 4025616.038076 0.000000 0.000000
352751.667856 4025615.739805 0.000000 -0.000000
352751.835152 4025615.441534 0.000000 0.000000
352752.002448 4025615.143264 0.000000 0.000000
352752.169744 4025614.844993 0.000000 -0.000000
352752.337039 4025614.546722 0.000000 -0.000000
352752.504335 4025614.248451 0.000000 -0.000000
352752.671631 4025613.950180 0.000000 -0.000000
352752.838927 4025613.651909 0.000000 0.000000
352753.006223 4025613.353638 0.000000 0.000000
352753.173519 4025613.055367 0.000000 0.000000
352753.340815 4025612.757096 0.000000 0.000000
352753.508111 4025612.458825 0.000000 -0.000000
352753.675406 4025612.160554 0.000000 0.000000
352753.842702 4025611.862283 0.000000 -0.000000
352754.009998 4025611.564013 0.000000 -0.000000
352754.177294 4025611.265742 0.000000 -0.000000
352754.344590 4025610.967471 0.000000 -0.000000
352754.511886 4025610.669200 0.000000 0.000000
352754.679182 4025610.370929 0.000000 0.000000
352754.846477 4025610.072658 0.000000 0.000000
352755.013773 4025609.774387 0.000000 0.000000
352755.181069 4025609.476116 0.000000 0.000000
352755.348365 4025609.177845 0.000000 0.000000
352755.515661 4025608.879574 0.000000 0.000000
352755.682957 4025608.581303 0.000000 0.000000
352755.850253 4025608.283032 0.000000 0.000000
352756.017549 4025607.984762 0.000000 0.000000
352756.184844 4025607.686491 0.000000 0.000000
352756.352140 4025607.388220 0.000000 0.000000
352756.519436 4025607.089949 0.000000 0.000000
352756.686732 4025606.791678 0.000000 0.000000
352756.854028 4025606.493407 0.000000 0.000000
