352757.021324 4025606.195136 0.000000 -0.000000
352757.081330 4025606.103281 0.000000 -0.000000
352757.141336 4025606.011426 0.000000 -0.000000
352757.201343 4025605.919570 0.000000 -0.000000
352757.261349 4025605.827715 0.000000 -0.000000
352757.321356 4025605.735860 0.000000 -0.000000
352757.381362 4025605.644005 0.000000 -0.000000
352757.441368 4025605.552150 0.000000 -0.000000
352757.501375 4025605.460294 0.000000 -0.000000
352757.561381 4025605.368439 0.000000 -0.000000
352757.621387 4025605.276584 0.000000 -0.000000
352757.681394 4025605.184729 0.000000 -0.000000
352757.741400 4025605.092874 0.000000 -0.000000
352757.801406 4025605.001018 0.000000 -0.000000
352757.861413 4025604.909163 0.000000 -0.000000
352757.921419 4025604.817308 0.000000 -0.000000
352757.981426 4025604.725453 0.000000 -0.000000
352758.041432 4025604.633598 0.000000 -0.000000
352758.101438 4025604.541742 0.000000 -0.000000
352758.161445 4025604.449887 0.000000 -0.000000
352758.221451 4025604.358032 0.000000 -0.000000
352758.281457 4025604.266177 0.000000 -0.000000
352758.341464 4025604.174321 0.000000 -0.000000
352758.401470 4025604.082466 0.000000 -0.000000
352758.461476 4025603.990611 0.000000 -0.000000
352758.521483 4025603.898756 0.000000 -0.000000
352758.581489 4025603.806901 0.000000 -0.000000
352758.641496 4025603.715045 0.000000 0.000000
352758.701502 4025603.623190 0.000000 0.000000
352758.761508 4025603.531335 0.000000 0.000000
352758.821515 4025603.439480 0.000000 0.000000
352758.881521 4025603.347625 0.000000 0.000000
352758.941527 4025603.255769 0.000000 0.000000
352759.001534 4025603.163914 0.000000 0.000000
352759.061540 4025603.072059 0.000000 0.000000
352759.121547 4025602.980204 0.000000 0.000000
352759.181553 4025602.888349 0.000000 0.000000
352759.241559 4025602.796493 0.000000 0.000000
352759.301566 4025602.704638 0.000000 0.000000
352759.361572 4025602.612783 0.000000 0.000000
352759.421578 4025602.520928 0.000000 0.000000
352759.481585 4025602.429073 0.000000 0.000000
352759.541591 4025602.337217 0.000000 0.000000
352759.601597 4025602.245362 0.000000 0.000000
352759.661604 4025602.153507 0.000000 0.000000
352759.721610 4025602.061652 0.000000 0.000000
352759.781617 4025601.969797 0.000000 0.000000
352759.841623 4025601.877941 0.000000 0.000000
352759.901629 4025601.786086 0.000000 0.000000
352759.961636 4025601.694231 0.000000 0.000000
