352980.243138 4025640.706269 0.000000 0.000000
352980.532460 4025640.890313 0.000000 0.000000
352980.807912 4025641.065532 0.000000 0.000000
352981.070399 4025641.232505 0.000000 0.000000
352981.320780 4025641.391776 0.000000 0.000000
352981.559862 4025641.543861 0.000000 0.000000
352981.788406 4025641.689242 0.000000 0.000000
352982.007129 4025641.828375 0.000000 0.000000
352982.216702 4025641.961689 0.000000 0.000000
352982.417758 4025642.089584 0.000000 0.000000
352982.610887 4025642.212437 0.000000 0.000000
352982.796646 4025642.330601 0.000000 0.000000
352982.975551 4025642.444406 0.000000 0.000000
352983.148087 4025642.554159 0.000000 0.000000
352983.314706 4025642.660149 0.000000 0.000000
352983.475829 4025642.762642 0.000000 0.000000
352983.631847 4025642.861887 0.000000 0.000000
352983.783124 4025642.958117 0.000000 0.000000
352983.929997 4025643.051546 0.000000 0.000000
352984.072779 4025643.142372 0.000000 0.000000
352984.211759 4025643.230780 0.000000 0.000000
352984.347205 4025643.316939 0.000000 0.000000
352984.479362 4025643.401007 0.000000 0.000000
352984.608459 4025643.483127 0.000000 0.000000
352984.734703 4025643.563434 0.000000 0.000000
352984.858288 4025643.642048 0.000000 -0.000000
352984.979388 4025643.719082 0.000000 0.000000
352985.098165 4025643.794638 0.000000 0.000000
352985.214768 4025643.868811 0.000000 0.000000
352985.329330 4025643.941686 0.000000 0.000000
352985.441976 4025644.013342 0.000000 0.000000
352985.552817 4025644.083851 0.000000 0.000000
352985.661958 4025644.153277 0.000000 0.000000
352985.769491 4025644.221681 0.000000 0.000000
352985.875503 4025644.289117 0.000000 -0.000000
352985.980072 4025644.355635 0.000000 0.000000
352986.083269 4025644.421280 0.000000 -0.000000
352986.185161 4025644.486095 0.000000 -0.000000
352986.285807 4025644.550119 0.000000 -0.000000
352986.385264 4025644.613385 0.000000 0.000000
352986.483584 4025644.675927 0.000000 -0.000000
352986.580812 4025644.737776 0.000000 0.000000
352986.676996 4025644.798960 0.000000 -0.000000
352986.772175 4025644.859506 0.000000 0.000000
352986.866390 4025644.919438 0.000000 -0.000000
352986.959679 4025644.978780 0.000000 -0.000000
352987.052076 4025645.037555 0.000000 -0.000000
352987.143615 4025645.095785 0.000000 -0.000000
352987.234331 4025645.153491 0.000000 -0.000000
352987.324253 4025645.210692 0.000000 0.000000
352987.413414 4025645.267409 0.000000 0.000000
352987.501842 4025645.323660 0.000000 -0.000000
352987.589566 4025645.379463 0.000000 -0.000000
352987.676615 4025645.434836 0.000000 -0.000000
352987.763016 4025645.489797 0.000000 -0.000000
352987.848795 4025645.544363 0.000000 -0.000000
352987.933977 4025645.598548 0.000000 0.000000
352988.018587 4025645.652371 0.000000 -0.000000
352988.102650 4025645.705844 0.000000 -0.000000
352988.186188 4025645.758984 0.000000 0.000000
352988.269224 4025645.811805 0.000000 0.000000
352988.351779 4025645.864320 0.000000 -0.000000
352988.433875 4025645.916542 0.000000 -0.000000
352988.515532 4025645.968486 0.000000 -0.000000
352988.596769 4025646.020162 0.000000 -0.000000
352988.677606 4025646.071584 0.000000 -0.000000
352988.758062 4025646.122763 0.000000 0.000000
352988.838153 4025646.173711 0.000000 -0.000000
352988.917897 4025646.224437 0.000000 0.000000
352988.997311 4025646.274954 0.000000 -0.000000
352989.076410 4025646.325270 0.000000 0.000000
352989.155211 4025646.375397 0.000000 -0.000000
352989.233727 4025646.425343 0.000000 -0.000000
352989.311975 4025646.475117 0.000000 0.000000
352989.389967 4025646.524729 0.000000 -0.000000
352989.467717 4025646.574188 0.000000 -0.000000
352989.545238 4025646.623500 0.000000 -0.000000
352989.622543 4025646.672675 0.000000 0.000000
352989.699644 4025646.721720 0.000000 0.000000
352989.776552 4025646.770643 0.000000 0.000000
352989.853280 4025646.819451 0.000000 0.000000
352989.929837 4025646.868151 0.000000 0.000000
352990.006236 4025646.916749 0.000000 -0.000000
352990.082485 4025646.965253 0.000000 0.000000
352990.158596 4025647.013668 0.000000 -0.000000
352990.234577 4025647.062001 0.000000 0.000000
352990.310439 4025647.110258 0.000000 0.000000
352990.386190 4025647.158445 0.000000 -0.000000
352990.461839 4025647.206566 0.000000 0.000000
352990.537396 4025647.254629 0.000000 0.000000
352990.612868 4025647.302638 0.000000 -0.000000
352990.688264 4025647.350599 0.000000 0.000000
352990.763591 4025647.398516 0.000000 -0.000000
352990.838859 4025647.446395 0.000000 0.000000
352990.914074 4025647.494241 0.000000 0.000000
352990.989245 4025647.542059 0.000000 -0.000000
352991.064379 4025647.589853 0.000000 -0.000000
352991.139483 4025647.637628 0.000000 -0.000000
352991.214566 4025647.685389 0.000000 0.000000
352991.289633 4025647.733141 0.000000 0.000000
352991.364694 4025647.780888 0.000000 0.000000
352991.439754 4025647.828635 0.000000 -0.000000
352991.514821 4025647.876387 0.000000 0.000000
352991.589904 4025647.924148 0.000000 -0.000000
352991.665008 4025647.971923 0.000000 0.000000
352991.740142 4025648.019717 0.000000 -0.000000
352991.815313 4025648.067535 0.000000 0.000000
352991.890528 4025648.115381 0.000000 0.000000
352991.965796 4025648.163260 0.000000 -0.000000
352992.041123 4025648.211177 0.000000 0.000000
352992.116519 4025648.259138 0.000000 -0.000000
352992.191991 4025648.307147 0.000000 -0.000000
352992.267548 4025648.355209 0.000000 -0.000000
352992.343197 4025648.403331 0.000000 -0.000000
352992.418948 4025648.451518 0.000000 -0.000000
352992.494810 4025648.499775 0.000000 0.000000
352992.570791 4025648.548108 0.000000 -0.000000
352992.646902 4025648.596523 0.000000 0.000000
352992.723151 4025648.645027 0.000000 0.000000
352992.799550 4025648.693625 0.000000 0.000000
352992.876107 4025648.742325 0.000000 0.000000
352992.952835 4025648.791133 0.000000 -0.000000
352993.029743 4025648.840056 0.000000 0.000000
352993.106844 4025648.889101 0.000000 0.000000
352993.184149 4025648.938276 0.000000 -0.000000
352993.261670 4025648.987588 0.000000 -0.000000
352993.339420 4025649.037047 0.000000 0.000000
352993.417412 4025649.086659 0.000000 0.000000
352993.495660 4025649.136433 0.000000 -0.000000
352993.574176 4025649.186379 0.000000 -0.000000
352993.652977 4025649.236506 0.000000 0.000000
352993.732076 4025649.286822 0.000000 0.000000
352993.811490 4025649.337339 0.000000 -0.000000
352993.891234 4025649.388065 0.000000 0.000000
352993.971325 4025649.439013 0.000000 0.000000
352994.051781 4025649.490192 0.000000 0.000000
352994.132618 4025649.541614 0.000000 -0.000000
352994.213855 4025649.593290 0.000000 0.000000
352994.295512 4025649.645234 0.000000 -0.000000
352994.377608 4025649.697456 0.000000 -0.000000
352994.460163 4025649.749971 0.000000 -0.000000
352994.543199 4025649.802792 0.000000 0.000000
352994.626737 4025649.855932 0.000000 0.000000
352994.710800 4025649.909405 0.000000 -0.000000
352994.795410 4025649.963227 0.000000 0.000000
352994.880592 4025650.017413 0.000000 -0.000000
352994.966371 4025650.071979 0.000000 -0.000000
352995.052772 4025650.126940 0.000000 0.000000
352995.139821 4025650.182313 0.000000 -0.000000
352995.227545 4025650.238116 0.000000 -0.000000
352995.315973 4025650.294367 0.000000 0.000000
352995.405134 4025650.351084 0.000000 0.000000
352995.495056 4025650.408285 0.000000 0.000000
352995.585772 4025650.465990 0.000000 0.000000
352995.677311 4025650.524221 0.000000 0.000000
352995.769708 4025650.582996 0.000000 -0.000000
352995.862997 4025650.642338 0.000000 -0.000000
352995.957212 4025650.702270 0.000000 -0.000000
352996.052391 4025650.762816 0.000000 -0.000000
352996.148575 4025650.823999 0.000000 0.000000
352996.245804 4025650.885848 0.000000 0.000000
352996.344123 4025650.948391 0.000000 0.000000
352996.443580 4025651.011657 0.000000 0.000000
352996.544226 4025651.075680 0.000000 0.000000
352996.646118 4025651.140496 0.000000 -0.000000
352996.749315 4025651.206141 0.000000 0.000000
352996.853884 4025651.272659 0.000000 -0.000000
352996.959896 4025651.340095 0.000000 0.000000
352997.067429 4025651.408499 0.000000 0.000000
352997.176570 4025651.477925 0.000000 0.000000
352997.287411 4025651.548434 0.000000 -0.000000
352997.400057 4025651.620090 0.000000 0.000000
352997.514619 4025651.692965 0.000000 -0.000000
352997.631222 4025651.767137 0.000000 -0.000000
352997.749999 4025651.842694 0.000000 -0.000000
352997.871099 4025651.919728 0.000000 -0.000000
352997.994684 4025651.998342 0.000000 0.000000
352998.120928 4025652.078649 0.000000 -0.000000
352998.250025 4025652.160769 0.000000 -0.000000
352998.382183 4025652.244837 0.000000 -0.000000
352998.517628 4025652.330996 0.000000 -0.000000
352998.656608 4025652.419404 0.000000 -0.000000
352998.799390 4025652.510230 0.000000 -0.000000
352998.946263 4025652.603659 0.000000 -0.000000
352999.097540 4025652.699889 0.000000 -0.000000
352999.253558 4025652.799134 0.000000 -0.000000
352999.414681 4025652.901627 0.000000 -0.000000
352999.581300 4025653.007617 0.000000 -0.000000
352999.753836 4025653.117370 0.000000 -0.000000
352999.932741 4025653.231175 0.000000 -0.000000
353000.118500 4025653.349339 0.000000 -0.000000
353000.311629 4025653.472192 0.000000 -0.000000
353000.512685 4025653.600087 0.000000 -0.000000
353000.722258 4025653.733401 0.000000 -0.000000
353000.940981 4025653.872534 0.000000 -0.000000
353001.169525 4025654.017915 0.000000 -0.000000
353001.408608 4025654.170000 0.000000 -0.000000
353001.658988 4025654.329271 0.000000 -0.000000
353001.921476 4025654.496244 0.000000 -0.000000
353002.196927 4025654.671463 0.000000 -0.000000
