353002.486249 4025654.855507 0.000000 0.000000
353002.774280 4025655.034105 0.000000 0.000000
353003.048501 4025655.204140 0.000000 0.000000
353003.309816 4025655.366172 0.000000 0.000000
353003.559078 4025655.520731 0.000000 0.000000
353003.797092 4025655.668316 0.000000 0.000000
353004.024615 4025655.809395 0.000000 0.000000
353004.242360 4025655.944411 0.000000 0.000000
353004.450996 4025656.073779 0.000000 0.000000
353004.651151 4025656.197889 0.000000 0.000000
353004.843415 4025656.317105 0.000000 0.000000
353005.028338 4025656.431769 0.000000 0.000000
353005.206436 4025656.542202 0.000000 0.000000
353005.378191 4025656.648701 0.000000 0.000000
353005.544051 4025656.751545 0.000000 0.000000
353005.704435 4025656.850994 0.000000 0.000000
353005.859731 4025656.947288 0.000000 0.000000
353006.010300 4025657.040650 0.000000 0.000000
353006.156477 4025657.131290 0.000000 0.000000
353006.298572 4025657.219398 0.000000 0.000000
353006.436871 4025657.305153 0.000000 0.000000
353006.571639 4025657.388717 0.000000 0.000000
353006.703119 4025657.470244 0.000000 0.000000
353006.831535 4025657.549870 0.000000 0.000000
353006.957093 4025657.627724 0.000000 0.000000
353007.079982 4025657.703923 0.000000 -0.000000
353007.200374 4025657.778575 0.000000 0.000000
353007.318429 4025657.851776 0.000000 0.000000
353007.434289 4025657.923617 0.000000 0.000000
353007.548087 4025657.994180 0.000000 0.000000
353007.659942 4025658.063537 0.000000 0.000000
353007.769964 4025658.131758 0.000000 0.000000
353007.878252 4025658.198903 0.000000 0.000000
353007.984895 4025658.265029 0.000000 0.000000
353008.089975 4025658.330186 0.000000 0.000000
353008.193567 4025658.394420 0.000000 0.000000
353008.295738 4025658.457773 0.000000 -0.000000
353008.396550 4025658.520283 0.000000 -0.000000
353008.496059 4025658.581984 0.000000 0.000000
353008.594315 4025658.642910 0.000000 0.000000
353008.691366 4025658.703088 0.000000 -0.000000
353008.787254 4025658.762545 0.000000 0.000000
353008.882021 4025658.821306 0.000000 -0.000000
353008.975702 4025658.879395 0.000000 -0.000000
353009.068332 4025658.936832 0.000000 0.000000
353009.159943 4025658.993637 0.000000 -0.000000
353009.250567 4025659.049829 0.000000 -0.000000
353009.340231 4025659.105427 0.000000 0.000000
353009.428964 4025659.160448 0.000000 0.000000
353009.516792 4025659.214907 0.000000 -0.000000
353009.603741 4025659.268820 0.000000 -0.000000
353009.689834 4025659.322204 0.000000 -0.000000
353009.775095 4025659.375072 0.000000 0.000000
353009.859548 4025659.427438 0.000000 0.000000
353009.943214 4025659.479316 0.000000 -0.000000
353010.026113 4025659.530719 0.000000 -0.000000
353010.108267 4025659.581660 0.000000 -0.000000
353010.189694 4025659.632150 0.000000 -0.000000
353010.270414 4025659.682202 0.000000 -0.000000
353010.350445 4025659.731826 0.000000 0.000000
353010.429804 4025659.781034 0.000000 0.000000
353010.508508 4025659.829836 0.000000 -0.000000
353010.586573 4025659.878241 0.000000 -0.000000
353010.664014 4025659.926260 0.000000 -0.000000
353010.740847 4025659.973901 0.000000 0.000000
353010.817086 4025660.021174 0.000000 0.000000
353010.892744 4025660.068088 0.000000 -0.000000
353010.967836 4025660.114649 0.000000 -0.000000
353011.042374 4025660.160868 0.000000 0.000000
353011.116370 4025660.206750 0.000000 0.000000
353011.189836 4025660.252304 0.000000 -0.000000
353011.262784 4025660.297536 0.000000 -0.000000
353011.335225 4025660.342455 0.000000 -0.000000
353011.407169 4025660.387065 0.000000 0.000000
353011.478627 4025660.431374 0.000000 -0.000000
353011.549609 4025660.475387 0.000000 0.000000
353011.620124 4025660.519111 0.000000 -0.000000
353011.690182 4025660.562552 0.000000 -0.000000
353011.759791 4025660.605714 0.000000 0.000000
353011.828961 4025660.648604 0.000000 0.000000
353011.897699 4025660.691226 0.000000 0.000000
353011.966014 4025660.733585 0.000000 0.000000
353012.033913 4025660.775687 0.000000 -0.000000
353012.101404 4025660.817536 0.000000 0.000000
353012.168495 4025660.859137 0.000000 -0.000000
353012.235192 4025660.900494 0.000000 0.000000
353012.301504 4025660.941611 0.000000 -0.000000
353012.367435 4025660.982493 0.000000 -0.000000
353012.432993 4025661.023144 0.000000 -0.000000
353012.498185 4025661.063567 0.000000 0.000000
353012.563017 4025661.103767 0.000000 0.000000
353012.627494 4025661.143747 0.000000 0.000000
353012.691623 4025661.183511 0.000000 -0.000000
353012.755409 4025661.223063 0.000000 0.000000
353012.818859 4025661.262406 0.000000 -0.000000
353012.881978 4025661.301543 0.000000 0.000000
353012.944771 4025661.340479 0.000000 -0.000000
353013.007243 4025661.379216 0.000000 -0.000000
353013.069400 4025661.417758 0.000000 0.000000
353013.131248 4025661.456107 0.000000 -0.000000
353013.192791 4025661.494268 0.000000 -0.000000
353013.254034 4025661.532243 0.000000 -0.000000
353013.314982 4025661.570034 0.000000 -0.000000
353013.375640 4025661.607646 0.000000 -0.000000
353013.436012 4025661.645081 0.000000 -0.000000
353013.496104 4025661.682342 0.000000 -0.000000
353013.555921 4025661.719432 0.000000 0.000000
353013.615465 4025661.756354 0.000000 -0.000000
353013.674743 4025661.793110 0.000000 -0.000000
353013.733758 4025661.829704 0.000000 0.000000
353013.792516 4025661.866137 0.000000 -0.000000
353013.851019 4025661.902413 0.000000 -0.000000
353013.909274 4025661.938535 0.000000 0.000000
353013.967283 4025661.974504 0.000000 -0.000000
353014.025051 4025662.010324 0.000000 -0.000000
353014.082582 4025662.045997 0.000000 0.000000
353014.139881 4025662.081526 0.000000 0.000000
353014.196951 4025662.116913 0.000000 0.000000
353014.253796 4025662.152161 0.000000 -0.000000
353014.310421 4025662.187272 0.000000 0.000000
353014.366830 4025662.222249 0.000000 0.000000
353014.423026 4025662.257095 0.000000 -0.000000
353014.479013 4025662.291811 0.000000 0.000000
353014.534796 4025662.326400 0.000000 0.000000
353014.590378 4025662.360864 0.000000 0.000000
353014.645763 4025662.395207 0.000000 0.000000
353014.700955 4025662.429429 0.000000 -0.000000
353014.755959 4025662.463535 0.000000 0.000000
353014.810777 4025662.497526 0.000000 0.000000
353014.865413 4025662.531404 0.000000 -0.000000
353014.919872 4025662.565172 0.000000 -0.000000
353014.974157 4025662.598833 0.000000 -0.000000
353015.028273 4025662.632388 0.000000 -0.000000
353015.082222 4025662.665840 0.000000 -0.000000
353015.136009 4025662.699191 0.000000 0.000000
353015.189637 4025662.732444 0.000000 -0.000000
353015.243111 4025662.765601 0.000000 0.000000
353015.296433 4025662.798665 0.000000 0.000000
353015.349609 4025662.831637 0.000000 0.000000
353015.402641 4025662.864521 0.000000 -0.000000
353015.455534 4025662.897318 0.000000 -0.000000
353015.508291 4025662.930031 0.000000 0.000000
353015.560917 4025662.962662 0.000000 -0.000000
353015.613414 4025662.995214 0.000000 0.000000
353015.665787 4025663.027688 0.000000 0.000000
353015.718039 4025663.060088 0.000000 0.000000
353015.770175 4025663.092416 0.000000 0.000000
353015.822198 4025663.124674 0.000000 -0.000000
353015.874112 4025663.156864 0.000000 -0.000000
353015.925922 4025663.188989 0.000000 0.000000
353015.977629 4025663.221051 0.000000 0.000000
353016.029240 4025663.253053 0.000000 0.000000
353016.080757 4025663.284997 0.000000 -0.000000
353016.132184 4025663.316886 0.000000 -0.000000
353016.183526 4025663.348721 0.000000 -0.000000
353016.234785 4025663.380505 0.000000 0.000000
353016.285967 4025663.412241 0.000000 0.000000
353016.337074 4025663.443931 0.000000 -0.000000
353016.388111 4025663.475577 0.000000 -0.000000
353016.439081 4025663.507182 0.000000 0.000000
353016.489990 4025663.538749 0.000000 -0.000000
353016.540839 4025663.570279 0.000000 -0.000000
353016.591634 4025663.601775 0.000000 0.000000
353016.642377 4025663.633239 0.000000 -0.000000
353016.693074 4025663.664675 0.000000 0.000000
353016.743728 4025663.696083 0.000000 0.000000
353016.794343 4025663.727468 0.000000 -0.000000
353016.844923 4025663.758830 0.000000 0.000000
353016.895471 4025663.790174 0.000000 -0.000000
353016.945992 4025663.821500 0.000000 0.000000
353016.996489 4025663.852812 0.000000 0.000000
353017.046967 4025663.884111 0.000000 0.000000
353017.097429 4025663.915401 0.000000 0.000000
353017.147879 4025663.946683 0.000000 0.000000
353017.198322 4025663.977961 0.000000 -0.000000
353017.248760 4025664.009236 0.000000 -0.000000
353017.299199 4025664.040512 0.000000 0.000000
353017.349641 4025664.071789 0.000000 0.000000
353017.400092 4025664.103072 0.000000 0.000000
353017.450554 4025664.134362 0.000000 -0.000000
353017.501031 4025664.165661 0.000000 -0.000000
353017.551529 4025664.196973 0.000000 -0.000000
353017.602050 4025664.228299 0.000000 0.000000
353017.652598 4025664.259642 0.000000 0.000000
353017.703177 4025664.291005 0.000000 0.000000
353017.753792 4025664.322389 0.000000 -0.000000
353017.804446 4025664.353798 0.000000 -0.000000
353017.855143 4025664.385234 0.000000 -0.000000
353017.905887 4025664.416698 0.000000 0.000000
353017.956681 4025664.448194 0.000000 -0.000000
353018.007531 4025664.479724 0.000000 -0.000000
353018.058439 4025664.511291 0.000000 -0.000000
353018.109409 4025664.542896 0.000000 0.000000
353018.160446 4025664.574542 0.000000 -0.000000
353018.211554 4025664.606232 0.000000 0.000000
353018.262735 4025664.637968 0.000000 -0.000000
353018.313995 4025664.669752 0.000000 -0.000000
353018.365336 4025664.701587 0.000000 -0.000000
353018.416764 4025664.733475 0.000000 0.000000
353018.468280 4025664.765419 0.000000 0.000000
353018.519891 4025664.797421 0.000000 -0.000000
353018.571599 4025664.829483 0.000000 0.000000
353018.623408 4025664.861609 0.000000 -0.000000
353018.675322 4025664.893799 0.000000 -0.000000
353018.727345 4025664.926057 0.000000 -0.000000
353018.779481 4025664.958384 0.000000 0.000000
353018.831734 4025664.990784 0.000000 0.000000
353018.884107 4025665.023259 0.000000 0.000000
353018.936604 4025665.055811 0.000000 -0.000000
353018.989229 4025665.088442 0.000000 -0.000000
353019.041986 4025665.121155 0.000000 -0.000000
353019.094879 4025665.153952 0.000000 -0.000000
353019.147911 4025665.186835 0.000000 0.000000
353019.201087 4025665.219808 0.000000 0.000000
353019.254410 4025665.252871 0.000000 -0.000000
353019.307883 4025665.286028 0.000000 -0.000000
353019.361512 4025665.319282 0.000000 0.000000
353019.415299 4025665.352633 0.000000 -0.000000
353019.469248 4025665.386085 0.000000 -0.000000
353019.523363 4025665.419640 0.000000 -0.000000
353019.577648 4025665.453300 0.000000 -0.000000
353019.632107 4025665.487069 0.000000 -0.000000
353019.686744 4025665.520947 0.000000 -0.000000
353019.741562 4025665.554938 0.000000 0.000000
353019.796565 4025665.589043 0.000000 -0.000000
353019.851757 4025665.623266 0.000000 0.000000
353019.907142 4025665.657609 0.000000 0.000000
353019.962725 4025665.692073 0.000000 0.000000
353020.018507 4025665.726662 0.000000 0.000000
353020.074495 4025665.761378 0.000000 -0.000000
353020.130691 4025665.796223 0.000000 -0.000000
353020.187099 4025665.831200 0.000000 0.000000
353020.243724 4025665.866311 0.000000 0.000000
353020.300570 4025665.901559 0.000000 0.000000
353020.357640 4025665.936947 0.000000 -0.000000
353020.414938 4025665.972476 0.000000 -0.000000
353020.472470 4025666.008149 0.000000 -0.000000
353020.530238 4025666.043969 0.000000 0.000000
353020.588247 4025666.079938 0.000000 -0.000000
353020.646501 4025666.116060 0.000000 0.000000
353020.705005 4025666.152336 0.000000 -0.000000
353020.763762 4025666.188769 0.000000 0.000000
353020.822777 4025666.225363 0.000000 -0.000000
353020.882055 4025666.262119 0.000000 0.000000
353020.941600 4025666.299040 0.000000 0.000000
353021.001416 4025666.336130 0.000000 0.000000
353021.061508 4025666.373391 0.000000 0.000000
353021.121881 4025666.410826 0.000000 -0.000000
353021.182539 4025666.448438 0.000000 0.000000
353021.243487 4025666.486230 0.000000 0.000000
353021.304730 4025666.524205 0.000000 -0.000000
353021.366272 4025666.562365 0.000000 -0.000000
353021.428120 4025666.600715 0.000000 -0.000000
353021.490277 4025666.639257 0.000000 -0.000000
353021.552750 4025666.677994 0.000000 -0.000000
353021.615543 4025666.716929 0.000000 -0.000000
353021.678661 4025666.756067 0.000000 0.000000
353021.742111 4025666.795410 0.000000 -0.000000
353021.805897 4025666.834962 0.000000 0.000000
353021.870026 4025666.874726 0.000000 0.000000
353021.934504 4025666.914706 0.000000 -0.000000
353021.999335 4025666.954906 0.000000 0.000000
353022.064527 4025666.995329 0.000000 0.000000
353022.130085 4025667.035980 0.000000 -0.000000
353022.196017 4025667.076862 0.000000 -0.000000
353022.262328 4025667.117979 0.000000 -0.000000
353022.329025 4025667.159336 0.000000 -0.000000
353022.396116 4025667.200936 0.000000 0.000000
353022.463608 4025667.242785 0.000000 -0.000000
353022.531507 4025667.284887 0.000000 0.000000
353022.599821 4025667.327247 0.000000 0.000000
353022.668560 4025667.369869 0.000000 -0.000000
353022.737729 4025667.412759 0.000000 -0.000000
353022.807338 4025667.455921 0.000000 0.000000
353022.877396 4025667.499362 0.000000 0.000000
353022.947911 4025667.543086 0.000000 0.000000
353023.018893 4025667.587099 0.000000 -0.000000
353023.090351 4025667.631408 0.000000 0.000000
353023.162296 4025667.676018 0.000000 0.000000
353023.234736 4025667.720936 0.000000 -0.000000
353023.307684 4025667.766169 0.000000 -0.000000
353023.381151 4025667.811723 0.000000 -0.000000
353023.455147 4025667.857605 0.000000 0.000000
353023.529684 4025667.903823 0.000000 0.000000
353023.604776 4025667.950385 0.000000 -0.000000
353023.680435 4025667.997298 0.000000 -0.000000
353023.756673 4025668.044571 0.000000 0.000000
353023.833506 4025668.092213 0.000000 -0.000000
353023.910948 4025668.140232 0.000000 0.000000
353023.989012 4025668.188637 0.000000 0.000000
353024.067716 4025668.237439 0.000000 -0.000000
353024.147075 4025668.286646 0.000000 0.000000
353024.227106 4025668.336271 0.000000 -0.000000
353024.307826 4025668.386322 0.000000 0.000000
353024.389254 4025668.436813 0.000000 0.000000
353024.471407 4025668.487754 0.000000 -0.000000
353024.554307 4025668.539157 0.000000 -0.000000
353024.637972 4025668.591035 0.000000 -0.000000
353024.722425 4025668.643401 0.000000 -0.000000
353024.807686 4025668.696269 0.000000 -0.000000
353024.893780 4025668.749652 0.000000 0.000000
353024.980728 4025668.803566 0.000000 0.000000
353025.068556 4025668.858025 0.000000 -0.000000
353025.157289 4025668.913045 0.000000 -0.000000
353025.246953 4025668.968643 0.000000 0.000000
353025.337577 4025669.024836 0.000000 -0.000000
353025.429188 4025669.081641 0.000000 -0.000000
353025.521819 4025669.139078 0.000000 0.000000
353025.615500 4025669.197166 0.000000 -0.000000
353025.710266 4025669.255928 0.000000 0.000000
353025.806155 4025669.315385 0.000000 0.000000
353025.903206 4025669.375563 0.000000 -0.000000
353026.001462 4025669.436488 0.000000 0.000000
353026.100970 4025669.498190 0.000000 -0.000000
353026.201782 4025669.560700 0.000000 -0.000000
353026.303953 4025669.624053 0.000000 0.000000
353026.407545 4025669.688287 0.000000 0.000000
353026.512626 4025669.753444 0.000000 0.000000
353026.619269 4025669.819569 0.000000 0.000000
353026.727556 4025669.886715 0.000000 -0.000000
353026.837578 4025669.954935 0.000000 0.000000
353026.949433 4025670.024293 0.000000 -0.000000
353027.063231 4025670.094855 0.000000 0.000000
353027.179092 4025670.166696 0.000000 -0.000000
353027.297146 4025670.239898 0.000000 0.000000
353027.417539 4025670.314549 0.000000 -0.000000
353027.540428 4025670.390748 0.000000 0.000000
353027.665986 4025670.468603 0.000000 -0.000000
353027.794402 4025670.548229 0.000000 -0.000000
353027.925881 4025670.629755 0.000000 -0.000000
353028.060649 4025670.713320 0.000000 -0.000000
353028.198948 4025670.799075 0.000000 -0.000000
353028.341043 4025670.887183 0.000000 -0.000000
353028.487220 4025670.977822 0.000000 -0.000000
353028.637789 4025671.071185 0.000000 -0.000000
353028.793085 4025671.167479 0.000000 -0.000000
353028.953469 4025671.266927 0.000000 -0.000000
353029.119329 4025671.369772 0.000000 -0.000000
353029.291084 4025671.476271 0.000000 -0.000000
353029.469182 4025671.586704 0.000000 -0.000000
353029.654105 4025671.701368 0.000000 -0.000000
353029.846369 4025671.820584 0.000000 -0.000000
353030.046524 4025671.944694 0.000000 -0.000000
353030.255160 4025672.074062 0.000000 -0.000000
353030.472905 4025672.209078 0.000000 -0.000000
353030.700428 4025672.350157 0.000000 -0.000000
353030.938442 4025672.497742 0.000000 -0.000000
353031.187705 4025672.652301 0.000000 -0.000000
353031.449019 4025672.814333 0.000000 -0.000000
353031.723240 4025672.984368 0.000000 -0.000000
