353167.327479 4025797.239269 0.000000 0.000000
353167.057568 4025797.045566 0.000000 0.000151
353166.800707 4025796.861003 0.000000 0.000303
353166.556039 4025796.684982 0.000000 0.000454
353166.322760 4025796.516940 0.000000 0.000605
353166.100107 4025796.356344 0.000000 0.000756
353165.887366 4025796.202693 0.000000 0.000908
353165.683863 4025796.055517 0.000000 0.001059
353165.488964 4025795.914373 0.000000 0.001210
353165.302076 4025795.778845 0.000000 0.001362
353165.122643 4025795.648545 0.000000 0.001513
353164.950142 4025795.523107 0.000000 0.001664
353164.784088 4025795.402190 0.000000 0.001816
353164.624024 4025795.285476 0.000000 0.001967
353164.469527 4025795.172667 0.000000 0.002118
353164.320203 4025795.063489 0.000000 0.002269
353164.175682 4025794.957681 0.000000 0.002421
353164.035625 4025794.855007 0.000000 0.002572
353163.899716 4025794.755244 0.000000 0.002723
353163.767662 4025794.658187 0.000000 0.002875
353163.639193 4025794.563646 0.000000 0.003026
353163.514058 4025794.471445 0.000000 0.003177
353163.392029 4025794.381424 0.000000 0.003329
353163.272894 4025794.293432 0.000000 0.003480
353163.156460 4025794.207335 0.000000 0.003631
353163.042547 4025794.123005 0.000000 0.003721
353162.930994 4025794.040328 0.000000 0.003811
353162.821652 4025793.959199 0.000000 0.003902
353162.714384 4025793.879522 0.000000 0.003993
353162.609068 4025793.801208 0.000000 0.004087
353162.505591 4025793.724177 0.000000 0.004184
353162.403850 4025793.648357 0.000000 0.004284
353162.303754 4025793.573681 0.000000 0.004390
353162.205216 4025793.500088 0.000000 0.004501
353162.108162 4025793.427523 0.000000 0.004618
353162.012522 4025793.355936 0.000000 0.004742
353161.918233 4025793.285281 0.000000 0.004874
353161.825238 4025793.215516 0.000000 0.005014
353161.733485 4025793.146603 0.000000 0.005163
353161.642926 4025793.078507 0.000000 0.005321
353161.553519 4025793.011196 0.000000 0.005488
353161.465224 4025792.944640 0.000000 0.005665
353161.378003 4025792.878811 0.000000 0.005852
353161.291825 4025792.813683 0.000000 0.006048
353161.206656 4025792.749232 0.000000 0.006254
353161.122467 4025792.685436 0.000000 0.006469
353161.039231 4025792.622273 0.000000 0.006694
353160.956921 4025792.559722 0.000000 0.006927
353160.875513 4025792.497764 0.000000 0.007168
353160.794983 4025792.436380 0.000000 0.007418
353160.715308 4025792.375551 0.000000 0.007675
353160.636465 4025792.315261 0.000000 0.007939
353160.558434 4025792.255492 0.000000 0.008210
353160.481194 4025792.196227 0.000000 0.008486
353160.404727 4025792.137452 0.000000 0.008767
353160.329012 4025792.079150 0.000000 0.009054
353160.254032 4025792.021308 0.000000 0.009344
353160.179769 4025791.963911 0.000000 0.009637
353160.106207 4025791.906944 0.000000 0.009933
353160.033329 4025791.850396 0.000000 0.010230
353159.961121 4025791.794254 0.000000 0.010529
353159.889566 4025791.738505 0.000000 0.010828
353159.818651 4025791.683137 0.000000 0.011127
353159.748361 4025791.628139 0.000000 0.011425
353159.678684 4025791.573501 0.000000 0.011721
353159.609607 4025791.519212 0.000000 0.012015
353159.541117 4025791.465262 0.000000 0.012306
353159.473201 4025791.411642 0.000000 0.012592
353159.405850 4025791.358341 0.000000 0.012875
353159.339050 4025791.305352 0.000000 0.013152
353159.272793 4025791.252665 0.000000 0.013423
353159.207066 4025791.200273 0.000000 0.013688
353159.141861 4025791.148168 0.000000 0.013945
353159.077167 4025791.096341 0.000000 0.014195
353159.012976 4025791.044787 0.000000 0.014437
353158.949277 4025790.993498 0.000000 0.014670
353158.886062 4025790.942467 0.000000 0.014893
353158.823323 4025790.891689 0.000000 0.015106
353158.761050 4025790.841156 0.000000 0.015309
353158.699237 4025790.790864 0.000000 0.015502
353158.637875 4025790.740807 0.000000 0.015682
353158.576956 4025790.690979 0.000000 0.015851
353158.516472 4025790.641376 0.000000 0.016008
353158.456417 4025790.591992 0.000000 0.016153
353158.396783 4025790.542824 0.000000 0.016285
353158.337564 4025790.493865 0.000000 0.016404
353158.278752 4025790.445113 0.000000 0.016510
353158.220340 4025790.396563 0.000000 0.016603
353158.162322 4025790.348212 0.000000 0.016682
353158.104692 4025790.300055 0.000000 0.016748
353158.047443 4025790.252089 0.000000 0.016801
353157.990568 4025790.204311 0.000000 0.016840
353157.934062 4025790.156716 0.000000 0.016867
353157.877919 4025790.109304 0.000000 0.016880
353157.822131 4025790.062069 0.000000 0.016880
353157.766695 4025790.015009 0.000000 0.016867
353157.711603 4025789.968122 0.000000 0.016842
353157.656850 4025789.921405 0.000000 0.016805
353157.602430 4025789.874855 0.000000 0.016756
353157.548338 4025789.828469 0.000000 0.016696
353157.494568 4025789.782246 0.000000 0.016625
353157.441114 4025789.736183 0.000000 0.016544
353157.387971 4025789.690278 0.000000 0.016453
353157.335134 4025789.644527 0.000000 0.016352
353157.282597 4025789.598931 0.000000 0.016243
353157.230355 4025789.553485 0.000000 0.016127
353157.178403 4025789.508188 0.000000 0.016002
353157.126736 4025789.463039 0.000000 0.015872
353157.075348 4025789.418035 0.000000 0.015735
353157.024236 4025789.373174 0.000000 0.015593
353156.973393 4025789.328454 0.000000 0.015446
353156.922815 4025789.283873 0.000000 0.015296
353156.872497 4025789.239430 0.000000 0.015143
353156.822434 4025789.195123 0.000000 0.014987
353156.772623 4025789.150949 0.000000 0.014830
353156.723057 4025789.106907 0.000000 0.014672
353156.673733 4025789.062996 0.000000 0.014515
353156.624646 4025789.019212 0.000000 0.014357
353156.575792 4025788.975554 0.000000 0.014201
353156.527166 4025788.932021 0.000000 0.014048
353156.478764 4025788.888611 0.000000 0.013897
353156.430582 4025788.845321 0.000000 0.013749
353156.382615 4025788.802149 0.000000 0.013606
353156.334860 4025788.759095 0.000000 0.013467
353156.287313 4025788.716155 0.000000 0.013333
353156.239969 4025788.673328 0.000000 0.013205
353156.192824 4025788.630611 0.000000 0.013084
353156.145875 4025788.588004 0.000000 0.012970
353156.099118 4025788.545503 0.000000 0.012862
353156.052549 4025788.503106 0.000000 0.012763
353156.006164 4025788.460812 0.000000 0.012671
353155.959960 4025788.418618 0.000000 0.012588
353155.913933 4025788.376523 0.000000 0.012514
353155.868080 4025788.334523 0.000000 0.012449
353155.822397 4025788.292617 0.000000 0.012393
353155.776880 4025788.250802 0.000000 0.012346
353155.731527 4025788.209076 0.000000 0.012309
353155.686334 4025788.167437 0.000000 0.012282
353155.641298 4025788.125883 0.000000 0.012264
353155.596416 4025788.084410 0.000000 0.012255
353155.551684 4025788.043017 0.000000 0.012257
353155.507099 4025788.001701 0.000000 0.012268
353155.462659 4025787.960460 0.000000 0.012288
353155.418361 4025787.919290 0.000000 0.012317
353155.374201 4025787.878191 0.000000 0.012355
353155.330176 4025787.837158 0.000000 0.012402
353155.286285 4025787.796190 0.000000 0.012457
353155.242523 4025787.755284 0.000000 0.012521
353155.198889 4025787.714438 0.000000 0.012591
353155.155380 4025787.673648 0.000000 0.012670
353155.111992 4025787.632913 0.000000 0.012755
353155.068724 4025787.592229 0.000000 0.012846
353155.025574 4025787.551594 0.000000 0.012943
353154.982537 4025787.511006 0.000000 0.013046
353154.939613 4025787.470462 0.000000 0.013153
353154.896799 4025787.429959 0.000000 0.013265
353154.854092 4025787.389495 0.000000 0.013380
353154.811491 4025787.349067 0.000000 0.013499
353154.768992 4025787.308674 0.000000 0.013620
353154.726594 4025787.268311 0.000000 0.013743
353154.684295 4025787.227977 0.000000 0.013868
353154.642092 4025787.187670 0.000000 0.013993
353154.599983 4025787.147387 0.000000 0.014119
353154.557968 4025787.107126 0.000000 0.014245
353154.516042 4025787.066884 0.000000 0.014370
353154.474205 4025787.026659 0.000000 0.014494
353154.432455 4025786.986450 0.000000 0.014616
353154.390790 4025786.946253 0.000000 0.014735
353154.349208 4025786.906066 0.000000 0.014852
353154.307707 4025786.865888 0.000000 0.014966
353154.266286 4025786.825716 0.000000 0.015076
353154.224942 4025786.785549 0.000000 0.015181
353154.183675 4025786.745385 0.000000 0.015282
353154.142482 4025786.705221 0.000000 0.015379
353154.101363 4025786.665055 0.000000 0.015470
353154.060315 4025786.624887 0.000000 0.015555
353154.019337 4025786.584714 0.000000 0.015634
353153.978427 4025786.544534 0.000000 0.015707
353153.937585 4025786.504347 0.000000 0.015774
353153.896809 4025786.464150 0.000000 0.015834
353153.856096 4025786.423941 0.000000 0.015887
353153.815447 4025786.383721 0.000000 0.015933
353153.774860 4025786.343486 0.000000 0.015972
353153.734333 4025786.303236 0.000000 0.016004
353153.693866 4025786.262970 0.000000 0.016028
353153.653456 4025786.222686 0.000000 0.016044
353153.613104 4025786.182384 0.000000 0.016053
353153.572807 4025786.142061 0.000000 0.016054
353153.532564 4025786.101718 0.000000 0.016048
353153.492376 4025786.061353 0.000000 0.016034
353153.452240 4025786.020966 0.000000 0.016012
353153.412155 4025785.980555 0.000000 0.015983
353153.372120 4025785.940119 0.000000 0.015946
353153.332136 4025785.899659 0.000000 0.015902
353153.292199 4025785.859173 0.000000 0.015851
353153.252311 4025785.818661 0.000000 0.015793
353153.212468 4025785.778122 0.000000 0.015728
353153.172672 4025785.737555 0.000000 0.015656
353153.132921 4025785.696961 0.000000 0.015578
353153.093213 4025785.656339 0.000000 0.015493
353153.053549 4025785.615689 0.000000 0.015402
353153.013928 4025785.575010 0.000000 0.015305
353152.974348 4025785.534301 0.000000 0.015203
353152.934809 4025785.493564 0.000000 0.015095
353152.895310 4025785.452797 0.000000 0.014982
353152.855850 4025785.412001 0.000000 0.014864
353152.816430 4025785.371175 0.000000 0.014741
353152.777047 4025785.330319 0.000000 0.014614
353152.737702 4025785.289434 0.000000 0.014483
353152.698393 4025785.248519 0.000000 0.014348
353152.659120 4025785.207574 0.000000 0.014210
353152.619883 4025785.166600 0.000000 0.014069
353152.580681 4025785.125596 0.000000 0.013924
353152.541513 4025785.084563 0.000000 0.013777
353152.502378 4025785.043501 0.000000 0.013628
353152.463277 4025785.002410 0.000000 0.013476
353152.424208 4025784.961289 0.000000 0.013323
353152.385171 4025784.920141 0.000000 0.013168
353152.346165 4025784.878963 0.000000 0.013012
353152.307190 4025784.837758 0.000000 0.012856
353152.268246 4025784.796524 0.000000 0.012698
353152.229331 4025784.755263 0.000000 0.012541
353152.190446 4025784.713975 0.000000 0.012383
353152.151590 4025784.672659 0.000000 0.012226
353152.112762 4025784.631317 0.000000 0.012069
353152.073962 4025784.589948 0.000000 0.011914
353152.035189 4025784.548553 0.000000 0.011759
353151.996444 4025784.507132 0.000000 0.011606
353151.957725 4025784.465686 0.000000 0.011454
353151.919033 4025784.424214 0.000000 0.011305
353151.880366 4025784.382718 0.000000 0.011158
353151.841725 4025784.341197 0.000000 0.011013
353151.803109 4025784.299651 0.000000 0.010871
353151.764517 4025784.258082 0.000000 0.010732
353151.725950 4025784.216490 0.000000 0.010597
353151.687407 4025784.174874 0.000000 0.010465
353151.648888 4025784.133235 0.000000 0.010337
353151.610392 4025784.091574 0.000000 0.010214
353151.571919 4025784.049891 0.000000 0.010094
353151.533469 4025784.008185 0.000000 0.009980
353151.495042 4025783.966458 0.000000 0.009870
353151.456637 4025783.924710 0.000000 0.009766
353151.418253 4025783.882940 0.000000 0.009667
353151.379892 4025783.841150 0.000000 0.009574
353151.341552 4025783.799339 0.000000 0.009487
353151.303234 4025783.757508 0.000000 0.009406
353151.264937 4025783.715656 0.000000 0.009332
353151.226660 4025783.673785 0.000000 0.009264
353151.188405 4025783.631894 0.000000 0.009203
353151.150170 4025783.589984 0.000000 0.009150
353151.111956 4025783.548054 0.000000 0.009103
353151.073763 4025783.506105 0.000000 0.009065
353151.035590 4025783.464137 0.000000 0.009034
353150.997437 4025783.422150 0.000000 0.009011
353150.959305 4025783.380144 0.000000 0.008996
353150.921193 4025783.338120 0.000000 0.008989
353150.883101 4025783.296077 0.000000 0.008990
353150.845030 4025783.254015 0.000000 0.009000
353150.806979 4025783.211934 0.000000 0.009019
353150.768949 4025783.169835 0.000000 0.009046
353150.730939 4025783.127718 0.000000 0.009082
353150.692950 4025783.085581 0.000000 0.009127
353150.654982 4025783.043426 0.000000 0.009181
353150.617035 4025783.001253 0.000000 0.009243
353150.579110 4025782.959060 0.000000 0.009315
353150.541205 4025782.916848 0.000000 0.009395
353150.503323 4025782.874618 0.000000 0.009484
353150.465462 4025782.832367 0.000000 0.009582
353150.427624 4025782.790098 0.000000 0.009689
353150.389808 4025782.747809 0.000000 0.009804
353150.352015 4025782.705499 0.000000 0.009928
353150.314246 4025782.663170 0.000000 0.010061
353150.276500 4025782.620820 0.000000 0.010201
353150.238778 4025782.578450 0.000000 0.010350
353150.201081 4025782.536059 0.000000 0.010506
353150.163408 4025782.493646 0.000000 0.010670
353150.125761 4025782.451212 0.000000 0.010842
353150.088140 4025782.408756 0.000000 0.011021
353150.050545 4025782.366277 0.000000 0.011206
353150.012977 4025782.323776 0.000000 0.011398
353149.975437 4025782.281251 0.000000 0.011597
353149.937925 4025782.238703 0.000000 0.011801
353149.900441 4025782.196131 0.000000 0.012011
353149.862986 4025782.153535 0.000000 0.012226
353149.825561 4025782.110914 0.000000 0.012445
353149.788167 4025782.068267 0.000000 0.012669
353149.750803 4025782.025595 0.000000 0.012897
353149.713471 4025781.982896 0.000000 0.013129
353149.676172 4025781.940170 0.000000 0.013363
353149.638905 4025781.897417 0.000000 0.013600
353149.601672 4025781.854636 0.000000 0.013839
353149.564474 4025781.811827 0.000000 0.014079
353149.527310 4025781.768989 0.000000 0.014320
353149.490182 4025781.726122 0.000000 0.014561
353149.453091 4025781.683224 0.000000 0.014802
353149.416036 4025781.640296 0.000000 0.015042
353149.379019 4025781.597337 0.000000 0.015281
353149.342041 4025781.554346 0.000000 0.015518
353149.305101 4025781.511324 0.000000 0.015753
353149.268201 4025781.468269 0.000000 0.015984
353149.231342 4025781.425180 0.000000 0.016212
353149.194524 4025781.382058 0.000000 0.016435
353149.157747 4025781.338902 0.000000 0.016654
353149.121013 4025781.295711 0.000000 0.016867
353149.084321 4025781.252485 0.000000 0.017074
353149.047673 4025781.209223 0.000000 0.017275
353149.011069 4025781.165926 0.000000 0.017469
353148.974509 4025781.122592 0.000000 0.017655
353148.937995 4025781.079221 0.000000 0.017833
353148.901526 4025781.035813 0.000000 0.018003
353148.865103 4025780.992367 0.000000 0.018164
353148.828727 4025780.948883 0.000000 0.018316
353148.792397 4025780.905361 0.000000 0.018457
353148.756115 4025780.861800 0.000000 0.018589
353148.719881 4025780.818200 0.000000 0.018711
353148.683694 4025780.774561 0.000000 0.018821
353148.647556 4025780.730882 0.000000 0.018921
353148.611466 4025780.687164 0.000000 0.019009
353148.575425 4025780.643406 0.000000 0.019086
353148.539433 4025780.599607 0.000000 0.019151
353148.503490 4025780.555768 0.000000 0.019204
353148.467596 4025780.511889 0.000000 0.019245
353148.431752 4025780.467969 0.000000 0.019275
353148.395956 4025780.424009 0.000000 0.019292
353148.360210 4025780.380008 0.000000 0.019297
353148.324514 4025780.335966 0.000000 0.019289
353148.288866 4025780.291883 0.000000 0.019270
353148.253267 4025780.247759 0.000000 0.019239
353148.217717 4025780.203595 0.000000 0.019195
353148.182216 4025780.159390 0.000000 0.019141
353148.146764 4025780.115143 0.000000 0.019074
353148.111359 4025780.070857 0.000000 0.018996
353148.076002 4025780.026529 0.000000 0.018907
353148.040692 4025779.982161 0.000000 0.018807
353148.005430 4025779.937752 0.000000 0.018697
353147.970214 4025779.893302 0.000000 0.018577
353147.935044 4025779.848813 0.000000 0.018447
353147.899920 4025779.804283 0.000000 0.018307
353147.864840 4025779.759713 0.000000 0.018159
353147.829805 4025779.715102 0.000000 0.018002
353147.794814 4025779.670452 0.000000 0.017837
353147.759865 4025779.625762 0.000000 0.017665
353147.724959 4025779.581032 0.000000 0.017486
353147.690094 4025779.536263 0.000000 0.017300
353147.655270 4025779.491453 0.000000 0.017109
353147.620486 4025779.446605 0.000000 0.016913
353147.585740 4025779.401716 0.000000 0.016712
353147.551033 4025779.356789 0.000000 0.016508
353147.516363 4025779.311822 0.000000 0.016300
353147.481729 4025779.266815 0.000000 0.016090
353147.447130 4025779.221769 0.000000 0.015878
353147.412565 4025779.176683 0.000000 0.015664
353147.378034 4025779.131558 0.000000 0.015450
353147.343534 4025779.086392 0.000000 0.015236
353147.309065 4025779.041187 0.000000 0.015023
353147.274626 4025778.995941 0.000000 0.014811
353147.240216 4025778.950655 0.000000 0.014602
353147.205833 4025778.905328 0.000000 0.014395
353147.171476 4025778.859960 0.000000 0.014191
353147.137144 4025778.814550 0.000000 0.013992
353147.102836 4025778.769098 0.000000 0.013796
353147.068551 4025778.723603 0.000000 0.013606
353147.034287 4025778.678065 0.000000 0.013422
353147.000042 4025778.632483 0.000000 0.013243
353146.965817 4025778.586856 0.000000 0.013071
353146.931609 4025778.541184 0.000000 0.012906
353146.897416 4025778.495465 0.000000 0.012749
353146.863239 4025778.449699 0.000000 0.012600
353146.829075 4025778.403885 0.000000 0.012458
353146.794923 4025778.358021 0.000000 0.012326
353146.760781 4025778.312107 0.000000 0.012202
353146.726649 4025778.266141 0.000000 0.012087
353146.692525 4025778.220122 0.000000 0.011982
353146.658407 4025778.174048 0.000000 0.011886
353146.624295 4025778.127918 0.000000 0.011800
353146.590186 4025778.081731 0.000000 0.011724
353146.556079 4025778.035485 0.000000 0.011658
353146.521974 4025777.989177 0.000000 0.011602
353146.487868 4025777.942808 0.000000 0.011556
353146.453760 4025777.896373 0.000000 0.011520
353146.419648 4025777.849873 0.000000 0.011494
353146.385532 4025777.803304 0.000000 0.011478
353146.351410 4025777.756664 0.000000 0.011472
353146.317279 4025777.709952 0.000000 0.011475
353146.283140 4025777.663165 0.000000 0.011487
353146.248991 4025777.616300 0.000000 0.011509
353146.214829 4025777.569356 0.000000 0.011540
353146.180654 4025777.522329 0.000000 0.011579
353146.146464 4025777.475218 0.000000 0.011627
353146.112258 4025777.428020 0.000000 0.011683
353146.078034 4025777.380731 0.000000 0.011746
353146.043791 4025777.333350 0.000000 0.011817
353146.009528 4025777.285873 0.000000 0.011894
353145.975242 4025777.238297 0.000000 0.011978
353145.940933 4025777.190620 0.000000 0.012068
353145.906599 4025777.142838 0.000000 0.012163
353145.872238 4025777.094949 0.000000 0.012263
353145.837850 4025777.046948 0.000000 0.012368
353145.803432 4025776.998834 0.000000 0.012477
353145.768983 4025776.950602 0.000000 0.012589
353145.734502 4025776.902249 0.000000 0.012705
353145.699988 4025776.853772 0.000000 0.012822
353145.665438 4025776.805168 0.000000 0.012942
353145.630851 4025776.756433 0.000000 0.013063
353145.596226 4025776.707563 0.000000 0.013185
353145.561562 4025776.658556 0.000000 0.013307
353145.526856 4025776.609406 0.000000 0.013429
353145.492108 4025776.560112 0.000000 0.013551
353145.457315 4025776.510668 0.000000 0.013671
353145.422477 4025776.461072 0.000000 0.013790
353145.387592 4025776.411319 0.000000 0.013907
353145.352658 4025776.361406 0.000000 0.014022
353145.317674 4025776.311330 0.000000 0.014133
353145.282638 4025776.261085 0.000000 0.014242
353145.247548 4025776.210669 0.000000 0.014347
353145.212404 4025776.160078 0.000000 0.014448
353145.177203 4025776.109308 0.000000 0.014544
353145.141944 4025776.058354 0.000000 0.014636
353145.106626 4025776.007213 0.000000 0.014723
353145.071246 4025775.955882 0.000000 0.014805
353145.035804 4025775.904355 0.000000 0.014882
353145.000296 4025775.852630 0.000000 0.014953
353144.964723 4025775.800701 0.000000 0.015018
353144.929082 4025775.748566 0.000000 0.015078
353144.893371 4025775.696220 0.000000 0.015131
353144.857589 4025775.643659 0.000000 0.015178
353144.821734 4025775.590879 0.000000 0.015219
353144.785804 4025775.537875 0.000000 0.015253
353144.749798 4025775.484645 0.000000 0.015281
353144.713714 4025775.431183 0.000000 0.015302
353144.677549 4025775.377486 0.000000 0.015317
353144.641302 4025775.323549 0.000000 0.015325
353144.604972 4025775.269368 0.000000 0.015326
353144.568556 4025775.214939 0.000000 0.015322
353144.532052 4025775.160258 0.000000 0.015310
353144.495458 4025775.105320 0.000000 0.015292
353144.458773 4025775.050121 0.000000 0.015268
353144.421995 4025774.994657 0.000000 0.015238
353144.385121 4025774.938924 0.000000 0.015201
353144.348148 4025774.882917 0.000000 0.015159
353144.311077 4025774.826631 0.000000 0.015110
353144.273903 4025774.770062 0.000000 0.015056
353144.236625 4025774.713206 0.000000 0.014997
353144.199240 4025774.656058 0.000000 0.014931
353144.161747 4025774.598613 0.000000 0.014861
353144.124142 4025774.540867 0.000000 0.014786
353144.086425 4025774.482815 0.000000 0.014705
353144.048591 4025774.424452 0.000000 0.014620
353144.010639 4025774.365774 0.000000 0.014531
353143.972567 4025774.306775 0.000000 0.014438
353143.934371 4025774.247451 0.000000 0.014341
353143.896049 4025774.187796 0.000000 0.014240
353143.857598 4025774.127806 0.000000 0.014135
353143.819016 4025774.067475 0.000000 0.014028
353143.780300 4025774.006798 0.000000 0.013918
353143.741447 4025773.945770 0.000000 0.013805
353143.702454 4025773.884384 0.000000 0.013690
353143.663319 4025773.822637 0.000000 0.013574
353143.624037 4025773.760521 0.000000 0.013455
353143.584607 4025773.698031 0.000000 0.013336
353143.545024 4025773.635162 0.000000 0.013215
353143.505286 4025773.571907 0.000000 0.013094
353143.465389 4025773.508259 0.000000 0.012973
353143.425331 4025773.444214 0.000000 0.012851
353143.385106 4025773.379764 0.000000 0.012730
353143.344713 4025773.314902 0.000000 0.012610
353143.304146 4025773.249623 0.000000 0.012491
353143.263403 4025773.183918 0.000000 0.012373
353143.222480 4025773.117780 0.000000 0.012257
353143.181372 4025773.051203 0.000000 0.012143
353143.140075 4025772.984177 0.000000 0.012031
353143.098585 4025772.916696 0.000000 0.011921
353143.056899 4025772.848752 0.000000 0.011815
353143.015011 4025772.780335 0.000000 0.011711
353142.972916 4025772.711436 0.000000 0.011611
353142.930611 4025772.642048 0.000000 0.011515
353142.888090 4025772.572159 0.000000 0.011422
353142.845348 4025772.501761 0.000000 0.011334
353142.802381 4025772.430844 0.000000 0.011249
353142.759182 4025772.359396 0.000000 0.011169
353142.715746 4025772.287407 0.000000 0.011094
353142.672068 4025772.214865 0.000000 0.011024
353142.628142 4025772.141760 0.000000 0.010958
353142.583961 4025772.068077 0.000000 0.010897
353142.539520 4025771.993805 0.000000 0.010842
353142.494813 4025771.918930 0.000000 0.010791
353142.449831 4025771.843438 0.000000 0.010745
353142.404570 4025771.767316 0.000000 0.010705
353142.359021 4025771.690547 0.000000 0.010669
353142.313177 4025771.613117 0.000000 0.010638
353142.267031 4025771.535009 0.000000 0.010612
353142.220575 4025771.456207 0.000000 0.010591
353142.173801 4025771.376692 0.000000 0.010574
353142.126701 4025771.296447 0.000000 0.010562
353142.079267 4025771.215452 0.000000 0.010553
353142.031488 4025771.133688 0.000000 0.010548
353141.983357 4025771.051134 0.000000 0.010546
353141.934864 4025770.967768 0.000000 0.010547
353141.885999 4025770.883569 0.000000 0.010550
353141.836752 4025770.798514 0.000000 0.010555
353141.787112 4025770.712577 0.000000 0.010560
353141.737070 4025770.625735 0.000000 0.010566
353141.686614 4025770.537961 0.000000 0.010571
353141.635733 4025770.449227 0.000000 0.010574
353141.584414 4025770.359507 0.000000 0.010574
353141.532646 4025770.268770 0.000000 0.010570
353141.480415 4025770.176986 0.000000 0.010561
353141.427709 4025770.084121 0.000000 0.010546
353141.374512 4025769.990142 0.000000 0.010523
353141.320810 4025769.895011 0.000000 0.010490
353141.266585 4025769.798689 0.000000 0.010447
353141.211819 4025769.701134 0.000000 0.010391
353141.156494 4025769.602300 0.000000 0.010321
353141.100587 4025769.502136 0.000000 0.010236
353141.044075 4025769.400589 0.000000 0.010134
353140.986932 4025769.297600 0.000000 0.010014
353140.929129 4025769.193103 0.000000 0.009875
353140.870633 4025769.087028 0.000000 0.009716
353140.811409 4025768.979296 0.000000 0.009535
353140.751417 4025768.869821 0.000000 0.009333
353140.690614 4025768.758510 0.000000 0.009108
353140.628950 4025768.645259 0.000000 0.008862
353140.566372 4025768.529955 0.000000 0.008594
353140.502819 4025768.412471 0.000000 0.008305
353140.438226 4025768.292673 0.000000 0.007996
353140.372520 4025768.170409 0.000000 0.007669
353140.305619 4025768.045517 0.000000 0.007325
353140.237437 4025767.917818 0.000000 0.006967
353140.167875 4025767.787116 0.000000 0.006664
353140.096828 4025767.653200 0.000000 0.006361
353140.024180 4025767.515838 0.000000 0.006058
353139.949803 4025767.374779 0.000000 0.005755
353139.873560 4025767.229752 0.000000 0.005452
353139.795301 4025767.080462 0.000000 0.005149
353139.714863 4025766.926591 0.000000 0.004846
353139.632069 4025766.767796 0.000000 0.004543
353139.546728 4025766.603707 0.000000 0.004241
353139.458636 4025766.433926 0.000000 0.003938
353139.367569 4025766.258024 0.000000 0.003635
353139.273288 4025766.075543 0.000000 0.003332
353139.175538 4025765.885990 0.000000 0.003029
353139.074042 4025765.688838 0.000000 0.002726
353138.968505 4025765.483525 0.000000 0.002423
353138.858612 4025765.269450 0.000000 0.002120
353138.744024 4025765.045970 0.000000 0.001817
353138.624383 4025764.812405 0.000000 0.001514
353138.499303 4025764.568026 0.000000 0.001212
353138.368376 4025764.312063 0.000000 0.000909
353138.231168 4025764.043696 0.000000 0.000606
353138.087218 4025763.762056 0.000000 0.000303
