353137.936035 4025763.466224 0.000000 0.000000
353137.775675 4025763.170435 0.000000 -0.000058
353137.622984 4025762.888839 0.000000 -0.000117
353137.477459 4025762.620507 0.000000 -0.000175
353137.338626 4025762.364562 0.000000 -0.000234
353137.206035 4025762.120179 0.000000 -0.000292
353137.079266 4025761.886581 0.000000 -0.000350
353136.957922 4025761.663034 0.000000 -0.000409
353136.841630 4025761.448852 0.000000 -0.000467
353136.730040 4025761.243391 0.000000 -0.000526
353136.622824 4025761.046044 0.000000 -0.000584
353136.519675 4025760.856246 0.000000 -0.000642
353136.420307 4025760.673467 0.000000 -0.000701
353136.324451 4025760.497213 0.000000 -0.000759
353136.231857 4025760.327024 0.000000 -0.000818
353136.142292 4025760.162469 0.000000 -0.000876
353136.055541 4025760.003150 0.000000 -0.000935
353135.971401 4025759.848696 0.000000 -0.000993
353135.889687 4025759.698764 0.000000 -0.001051
353135.810226 4025759.553035 0.000000 -0.001110
353135.732858 4025759.411215 0.000000 -0.001168
353135.657436 4025759.273032 0.000000 -0.001227
353135.583825 4025759.138238 0.000000 -0.001285
353135.511900 4025759.006601 0.000000 -0.001343
353135.441545 4025758.877910 0.000000 -0.001402
353135.372656 4025758.751972 0.000000 -0.001489
353135.305136 4025758.628609 0.000000 -0.001577
353135.238897 4025758.507659 0.000000 -0.001668
353135.173858 4025758.388974 0.000000 -0.001761
353135.109947 4025758.272419 0.000000 -0.001855
353135.047096 4025758.157871 0.000000 -0.001951
353134.985244 4025758.045219 0.000000 -0.002049
353134.924336 4025757.934360 0.000000 -0.002149
353134.864321 4025757.825202 0.000000 -0.002250
353134.805154 4025757.717662 0.000000 -0.002354
353134.746793 4025757.611664 0.000000 -0.002459
353134.689200 4025757.507138 0.000000 -0.002566
353134.632340 4025757.404021 0.000000 -0.002675
353134.576183 4025757.302256 0.000000 -0.002786
353134.520699 4025757.201792 0.000000 -0.002899
353134.465862 4025757.102579 0.000000 -0.003014
353134.411647 4025757.004573 0.000000 -0.003131
353134.358032 4025756.907735 0.000000 -0.003250
353134.304996 4025756.812026 0.000000 -0.003371
353134.252519 4025756.717412 0.000000 -0.003494
353134.200583 4025756.623858 0.000000 -0.003619
353134.149170 4025756.531335 0.000000 -0.003745
353134.098265 4025756.439812 0.000000 -0.003874
353134.047851 4025756.349262 0.000000 -0.004004
353133.997913 4025756.259657 0.000000 -0.004135
353133.948437 4025756.170973 0.000000 -0.004268
353133.899408 4025756.083183 0.000000 -0.004402
353133.850813 4025755.996264 0.000000 -0.004538
353133.802640 4025755.910192 0.000000 -0.004674
353133.754875 4025755.824947 0.000000 -0.004810
353133.707506 4025755.740506 0.000000 -0.004947
353133.660522 4025755.656848 0.000000 -0.005084
353133.613912 4025755.573954 0.000000 -0.005222
353133.567664 4025755.491805 0.000000 -0.005358
353133.521769 4025755.410382 0.000000 -0.005495
353133.476216 4025755.329667 0.000000 -0.005630
353133.430996 4025755.249644 0.000000 -0.005764
353133.386100 4025755.170296 0.000000 -0.005897
353133.341518 4025755.091608 0.000000 -0.006028
353133.297242 4025755.013563 0.000000 -0.006158
353133.253265 4025754.936148 0.000000 -0.006284
353133.209577 4025754.859347 0.000000 -0.006409
353133.166171 4025754.783148 0.000000 -0.006530
353133.123041 4025754.707538 0.000000 -0.006649
353133.080179 4025754.632503 0.000000 -0.006764
353133.037579 4025754.558031 0.000000 -0.006876
353132.995233 4025754.484112 0.000000 -0.006983
353132.953136 4025754.410732 0.000000 -0.007087
353132.911282 4025754.337881 0.000000 -0.007186
353132.869665 4025754.265549 0.000000 -0.007280
353132.828280 4025754.193725 0.000000 -0.007369
353132.787121 4025754.122400 0.000000 -0.007454
353132.746183 4025754.051562 0.000000 -0.007532
353132.705462 4025753.981204 0.000000 -0.007606
353132.664953 4025753.911316 0.000000 -0.007673
353132.624650 4025753.841889 0.000000 -0.007735
353132.584551 4025753.772914 0.000000 -0.007791
353132.544650 4025753.704384 0.000000 -0.007840
353132.504944 4025753.636290 0.000000 -0.007883
353132.465429 4025753.568623 0.000000 -0.007919
353132.426101 4025753.501377 0.000000 -0.007948
353132.386956 4025753.434544 0.000000 -0.007971
353132.347991 4025753.368116 0.000000 -0.007987
353132.309203 4025753.302086 0.000000 -0.007996
353132.270588 4025753.236447 0.000000 -0.007998
353132.232143 4025753.171191 0.000000 -0.007993
353132.193866 4025753.106313 0.000000 -0.007981
353132.155752 4025753.041805 0.000000 -0.007962
353132.117800 4025752.977660 0.000000 -0.007935
353132.080006 4025752.913871 0.000000 -0.007902
353132.042367 4025752.850434 0.000000 -0.007862
353132.004882 4025752.787340 0.000000 -0.007815
353131.967547 4025752.724583 0.000000 -0.007762
353131.930359 4025752.662158 0.000000 -0.007701
353131.893316 4025752.600058 0.000000 -0.007634
353131.856416 4025752.538276 0.000000 -0.007561
353131.819656 4025752.476807 0.000000 -0.007482
353131.783034 4025752.415644 0.000000 -0.007397
353131.746547 4025752.354782 0.000000 -0.007305
353131.710192 4025752.294214 0.000000 -0.007209
353131.673968 4025752.233934 0.000000 -0.007107
353131.637873 4025752.173936 0.000000 -0.006999
353131.601902 4025752.114214 0.000000 -0.006887
353131.566055 4025752.054762 0.000000 -0.006771
353131.530330 4025751.995575 0.000000 -0.006650
353131.494722 4025751.936646 0.000000 -0.006525
353131.459231 4025751.877969 0.000000 -0.006396
353131.423854 4025751.819538 0.000000 -0.006264
353131.388588 4025751.761348 0.000000 -0.006129
353131.353432 4025751.703392 0.000000 -0.005991
353131.318382 4025751.645665 0.000000 -0.005851
353131.283436 4025751.588160 0.000000 -0.005709
353131.248592 4025751.530872 0.000000 -0.005565
353131.213847 4025751.473794 0.000000 -0.005419
353131.179199 4025751.416920 0.000000 -0.005273
353131.144645 4025751.360245 0.000000 -0.005125
353131.110183 4025751.303763 0.000000 -0.004978
353131.075809 4025751.247467 0.000000 -0.004830
353131.041522 4025751.191351 0.000000 -0.004682
353131.007319 4025751.135410 0.000000 -0.004536
353130.973196 4025751.079637 0.000000 -0.004390
353130.939152 4025751.024025 0.000000 -0.004245
353130.905183 4025750.968570 0.000000 -0.004102
353130.871286 4025750.913264 0.000000 -0.003961
353130.837459 4025750.858102 0.000000 -0.003822
353130.803699 4025750.803077 0.000000 -0.003686
353130.770002 4025750.748183 0.000000 -0.003553
353130.736365 4025750.693415 0.000000 -0.003422
353130.702786 4025750.638764 0.000000 -0.003296
353130.669262 4025750.584226 0.000000 -0.003172
353130.635788 4025750.529794 0.000000 -0.003053
353130.602363 4025750.475461 0.000000 -0.002938
353130.568982 4025750.421222 0.000000 -0.002827
353130.535643 4025750.367069 0.000000 -0.002720
353130.502342 4025750.312997 0.000000 -0.002619
353130.469075 4025750.258999 0.000000 -0.002522
353130.435839 4025750.205068 0.000000 -0.002430
353130.402632 4025750.151199 0.000000 -0.002344
353130.369448 4025750.097384 0.000000 -0.002263
353130.336285 4025750.043618 0.000000 -0.002187
353130.303139 4025749.989894 0.000000 -0.002117
353130.270007 4025749.936205 0.000000 -0.002053
353130.236884 4025749.882545 0.000000 -0.001994
353130.203767 4025749.828908 0.000000 -0.001941
353130.170652 4025749.775286 0.000000 -0.001894
353130.137536 4025749.721674 0.000000 -0.001853
353130.104415 4025749.668066 0.000000 -0.001817
353130.071284 4025749.614454 0.000000 -0.001788
353130.038141 4025749.560833 0.000000 -0.001764
353130.004980 4025749.507195 0.000000 -0.001746
353129.971799 4025749.453535 0.000000 -0.001733
353129.938594 4025749.399847 0.000000 -0.001726
353129.905360 4025749.346124 0.000000 -0.001725
353129.872093 4025749.292359 0.000000 -0.001729
353129.838791 4025749.238547 0.000000 -0.001738
353129.805447 4025749.184681 0.000000 -0.001753
353129.772060 4025749.130756 0.000000 -0.001773
353129.738625 4025749.076764 0.000000 -0.001797
353129.705137 4025749.022701 0.000000 -0.001826
353129.671594 4025748.968559 0.000000 -0.001860
353129.637991 4025748.914334 0.000000 -0.001899
353129.604323 4025748.860018 0.000000 -0.001941
353129.570588 4025748.805607 0.000000 -0.001988
353129.536781 4025748.751094 0.000000 -0.002039
353129.502898 4025748.696473 0.000000 -0.002093
353129.468935 4025748.641740 0.000000 -0.002151
353129.434889 4025748.586887 0.000000 -0.002213
353129.400755 4025748.531909 0.000000 -0.002277
353129.366530 4025748.476801 0.000000 -0.002344
353129.332210 4025748.421557 0.000000 -0.002415
353129.297790 4025748.366172 0.000000 -0.002487
353129.263266 4025748.310640 0.000000 -0.002562
353129.228636 4025748.254956 0.000000 -0.002640
353129.193895 4025748.199113 0.000000 -0.002719
353129.159038 4025748.143108 0.000000 -0.002800
353129.124063 4025748.086934 0.000000 -0.002882
353129.088965 4025748.030587 0.000000 -0.002966
353129.053741 4025747.974061 0.000000 -0.003051
353129.018385 4025747.917350 0.000000 -0.003137
353128.982896 4025747.860450 0.000000 -0.003223
353128.947268 4025747.803356 0.000000 -0.003310
353128.911498 4025747.746062 0.000000 -0.003398
353128.875582 4025747.688564 0.000000 -0.003485
353128.839517 4025747.630856 0.000000 -0.003573
353128.803297 4025747.572932 0.000000 -0.003661
353128.766919 4025747.514790 0.000000 -0.003748
353128.730380 4025747.456422 0.000000 -0.003835
353128.693676 4025747.397824 0.000000 -0.003921
353128.656801 4025747.338992 0.000000 -0.004007
353128.619754 4025747.279919 0.000000 -0.004092
353128.582529 4025747.220602 0.000000 -0.004176
353128.545122 4025747.161035 0.000000 -0.004259
353128.507531 4025747.101212 0.000000 -0.004341
353128.469749 4025747.041130 0.000000 -0.004422
353128.431775 4025746.980783 0.000000 -0.004502
353128.393603 4025746.920166 0.000000 -0.004581
353128.355229 4025746.859273 0.000000 -0.004659
353128.316649 4025746.798100 0.000000 -0.004736
353128.277860 4025746.736642 0.000000 -0.004813
353128.238856 4025746.674892 0.000000 -0.004888
353128.199634 4025746.612847 0.000000 -0.004963
353128.160189 4025746.550500 0.000000 -0.005037
353128.120518 4025746.487846 0.000000 -0.005111
353128.080614 4025746.424880 0.000000 -0.005185
353128.040475 4025746.361596 0.000000 -0.005259
353128.000095 4025746.297988 0.000000 -0.005333
353127.959471 4025746.234051 0.000000 -0.005408
353127.918596 4025746.169778 0.000000 -0.005484
353127.877466 4025746.105164 0.000000 -0.005560
353127.836077 4025746.040203 0.000000 -0.005638
353127.794424 4025745.974889 0.000000 -0.005718
353127.752500 4025745.909214 0.000000 -0.005800
353127.710301 4025745.843174 0.000000 -0.005885
353127.667822 4025745.776760 0.000000 -0.005972
353127.625056 4025745.709966 0.000000 -0.006062
353127.581999 4025745.642785 0.000000 -0.006156
353127.538643 4025745.575210 0.000000 -0.006253
353127.494984 4025745.507234 0.000000 -0.006355
353127.451014 4025745.438849 0.000000 -0.006461
353127.406726 4025745.370046 0.000000 -0.006572
353127.362115 4025745.300819 0.000000 -0.006688
353127.317172 4025745.231158 0.000000 -0.006810
353127.271891 4025745.161055 0.000000 -0.006937
353127.226264 4025745.090502 0.000000 -0.007070
353127.180282 4025745.019489 0.000000 -0.007210
353127.133938 4025744.948006 0.000000 -0.007356
353127.087223 4025744.876044 0.000000 -0.007509
353127.040128 4025744.803593 0.000000 -0.007669
353126.992643 4025744.730643 0.000000 -0.007835
353126.944758 4025744.657182 0.000000 -0.008009
353126.896464 4025744.583200 0.000000 -0.008190
353126.847749 4025744.508685 0.000000 -0.008378
353126.798603 4025744.433625 0.000000 -0.008572
353126.749014 4025744.358008 0.000000 -0.008774
353126.698969 4025744.281821 0.000000 -0.008983
353126.648456 4025744.205051 0.000000 -0.009198
353126.597462 4025744.127684 0.000000 -0.009419
353126.545972 4025744.049707 0.000000 -0.009647
353126.493973 4025743.971103 0.000000 -0.009879
353126.441450 4025743.891860 0.000000 -0.010117
353126.388385 4025743.811959 0.000000 -0.010359
353126.334764 4025743.731387 0.000000 -0.010605
353126.280569 4025743.650125 0.000000 -0.010853
353126.225782 4025743.568156 0.000000 -0.011103
353126.170384 4025743.485463 0.000000 -0.011354
353126.114356 4025743.402026 0.000000 -0.011604
353126.057677 4025743.317827 0.000000 -0.011852
353126.000327 4025743.232846 0.000000 -0.012096
353125.942283 4025743.147061 0.000000 -0.012336
353125.883523 4025743.060452 0.000000 -0.012568
353125.824021 4025742.972997 0.000000 -0.012790
353125.763754 4025742.884671 0.000000 -0.013002
353125.702693 4025742.795451 0.000000 -0.013199
353125.640811 4025742.705309 0.000000 -0.013380
353125.578078 4025742.614219 0.000000 -0.013542
353125.514461 4025742.522151 0.000000 -0.013682
353125.449927 4025742.429070 0.000000 -0.013798
353125.384439 4025742.334943 0.000000 -0.013887
353125.317956 4025742.239730 0.000000 -0.013945
353125.250436 4025742.143388 0.000000 -0.013971
353125.181833 4025742.045871 0.000000 -0.013961
353125.112095 4025741.947127 0.000000 -0.013915
353125.041167 4025741.847098 0.000000 -0.013828
353124.968990 4025741.745721 0.000000 -0.013701
353124.895498 4025741.642924 0.000000 -0.013531
353124.820620 4025741.538631 0.000000 -0.013318
353124.744277 4025741.432755 0.000000 -0.013061
353124.666386 4025741.325200 0.000000 -0.012762
353124.586853 4025741.215859 0.000000 -0.012421
353124.505577 4025741.104618 0.000000 -0.012039
353124.422449 4025740.991347 0.000000 -0.011619
353124.337349 4025740.875904 0.000000 -0.011163
353124.250148 4025740.758136 0.000000 -0.010675
353124.160705 4025740.637871 0.000000 -0.010211
353124.068866 4025740.514924 0.000000 -0.009747
353123.974467 4025740.389092 0.000000 -0.009283
353123.877329 4025740.260152 0.000000 -0.008818
353123.777257 4025740.127865 0.000000 -0.008354
353123.674045 4025739.991967 0.000000 -0.007890
353123.567468 4025739.852176 0.000000 -0.007426
353123.457282 4025739.708184 0.000000 -0.006962
353123.343230 4025739.559658 0.000000 -0.006498
353123.225033 4025739.406241 0.000000 -0.006034
353123.102391 4025739.247547 0.000000 -0.005570
353122.974984 4025739.083159 0.000000 -0.005105
353122.842471 4025738.912632 0.000000 -0.004641
353122.704487 4025738.735489 0.000000 -0.004177
353122.560640 4025738.551216 0.000000 -0.003713
353122.410518 4025738.359265 0.000000 -0.003249
353122.253676 4025738.159052 0.000000 -0.002785
353122.089645 4025737.949952 0.000000 -0.002321
353121.917926 4025737.731301 0.000000 -0.001857
353121.737989 4025737.502390 0.000000 -0.001392
353121.549272 4025737.262467 0.000000 -0.000928
353121.351181 4025737.010734 0.000000 -0.000464
