353137.936035 4025763.466224 0.000000 0.000000
353137.807841 4025763.231389 0.000000 -0.007889
353137.676068 4025762.999828 0.000000 -0.015778
353137.540361 4025762.772298 0.000000 -0.023668
353137.400415 4025762.549503 0.000000 -0.031557
353137.255975 4025762.332098 0.000000 -0.039446
353137.106835 4025762.120684 0.000000 -0.047335
353136.952831 4025761.915816 0.000000 -0.055225
353136.793841 4025761.717995 0.000000 -0.063114
353136.629782 4025761.527675 0.000000 -0.071003
353136.460607 4025761.345263 0.000000 -0.078892
353136.286301 4025761.171118 0.000000 -0.086782
353136.106880 4025761.005552 0.000000 -0.094671
353135.922388 4025760.848832 0.000000 -0.102560
353135.732895 4025760.701181 0.000000 -0.110449
353135.538495 4025760.562780 0.000000 -0.118339
353135.339302 4025760.433766 0.000000 -0.126228
353135.135450 4025760.314235 0.000000 -0.134117
353134.927087 4025760.204246 0.000000 -0.142006
353134.714379 4025760.103816 0.000000 -0.149896
353134.497504 4025760.012929 0.000000 -0.157785
353134.276648 4025759.931528 0.000000 -0.165674
353134.052011 4025759.859528 0.000000 -0.173563
353133.823795 4025759.796807 0.000000 -0.170267
353133.592210 4025759.743213 0.000000 -0.166128
353133.357471 4025759.698565 0.000000 -0.161239
353133.119793 4025759.662654 0.000000 -0.155703
353132.879393 4025759.635244 0.000000 -0.149626
353132.636487 4025759.616077 0.000000 -0.143115
353132.391289 4025759.604869 0.000000 -0.136275
353132.144011 4025759.601319 0.000000 -0.129206
353131.894858 4025759.605105 0.000000 -0.122746
353131.644032 4025759.615889 0.000000 -0.116285
353131.391728 4025759.633319 0.000000 -0.109825
353131.138132 4025759.657028 0.000000 -0.103365
353130.883422 4025759.686643 0.000000 -0.096905
353130.627768 4025759.721778 0.000000 -0.090444
353130.371328 4025759.762045 0.000000 -0.083984
353130.114251 4025759.807051 0.000000 -0.077524
353129.856674 4025759.856400 0.000000 -0.071063
353129.598721 4025759.909700 0.000000 -0.064603
353129.340505 4025759.966561 0.000000 -0.058143
353129.082124 4025760.026600 0.000000 -0.051682
353128.823666 4025760.089443 0.000000 -0.045222
353128.565203 4025760.154727 0.000000 -0.038762
353128.306794 4025760.222103 0.000000 -0.032302
353128.048484 4025760.291239 0.000000 -0.025841
353127.790305 4025760.361823 0.000000 -0.019381
353127.532274 4025760.433565 0.000000 -0.012921
353127.274395 4025760.506202 0.000000 -0.006460
