353121.143085 4025736.746343 0.000000 0.000000
353120.886007 4025736.511439 0.000000 -0.000004
353120.641402 4025736.287637 0.000000 -0.000008
353120.408451 4025736.074210 0.000000 -0.000012
353120.186376 4025735.870470 0.000000 -0.000016
353119.974443 4025735.675767 0.000000 -0.000020
353119.771960 4025735.489490 0.000000 -0.000024
353119.578273 4025735.311060 0.000000 -0.000028
353119.392765 4025735.139934 0.000000 -0.000032
353119.214856 4025734.975600 0.000000 -0.000036
353119.044001 4025734.817577 0.000000 -0.000040
353118.879687 4025734.665416 0.000000 -0.000044
353118.721434 4025734.518691 0.000000 -0.000048
353118.568790 4025734.377009 0.000000 -0.000052
353118.421335 4025734.239999 0.000000 -0.000056
353118.278672 4025734.107314 0.000000 -0.000060
353118.140434 4025733.978633 0.000000 -0.000064
353118.006278 4025733.853655 0.000000 -0.000068
353117.875881 4025733.732101 0.000000 -0.000072
353117.748947 4025733.613711 0.000000 -0.000076
353117.625199 4025733.498243 0.000000 -0.000080
353117.504379 4025733.385476 0.000000 -0.000084
353117.386249 4025733.275201 0.000000 -0.000088
353117.270588 4025733.167230 0.000000 -0.000092
353117.157193 4025733.061385 0.000000 -0.000410
353117.045876 4025732.957505 0.000000 -0.000750
353116.936462 4025732.855440 0.000000 -0.001110
353116.828792 4025732.755054 0.000000 -0.001488
353116.722718 4025732.656221 0.000000 -0.001882
353116.618106 4025732.558825 0.000000 -0.002288
353116.514831 4025732.462762 0.000000 -0.002705
353116.412780 4025732.367935 0.000000 -0.003129
353116.311848 4025732.274257 0.000000 -0.003559
353116.211939 4025732.181646 0.000000 -0.003991
353116.112966 4025732.090030 0.000000 -0.004423
353116.014849 4025731.999342 0.000000 -0.004852
353115.917515 4025731.909520 0.000000 -0.005278
353115.820895 4025731.820511 0.000000 -0.005696
353115.724930 4025731.732262 0.000000 -0.006107
353115.629562 4025731.644727 0.000000 -0.006508
353115.534738 4025731.557865 0.000000 -0.006898
353115.440413 4025731.471636 0.000000 -0.007276
353115.346540 4025731.386005 0.000000 -0.007640
353115.253081 4025731.300938 0.000000 -0.007991
353115.159996 4025731.216406 0.000000 -0.008326
353115.067251 4025731.132380 0.000000 -0.008647
353114.974812 4025731.048833 0.000000 -0.008953
353114.882650 4025730.965742 0.000000 -0.009243
353114.790736 4025730.883083 0.000000 -0.009518
353114.699042 4025730.800836 0.000000 -0.009777
353114.607543 4025730.718978 0.000000 -0.010021
353114.516215 4025730.637492 0.000000 -0.010250
353114.425036 4025730.556359 0.000000 -0.010464
353114.333985 4025730.475563 0.000000 -0.010663
353114.243041 4025730.395087 0.000000 -0.010848
353114.152187 4025730.314916 0.000000 -0.011019
353114.061404 4025730.235036 0.000000 -0.011177
353113.970676 4025730.155434 0.000000 -0.011322
353113.879989 4025730.076098 0.000000 -0.011454
353113.789328 4025729.997016 0.000000 -0.011575
353113.698679 4025729.918177 0.000000 -0.011684
353113.608031 4025729.839572 0.000000 -0.011782
353113.517372 4025729.761189 0.000000 -0.011869
353113.426691 4025729.683021 0.000000 -0.011947
353113.335979 4025729.605060 0.000000 -0.012015
353113.245227 4025729.527297 0.000000 -0.012075
353113.154424 4025729.449725 0.000000 -0.012126
353113.063565 4025729.372337 0.000000 -0.012170
353112.972641 4025729.295128 0.000000 -0.012206
353112.881645 4025729.218089 0.000000 -0.012236
353112.790570 4025729.141217 0.000000 -0.012260
353112.699410 4025729.064504 0.000000 -0.012278
353112.608160 4025728.987947 0.000000 -0.012291
353112.516813 4025728.911539 0.000000 -0.012299
353112.425364 4025728.835276 0.000000 -0.012302
353112.333808 4025728.759152 0.000000 -0.012303
353112.242138 4025728.683163 0.000000 -0.012299
353112.150350 4025728.607304 0.000000 -0.012293
353112.058437 4025728.531570 0.000000 -0.012284
353111.966395 4025728.455956 0.000000 -0.012272
353111.874218 4025728.380457 0.000000 -0.012259
353111.781899 4025728.305067 0.000000 -0.012244
353111.689432 4025728.229782 0.000000 -0.012228
353111.596810 4025728.154596 0.000000 -0.012211
353111.504027 4025728.079502 0.000000 -0.012192
353111.411074 4025728.004495 0.000000 -0.012173
353111.317944 4025727.929568 0.000000 -0.012153
353111.224628 4025727.854714 0.000000 -0.012133
353111.131117 4025727.779926 0.000000 -0.012113
353111.037400 4025727.705195 0.000000 -0.012092
353110.943466 4025727.630514 0.000000 -0.012071
353110.849305 4025727.555874 0.000000 -0.012050
353110.754902 4025727.481264 0.000000 -0.012029
353110.660245 4025727.406676 0.000000 -0.012007
353110.565319 4025727.332097 0.000000 -0.011985
353110.470109 4025727.257518 0.000000 -0.011962
353110.374597 4025727.182925 0.000000 -0.011939
353110.278766 4025727.108306 0.000000 -0.011914
353110.182596 4025727.033646 0.000000 -0.011888
353110.086067 4025726.958932 0.000000 -0.011860
353109.989156 4025726.884148 0.000000 -0.011830
353109.891841 4025726.809277 0.000000 -0.011797
353109.794096 4025726.734303 0.000000 -0.011761
353109.695895 4025726.659206 0.000000 -0.011720
353109.597209 4025726.583967 0.000000 -0.011675
353109.498008 4025726.508566 0.000000 -0.011623
353109.398261 4025726.432980 0.000000 -0.011565
353109.297931 4025726.357186 0.000000 -0.011499
353109.196984 4025726.281160 0.000000 -0.011424
353109.095377 4025726.204874 0.000000 -0.011339
353108.993069 4025726.128298 0.000000 -0.011243
353108.890011 4025726.051401 0.000000 -0.011134
353108.786154 4025725.974150 0.000000 -0.011011
353108.681442 4025725.896506 0.000000 -0.010873
353108.575814 4025725.818429 0.000000 -0.010718
353108.469204 4025725.739875 0.000000 -0.010547
353108.361540 4025725.660795 0.000000 -0.010356
353108.252744 4025725.581135 0.000000 -0.010147
353108.142728 4025725.500838 0.000000 -0.009918
353108.031399 4025725.419839 0.000000 -0.009669
353107.918654 4025725.338069 0.000000 -0.009399
353107.804379 4025725.255450 0.000000 -0.009109
353107.688452 4025725.171899 0.000000 -0.008800
353107.570738 4025725.087325 0.000000 -0.008472
353107.451090 4025725.001627 0.000000 -0.008126
353107.329349 4025724.914696 0.000000 -0.007765
353107.205342 4025724.826413 0.000000 -0.007389
353107.078880 4025724.736648 0.000000 -0.007001
353106.949758 4025724.645261 0.000000 -0.006604
353106.817755 4025724.552099 0.000000 -0.006304
353106.682631 4025724.456997 0.000000 -0.006004
353106.544127 4025724.359774 0.000000 -0.005704
353106.401963 4025724.260238 0.000000 -0.005403
353106.255837 4025724.158179 0.000000 -0.005103
353106.105425 4025724.053373 0.000000 -0.004803
353105.950378 4025723.945575 0.000000 -0.004503
353105.790321 4025723.834527 0.000000 -0.004203
353105.624854 4025723.719947 0.000000 -0.003902
353105.453545 4025723.601536 0.000000 -0.003602
353105.275936 4025723.478972 0.000000 -0.003302
353105.091534 4025723.351913 0.000000 -0.003002
353104.899815 4025723.219990 0.000000 -0.002702
353104.700221 4025723.082812 0.000000 -0.002402
353104.492156 4025722.939963 0.000000 -0.002101
353104.274989 4025722.790998 0.000000 -0.001801
353104.048046 4025722.635444 0.000000 -0.001501
353103.810615 4025722.472802 0.000000 -0.001201
353103.561939 4025722.302537 0.000000 -0.000901
353103.301218 4025722.124087 0.000000 -0.000600
353103.027605 4025721.936855 0.000000 -0.000300
