353102.740202 4025721.740208 0.000000 0.000000
353102.484749 4025721.568544 0.000000 -0.000014
353102.241543 4025721.405109 0.000000 -0.000027
353102.009779 4025721.249364 0.000000 -0.000041
353101.788698 4025721.100797 0.000000 -0.000055
353101.577579 4025720.958926 0.000000 -0.000068
353101.375745 4025720.823294 0.000000 -0.000082
353101.182557 4025720.693471 0.000000 -0.000096
353100.997410 4025720.569053 0.000000 -0.000110
353100.819738 4025720.449658 0.000000 -0.000123
353100.649008 4025720.334928 0.000000 -0.000137
353100.484719 4025720.224527 0.000000 -0.000151
353100.326402 4025720.118140 0.000000 -0.000164
353100.173616 4025720.015470 0.000000 -0.000178
353100.025949 4025719.916241 0.000000 -0.000192
353099.883017 4025719.820195 0.000000 -0.000205
353099.744460 4025719.727091 0.000000 -0.000219
353099.609943 4025719.636703 0.000000 -0.000233
353099.479155 4025719.548822 0.000000 -0.000246
353099.351806 4025719.463254 0.000000 -0.000260
353099.227625 4025719.379818 0.000000 -0.000274
353099.106363 4025719.298347 0.000000 -0.000288
353098.987789 4025719.218685 0.000000 -0.000301
353098.871689 4025719.140689 0.000000 -0.000315
353098.757864 4025719.064226 0.000000 -0.000329
353098.646133 4025718.989174 0.000000 -0.000342
353098.536326 4025718.915422 0.000000 -0.000356
353098.428291 4025718.842865 0.000000 -0.000370
353098.321883 4025718.771408 0.000000 -0.000411
353098.216973 4025718.700965 0.000000 -0.000455
353098.113442 4025718.631455 0.000000 -0.000502
353098.011178 4025718.562806 0.000000 -0.000551
353097.910083 4025718.494951 0.000000 -0.000603
353097.810063 4025718.427828 0.000000 -0.000657
353097.711036 4025718.361383 0.000000 -0.000714
353097.612923 4025718.295564 0.000000 -0.000773
353097.515655 4025718.230324 0.000000 -0.000834
353097.419168 4025718.165622 0.000000 -0.000898
353097.323402 4025718.101419 0.000000 -0.000963
353097.228304 4025718.037678 0.000000 -0.001029
353097.133824 4025717.974369 0.000000 -0.001098
353097.039916 4025717.911461 0.000000 -0.001167
353096.946538 4025717.848926 0.000000 -0.001237
353096.853652 4025717.786741 0.000000 -0.001309
353096.761221 4025717.724880 0.000000 -0.001381
353096.669212 4025717.663324 0.000000 -0.001453
353096.577594 4025717.602051 0.000000 -0.001526
353096.486337 4025717.541044 0.000000 -0.001598
353096.395414 4025717.480284 0.000000 -0.001671
353096.304800 4025717.419756 0.000000 -0.001743
353096.214469 4025717.359443 0.000000 -0.001814
353096.124400 4025717.299333 0.000000 -0.001885
353096.034569 4025717.239410 0.000000 -0.001955
353095.944958 4025717.179663 0.000000 -0.002023
353095.855546 4025717.120079 0.000000 -0.002091
353095.766316 4025717.060647 0.000000 -0.002156
353095.677251 4025717.001357 0.000000 -0.002220
353095.588336 4025716.942199 0.000000 -0.002283
353095.499554 4025716.883164 0.000000 -0.002343
353095.410893 4025716.824243 0.000000 -0.002401
353095.322339 4025716.765429 0.000000 -0.002457
353095.233881 4025716.706714 0.000000 -0.002511
353095.145507 4025716.648092 0.000000 -0.002562
353095.057206 4025716.589555 0.000000 -0.002610
353094.968969 4025716.531099 0.000000 -0.002655
353094.880787 4025716.472717 0.000000 -0.002698
353094.792650 4025716.414404 0.000000 -0.002738
353094.704551 4025716.356156 0.000000 -0.002775
353094.616482 4025716.297967 0.000000 -0.002808
353094.528436 4025716.239834 0.000000 -0.002839
353094.440406 4025716.181752 0.000000 -0.002866
353094.352386 4025716.123718 0.000000 -0.002890
353094.264370 4025716.065727 0.000000 -0.002910
353094.176351 4025716.007777 0.000000 -0.002927
353094.088324 4025715.949863 0.000000 -0.002941
353094.000284 4025715.891981 0.000000 -0.002951
353093.912224 4025715.834130 0.000000 -0.002958
353093.824139 4025715.776304 0.000000 -0.002961
353093.736024 4025715.718500 0.000000 -0.002960
353093.647873 4025715.660715 0.000000 -0.002956
353093.559680 4025715.602944 0.000000 -0.002949
353093.471439 4025715.545184 0.000000 -0.002938
353093.383144 4025715.487430 0.000000 -0.002923
353093.294789 4025715.429679 0.000000 -0.002905
353093.206365 4025715.371924 0.000000 -0.002884
353093.117867 4025715.314162 0.000000 -0.002859
353093.029286 4025715.256387 0.000000 -0.002831
353092.940615 4025715.198593 0.000000 -0.002799
353092.851843 4025715.140774 0.000000 -0.002765
353092.762962 4025715.082924 0.000000 -0.002727
353092.673962 4025715.025035 0.000000 -0.002686
353092.584832 4025714.967100 0.000000 -0.002642
353092.495560 4025714.909111 0.000000 -0.002595
353092.406133 4025714.851059 0.000000 -0.002546
353092.316539 4025714.792935 0.000000 -0.002494
353092.226762 4025714.734730 0.000000 -0.002439
353092.136789 4025714.676431 0.000000 -0.002382
353092.046601 4025714.618030 0.000000 -0.002322
353091.956183 4025714.559512 0.000000 -0.002261
353091.865515 4025714.500867 0.000000 -0.002197
353091.774577 4025714.442079 0.000000 -0.002132
353091.683348 4025714.383135 0.000000 -0.002064
353091.591807 4025714.324020 0.000000 -0.001996
353091.499928 4025714.264717 0.000000 -0.001926
353091.407688 4025714.205209 0.000000 -0.001854
353091.315058 4025714.145479 0.000000 -0.001782
353091.222010 4025714.085506 0.000000 -0.001709
353091.128514 4025714.025270 0.000000 -0.001636
353091.034535 4025713.964748 0.000000 -0.001562
353090.940039 4025713.903918 0.000000 -0.001488
353090.844987 4025713.842754 0.000000 -0.001414
353090.749337 4025713.781227 0.000000 -0.001340
353090.653044 4025713.719308 0.000000 -0.001267
353090.556058 4025713.656964 0.000000 -0.001195
353090.458325 4025713.594160 0.000000 -0.001124
353090.359787 4025713.530857 0.000000 -0.001053
353090.260379 4025713.467013 0.000000 -0.000985
353090.160030 4025713.402581 0.000000 -0.000918
353090.058663 4025713.337513 0.000000 -0.000852
353089.956194 4025713.271751 0.000000 -0.000789
353089.852529 4025713.205237 0.000000 -0.000728
353089.747569 4025713.137905 0.000000 -0.000669
353089.641202 4025713.069684 0.000000 -0.000613
353089.533307 4025713.000494 0.000000 -0.000560
353089.423753 4025712.930251 0.000000 -0.000509
353089.312395 4025712.858863 0.000000 -0.000489
353089.199079 4025712.786227 0.000000 -0.000470
353089.083632 4025712.712236 0.000000 -0.000450
353088.965872 4025712.636769 0.000000 -0.000430
353088.845598 4025712.559699 0.000000 -0.000411
353088.722592 4025712.480885 0.000000 -0.000391
353088.596621 4025712.400178 0.000000 -0.000372
353088.467432 4025712.317414 0.000000 -0.000352
353088.334752 4025712.232418 0.000000 -0.000333
353088.198286 4025712.145001 0.000000 -0.000313
353088.057718 4025712.054961 0.000000 -0.000293
353087.912710 4025711.962080 0.000000 -0.000274
353087.762896 4025711.866123 0.000000 -0.000254
353087.607887 4025711.766841 0.000000 -0.000235
353087.447264 4025711.663967 0.000000 -0.000215
353087.280583 4025711.557213 0.000000 -0.000196
353087.107365 4025711.446274 0.000000 -0.000176
353086.927104 4025711.330826 0.000000 -0.000157
353086.739259 4025711.210521 0.000000 -0.000137
353086.543254 4025711.084990 0.000000 -0.000117
353086.338478 4025710.953843 0.000000 -0.000098
353086.124281 4025710.816663 0.000000 -0.000078
353085.899976 4025710.673009 0.000000 -0.000059
353085.664833 4025710.522415 0.000000 -0.000039
353085.418081 4025710.364385 0.000000 -0.000020
