353000.991817 4025657.320815 0.000000 0.000000
353000.705973 4025657.142068 0.000000 -0.000000
353000.433834 4025656.971891 0.000000 -0.000000
353000.174503 4025656.809723 0.000000 -0.000000
352999.927133 4025656.655034 0.000000 -0.000000
352999.690926 4025656.507327 0.000000 -0.000000
352999.465130 4025656.366129 0.000000 -0.000000
352999.249037 4025656.230999 0.000000 -0.000000
352999.041984 4025656.101522 0.000000 -0.000000
352998.843346 4025655.977308 0.000000 -0.000000
352998.652538 4025655.857990 0.000000 -0.000000
352998.469014 4025655.743226 0.000000 -0.000000
352998.292260 4025655.632696 0.000000 -0.000000
352998.121798 4025655.526101 0.000000 -0.000000
352997.957182 4025655.423161 0.000000 -0.000000
352997.797997 4025655.323618 0.000000 -0.000000
352997.643855 4025655.227228 0.000000 -0.000000
352997.494398 4025655.133767 0.000000 -0.000000
352997.349291 4025655.043027 0.000000 -0.000000
352997.208226 4025654.954815 0.000000 -0.000000
352997.070917 4025654.868951 0.000000 -0.000000
352996.937100 4025654.785271 0.000000 -0.000000
352996.806531 4025654.703622 0.000000 -0.000000
352996.678987 4025654.623865 0.000000 -0.000000
352996.554260 4025654.545869 0.000000 -0.000000
352996.432162 4025654.469517 0.000000 0.000000
352996.312518 4025654.394700 0.000000 -0.000000
352996.195169 4025654.321318 0.000000 0.000000
352996.079968 4025654.249280 0.000000 0.000000
352995.966784 4025654.178502 0.000000 -0.000000
352995.855493 4025654.108908 0.000000 -0.000000
352995.745984 4025654.040428 0.000000 -0.000000
352995.638156 4025653.973000 0.000000 -0.000000
352995.531915 4025653.906565 0.000000 -0.000000
352995.427178 4025653.841069 0.000000 -0.000000
352995.323867 4025653.776465 0.000000 -0.000000
352995.221911 4025653.712709 0.000000 0.000000
352995.121244 4025653.649759 0.000000 0.000000
352995.021808 4025653.587578 0.000000 0.000000
352994.923546 4025653.526132 0.000000 -0.000000
352994.826410 4025653.465389 0.000000 0.000000
352994.730350 4025653.405320 0.000000 -0.000000
352994.635323 4025653.345897 0.000000 0.000000
352994.541288 4025653.287094 0.000000 0.000000
352994.448206 4025653.228886 0.000000 -0.000000
352994.356039 4025653.171252 0.000000 0.000000
352994.264753 4025653.114168 0.000000 0.000000
352994.174314 4025653.057613 0.000000 -0.000000
352994.084690 4025653.001568 0.000000 0.000000
352993.995848 4025652.946013 0.000000 0.000000
352993.907760 4025652.890928 0.000000 0.000000
352993.820395 4025652.836296 0.000000 0.000000
352993.733726 4025652.782099 0.000000 -0.000000
352993.647723 4025652.728319 0.000000 -0.000000
352993.562361 4025652.674940 0.000000 0.000000
352993.477614 4025652.621945 0.000000 0.000000
352993.393456 4025652.569318 0.000000 -0.000000
352993.309863 4025652.517045 0.000000 0.000000
352993.226812 4025652.465110 0.000000 0.000000
352993.144278 4025652.413499 0.000000 -0.000000
352993.062241 4025652.362198 0.000000 -0.000000
352992.980678 4025652.311195 0.000000 0.000000
352992.899569 4025652.260475 0.000000 -0.000000
352992.818894 4025652.210026 0.000000 0.000000
352992.738634 4025652.159837 0.000000 0.000000
352992.658769 4025652.109894 0.000000 0.000000
352992.579281 4025652.060188 0.000000 0.000000
352992.500153 4025652.010707 0.000000 0.000000
352992.421368 4025651.961440 0.000000 -0.000000
352992.342909 4025651.912377 0.000000 -0.000000
352992.264760 4025651.863508 0.000000 -0.000000
352992.186907 4025651.814824 0.000000 -0.000000
352992.109335 4025651.766316 0.000000 0.000000
352992.032028 4025651.717974 0.000000 -0.000000
352991.954974 4025651.669789 0.000000 0.000000
352991.878159 4025651.621754 0.000000 -0.000000
352991.801570 4025651.573861 0.000000 0.000000
352991.725195 4025651.526101 0.000000 -0.000000
352991.649021 4025651.478467 0.000000 -0.000000
352991.573037 4025651.430952 0.000000 0.000000
352991.497232 4025651.383548 0.000000 -0.000000
352991.421595 4025651.336250 0.000000 -0.000000
352991.346115 4025651.289050 0.000000 0.000000
352991.270783 4025651.241942 0.000000 0.000000
352991.195587 4025651.194920 0.000000 0.000000
352991.120520 4025651.147978 0.000000 -0.000000
352991.045570 4025651.101110 0.000000 0.000000
352990.970730 4025651.054310 0.000000 -0.000000
352990.895990 4025651.007573 0.000000 -0.000000
352990.821342 4025650.960893 0.000000 -0.000000
352990.746778 4025650.914266 0.000000 -0.000000
352990.672289 4025650.867685 0.000000 -0.000000
352990.597867 4025650.821147 0.000000 0.000000
352990.523504 4025650.774645 0.000000 -0.000000
352990.449193 4025650.728176 0.000000 0.000000
352990.374926 4025650.681735 0.000000 -0.000000
352990.300696 4025650.635316 0.000000 0.000000
352990.226495 4025650.588916 0.000000 0.000000
352990.152315 4025650.542529 0.000000 0.000000
352990.078150 4025650.496151 0.000000 0.000000
352990.003993 4025650.449778 0.000000 0.000000
352989.929835 4025650.403405 0.000000 0.000000
352989.855670 4025650.357027 0.000000 -0.000000
352989.781490 4025650.310640 0.000000 -0.000000
352989.707289 4025650.264240 0.000000 0.000000
352989.633059 4025650.217821 0.000000 0.000000
352989.558792 4025650.171380 0.000000 -0.000000
352989.484481 4025650.124911 0.000000 0.000000
352989.410118 4025650.078410 0.000000 -0.000000
352989.335696 4025650.031871 0.000000 -0.000000
352989.261207 4025649.985291 0.000000 -0.000000
352989.186643 4025649.938663 0.000000 0.000000
352989.111995 4025649.891983 0.000000 -0.000000
352989.037255 4025649.845246 0.000000 0.000000
352988.962415 4025649.798446 0.000000 -0.000000
352988.887465 4025649.751578 0.000000 0.000000
352988.812398 4025649.704636 0.000000 -0.000000
352988.737202 4025649.657614 0.000000 -0.000000
352988.661870 4025649.610506 0.000000 0.000000
352988.586390 4025649.563306 0.000000 -0.000000
352988.510753 4025649.516008 0.000000 -0.000000
352988.434948 4025649.468605 0.000000 0.000000
352988.358964 4025649.421089 0.000000 -0.000000
352988.282791 4025649.373456 0.000000 -0.000000
352988.206415 4025649.325696 0.000000 0.000000
352988.129826 4025649.277802 0.000000 0.000000
352988.053011 4025649.229767 0.000000 0.000000
352987.975957 4025649.181583 0.000000 -0.000000
352987.898650 4025649.133240 0.000000 -0.000000
352987.821078 4025649.084732 0.000000 0.000000
352987.743225 4025649.036048 0.000000 0.000000
352987.665076 4025648.987179 0.000000 0.000000
352987.586617 4025648.938116 0.000000 -0.000000
352987.507832 4025648.888849 0.000000 -0.000000
352987.428704 4025648.839368 0.000000 0.000000
352987.349216 4025648.789662 0.000000 0.000000
352987.269351 4025648.739720 0.000000 -0.000000
352987.189091 4025648.689530 0.000000 -0.000000
352987.108416 4025648.639082 0.000000 -0.000000
352987.027307 4025648.588362 0.000000 0.000000
352986.945744 4025648.537358 0.000000 0.000000
352986.863707 4025648.486057 0.000000 -0.000000
352986.781174 4025648.434447 0.000000 -0.000000
352986.698122 4025648.382512 0.000000 -0.000000
352986.614529 4025648.330238 0.000000 0.000000
352986.530371 4025648.277612 0.000000 0.000000
352986.445624 4025648.224617 0.000000 0.000000
352986.360262 4025648.171237 0.000000 -0.000000
352986.274259 4025648.117457 0.000000 -0.000000
352986.187590 4025648.063260 0.000000 0.000000
352986.100225 4025648.008628 0.000000 -0.000000
352986.012137 4025647.953543 0.000000 0.000000
352985.923295 4025647.897988 0.000000 -0.000000
352985.833671 4025647.841943 0.000000 -0.000000
352985.743232 4025647.785389 0.000000 -0.000000
352985.651946 4025647.728305 0.000000 0.000000
352985.559779 4025647.670670 0.000000 0.000000
352985.466697 4025647.612463 0.000000 -0.000000
352985.372662 4025647.553659 0.000000 0.000000
352985.277635 4025647.494236 0.000000 -0.000000
352985.181576 4025647.434167 0.000000 0.000000
352985.084439 4025647.373424 0.000000 0.000000
352984.986178 4025647.311978 0.000000 -0.000000
352984.886741 4025647.249798 0.000000 0.000000
352984.786075 4025647.186848 0.000000 0.000000
352984.684118 4025647.123091 0.000000 0.000000
352984.580807 4025647.058487 0.000000 0.000000
352984.476070 4025646.992992 0.000000 -0.000000
352984.369829 4025646.926556 0.000000 0.000000
352984.262001 4025646.859128 0.000000 -0.000000
352984.152492 4025646.790649 0.000000 -0.000000
352984.041201 4025646.721055 0.000000 0.000000
352983.928017 4025646.650277 0.000000 -0.000000
352983.812816 4025646.578238 0.000000 -0.000000
352983.695467 4025646.504856 0.000000 0.000000
352983.575823 4025646.430039 0.000000 -0.000000
352983.453725 4025646.353687 0.000000 0.000000
352983.328998 4025646.275691 0.000000 0.000000
352983.201454 4025646.195934 0.000000 0.000000
352983.070885 4025646.114285 0.000000 0.000000
352982.937068 4025646.030605 0.000000 0.000000
352982.799759 4025645.944741 0.000000 0.000000
352982.658694 4025645.856529 0.000000 0.000000
352982.513587 4025645.765789 0.000000 0.000000
352982.364130 4025645.672328 0.000000 0.000000
352982.209988 4025645.575939 0.000000 0.000000
352982.050803 4025645.476395 0.000000 0.000000
352981.886187 4025645.373456 0.000000 0.000000
352981.715725 4025645.266860 0.000000 0.000000
352981.538971 4025645.156331 0.000000 0.000000
352981.355447 4025645.041567 0.000000 0.000000
352981.164639 4025644.922249 0.000000 0.000000
352980.966001 4025644.798034 0.000000 0.000000
352980.758948 4025644.668557 0.000000 0.000000
352980.542855 4025644.533427 0.000000 0.000000
352980.317059 4025644.392230 0.000000 0.000000
352980.080852 4025644.244522 0.000000 0.000000
352979.833482 4025644.089833 0.000000 0.000000
352979.574151 4025643.927665 0.000000 0.000000
352979.302012 4025643.757488 0.000000 0.000000
