352979.016168 4025643.578741 0.000000 0.000000
352978.735671 4025643.405942 0.000000 0.000011
352978.468622 4025643.241427 0.000000 0.000022
352978.214142 4025643.084655 0.000000 0.000033
352977.971400 4025642.935112 0.000000 0.000044
352977.739613 4025642.792316 0.000000 0.000055
352977.518043 4025642.655813 0.000000 0.000066
352977.305997 4025642.525174 0.000000 0.000077
352977.102823 4025642.399999 0.000000 0.000088
352976.907909 4025642.279908 0.000000 0.000100
352976.720682 4025642.164550 0.000000 0.000111
352976.540605 4025642.053594 0.000000 0.000122
352976.367176 4025641.946728 0.000000 0.000133
352976.199926 4025641.843666 0.000000 0.000144
352976.038419 4025641.744137 0.000000 0.000155
352975.882247 4025641.647889 0.000000 0.000166
352975.731032 4025641.554691 0.000000 0.000177
352975.584422 4025641.464325 0.000000 0.000188
352975.442092 4025641.376590 0.000000 0.000199
352975.303739 4025641.291301 0.000000 0.000210
352975.169086 4025641.208284 0.000000 0.000221
352975.037874 4025641.127382 0.000000 0.000232
352974.909867 4025641.048449 0.000000 0.000243
352974.784846 4025640.971349 0.000000 0.000254
352974.662610 4025640.895960 0.000000 0.000265
352974.542977 4025640.822167 0.000000 0.000276
352974.425778 4025640.749868 0.000000 0.000295
352974.310859 4025640.678966 0.000000 0.000314
352974.198079 4025640.609377 0.000000 0.000332
352974.087310 4025640.541020 0.000000 0.000350
352973.978436 4025640.473824 0.000000 0.000369
352973.871350 4025640.407724 0.000000 0.000387
352973.765956 4025640.342659 0.000000 0.000404
352973.662167 4025640.278576 0.000000 0.000421
352973.559902 4025640.215426 0.000000 0.000438
352973.459089 4025640.153165 0.000000 0.000454
352973.359663 4025640.091751 0.000000 0.000470
352973.261564 4025640.031148 0.000000 0.000484
352973.164737 4025639.971323 0.000000 0.000499
352973.069132 4025639.912244 0.000000 0.000512
352972.974703 4025639.853884 0.000000 0.000525
352972.881409 4025639.796217 0.000000 0.000537
352972.789211 4025639.739218 0.000000 0.000548
352972.698072 4025639.682867 0.000000 0.000559
352972.607960 4025639.627142 0.000000 0.000569
352972.518841 4025639.572024 0.000000 0.000578
352972.430688 4025639.517494 0.000000 0.000586
352972.343471 4025639.463536 0.000000 0.000594
352972.257164 4025639.410132 0.000000 0.000601
352972.171740 4025639.357268 0.000000 0.000607
352972.087176 4025639.304928 0.000000 0.000612
352972.003446 4025639.253097 0.000000 0.000617
352971.920529 4025639.201761 0.000000 0.000621
352971.838401 4025639.150907 0.000000 0.000624
352971.757042 4025639.100522 0.000000 0.000627
352971.676431 4025639.050593 0.000000 0.000629
352971.596549 4025639.001108 0.000000 0.000631
352971.517375 4025638.952056 0.000000 0.000632
352971.438893 4025638.903425 0.000000 0.000632
352971.361083 4025638.855205 0.000000 0.000632
352971.283930 4025638.807385 0.000000 0.000631
352971.207416 4025638.759955 0.000000 0.000630
352971.131527 4025638.712906 0.000000 0.000628
352971.056246 4025638.666228 0.000000 0.000626
352970.981559 4025638.619913 0.000000 0.000624
352970.907452 4025638.573952 0.000000 0.000621
352970.833912 4025638.528337 0.000000 0.000618
352970.760925 4025638.483059 0.000000 0.000615
352970.688479 4025638.438112 0.000000 0.000612
352970.616561 4025638.393488 0.000000 0.000608
352970.545161 4025638.349179 0.000000 0.000605
352970.474267 4025638.305180 0.000000 0.000601
352970.403868 4025638.261483 0.000000 0.000597
352970.333953 4025638.218082 0.000000 0.000593
352970.264513 4025638.174971 0.000000 0.000590
352970.195538 4025638.132144 0.000000 0.000586
352970.127018 4025638.089595 0.000000 0.000583
352970.058945 4025638.047319 0.000000 0.000579
352969.991309 4025638.005311 0.000000 0.000576
352969.924103 4025637.963566 0.000000 0.000573
352969.857317 4025637.922078 0.000000 0.000571
352969.790945 4025637.880842 0.000000 0.000568
352969.724977 4025637.839855 0.000000 0.000567
352969.659408 4025637.799111 0.000000 0.000565
352969.594230 4025637.758606 0.000000 0.000564
352969.529436 4025637.718336 0.000000 0.000563
352969.465018 4025637.678297 0.000000 0.000563
352969.400971 4025637.638484 0.000000 0.000564
352969.337288 4025637.598894 0.000000 0.000565
352969.273962 4025637.559523 0.000000 0.000566
352969.210989 4025637.520367 0.000000 0.000568
352969.148360 4025637.481422 0.000000 0.000571
352969.086072 4025637.442686 0.000000 0.000574
352969.024118 4025637.404154 0.000000 0.000578
352968.962492 4025637.365822 0.000000 0.000583
352968.901190 4025637.327689 0.000000 0.000588
352968.840205 4025637.289749 0.000000 0.000594
352968.779534 4025637.252001 0.000000 0.000601
352968.719169 4025637.214441 0.000000 0.000609
352968.659107 4025637.177065 0.000000 0.000617
352968.599343 4025637.139872 0.000000 0.000625
352968.539871 4025637.102856 0.000000 0.000635
352968.480688 4025637.066017 0.000000 0.000645
352968.421787 4025637.029351 0.000000 0.000656
352968.363166 4025636.992854 0.000000 0.000667
352968.304818 4025636.956524 0.000000 0.000680
352968.246740 4025636.920359 0.000000 0.000692
352968.188927 4025636.884355 0.000000 0.000706
352968.131375 4025636.848510 0.000000 0.000720
352968.074079 4025636.812820 0.000000 0.000735
352968.017036 4025636.777284 0.000000 0.000750
352967.960241 4025636.741899 0.000000 0.000766
352967.903689 4025636.706662 0.000000 0.000783
352967.847378 4025636.671570 0.000000 0.000800
352967.791302 4025636.636621 0.000000 0.000817
352967.735458 4025636.601812 0.000000 0.000835
352967.679842 4025636.567141 0.000000 0.000854
352967.624450 4025636.532606 0.000000 0.000873
352967.569278 4025636.498203 0.000000 0.000892
352967.514322 4025636.463930 0.000000 0.000912
352967.459578 4025636.429786 0.000000 0.000932
352967.405043 4025636.395767 0.000000 0.000952
352967.350712 4025636.361871 0.000000 0.000973
352967.296582 4025636.328096 0.000000 0.000994
352967.242650 4025636.294439 0.000000 0.001015
352967.188912 4025636.260898 0.000000 0.001037
352967.135363 4025636.227470 0.000000 0.001058
352967.082001 4025636.194154 0.000000 0.001080
352967.028821 4025636.160947 0.000000 0.001102
352966.975820 4025636.127847 0.000000 0.001123
352966.922995 4025636.094851 0.000000 0.001145
352966.870342 4025636.061957 0.000000 0.001167
352966.817858 4025636.029163 0.000000 0.001188
352966.765538 4025635.996467 0.000000 0.001210
352966.713380 4025635.963866 0.000000 0.001231
352966.661380 4025635.931358 0.000000 0.001253
352966.609534 4025635.898941 0.000000 0.001273
352966.557839 4025635.866612 0.000000 0.001294
352966.506292 4025635.834371 0.000000 0.001314
352966.454890 4025635.802213 0.000000 0.001334
352966.403628 4025635.770138 0.000000 0.001354
352966.352503 4025635.738143 0.000000 0.001373
352966.301513 4025635.706226 0.000000 0.001392
352966.250654 4025635.674385 0.000000 0.001410
352966.199922 4025635.642618 0.000000 0.001428
352966.149315 4025635.610922 0.000000 0.001445
352966.098829 4025635.579295 0.000000 0.001462
352966.048460 4025635.547737 0.000000 0.001477
352965.998206 4025635.516243 0.000000 0.001493
352965.948064 4025635.484814 0.000000 0.001507
352965.898030 4025635.453445 0.000000 0.001521
352965.848101 4025635.422137 0.000000 0.001534
352965.798275 4025635.390885 0.000000 0.001546
352965.748547 4025635.359690 0.000000 0.001557
352965.698916 4025635.328548 0.000000 0.001568
352965.649377 4025635.297458 0.000000 0.001577
352965.599929 4025635.266419 0.000000 0.001586
352965.550569 4025635.235427 0.000000 0.001594
352965.501293 4025635.204482 0.000000 0.001601
352965.452098 4025635.173582 0.000000 0.001607
352965.402982 4025635.142724 0.000000 0.001612
352965.353943 4025635.111908 0.000000 0.001616
352965.304977 4025635.081132 0.000000 0.001619
352965.256082 4025635.050393 0.000000 0.001621
352965.207256 4025635.019691 0.000000 0.001622
352965.158495 4025634.989023 0.000000 0.001622
352965.109797 4025634.958389 0.000000 0.001621
352965.061160 4025634.927787 0.000000 0.001619
352965.012582 4025634.897215 0.000000 0.001616
352964.964060 4025634.866672 0.000000 0.001612
352964.915592 4025634.836156 0.000000 0.001607
352964.867176 4025634.805667 0.000000 0.001601
352964.818809 4025634.775202 0.000000 0.001594
352964.770490 4025634.744761 0.000000 0.001586
352964.722216 4025634.714342 0.000000 0.001577
352964.673985 4025634.683944 0.000000 0.001567
352964.625796 4025634.653566 0.000000 0.001556
352964.577646 4025634.623207 0.000000 0.001544
352964.529534 4025634.592866 0.000000 0.001531
352964.481458 4025634.562541 0.000000 0.001517
352964.433416 4025634.532232 0.000000 0.001503
352964.385407 4025634.501937 0.000000 0.001487
352964.337428 4025634.471656 0.000000 0.001471
352964.289479 4025634.441388 0.000000 0.001454
352964.241557 4025634.411132 0.000000 0.001436
352964.193662 4025634.380887 0.000000 0.001417
352964.145792 4025634.350652 0.000000 0.001398
352964.097945 4025634.320427 0.000000 0.001378
352964.050121 4025634.290210 0.000000 0.001357
352964.002317 4025634.260002 0.000000 0.001336
352963.954534 4025634.229800 0.000000 0.001313
352963.906769 4025634.199606 0.000000 0.001291
352963.859022 4025634.169418 0.000000 0.001268
352963.811291 4025634.139235 0.000000 0.001244
352963.763576 4025634.109057 0.000000 0.001220
352963.715875 4025634.078884 0.000000 0.001195
352963.668188 4025634.048716 0.000000 0.001170
352963.620514 4025634.018550 0.000000 0.001145
352963.572851 4025633.988388 0.000000 0.001119
352963.525200 4025633.958229 0.000000 0.001093
352963.477559 4025633.928072 0.000000 0.001067
352963.429929 4025633.897918 0.000000 0.001040
352963.382307 4025633.867765 0.000000 0.001014
352963.334693 4025633.837614 0.000000 0.000987
352963.287088 4025633.807464 0.000000 0.000960
352963.239489 4025633.777315 0.000000 0.000933
352963.191898 4025633.747167 0.000000 0.000905
352963.144312 4025633.717019 0.000000 0.000878
352963.096733 4025633.686872 0.000000 0.000851
352963.049159 4025633.656725 0.000000 0.000824
352963.001590 4025633.626579 0.000000 0.000797
352962.954025 4025633.596432 0.000000 0.000769
352962.906465 4025633.566285 0.000000 0.000743
352962.858908 4025633.536138 0.000000 0.000716
352962.811355 4025633.505990 0.000000 0.000689
352962.763806 4025633.475842 0.000000 0.000663
352962.716259 4025633.445694 0.000000 0.000636
352962.668715 4025633.415545 0.000000 0.000610
352962.621173 4025633.385395 0.000000 0.000585
352962.573634 4025633.355245 0.000000 0.000559
352962.526097 4025633.325094 0.000000 0.000534
352962.478562 4025633.294942 0.000000 0.000510
352962.431028 4025633.264789 0.000000 0.000485
352962.383496 4025633.234636 0.000000 0.000461
352962.335965 4025633.204482 0.000000 0.000437
352962.288436 4025633.174327 0.000000 0.000414
352962.240908 4025633.144172 0.000000 0.000391
352962.193381 4025633.114016 0.000000 0.000369
352962.145854 4025633.083859 0.000000 0.000347
352962.098329 4025633.053702 0.000000 0.000325
352962.050804 4025633.023544 0.000000 0.000304
352962.003280 4025632.993385 0.000000 0.000283
352961.955757 4025632.963226 0.000000 0.000263
352961.908234 4025632.933066 0.000000 0.000243
352961.860711 4025632.902906 0.000000 0.000224
352961.813189 4025632.872745 0.000000 0.000205
352961.765668 4025632.842584 0.000000 0.000187
352961.718146 4025632.812422 0.000000 0.000169
352961.670625 4025632.782260 0.000000 0.000151
352961.623104 4025632.752098 0.000000 0.000134
352961.575584 4025632.721936 0.000000 0.000118
352961.528063 4025632.691773 0.000000 0.000102
352961.480543 4025632.661610 0.000000 0.000087
352961.433022 4025632.631447 0.000000 0.000072
352961.385502 4025632.601284 0.000000 0.000057
352961.337982 4025632.571121 0.000000 0.000043
352961.290462 4025632.540958 0.000000 0.000029
352961.242942 4025632.510794 0.000000 0.000016
352961.195421 4025632.480631 0.000000 0.000004
352961.147901 4025632.450468 0.000000 -0.000009
352961.100381 4025632.420305 0.000000 -0.000020
352961.052860 4025632.390142 0.000000 -0.000032
352961.005340 4025632.359979 0.000000 -0.000043
352960.957819 4025632.329817 0.000000 -0.000053
352960.910299 4025632.299654 0.000000 -0.000064
352960.862778 4025632.269492 0.000000 -0.000073
352960.815257 4025632.239330 0.000000 -0.000083
352960.767736 4025632.209168 0.000000 -0.000092
352960.720214 4025632.179007 0.000000 -0.000100
352960.672693 4025632.148846 0.000000 -0.000109
352960.625171 4025632.118685 0.000000 -0.000116
352960.577649 4025632.088525 0.000000 -0.000124
352960.530126 4025632.058365 0.000000 -0.000131
352960.482604 4025632.028205 0.000000 -0.000138
352960.435081 4025631.998046 0.000000 -0.000145
352960.387558 4025631.967887 0.000000 -0.000151
352960.340034 4025631.937729 0.000000 -0.000157
352960.292510 4025631.907571 0.000000 -0.000163
352960.244986 4025631.877414 0.000000 -0.000168
352960.197461 4025631.847256 0.000000 -0.000174
352960.149936 4025631.817100 0.000000 -0.000179
352960.102410 4025631.786943 0.000000 -0.000183
352960.054883 4025631.756787 0.000000 -0.000188
352960.007356 4025631.726632 0.000000 -0.000192
352959.959829 4025631.696476 0.000000 -0.000196
352959.912300 4025631.666321 0.000000 -0.000200
352959.864771 4025631.636166 0.000000 -0.000203
352959.817240 4025631.606012 0.000000 -0.000207
352959.769709 4025631.575857 0.000000 -0.000210
352959.722176 4025631.545703 0.000000 -0.000213
352959.674643 4025631.515549 0.000000 -0.000216
352959.627107 4025631.485394 0.000000 -0.000218
352959.579571 4025631.455240 0.000000 -0.000221
352959.532032 4025631.425085 0.000000 -0.000223
352959.484492 4025631.394930 0.000000 -0.000225
352959.436949 4025631.364774 0.000000 -0.000227
352959.389405 4025631.334618 0.000000 -0.000229
352959.341857 4025631.304461 0.000000 -0.000231
352959.294307 4025631.274304 0.000000 -0.000232
352959.246754 4025631.244145 0.000000 -0.000234
352959.199198 4025631.213985 0.000000 -0.000235
352959.151637 4025631.183824 0.000000 -0.000236
352959.104073 4025631.153661 0.000000 -0.000237
352959.056505 4025631.123496 0.000000 -0.000238
352959.008932 4025631.093329 0.000000 -0.000238
352958.961353 4025631.063160 0.000000 -0.000239
352958.913769 4025631.032988 0.000000 -0.000240
352958.866179 4025631.002813 0.000000 -0.000240
352958.818582 4025630.972635 0.000000 -0.000240
352958.770978 4025630.942453 0.000000 -0.000240
352958.723367 4025630.912267 0.000000 -0.000241
352958.675747 4025630.882077 0.000000 -0.000241
352958.628118 4025630.851882 0.000000 -0.000241
352958.580479 4025630.821682 0.000000 -0.000240
352958.532830 4025630.791477 0.000000 -0.000240
352958.485170 4025630.761265 0.000000 -0.000240
352958.437498 4025630.731046 0.000000 -0.000240
352958.389813 4025630.700820 0.000000 -0.000240
352958.342114 4025630.670586 0.000000 -0.000239
352958.294400 4025630.640344 0.000000 -0.000239
352958.246670 4025630.610093 0.000000 -0.000239
352958.198924 4025630.579832 0.000000 -0.000238
352958.151160 4025630.549560 0.000000 -0.000238
352958.103377 4025630.519278 0.000000 -0.000238
352958.055573 4025630.488983 0.000000 -0.000238
352958.007748 4025630.458676 0.000000 -0.000238
352957.959901 4025630.428355 0.000000 -0.000238
352957.912029 4025630.398020 0.000000 -0.000238
352957.864131 4025630.367669 0.000000 -0.000239
352957.816206 4025630.337302 0.000000 -0.000239
352957.768253 4025630.306918 0.000000 -0.000240
352957.720269 4025630.276515 0.000000 -0.000241
352957.672254 4025630.246093 0.000000 -0.000243
352957.624205 4025630.215651 0.000000 -0.000244
352957.576120 4025630.185188 0.000000 -0.000246
352957.527999 4025630.154701 0.000000 -0.000249
352957.479839 4025630.124191 0.000000 -0.000251
352957.431637 4025630.093656 0.000000 -0.000254
352957.383393 4025630.063095 0.000000 -0.000258
352957.335104 4025630.032506 0.000000 -0.000262
352957.286768 4025630.001888 0.000000 -0.000266
352957.238383 4025629.971240 0.000000 -0.000272
352957.189946 4025629.940561 0.000000 -0.000277
352957.141456 4025629.909848 0.000000 -0.000284
352957.092910 4025629.879101 0.000000 -0.000290
352957.044306 4025629.848318 0.000000 -0.000298
352956.995641 4025629.817498 0.000000 -0.000307
352956.946912 4025629.786639 0.000000 -0.000316
352956.898118 4025629.755739 0.000000 -0.000326
352956.849256 4025629.724797 0.000000 -0.000336
352956.800323 4025629.693811 0.000000 -0.000348
352956.751316 4025629.662780 0.000000 -0.000361
352956.702233 4025629.631702 0.000000 -0.000374
352956.653070 4025629.600575 0.000000 -0.000389
352956.603826 4025629.569398 0.000000 -0.000404
352956.554497 4025629.538168 0.000000 -0.000421
352956.505081 4025629.506884 0.000000 -0.000439
352956.455573 4025629.475545 0.000000 -0.000457
352956.405972 4025629.444148 0.000000 -0.000477
352956.356274 4025629.412691 0.000000 -0.000498
352956.306477 4025629.381173 0.000000 -0.000520
352956.256576 4025629.349591 0.000000 -0.000544
352956.206570 4025629.317945 0.000000 -0.000568
352956.156454 4025629.286232 0.000000 -0.000594
352956.106226 4025629.254449 0.000000 -0.000621
352956.055882 4025629.222596 0.000000 -0.000649
352956.005419 4025629.190669 0.000000 -0.000679
352955.954834 4025629.158669 0.000000 -0.000709
352955.904123 4025629.126591 0.000000 -0.000741
352955.853283 4025629.094434 0.000000 -0.000774
352955.802311 4025629.062197 0.000000 -0.000808
352955.751203 4025629.029877 0.000000 -0.000844
352955.699955 4025628.997472 0.000000 -0.000880
352955.648565 4025628.964981 0.000000 -0.000918
352955.597028 4025628.932401 0.000000 -0.000957
352955.545342 4025628.899730 0.000000 -0.000997
352955.493502 4025628.866967 0.000000 -0.001038
352955.441506 4025628.834108 0.000000 -0.001079
352955.389349 4025628.801153 0.000000 -0.001122
352955.337028 4025628.768099 0.000000 -0.001166
352955.284539 4025628.734944 0.000000 -0.001210
352955.231878 4025628.701686 0.000000 -0.001256
352955.179043 4025628.668323 0.000000 -0.001302
352955.126029 4025628.634853 0.000000 -0.001349
352955.072832 4025628.601274 0.000000 -0.001396
352955.019449 4025628.567583 0.000000 -0.001444
352954.965876 4025628.533779 0.000000 -0.001492
352954.912108 4025628.499860 0.000000 -0.001541
352954.858144 4025628.465823 0.000000 -0.001590
352954.803977 4025628.431667 0.000000 -0.001640
352954.749605 4025628.397389 0.000000 -0.001689
352954.695023 4025628.362987 0.000000 -0.001739
352954.640228 4025628.328459 0.000000 -0.001789
352954.585216 4025628.293803 0.000000 -0.001838
352954.529982 4025628.259017 0.000000 -0.001887
352954.474522 4025628.224098 0.000000 -0.001937
352954.418833 4025628.189044 0.000000 -0.001985
352954.362910 4025628.153853 0.000000 -0.002034
352954.306749 4025628.118524 0.000000 -0.002082
352954.250346 4025628.083052 0.000000 -0.002129
352954.193696 4025628.047437 0.000000 -0.002176
352954.136795 4025628.011676 0.000000 -0.002222
352954.079639 4025627.975767 0.000000 -0.002266
352954.022223 4025627.939707 0.000000 -0.002311
352953.964543 4025627.903494 0.000000 -0.002354
352953.906594 4025627.867125 0.000000 -0.002395
352953.848372 4025627.830598 0.000000 -0.002436
352953.789872 4025627.793911 0.000000 -0.002476
352953.731089 4025627.757060 0.000000 -0.002514
352953.672018 4025627.720044 0.000000 -0.002550
352953.612654 4025627.682860 0.000000 -0.002585
352953.552993 4025627.645505 0.000000 -0.002619
352953.493030 4025627.607976 0.000000 -0.002651
352953.432759 4025627.570271 0.000000 -0.002681
352953.372175 4025627.532387 0.000000 -0.002710
352953.311273 4025627.494321 0.000000 -0.002736
352953.250047 4025627.456070 0.000000 -0.002761
352953.188492 4025627.417630 0.000000 -0.002784
352953.126602 4025627.379000 0.000000 -0.002805
352953.064372 4025627.340176 0.000000 -0.002823
352953.001795 4025627.301154 0.000000 -0.002840
352952.938867 4025627.261931 0.000000 -0.002855
352952.875579 4025627.222505 0.000000 -0.002867
352952.811927 4025627.182871 0.000000 -0.002878
352952.747904 4025627.143025 0.000000 -0.002886
352952.683504 4025627.102965 0.000000 -0.002892
352952.618719 4025627.062686 0.000000 -0.002895
352952.553542 4025627.022185 0.000000 -0.002897
352952.487967 4025626.981458 0.000000 -0.002896
352952.421986 4025626.940499 0.000000 -0.002893
352952.355592 4025626.899305 0.000000 -0.002888
352952.288777 4025626.857872 0.000000 -0.002880
352952.221532 4025626.816195 0.000000 -0.002870
352952.153850 4025626.774269 0.000000 -0.002858
352952.085721 4025626.732089 0.000000 -0.002844
352952.017138 4025626.689650 0.000000 -0.002827
352951.948091 4025626.646946 0.000000 -0.002808
352951.878570 4025626.603973 0.000000 -0.002787
352951.808566 4025626.560724 0.000000 -0.002764
352951.738068 4025626.517193 0.000000 -0.002738
352951.667066 4025626.473375 0.000000 -0.002711
352951.595549 4025626.429262 0.000000 -0.002681
352951.523506 4025626.384848 0.000000 -0.002650
352951.450925 4025626.340126 0.000000 -0.002616
352951.377794 4025626.295089 0.000000 -0.002581
352951.304101 4025626.249729 0.000000 -0.002543
352951.229831 4025626.204038 0.000000 -0.002504
352951.154972 4025626.158008 0.000000 -0.002463
352951.079509 4025626.111631 0.000000 -0.002421
352951.003429 4025626.064898 0.000000 -0.002376
352950.926715 4025626.017800 0.000000 -0.002330
352950.849351 4025625.970327 0.000000 -0.002283
352950.771323 4025625.922468 0.000000 -0.002234
352950.692611 4025625.874215 0.000000 -0.002184
352950.613200 4025625.825556 0.000000 -0.002132
352950.533069 4025625.776479 0.000000 -0.002079
352950.452201 4025625.726974 0.000000 -0.002025
352950.370576 4025625.677028 0.000000 -0.001971
352950.288172 4025625.626628 0.000000 -0.001915
352950.204969 4025625.575762 0.000000 -0.001858
352950.120944 4025625.524416 0.000000 -0.001801
352950.036075 4025625.472576 0.000000 -0.001742
352949.950338 4025625.420227 0.000000 -0.001684
352949.863707 4025625.367354 0.000000 -0.001625
352949.776158 4025625.313942 0.000000 -0.001565
352949.687663 4025625.259973 0.000000 -0.001505
352949.598194 4025625.205431 0.000000 -0.001445
352949.507721 4025625.150297 0.000000 -0.001385
352949.416212 4025625.094551 0.000000 -0.001325
352949.323635 4025625.038174 0.000000 -0.001265
352949.229953 4025624.981143 0.000000 -0.001206
352949.135128 4025624.923434 0.000000 -0.001146
352949.039116 4025624.865021 0.000000 -0.001088
352948.941873 4025624.805877 0.000000 -0.001030
352948.843349 4025624.745970 0.000000 -0.000972
352948.743489 4025624.685268 0.000000 -0.000916
352948.642232 4025624.623733 0.000000 -0.000860
352948.539514 4025624.561325 0.000000 -0.000806
352948.435262 4025624.498000 0.000000 -0.000753
352948.329396 4025624.433709 0.000000 -0.000701
352948.221828 4025624.368398 0.000000 -0.000651
352948.112461 4025624.302009 0.000000 -0.000602
352948.001189 4025624.234476 0.000000 -0.000556
352947.887894 4025624.165728 0.000000 -0.000511
352947.772450 4025624.095687 0.000000 -0.000468
352947.654713 4025624.024267 0.000000 -0.000427
352947.534531 4025623.951373 0.000000 -0.000388
352947.411734 4025623.876903 0.000000 -0.000371
352947.286137 4025623.800745 0.000000 -0.000355
352947.157540 4025623.722777 0.000000 -0.000339
352947.025724 4025623.642865 0.000000 -0.000323
352946.890450 4025623.560864 0.000000 -0.000307
352946.751460 4025623.476617 0.000000 -0.000291
352946.608474 4025623.389955 0.000000 -0.000275
352946.461189 4025623.300694 0.000000 -0.000258
352946.309279 4025623.208634 0.000000 -0.000242
352946.152389 4025623.113561 0.000000 -0.000226
352945.990141 4025623.015245 0.000000 -0.000210
352945.822124 4025622.913438 0.000000 -0.000194
352945.647901 4025622.807872 0.000000 -0.000178
352945.467000 4025622.698264 0.000000 -0.000161
352945.278917 4025622.584306 0.000000 -0.000145
352945.083113 4025622.465672 0.000000 -0.000129
352944.879013 4025622.342013 0.000000 -0.000113
352944.666001 4025622.212955 0.000000 -0.000097
352944.443422 4025622.078102 0.000000 -0.000081
352944.210581 4025621.937032 0.000000 -0.000065
352943.966736 4025621.789296 0.000000 -0.000048
352943.711099 4025621.634416 0.000000 -0.000032
352943.442838 4025621.471887 0.000000 -0.000016
