352943.161067 4025621.301173 0.000000 0.000000
352942.835224 4025621.196110 0.000000 -0.005208
352942.523885 4025621.101794 0.000000 -0.010417
352942.225963 4025621.017624 0.000000 -0.015625
352941.940435 4025620.943034 0.000000 -0.020833
352941.666347 4025620.877492 0.000000 -0.026041
352941.402804 4025620.820497 0.000000 -0.031250
352941.148969 4025620.771575 0.000000 -0.036458
352940.904065 4025620.730286 0.000000 -0.041666
352940.667366 4025620.696212 0.000000 -0.046875
352940.438197 4025620.668965 0.000000 -0.052083
352940.215935 4025620.648180 0.000000 -0.057291
352940.000001 4025620.633516 0.000000 -0.062499
352939.789859 4025620.624656 0.000000 -0.067708
352939.585019 4025620.621301 0.000000 -0.072916
352939.385027 4025620.623176 0.000000 -0.078124
352939.189469 4025620.630023 0.000000 -0.083333
352938.997964 4025620.641602 0.000000 -0.088541
352938.810166 4025620.657692 0.000000 -0.093749
352938.625762 4025620.678085 0.000000 -0.098957
352938.444465 4025620.702592 0.000000 -0.104166
352938.266019 4025620.731036 0.000000 -0.109374
352938.090191 4025620.763252 0.000000 -0.114582
352937.916775 4025620.799091 0.000000 -0.119791
352937.745585 4025620.838412 0.000000 -0.120070
352937.576458 4025620.881087 0.000000 -0.119921
352937.409250 4025620.926999 0.000000 -0.119383
352937.243832 4025620.976036 0.000000 -0.118500
352937.080096 4025621.028099 0.000000 -0.117319
352936.917945 4025621.083095 0.000000 -0.115889
352936.757299 4025621.140938 0.000000 -0.114257
352936.598087 4025621.201550 0.000000 -0.112469
352936.440252 4025621.264856 0.000000 -0.110566
352936.283745 4025621.330789 0.000000 -0.108586
352936.128529 4025621.399287 0.000000 -0.106564
352935.974573 4025621.470291 0.000000 -0.104527
352935.821851 4025621.543746 0.000000 -0.102500
352935.670348 4025621.619601 0.000000 -0.100501
352935.520049 4025621.697808 0.000000 -0.098547
352935.370948 4025621.778321 0.000000 -0.096648
352935.223040 4025621.861097 0.000000 -0.094812
352935.076324 4025621.946094 0.000000 -0.093045
352934.930802 4025622.033273 0.000000 -0.091349
352934.786477 4025622.122595 0.000000 -0.089724
352934.643353 4025622.214023 0.000000 -0.088171
352934.501436 4025622.307521 0.000000 -0.086686
352934.360734 4025622.403052 0.000000 -0.085268
352934.221252 4025622.500582 0.000000 -0.083913
352934.082998 4025622.600076 0.000000 -0.082617
352933.945978 4025622.701499 0.000000 -0.081377
352933.810199 4025622.804819 0.000000 -0.080189
352933.675667 4025622.910000 0.000000 -0.079049
352933.542389 4025623.017011 0.000000 -0.077953
352933.410368 4025623.125817 0.000000 -0.076898
352933.279612 4025623.236386 0.000000 -0.075880
352933.150123 4025623.348687 0.000000 -0.074895
352933.021907 4025623.462687 0.000000 -0.073941
352932.894967 4025623.578358 0.000000 -0.073014
352932.769305 4025623.695670 0.000000 -0.072110
352932.644923 4025623.814598 0.000000 -0.071225
352932.521822 4025623.935116 0.000000 -0.070355
352932.399999 4025624.057204 0.000000 -0.069495
352932.279452 4025624.180843 0.000000 -0.068639
352932.160176 4025624.306020 0.000000 -0.067783
352932.042164 4025624.432725 0.000000 -0.066918
352931.925404 4025624.560956 0.000000 -0.066039
352931.809882 4025624.690715 0.000000 -0.065138
352931.695583 4025624.822012 0.000000 -0.064205
352931.582482 4025624.954866 0.000000 -0.063232
352931.470555 4025625.089305 0.000000 -0.062210
352931.359770 4025625.225367 0.000000 -0.061130
352931.250088 4025625.363100 0.000000 -0.059981
352931.141466 4025625.502568 0.000000 -0.058755
352931.033853 4025625.643846 0.000000 -0.057443
352930.927190 4025625.787024 0.000000 -0.056038
352930.821410 4025625.932211 0.000000 -0.054534
352930.716436 4025626.079533 0.000000 -0.052927
352930.612181 4025626.229133 0.000000 -0.051215
352930.508549 4025626.381178 0.000000 -0.049397
352930.405431 4025626.535856 0.000000 -0.047476
352930.302706 4025626.693380 0.000000 -0.045216
352930.200239 4025626.853989 0.000000 -0.042955
352930.097880 4025627.017948 0.000000 -0.040694
352929.995467 4025627.185555 0.000000 -0.038433
352929.892818 4025627.357135 0.000000 -0.036172
352929.789737 4025627.533050 0.000000 -0.033912
352929.686008 4025627.713697 0.000000 -0.031651
352929.581394 4025627.899508 0.000000 -0.029390
352929.475641 4025628.090958 0.000000 -0.027129
352929.368472 4025628.288561 0.000000 -0.024869
352929.259586 4025628.492878 0.000000 -0.022608
352929.148659 4025628.704514 0.000000 -0.020347
352929.035341 4025628.924124 0.000000 -0.018086
352928.919258 4025629.152413 0.000000 -0.015825
352928.800004 4025629.390143 0.000000 -0.013565
352928.677147 4025629.638128 0.000000 -0.011304
352928.550224 4025629.897245 0.000000 -0.009043
352928.418738 4025630.168429 0.000000 -0.006782
352928.282162 4025630.452682 0.000000 -0.004522
352928.139930 4025630.751071 0.000000 -0.002261
