352922.554180 4025603.571396 0.000000 0.000000
352922.421774 4025603.253120 0.000000 -0.000438
352922.295574 4025602.950168 0.000000 -0.000876
352922.175155 4025602.661547 0.000000 -0.001314
352922.060112 4025602.386319 0.000000 -0.001753
352921.950068 4025602.123599 0.000000 -0.002191
352921.844665 4025601.872554 0.000000 -0.002629
352921.743571 4025601.632400 0.000000 -0.003067
352921.646472 4025601.402400 0.000000 -0.003505
352921.553075 4025601.181861 0.000000 -0.003943
352921.463106 4025600.970134 0.000000 -0.004382
352921.376309 4025600.766611 0.000000 -0.004820
352921.292446 4025600.570723 0.000000 -0.005258
352921.211294 4025600.381939 0.000000 -0.005696
352921.132647 4025600.199762 0.000000 -0.006134
352921.056314 4025600.023732 0.000000 -0.006572
352920.982118 4025599.853416 0.000000 -0.007010
352920.909895 4025599.688417 0.000000 -0.007449
352920.839493 4025599.528362 0.000000 -0.007887
352920.770773 4025599.372909 0.000000 -0.008325
352920.703606 4025599.221739 0.000000 -0.008763
352920.637875 4025599.074559 0.000000 -0.009201
352920.573473 4025598.931098 0.000000 -0.009639
352920.510299 4025598.791106 0.000000 -0.010078
352920.448265 4025598.654354 0.000000 -0.010510
352920.387289 4025598.520632 0.000000 -0.010920
352920.327296 4025598.389746 0.000000 -0.011305
352920.268218 4025598.261519 0.000000 -0.011664
352920.209995 4025598.135790 0.000000 -0.011995
352920.152570 4025598.012411 0.000000 -0.012298
352920.095896 4025597.891247 0.000000 -0.012573
352920.039925 4025597.772177 0.000000 -0.012820
352919.984620 4025597.655087 0.000000 -0.013039
352919.929942 4025597.539877 0.000000 -0.013232
352919.875860 4025597.426454 0.000000 -0.013401
352919.822344 4025597.314733 0.000000 -0.013545
352919.769369 4025597.204639 0.000000 -0.013669
352919.716911 4025597.096100 0.000000 -0.013773
352919.664949 4025596.989054 0.000000 -0.013860
352919.613463 4025596.883442 0.000000 -0.013931
352919.562437 4025596.779210 0.000000 -0.013990
352919.511854 4025596.676309 0.000000 -0.014038
352919.461700 4025596.574693 0.000000 -0.014077
352919.411963 4025596.474321 0.000000 -0.014110
352919.362628 4025596.375152 0.000000 -0.014138
352919.313686 4025596.277150 0.000000 -0.014163
352919.265123 4025596.180280 0.000000 -0.014186
352919.216932 4025596.084508 0.000000 -0.014210
352919.169100 4025595.989803 0.000000 -0.014235
352919.121618 4025595.896135 0.000000 -0.014263
352919.074476 4025595.803475 0.000000 -0.014294
352919.027666 4025595.711796 0.000000 -0.014330
352918.981179 4025595.621070 0.000000 -0.014371
352918.935004 4025595.531272 0.000000 -0.014418
352918.889134 4025595.442378 0.000000 -0.014471
352918.843561 4025595.354364 0.000000 -0.014532
352918.798275 4025595.267206 0.000000 -0.014599
352918.753269 4025595.180884 0.000000 -0.014673
352918.708536 4025595.095375 0.000000 -0.014754
352918.664067 4025595.010661 0.000000 -0.014843
352918.619855 4025594.926721 0.000000 -0.014940
352918.575893 4025594.843537 0.000000 -0.015043
352918.532174 4025594.761091 0.000000 -0.015154
352918.488691 4025594.679366 0.000000 -0.015271
352918.445438 4025594.598345 0.000000 -0.015395
352918.402407 4025594.518012 0.000000 -0.015525
352918.359593 4025594.438353 0.000000 -0.015661
352918.316990 4025594.359352 0.000000 -0.015803
352918.274591 4025594.280995 0.000000 -0.015950
352918.232392 4025594.203269 0.000000 -0.016102
352918.190386 4025594.126161 0.000000 -0.016258
352918.148568 4025594.049658 0.000000 -0.016418
352918.106933 4025593.973748 0.000000 -0.016581
352918.065476 4025593.898420 0.000000 -0.016748
352918.024191 4025593.823662 0.000000 -0.016916
352917.983075 4025593.749463 0.000000 -0.017087
352917.942123 4025593.675813 0.000000 -0.017259
352917.901329 4025593.602702 0.000000 -0.017431
352917.860691 4025593.530119 0.000000 -0.017604
352917.820203 4025593.458057 0.000000 -0.017777
352917.779862 4025593.386505 0.000000 -0.017948
352917.739665 4025593.315454 0.000000 -0.018119
352917.699606 4025593.244897 0.000000 -0.018287
352917.659683 4025593.174824 0.000000 -0.018454
352917.619892 4025593.105228 0.000000 -0.018617
352917.580229 4025593.036101 0.000000 -0.018777
352917.540693 4025592.967435 0.000000 -0.018933
352917.501279 4025592.899222 0.000000 -0.019085
352917.461984 4025592.831456 0.000000 -0.019233
352917.422806 4025592.764130 0.000000 -0.019375
352917.383742 4025592.697235 0.000000 -0.019512
352917.344789 4025592.630766 0.000000 -0.019644
352917.305944 4025592.564717 0.000000 -0.019770
352917.267206 4025592.499079 0.000000 -0.019889
352917.228571 4025592.433848 0.000000 -0.020003
352917.190037 4025592.369016 0.000000 -0.020110
352917.151603 4025592.304578 0.000000 -0.020210
352917.113266 4025592.240527 0.000000 -0.020304
352917.075023 4025592.176858 0.000000 -0.020391
352917.036874 4025592.113565 0.000000 -0.020471
352916.998815 4025592.050641 0.000000 -0.020545
352916.960846 4025591.988082 0.000000 -0.020612
352916.922964 4025591.925881 0.000000 -0.020673
352916.885167 4025591.864033 0.000000 -0.020727
352916.847454 4025591.802532 0.000000 -0.020774
352916.809822 4025591.741374 0.000000 -0.020816
352916.772272 4025591.680553 0.000000 -0.020852
352916.734800 4025591.620063 0.000000 -0.020882
352916.697405 4025591.559899 0.000000 -0.020906
352916.660085 4025591.500056 0.000000 -0.020925
352916.622840 4025591.440530 0.000000 -0.020939
352916.585667 4025591.381315 0.000000 -0.020949
352916.548566 4025591.322406 0.000000 -0.020954
352916.511534 4025591.263798 0.000000 -0.020955
352916.474570 4025591.205487 0.000000 -0.020951
352916.437673 4025591.147467 0.000000 -0.020945
352916.400841 4025591.089735 0.000000 -0.020935
352916.364073 4025591.032285 0.000000 -0.020922
352916.327368 4025590.975112 0.000000 -0.020906
352916.290723 4025590.918213 0.000000 -0.020888
352916.254138 4025590.861582 0.000000 -0.020867
352916.217611 4025590.805215 0.000000 -0.020845
352916.181141 4025590.749108 0.000000 -0.020821
352916.144726 4025590.693256 0.000000 -0.020796
352916.108364 4025590.637655 0.000000 -0.020769
352916.072056 4025590.582300 0.000000 -0.020741
352916.035798 4025590.527188 0.000000 -0.020713
352915.999589 4025590.472314 0.000000 -0.020684
352915.963428 4025590.417674 0.000000 -0.020655
352915.927314 4025590.363263 0.000000 -0.020625
352915.891245 4025590.309078 0.000000 -0.020596
352915.855219 4025590.255115 0.000000 -0.020566
352915.819235 4025590.201369 0.000000 -0.020537
352915.783291 4025590.147836 0.000000 -0.020508
352915.747385 4025590.094513 0.000000 -0.020479
352915.711517 4025590.041395 0.000000 -0.020451
352915.675685 4025589.988479 0.000000 -0.020423
352915.639886 4025589.935761 0.000000 -0.020396
352915.604120 4025589.883236 0.000000 -0.020369
352915.568384 4025589.830902 0.000000 -0.020343
352915.532677 4025589.778754 0.000000 -0.020317
352915.496998 4025589.726788 0.000000 -0.020292
352915.461344 4025589.675002 0.000000 -0.020267
352915.425715 4025589.623391 0.000000 -0.020243
352915.390107 4025589.571951 0.000000 -0.020219
352915.354520 4025589.520679 0.000000 -0.020195
352915.318952 4025589.469572 0.000000 -0.020171
352915.283402 4025589.418625 0.000000 -0.020147
352915.247866 4025589.367837 0.000000 -0.020124
352915.212345 4025589.317202 0.000000 -0.020099
352915.176835 4025589.266718 0.000000 -0.020075
352915.141336 4025589.216381 0.000000 -0.020050
352915.105846 4025589.166188 0.000000 -0.020024
352915.070362 4025589.116135 0.000000 -0.019997
352915.034884 4025589.066220 0.000000 -0.019970
352914.999409 4025589.016440 0.000000 -0.019941
352914.963937 4025588.966790 0.000000 -0.019911
352914.928465 4025588.917269 0.000000 -0.019879
352914.892991 4025588.867872 0.000000 -0.019846
352914.857515 4025588.818598 0.000000 -0.019811
352914.822034 4025588.769443 0.000000 -0.019774
352914.786548 4025588.720403 0.000000 -0.019735
352914.751054 4025588.671477 0.000000 -0.019694
352914.715551 4025588.622661 0.000000 -0.019651
352914.680037 4025588.573954 0.000000 -0.019605
352914.644512 4025588.525351 0.000000 -0.019557
352914.608973 4025588.476850 0.000000 -0.019507
352914.573420 4025588.428449 0.000000 -0.019453
352914.537851 4025588.380146 0.000000 -0.019398
352914.502265 4025588.331937 0.000000 -0.019339
352914.466660 4025588.283820 0.000000 -0.019278
352914.431035 4025588.235793 0.000000 -0.019213
352914.395390 4025588.187854 0.000000 -0.019146
352914.359722 4025588.140000 0.000000 -0.019077
352914.324031 4025588.092229 0.000000 -0.019004
352914.288316 4025588.044539 0.000000 -0.018929
352914.252576 4025587.996927 0.000000 -0.018851
352914.216809 4025587.949392 0.000000 -0.018771
352914.181016 4025587.901932 0.000000 -0.018688
352914.145194 4025587.854545 0.000000 -0.018602
352914.109342 4025587.807228 0.000000 -0.018514
352914.073461 4025587.759980 0.000000 -0.018424
352914.037550 4025587.712799 0.000000 -0.018331
352914.001607 4025587.665684 0.000000 -0.018237
352913.965632 4025587.618632 0.000000 -0.018141
352913.929624 4025587.571642 0.000000 -0.018042
352913.893582 4025587.524713 0.000000 -0.017943
352913.857507 4025587.477842 0.000000 -0.017842
352913.821397 4025587.431029 0.000000 -0.017739
352913.785252 4025587.384272 0.000000 -0.017636
352913.749071 4025587.337570 0.000000 -0.017532
352913.712854 4025587.290921 0.000000 -0.017427
352913.676601 4025587.244324 0.000000 -0.017322
352913.640311 4025587.197778 0.000000 -0.017217
352913.603983 4025587.151281 0.000000 -0.017111
352913.567619 4025587.104832 0.000000 -0.017006
352913.531216 4025587.058431 0.000000 -0.016901
352913.494775 4025587.012077 0.000000 -0.016797
352913.458296 4025586.965767 0.000000 -0.016694
352913.421779 4025586.919503 0.000000 -0.016592
352913.385223 4025586.873281 0.000000 -0.016491
352913.348628 4025586.827102 0.000000 -0.016392
352913.311994 4025586.780965 0.000000 -0.016295
352913.275322 4025586.734869 0.000000 -0.016200
352913.238610 4025586.688814 0.000000 -0.016108
352913.201859 4025586.642798 0.000000 -0.016017
352913.165068 4025586.596820 0.000000 -0.015930
352913.128238 4025586.550882 0.000000 -0.015845
352913.091369 4025586.504981 0.000000 -0.015763
352913.054461 4025586.459117 0.000000 -0.015685
352913.017513 4025586.413290 0.000000 -0.015610
352912.980526 4025586.367499 0.000000 -0.015539
352912.943499 4025586.321744 0.000000 -0.015471
352912.906433 4025586.276024 0.000000 -0.015407
352912.869328 4025586.230340 0.000000 -0.015347
352912.832183 4025586.184690 0.000000 -0.015292
352912.794999 4025586.139074 0.000000 -0.015240
352912.757776 4025586.093493 0.000000 -0.015193
352912.720513 4025586.047946 0.000000 -0.015150
352912.683211 4025586.002432 0.000000 -0.015112
352912.645870 4025585.956951 0.000000 -0.015078
352912.608489 4025585.911504 0.000000 -0.015049
352912.571069 4025585.866090 0.000000 -0.015024
352912.533610 4025585.820709 0.000000 -0.015003
352912.496112 4025585.775361 0.000000 -0.014987
352912.458574 4025585.730046 0.000000 -0.014976
352912.420998 4025585.684763 0.000000 -0.014969
352912.383381 4025585.639514 0.000000 -0.014967
352912.345726 4025585.594297 0.000000 -0.014968
352912.308031 4025585.549112 0.000000 -0.014974
352912.270297 4025585.503961 0.000000 -0.014985
352912.232524 4025585.458842 0.000000 -0.014999
352912.194711 4025585.413756 0.000000 -0.015018
352912.156859 4025585.368703 0.000000 -0.015040
352912.118967 4025585.323684 0.000000 -0.015066
352912.081035 4025585.278697 0.000000 -0.015095
352912.043064 4025585.233743 0.000000 -0.015128
352912.005053 4025585.188823 0.000000 -0.015164
352911.967002 4025585.143937 0.000000 -0.015203
352911.928911 4025585.099084 0.000000 -0.015245
352911.890781 4025585.054264 0.000000 -0.015290
352911.852610 4025585.009479 0.000000 -0.015337
352911.814398 4025584.964728 0.000000 -0.015386
352911.776147 4025584.920011 0.000000 -0.015438
352911.737855 4025584.875329 0.000000 -0.015491
352911.699522 4025584.830682 0.000000 -0.015545
352911.661148 4025584.786069 0.000000 -0.015601
352911.622734 4025584.741492 0.000000 -0.015658
352911.584278 4025584.696950 0.000000 -0.015716
352911.545781 4025584.652443 0.000000 -0.015774
352911.507243 4025584.607972 0.000000 -0.015832
352911.468663 4025584.563538 0.000000 -0.015891
352911.430042 4025584.519139 0.000000 -0.015949
352911.391379 4025584.474776 0.000000 -0.016006
352911.352674 4025584.430451 0.000000 -0.016063
352911.313927 4025584.386162 0.000000 -0.016119
352911.275138 4025584.341910 0.000000 -0.016174
352911.236306 4025584.297695 0.000000 -0.016227
352911.197432 4025584.253517 0.000000 -0.016278
352911.158516 4025584.209377 0.000000 -0.016328
352911.119556 4025584.165275 0.000000 -0.016375
352911.080554 4025584.121210 0.000000 -0.016421
352911.041509 4025584.077184 0.000000 -0.016463
352911.002421 4025584.033196 0.000000 -0.016503
352910.963291 4025583.989246 0.000000 -0.016540
352910.924116 4025583.945335 0.000000 -0.016574
352910.884899 4025583.901462 0.000000 -0.016605
352910.845639 4025583.857628 0.000000 -0.016633
352910.806335 4025583.813833 0.000000 -0.016657
352910.766988 4025583.770077 0.000000 -0.016678
352910.727597 4025583.726360 0.000000 -0.016695
352910.688163 4025583.682682 0.000000 -0.016709
352910.648686 4025583.639043 0.000000 -0.016718
352910.609166 4025583.595444 0.000000 -0.016725
352910.569602 4025583.551884 0.000000 -0.016727
352910.529995 4025583.508363 0.000000 -0.016725
352910.490344 4025583.464881 0.000000 -0.016720
352910.450651 4025583.421440 0.000000 -0.016711
352910.410914 4025583.378037 0.000000 -0.016699
352910.371134 4025583.334674 0.000000 -0.016682
352910.331312 4025583.291351 0.000000 -0.016662
352910.291446 4025583.248066 0.000000 -0.016638
352910.251538 4025583.204822 0.000000 -0.016611
352910.211587 4025583.161616 0.000000 -0.016581
352910.171593 4025583.118450 0.000000 -0.016547
352910.131558 4025583.075323 0.000000 -0.016511
352910.091479 4025583.032236 0.000000 -0.016471
352910.051359 4025582.989187 0.000000 -0.016428
352910.011197 4025582.946178 0.000000 -0.016383
352909.970994 4025582.903207 0.000000 -0.016336
352909.930749 4025582.860276 0.000000 -0.016286
352909.890462 4025582.817383 0.000000 -0.016234
352909.850134 4025582.774529 0.000000 -0.016181
352909.809766 4025582.731713 0.000000 -0.016125
352909.769356 4025582.688936 0.000000 -0.016069
352909.728907 4025582.646197 0.000000 -0.016011
352909.688416 4025582.603496 0.000000 -0.015953
352909.647886 4025582.560833 0.000000 -0.015894
352909.607316 4025582.518208 0.000000 -0.015834
352909.566706 4025582.475621 0.000000 -0.015775
352909.526057 4025582.433072 0.000000 -0.015716
352909.485369 4025582.390560 0.000000 -0.015657
352909.444642 4025582.348085 0.000000 -0.015599
352909.403876 4025582.305648 0.000000 -0.015542
352909.363071 4025582.263248 0.000000 -0.015486
352909.322228 4025582.220885 0.000000 -0.015432
352909.281347 4025582.178559 0.000000 -0.015379
352909.240428 4025582.136270 0.000000 -0.015329
352909.199472 4025582.094018 0.000000 -0.015281
352909.158477 4025582.051802 0.000000 -0.015236
352909.117446 4025582.009623 0.000000 -0.015193
352909.076377 4025581.967480 0.000000 -0.015153
352909.035272 4025581.925373 0.000000 -0.015117
352908.994129 4025581.883303 0.000000 -0.015083
352908.952950 4025581.841270 0.000000 -0.015054
352908.911734 4025581.799272 0.000000 -0.015028
352908.870482 4025581.757311 0.000000 -0.015006
352908.829194 4025581.715385 0.000000 -0.014988
352908.787869 4025581.673496 0.000000 -0.014974
352908.746508 4025581.631644 0.000000 -0.014965
352908.705111 4025581.589827 0.000000 -0.014960
352908.663678 4025581.548047 0.000000 -0.014959
352908.622209 4025581.506302 0.000000 -0.014963
352908.580704 4025581.464595 0.000000 -0.014971
352908.539164 4025581.422923 0.000000 -0.014984
352908.497587 4025581.381288 0.000000 -0.015002
352908.455975 4025581.339690 0.000000 -0.015024
352908.414326 4025581.298128 0.000000 -0.015052
352908.372642 4025581.256603 0.000000 -0.015083
352908.330922 4025581.215115 0.000000 -0.015119
352908.289165 4025581.173664 0.000000 -0.015160
352908.247373 4025581.132250 0.000000 -0.015206
352908.205544 4025581.090874 0.000000 -0.015255
352908.163679 4025581.049535 0.000000 -0.015309
352908.121778 4025581.008234 0.000000 -0.015367
352908.079841 4025580.966970 0.000000 -0.015430
352908.037866 4025580.925745 0.000000 -0.015496
352907.995855 4025580.884558 0.000000 -0.015565
352907.953807 4025580.843410 0.000000 -0.015639
352907.911722 4025580.802300 0.000000 -0.015716
352907.869600 4025580.761230 0.000000 -0.015795
352907.827440 4025580.720199 0.000000 -0.015878
352907.785243 4025580.679207 0.000000 -0.015964
352907.743007 4025580.638256 0.000000 -0.016052
352907.700734 4025580.597344 0.000000 -0.016143
352907.658423 4025580.556473 0.000000 -0.016235
352907.616073 4025580.515643 0.000000 -0.016329
352907.573684 4025580.474853 0.000000 -0.016425
352907.531257 4025580.434106 0.000000 -0.016522
352907.488790 4025580.393399 0.000000 -0.016620
352907.446284 4025580.352735 0.000000 -0.016719
352907.403739 4025580.312113 0.000000 -0.016818
352907.361153 4025580.271533 0.000000 -0.016917
352907.318528 4025580.230996 0.000000 -0.017016
352907.275862 4025580.190503 0.000000 -0.017115
352907.233156 4025580.150053 0.000000 -0.017213
352907.190409 4025580.109647 0.000000 -0.017309
352907.147621 4025580.069285 0.000000 -0.017405
352907.104791 4025580.028967 0.000000 -0.017499
352907.061921 4025579.988694 0.000000 -0.017592
352907.019008 4025579.948466 0.000000 -0.017682
352906.976054 4025579.908283 0.000000 -0.017771
352906.933058 4025579.868146 0.000000 -0.017856
352906.890019 4025579.828054 0.000000 -0.017940
352906.846938 4025579.788009 0.000000 -0.018020
352906.803814 4025579.748010 0.000000 -0.018097
352906.760648 4025579.708057 0.000000 -0.018171
352906.717439 4025579.668152 0.000000 -0.018242
352906.674186 4025579.628293 0.000000 -0.018309
352906.630891 4025579.588481 0.000000 -0.018372
352906.587552 4025579.548717 0.000000 -0.018432
352906.544169 4025579.509001 0.000000 -0.018487
352906.500743 4025579.469332 0.000000 -0.018539
352906.457274 4025579.429711 0.000000 -0.018587
352906.413760 4025579.390138 0.000000 -0.018630
352906.370203 4025579.350614 0.000000 -0.018669
352906.326602 4025579.311138 0.000000 -0.018704
352906.282957 4025579.271710 0.000000 -0.018735
352906.239269 4025579.232331 0.000000 -0.018761
352906.195536 4025579.193001 0.000000 -0.018783
352906.151759 4025579.153720 0.000000 -0.018801
352906.107939 4025579.114487 0.000000 -0.018815
352906.064075 4025579.075304 0.000000 -0.018824
352906.020166 4025579.036169 0.000000 -0.018830
352905.976214 4025578.997084 0.000000 -0.018831
352905.932218 4025578.958047 0.000000 -0.018829
352905.888179 4025578.919060 0.000000 -0.018823
352905.844096 4025578.880121 0.000000 -0.018813
352905.799969 4025578.841232 0.000000 -0.018799
352905.755799 4025578.802392 0.000000 -0.018782
352905.711585 4025578.763601 0.000000 -0.018762
352905.667329 4025578.724859 0.000000 -0.018739
352905.623029 4025578.686166 0.000000 -0.018713
352905.578686 4025578.647522 0.000000 -0.018684
352905.534301 4025578.608927 0.000000 -0.018653
352905.489872 4025578.570381 0.000000 -0.018620
352905.445402 4025578.531883 0.000000 -0.018584
352905.400889 4025578.493434 0.000000 -0.018547
352905.356334 4025578.455034 0.000000 -0.018507
352905.311736 4025578.416683 0.000000 -0.018467
352905.267098 4025578.378380 0.000000 -0.018425
352905.222417 4025578.340125 0.000000 -0.018383
352905.177695 4025578.301919 0.000000 -0.018339
352905.132932 4025578.263760 0.000000 -0.018296
352905.088128 4025578.225650 0.000000 -0.018252
352905.043283 4025578.187588 0.000000 -0.018208
352904.998397 4025578.149574 0.000000 -0.018164
352904.953471 4025578.111608 0.000000 -0.018120
352904.908504 4025578.073689 0.000000 -0.018078
352904.863498 4025578.035819 0.000000 -0.018036
352904.818451 4025577.997995 0.000000 -0.017995
352904.773365 4025577.960220 0.000000 -0.017955
352904.728239 4025577.922492 0.000000 -0.017917
352904.683074 4025577.884811 0.000000 -0.017880
352904.637869 4025577.847177 0.000000 -0.017845
352904.592626 4025577.809591 0.000000 -0.017812
352904.547343 4025577.772053 0.000000 -0.017781
352904.502022 4025577.734561 0.000000 -0.017751
352904.456662 4025577.697117 0.000000 -0.017725
352904.411263 4025577.659719 0.000000 -0.017700
352904.365826 4025577.622369 0.000000 -0.017678
352904.320351 4025577.585066 0.000000 -0.017658
352904.274837 4025577.547810 0.000000 -0.017640
352904.229286 4025577.510601 0.000000 -0.017626
352904.183697 4025577.473440 0.000000 -0.017613
352904.138069 4025577.436325 0.000000 -0.017603
352904.092404 4025577.399258 0.000000 -0.017596
352904.046701 4025577.362238 0.000000 -0.017591
352904.000961 4025577.325265 0.000000 -0.017589
352903.955182 4025577.288340 0.000000 -0.017589
352903.909367 4025577.251461 0.000000 -0.017591
352903.863513 4025577.214631 0.000000 -0.017596
352903.817623 4025577.177847 0.000000 -0.017603
352903.771694 4025577.141112 0.000000 -0.017611
352903.725729 4025577.104423 0.000000 -0.017622
352903.679726 4025577.067783 0.000000 -0.017634
352903.633685 4025577.031191 0.000000 -0.017648
352903.587607 4025576.994646 0.000000 -0.017664
352903.541492 4025576.958149 0.000000 -0.017680
352903.495339 4025576.921701 0.000000 -0.017698
352903.449148 4025576.885300 0.000000 -0.017717
352903.402921 4025576.848948 0.000000 -0.017736
352903.356655 4025576.812645 0.000000 -0.017756
352903.310352 4025576.776390 0.000000 -0.017776
352903.264012 4025576.740183 0.000000 -0.017795
352903.217634 4025576.704026 0.000000 -0.017815
352903.171218 4025576.667917 0.000000 -0.017834
352903.124765 4025576.631857 0.000000 -0.017852
352903.078274 4025576.595847 0.000000 -0.017869
352903.031745 4025576.559885 0.000000 -0.017885
352902.985178 4025576.523973 0.000000 -0.017899
352902.938574 4025576.488110 0.000000 -0.017911
352902.891931 4025576.452297 0.000000 -0.017921
352902.845251 4025576.416533 0.000000 -0.017929
352902.798533 4025576.380819 0.000000 -0.017933
352902.751777 4025576.345154 0.000000 -0.017935
352902.704984 4025576.309540 0.000000 -0.017934
352902.658152 4025576.273975 0.000000 -0.017929
352902.611282 4025576.238459 0.000000 -0.017921
352902.564375 4025576.202994 0.000000 -0.017908
352902.517430 4025576.167578 0.000000 -0.017892
352902.470447 4025576.132213 0.000000 -0.017871
352902.423426 4025576.096897 0.000000 -0.017845
352902.376367 4025576.061630 0.000000 -0.017815
352902.329271 4025576.026414 0.000000 -0.017780
352902.282137 4025575.991247 0.000000 -0.017739
352902.234965 4025575.956129 0.000000 -0.017694
352902.187757 4025575.921061 0.000000 -0.017643
352902.140510 4025575.886043 0.000000 -0.017586
352902.093227 4025575.851073 0.000000 -0.017524
352902.045907 4025575.816152 0.000000 -0.017456
352901.998550 4025575.781281 0.000000 -0.017383
352901.951156 4025575.746458 0.000000 -0.017303
352901.903725 4025575.711683 0.000000 -0.017218
352901.856258 4025575.676956 0.000000 -0.017127
352901.808755 4025575.642278 0.000000 -0.017030
352901.761216 4025575.607647 0.000000 -0.016927
352901.713642 4025575.573063 0.000000 -0.016818
352901.666032 4025575.538527 0.000000 -0.016703
352901.618386 4025575.504037 0.000000 -0.016583
352901.570706 4025575.469594 0.000000 -0.016456
352901.522991 4025575.435197 0.000000 -0.016325
352901.475242 4025575.400846 0.000000 -0.016188
352901.427458 4025575.366540 0.000000 -0.016045
352901.379641 4025575.332278 0.000000 -0.015897
352901.331791 4025575.298062 0.000000 -0.015744
352901.283907 4025575.263889 0.000000 -0.015587
352901.235991 4025575.229760 0.000000 -0.015424
352901.188042 4025575.195674 0.000000 -0.015257
352901.140061 4025575.161631 0.000000 -0.015086
352901.092049 4025575.127630 0.000000 -0.014910
352901.044006 4025575.093671 0.000000 -0.014731
352900.995932 4025575.059752 0.000000 -0.014548
352900.947828 4025575.025875 0.000000 -0.014362
352900.899693 4025574.992037 0.000000 -0.014172
352900.851529 4025574.958239 0.000000 -0.013980
352900.803337 4025574.924480 0.000000 -0.013785
352900.755115 4025574.890759 0.000000 -0.013589
352900.706866 4025574.857076 0.000000 -0.013390
352900.658588 4025574.823431 0.000000 -0.013189
352900.610284 4025574.789822 0.000000 -0.012988
352900.561953 4025574.756249 0.000000 -0.012785
352900.513595 4025574.722711 0.000000 -0.012581
352900.465212 4025574.689209 0.000000 -0.012377
352900.416803 4025574.655740 0.000000 -0.012174
352900.368370 4025574.622306 0.000000 -0.011970
352900.319912 4025574.588904 0.000000 -0.011767
352900.271430 4025574.555535 0.000000 -0.011564
352900.222924 4025574.522198 0.000000 -0.011363
352900.174396 4025574.488892 0.000000 -0.011163
352900.125845 4025574.455617 0.000000 -0.010965
352900.077271 4025574.422372 0.000000 -0.010769
352900.028677 4025574.389157 0.000000 -0.010575
352899.980061 4025574.355971 0.000000 -0.010384
352899.931424 4025574.322813 0.000000 -0.010195
352899.882766 4025574.289684 0.000000 -0.010009
352899.834089 4025574.256582 0.000000 -0.009826
352899.785392 4025574.223507 0.000000 -0.009647
352899.736676 4025574.190458 0.000000 -0.009471
352899.687942 4025574.157435 0.000000 -0.009299
352899.639189 4025574.124438 0.000000 -0.009131
352899.590417 4025574.091466 0.000000 -0.008966
352899.541629 4025574.058518 0.000000 -0.008806
352899.492823 4025574.025595 0.000000 -0.008651
352899.444000 4025573.992695 0.000000 -0.008499
352899.395160 4025573.959819 0.000000 -0.008352
352899.346305 4025573.926965 0.000000 -0.008210
352899.297433 4025573.894134 0.000000 -0.008072
352899.248546 4025573.861325 0.000000 -0.007939
352899.199643 4025573.828538 0.000000 -0.007810
352899.150725 4025573.795772 0.000000 -0.007687
352899.101793 4025573.763027 0.000000 -0.007568
352899.052845 4025573.730303 0.000000 -0.007454
352899.003884 4025573.697600 0.000000 -0.007344
352898.954909 4025573.664917 0.000000 -0.007239
352898.905919 4025573.632254 0.000000 -0.007139
352898.856916 4025573.599610 0.000000 -0.007043
352898.807900 4025573.566986 0.000000 -0.006952
352898.758870 4025573.534381 0.000000 -0.006865
352898.709828 4025573.501795 0.000000 -0.006782
352898.660772 4025573.469227 0.000000 -0.006704
352898.611704 4025573.436679 0.000000 -0.006630
352898.562623 4025573.404149 0.000000 -0.006559
352898.513530 4025573.371637 0.000000 -0.006493
352898.464425 4025573.339143 0.000000 -0.006430
352898.415307 4025573.306667 0.000000 -0.006370
352898.366177 4025573.274209 0.000000 -0.006314
352898.317036 4025573.241769 0.000000 -0.006261
352898.267882 4025573.209346 0.000000 -0.006211
352898.218717 4025573.176941 0.000000 -0.006163
352898.169540 4025573.144553 0.000000 -0.006118
352898.120352 4025573.112182 0.000000 -0.006076
352898.071152 4025573.079829 0.000000 -0.006035
352898.021941 4025573.047493 0.000000 -0.005997
352897.972718 4025573.015173 0.000000 -0.005960
352897.923484 4025572.982871 0.000000 -0.005925
352897.874239 4025572.950586 0.000000 -0.005891
352897.824983 4025572.918318 0.000000 -0.005858
352897.775715 4025572.886066 0.000000 -0.005826
352897.726437 4025572.853832 0.000000 -0.005795
352897.677147 4025572.821614 0.000000 -0.005764
352897.627846 4025572.789412 0.000000 -0.005734
352897.578535 4025572.757228 0.000000 -0.005704
352897.529213 4025572.725059 0.000000 -0.005674
352897.479879 4025572.692908 0.000000 -0.005643
352897.430535 4025572.660772 0.000000 -0.005613
352897.381181 4025572.628653 0.000000 -0.005581
352897.331815 4025572.596550 0.000000 -0.005550
352897.282439 4025572.564464 0.000000 -0.005517
352897.233053 4025572.532393 0.000000 -0.005483
352897.183656 4025572.500339 0.000000 -0.005449
352897.134248 4025572.468300 0.000000 -0.005413
352897.084830 4025572.436278 0.000000 -0.005376
352897.035402 4025572.404271 0.000000 -0.005337
352896.985964 4025572.372280 0.000000 -0.005297
352896.936515 4025572.340304 0.000000 -0.005256
352896.887056 4025572.308344 0.000000 -0.005213
352896.837588 4025572.276399 0.000000 -0.005168
352896.788109 4025572.244469 0.000000 -0.005121
352896.738621 4025572.212555 0.000000 -0.005073
352896.689122 4025572.180655 0.000000 -0.005022
352896.639614 4025572.148770 0.000000 -0.004970
352896.590097 4025572.116900 0.000000 -0.004916
352896.540570 4025572.085044 0.000000 -0.004861
352896.491034 4025572.053202 0.000000 -0.004803
352896.441488 4025572.021375 0.000000 -0.004743
352896.391934 4025571.989562 0.000000 -0.004682
352896.342370 4025571.957762 0.000000 -0.004618
352896.292798 4025571.925976 0.000000 -0.004553
352896.243217 4025571.894204 0.000000 -0.004486
352896.193627 4025571.862444 0.000000 -0.004418
352896.144028 4025571.830698 0.000000 -0.004347
352896.094422 4025571.798964 0.000000 -0.004275
352896.044807 4025571.767243 0.000000 -0.004202
352895.995184 4025571.735534 0.000000 -0.004127
352895.945553 4025571.703838 0.000000 -0.004051
352895.895915 4025571.672153 0.000000 -0.003973
352895.846269 4025571.640480 0.000000 -0.003894
352895.796615 4025571.608818 0.000000 -0.003814
352895.746954 4025571.577168 0.000000 -0.003733
352895.697286 4025571.545528 0.000000 -0.003651
352895.647612 4025571.513899 0.000000 -0.003569
352895.597930 4025571.482280 0.000000 -0.003485
352895.548242 4025571.450671 0.000000 -0.003401
352895.498547 4025571.419073 0.000000 -0.003317
352895.448846 4025571.387483 0.000000 -0.003232
352895.399139 4025571.355904 0.000000 -0.003147
352895.349426 4025571.324333 0.000000 -0.003062
352895.299708 4025571.292771 0.000000 -0.002977
352895.249984 4025571.261217 0.000000 -0.002892
352895.200254 4025571.229672 0.000000 -0.002807
352895.150519 4025571.198135 0.000000 -0.002722
352895.100779 4025571.166606 0.000000 -0.002638
352895.051034 4025571.135084 0.000000 -0.002554
352895.001285 4025571.103569 0.000000 -0.002471
352894.951531 4025571.072062 0.000000 -0.002388
352894.901772 4025571.040561 0.000000 -0.002307
352894.852010 4025571.009066 0.000000 -0.002226
352894.802243 4025570.977578 0.000000 -0.002146
352894.752472 4025570.946096 0.000000 -0.002067
352894.702697 4025570.914620 0.000000 -0.001990
352894.652919 4025570.883149 0.000000 -0.001913
352894.603138 4025570.851684 0.000000 -0.001838
352894.553353 4025570.820223 0.000000 -0.001764
352894.503565 4025570.788768 0.000000 -0.001692
352894.453774 4025570.757317 0.000000 -0.001621
352894.403980 4025570.725870 0.000000 -0.001551
352894.354183 4025570.694428 0.000000 -0.001483
352894.304383 4025570.662990 0.000000 -0.001417
352894.254581 4025570.631556 0.000000 -0.001352
352894.204777 4025570.600125 0.000000 -0.001289
352894.154971 4025570.568698 0.000000 -0.001228
352894.105162 4025570.537274 0.000000 -0.001168
352894.055351 4025570.505853 0.000000 -0.001110
352894.005538 4025570.474435 0.000000 -0.001054
352893.955724 4025570.443020 0.000000 -0.001000
352893.905908 4025570.411608 0.000000 -0.000947
352893.856090 4025570.380198 0.000000 -0.000896
352893.806271 4025570.348790 0.000000 -0.000847
352893.756450 4025570.317384 0.000000 -0.000800
352893.706628 4025570.285981 0.000000 -0.000754
352893.656805 4025570.254579 0.000000 -0.000711
352893.606980 4025570.223180 0.000000 -0.000669
352893.557154 4025570.191782 0.000000 -0.000628
352893.507328 4025570.160385 0.000000 -0.000590
352893.457500 4025570.128990 0.000000 -0.000553
352893.407672 4025570.097596 0.000000 -0.000518
352893.357843 4025570.066204 0.000000 -0.000484
352893.308012 4025570.034813 0.000000 -0.000452
352893.258182 4025570.003423 0.000000 -0.000422
352893.208350 4025569.972034 0.000000 -0.000393
352893.158518 4025569.940645 0.000000 -0.000365
352893.108686 4025569.909258 0.000000 -0.000339
352893.058853 4025569.877871 0.000000 -0.000315
352893.009019 4025569.846486 0.000000 -0.000291
352892.959185 4025569.815100 0.000000 -0.000269
352892.909351 4025569.783716 0.000000 -0.000248
352892.859516 4025569.752332 0.000000 -0.000229
352892.809681 4025569.720948 0.000000 -0.000210
352892.759845 4025569.689565 0.000000 -0.000193
352892.710010 4025569.658183 0.000000 -0.000176
352892.660174 4025569.626801 0.000000 -0.000161
352892.610338 4025569.595419 0.000000 -0.000146
352892.560501 4025569.564037 0.000000 -0.000132
352892.510665 4025569.532656 0.000000 -0.000119
352892.460828 4025569.501275 0.000000 -0.000107
352892.410991 4025569.469894 0.000000 -0.000096
352892.361154 4025569.438513 0.000000 -0.000085
352892.311317 4025569.407133 0.000000 -0.000075
352892.261480 4025569.375753 0.000000 -0.000065
352892.211643 4025569.344372 0.000000 -0.000056
352892.161805 4025569.312992 0.000000 -0.000047
352892.111968 4025569.281612 0.000000 -0.000039
352892.062131 4025569.250232 0.000000 -0.000030
352892.012293 4025569.218853 0.000000 -0.000023
352891.962456 4025569.187473 0.000000 -0.000015
352891.912618 4025569.156093 0.000000 -0.000007
352891.862781 4025569.124713 0.000000 0.000000
352891.812943 4025569.093333 0.000000 0.000007
352891.763106 4025569.061953 0.000000 0.000015
352891.713268 4025569.030573 0.000000 0.000022
352891.663431 4025568.999193 0.000000 0.000029
352891.613594 4025568.967813 0.000000 0.000037
352891.563756 4025568.936433 0.000000 0.000045
352891.513919 4025568.905053 0.000000 0.000053
352891.464082 4025568.873673 0.000000 0.000061
352891.414245 4025568.842292 0.000000 0.000070
352891.364408 4025568.810911 0.000000 0.000079
352891.314571 4025568.779531 0.000000 0.000088
352891.264734 4025568.748150 0.000000 0.000098
352891.214898 4025568.716768 0.000000 0.000109
352891.165061 4025568.685387 0.000000 0.000120
352891.115225 4025568.654005 0.000000 0.000131
352891.065389 4025568.622623 0.000000 0.000143
352891.015553 4025568.591240 0.000000 0.000156
352890.965718 4025568.559857 0.000000 0.000170
352890.915883 4025568.528474 0.000000 0.000184
352890.866048 4025568.497090 0.000000 0.000200
352890.816213 4025568.465706 0.000000 0.000216
352890.766379 4025568.434322 0.000000 0.000233
352890.716545 4025568.402936 0.000000 0.000251
352890.666711 4025568.371550 0.000000 0.000269
352890.616878 4025568.340164 0.000000 0.000289
352890.567045 4025568.308776 0.000000 0.000310
352890.517213 4025568.277388 0.000000 0.000332
352890.467381 4025568.245999 0.000000 0.000355
352890.417550 4025568.214609 0.000000 0.000379
352890.367720 4025568.183218 0.000000 0.000404
352890.317890 4025568.151826 0.000000 0.000430
352890.268061 4025568.120433 0.000000 0.000457
352890.218233 4025568.089039 0.000000 0.000485
352890.168406 4025568.057643 0.000000 0.000515
352890.118579 4025568.026246 0.000000 0.000546
352890.068754 4025567.994848 0.000000 0.000578
352890.018929 4025567.963448 0.000000 0.000611
352889.969106 4025567.932046 0.000000 0.000645
352889.919283 4025567.900643 0.000000 0.000680
352889.869462 4025567.869237 0.000000 0.000716
352889.819642 4025567.837830 0.000000 0.000754
352889.769824 4025567.806421 0.000000 0.000793
352889.720007 4025567.775009 0.000000 0.000832
352889.670191 4025567.743595 0.000000 0.000873
352889.620377 4025567.712179 0.000000 0.000915
352889.570564 4025567.680760 0.000000 0.000958
352889.520754 4025567.649338 0.000000 0.001002
352889.470945 4025567.617913 0.000000 0.001047
352889.421138 4025567.586486 0.000000 0.001093
352889.371333 4025567.555055 0.000000 0.001139
352889.321530 4025567.523621 0.000000 0.001187
352889.271730 4025567.492184 0.000000 0.001235
352889.221931 4025567.460743 0.000000 0.001284
352889.172135 4025567.429299 0.000000 0.001334
352889.122342 4025567.397850 0.000000 0.001384
352889.072551 4025567.366398 0.000000 0.001435
352889.022762 4025567.334941 0.000000 0.001486
352888.972977 4025567.303480 0.000000 0.001538
352888.923194 4025567.272015 0.000000 0.001590
352888.873414 4025567.240545 0.000000 0.001642
352888.823638 4025567.209070 0.000000 0.001695
352888.773864 4025567.177590 0.000000 0.001747
352888.724094 4025567.146105 0.000000 0.001800
352888.674328 4025567.114615 0.000000 0.001853
352888.624564 4025567.083119 0.000000 0.001906
352888.574805 4025567.051617 0.000000 0.001958
352888.525049 4025567.020110 0.000000 0.002010
352888.475297 4025566.988597 0.000000 0.002062
352888.425549 4025566.957078 0.000000 0.002113
352888.375805 4025566.925552 0.000000 0.002164
352888.326065 4025566.894020 0.000000 0.002214
352888.276329 4025566.862481 0.000000 0.002263
352888.226598 4025566.830936 0.000000 0.002311
352888.176871 4025566.799384 0.000000 0.002359
352888.127148 4025566.767824 0.000000 0.002405
352888.077430 4025566.736257 0.000000 0.002450
352888.027717 4025566.704683 0.000000 0.002494
352887.978009 4025566.673102 0.000000 0.002537
352887.928306 4025566.641513 0.000000 0.002578
352887.878607 4025566.609916 0.000000 0.002618
352887.828914 4025566.578311 0.000000 0.002656
352887.779226 4025566.546698 0.000000 0.002692
352887.729543 4025566.515077 0.000000 0.002727
352887.679865 4025566.483448 0.000000 0.002760
352887.630192 4025566.451811 0.000000 0.002790
352887.580525 4025566.420165 0.000000 0.002819
352887.530864 4025566.388510 0.000000 0.002846
352887.481208 4025566.356847 0.000000 0.002870
352887.431557 4025566.325175 0.000000 0.002892
352887.381913 4025566.293495 0.000000 0.002912
352887.332273 4025566.261805 0.000000 0.002930
352887.282640 4025566.230107 0.000000 0.002945
352887.233012 4025566.198400 0.000000 0.002958
352887.183390 4025566.166684 0.000000 0.002968
352887.133774 4025566.134958 0.000000 0.002975
352887.084163 4025566.103224 0.000000 0.002980
352887.034559 4025566.071481 0.000000 0.002982
352886.984960 4025566.039729 0.000000 0.002982
352886.935367 4025566.007967 0.000000 0.002978
352886.885780 4025565.976197 0.000000 0.002972
352886.836198 4025565.944417 0.000000 0.002963
352886.786622 4025565.912629 0.000000 0.002952
352886.737052 4025565.880832 0.000000 0.002937
352886.687488 4025565.849025 0.000000 0.002920
352886.637930 4025565.817210 0.000000 0.002899
352886.588377 4025565.785386 0.000000 0.002876
352886.538829 4025565.753553 0.000000 0.002850
352886.489288 4025565.721712 0.000000 0.002821
352886.439751 4025565.689862 0.000000 0.002790
352886.390221 4025565.658003 0.000000 0.002755
352886.340695 4025565.626136 0.000000 0.002717
352886.291175 4025565.594261 0.000000 0.002677
352886.241660 4025565.562378 0.000000 0.002634
352886.192150 4025565.530487 0.000000 0.002588
352886.142645 4025565.498588 0.000000 0.002539
352886.093145 4025565.466681 0.000000 0.002487
352886.043650 4025565.434766 0.000000 0.002433
352885.994160 4025565.402845 0.000000 0.002376
352885.944675 4025565.370916 0.000000 0.002316
352885.895193 4025565.338980 0.000000 0.002254
352885.845717 4025565.307037 0.000000 0.002189
352885.796244 4025565.275087 0.000000 0.002121
352885.746776 4025565.243131 0.000000 0.002051
352885.697311 4025565.211169 0.000000 0.001979
352885.647851 4025565.179201 0.000000 0.001904
352885.598394 4025565.147227 0.000000 0.001827
352885.548941 4025565.115247 0.000000 0.001748
352885.499491 4025565.083263 0.000000 0.001666
352885.450045 4025565.051273 0.000000 0.001582
352885.400601 4025565.019278 0.000000 0.001496
352885.351161 4025564.987279 0.000000 0.001408
352885.301723 4025564.955276 0.000000 0.001318
352885.252287 4025564.923268 0.000000 0.001227
352885.202855 4025564.891257 0.000000 0.001133
352885.153424 4025564.859242 0.000000 0.001038
352885.103995 4025564.827225 0.000000 0.000941
352885.054568 4025564.795204 0.000000 0.000842
352885.005143 4025564.763181 0.000000 0.000742
352884.955720 4025564.731156 0.000000 0.000640
352884.906297 4025564.699128 0.000000 0.000537
352884.856876 4025564.667100 0.000000 0.000433
352884.807455 4025564.635069 0.000000 0.000327
352884.758035 4025564.603038 0.000000 0.000221
352884.708616 4025564.571006 0.000000 0.000113
352884.659197 4025564.538974 0.000000 0.000004
352884.609778 4025564.506942 0.000000 -0.000105
352884.560358 4025564.474910 0.000000 -0.000215
352884.510939 4025564.442879 0.000000 -0.000326
352884.461518 4025564.410849 0.000000 -0.000438
352884.412097 4025564.378820 0.000000 -0.000550
352884.362675 4025564.346793 0.000000 -0.000662
352884.313251 4025564.314768 0.000000 -0.000775
352884.263827 4025564.282745 0.000000 -0.000888
352884.214400 4025564.250725 0.000000 -0.001001
352884.164971 4025564.218708 0.000000 -0.001114
352884.115541 4025564.186695 0.000000 -0.001227
352884.066108 4025564.154685 0.000000 -0.001340
352884.016672 4025564.122679 0.000000 -0.001452
352883.967234 4025564.090678 0.000000 -0.001565
352883.917792 4025564.058681 0.000000 -0.001676
352883.868348 4025564.026690 0.000000 -0.001787
352883.818900 4025563.994704 0.000000 -0.001897
352883.769448 4025563.962724 0.000000 -0.002007
352883.719993 4025563.930749 0.000000 -0.002115
352883.670533 4025563.898782 0.000000 -0.002223
352883.621069 4025563.866821 0.000000 -0.002329
352883.571601 4025563.834867 0.000000 -0.002435
352883.522128 4025563.802921 0.000000 -0.002538
352883.472650 4025563.770982 0.000000 -0.002641
352883.423167 4025563.739051 0.000000 -0.002741
352883.373679 4025563.707129 0.000000 -0.002840
352883.324185 4025563.675215 0.000000 -0.002938
352883.274686 4025563.643310 0.000000 -0.003033
352883.225181 4025563.611415 0.000000 -0.003126
352883.175670 4025563.579529 0.000000 -0.003217
352883.126152 4025563.547653 0.000000 -0.003306
352883.076629 4025563.515787 0.000000 -0.003393
352883.027098 4025563.483931 0.000000 -0.003477
352882.977561 4025563.452086 0.000000 -0.003559
352882.928017 4025563.420252 0.000000 -0.003638
352882.878467 4025563.388429 0.000000 -0.003714
352882.828909 4025563.356617 0.000000 -0.003787
352882.779343 4025563.324816 0.000000 -0.003858
352882.729770 4025563.293028 0.000000 -0.003926
352882.680190 4025563.261251 0.000000 -0.003990
352882.630602 4025563.229487 0.000000 -0.004052
352882.581006 4025563.197735 0.000000 -0.004110
352882.531403 4025563.165995 0.000000 -0.004165
352882.481791 4025563.134268 0.000000 -0.004216
352882.432171 4025563.102554 0.000000 -0.004264
352882.382543 4025563.070853 0.000000 -0.004308
352882.332906 4025563.039165 0.000000 -0.004349
352882.283262 4025563.007490 0.000000 -0.004387
352882.233608 4025562.975829 0.000000 -0.004420
352882.183947 4025562.944181 0.000000 -0.004450
352882.134276 4025562.912547 0.000000 -0.004476
352882.084597 4025562.880926 0.000000 -0.004498
352882.034910 4025562.849319 0.000000 -0.004517
352881.985214 4025562.817726 0.000000 -0.004531
352881.935509 4025562.786146 0.000000 -0.004542
352881.885795 4025562.754581 0.000000 -0.004548
352881.836072 4025562.723029 0.000000 -0.004551
352881.786341 4025562.691491 0.000000 -0.004550
352881.736601 4025562.659967 0.000000 -0.004544
352881.686852 4025562.628456 0.000000 -0.004535
352881.637095 4025562.596960 0.000000 -0.004521
352881.587329 4025562.565477 0.000000 -0.004503
352881.537554 4025562.534008 0.000000 -0.004482
352881.487770 4025562.502553 0.000000 -0.004456
352881.437978 4025562.471111 0.000000 -0.004426
352881.388178 4025562.439682 0.000000 -0.004393
352881.338369 4025562.408267 0.000000 -0.004355
352881.288551 4025562.376865 0.000000 -0.004313
352881.238726 4025562.345476 0.000000 -0.004267
352881.188892 4025562.314101 0.000000 -0.004217
352881.139050 4025562.282738 0.000000 -0.004163
352881.089200 4025562.251387 0.000000 -0.004106
352881.039342 4025562.220049 0.000000 -0.004044
352880.989477 4025562.188724 0.000000 -0.003979
352880.939604 4025562.157410 0.000000 -0.003909
352880.889723 4025562.126108 0.000000 -0.003836
352880.839835 4025562.094818 0.000000 -0.003760
352880.789940 4025562.063539 0.000000 -0.003679
352880.740037 4025562.032272 0.000000 -0.003595
352880.690128 4025562.001015 0.000000 -0.003507
352880.640212 4025561.969769 0.000000 -0.003416
352880.590289 4025561.938534 0.000000 -0.003322
352880.540361 4025561.907308 0.000000 -0.003224
352880.490426 4025561.876092 0.000000 -0.003123
352880.440485 4025561.844886 0.000000 -0.003018
352880.390538 4025561.813689 0.000000 -0.002911
352880.340585 4025561.782500 0.000000 -0.002800
352880.290628 4025561.751320 0.000000 -0.002686
352880.240665 4025561.720149 0.000000 -0.002570
352880.190697 4025561.688985 0.000000 -0.002451
352880.140724 4025561.657828 0.000000 -0.002328
352880.090748 4025561.626678 0.000000 -0.002204
352880.040766 4025561.595536 0.000000 -0.002077
352879.990781 4025561.564399 0.000000 -0.001947
352879.940793 4025561.533268 0.000000 -0.001815
352879.890800 4025561.502143 0.000000 -0.001681
352879.840805 4025561.471023 0.000000 -0.001545
352879.790807 4025561.439907 0.000000 -0.001406
352879.740806 4025561.408796 0.000000 -0.001266
352879.690802 4025561.377688 0.000000 -0.001124
352879.640797 4025561.346584 0.000000 -0.000981
352879.590789 4025561.315482 0.000000 -0.000836
352879.540780 4025561.284384 0.000000 -0.000689
352879.490770 4025561.253287 0.000000 -0.000542
352879.440759 4025561.222192 0.000000 -0.000393
352879.390747 4025561.191098 0.000000 -0.000243
352879.340734 4025561.160004 0.000000 -0.000092
352879.290722 4025561.128911 0.000000 0.000059
352879.240710 4025561.097818 0.000000 0.000211
352879.190698 4025561.066724 0.000000 0.000363
352879.140687 4025561.035628 0.000000 0.000516
352879.090676 4025561.004532 0.000000 0.000668
352879.040668 4025560.973433 0.000000 0.000821
352878.990661 4025560.942331 0.000000 0.000973
352878.940656 4025560.911226 0.000000 0.001125
352878.890653 4025560.880118 0.000000 0.001277
352878.840652 4025560.849006 0.000000 0.001427
352878.790655 4025560.817890 0.000000 0.001577
352878.740660 4025560.786768 0.000000 0.001726
352878.690669 4025560.755642 0.000000 0.001873
352878.640682 4025560.724509 0.000000 0.002020
352878.590698 4025560.693370 0.000000 0.002164
352878.540719 4025560.662225 0.000000 0.002307
352878.490745 4025560.631072 0.000000 0.002448
352878.440775 4025560.599912 0.000000 0.002587
352878.390810 4025560.568744 0.000000 0.002723
352878.340851 4025560.537567 0.000000 0.002858
352878.290897 4025560.506382 0.000000 0.002989
352878.240949 4025560.475187 0.000000 0.003118
352878.191007 4025560.443983 0.000000 0.003244
352878.141072 4025560.412768 0.000000 0.003366
352878.091143 4025560.381544 0.000000 0.003486
352878.041221 4025560.350308 0.000000 0.003602
352877.991306 4025560.319062 0.000000 0.003714
352877.941398 4025560.287804 0.000000 0.003823
352877.891498 4025560.256534 0.000000 0.003928
352877.841605 4025560.225252 0.000000 0.004029
352877.791721 4025560.193957 0.000000 0.004126
352877.741844 4025560.162650 0.000000 0.004218
352877.691976 4025560.131330 0.000000 0.004306
352877.642116 4025560.099997 0.000000 0.004390
352877.592265 4025560.068650 0.000000 0.004469
352877.542422 4025560.037289 0.000000 0.004543
352877.492589 4025560.005915 0.000000 0.004612
352877.442764 4025559.974526 0.000000 0.004677
352877.392948 4025559.943122 0.000000 0.004736
352877.343142 4025559.911704 0.000000 0.004791
352877.293345 4025559.880272 0.000000 0.004840
352877.243558 4025559.848824 0.000000 0.004884
352877.193780 4025559.817362 0.000000 0.004923
352877.144011 4025559.785884 0.000000 0.004957
352877.094253 4025559.754392 0.000000 0.004985
352877.044504 4025559.722883 0.000000 0.005008
352876.994764 4025559.691360 0.000000 0.005026
352876.945035 4025559.659821 0.000000 0.005038
352876.895315 4025559.628267 0.000000 0.005045
352876.845605 4025559.596697 0.000000 0.005046
352876.795905 4025559.565111 0.000000 0.005042
352876.746215 4025559.533511 0.000000 0.005033
352876.696534 4025559.501895 0.000000 0.005019
352876.646864 4025559.470263 0.000000 0.004999
352876.597203 4025559.438616 0.000000 0.004974
352876.547551 4025559.406954 0.000000 0.004944
352876.497909 4025559.375277 0.000000 0.004909
352876.448277 4025559.343585 0.000000 0.004868
352876.398654 4025559.311878 0.000000 0.004823
352876.349040 4025559.280157 0.000000 0.004773
352876.299436 4025559.248421 0.000000 0.004718
352876.249841 4025559.216670 0.000000 0.004658
352876.200254 4025559.184905 0.000000 0.004593
352876.150677 4025559.153127 0.000000 0.004525
352876.101108 4025559.121334 0.000000 0.004451
352876.051548 4025559.089528 0.000000 0.004374
352876.001996 4025559.057709 0.000000 0.004292
352875.952453 4025559.025877 0.000000 0.004206
352875.902917 4025558.994032 0.000000 0.004116
352875.853390 4025558.962175 0.000000 0.004023
352875.803870 4025558.930305 0.000000 0.003925
352875.754357 4025558.898424 0.000000 0.003825
352875.704852 4025558.866531 0.000000 0.003721
352875.655354 4025558.834627 0.000000 0.003613
352875.605863 4025558.802712 0.000000 0.003503
352875.556379 4025558.770787 0.000000 0.003390
352875.506901 4025558.738852 0.000000 0.003274
352875.457429 4025558.706906 0.000000 0.003155
352875.407963 4025558.674951 0.000000 0.003034
352875.358503 4025558.642988 0.000000 0.002911
352875.309048 4025558.611015 0.000000 0.002786
352875.259599 4025558.579035 0.000000 0.002658
352875.210154 4025558.547046 0.000000 0.002529
352875.160715 4025558.515050 0.000000 0.002398
352875.111279 4025558.483047 0.000000 0.002266
352875.061848 4025558.451037 0.000000 0.002132
352875.012421 4025558.419021 0.000000 0.001997
352874.962998 4025558.386999 0.000000 0.001861
352874.913578 4025558.354971 0.000000 0.001724
352874.864161 4025558.322939 0.000000 0.001587
352874.814747 4025558.290902 0.000000 0.001448
352874.765336 4025558.258861 0.000000 0.001310
352874.715927 4025558.226816 0.000000 0.001171
352874.666520 4025558.194768 0.000000 0.001032
352874.617115 4025558.162717 0.000000 0.000892
352874.567711 4025558.130663 0.000000 0.000753
352874.518309 4025558.098608 0.000000 0.000614
352874.468908 4025558.066550 0.000000 0.000476
352874.419507 4025558.034492 0.000000 0.000338
352874.370107 4025558.002433 0.000000 0.000200
352874.320707 4025557.970373 0.000000 0.000063
352874.271307 4025557.938314 0.000000 -0.000072
352874.221907 4025557.906255 0.000000 -0.000207
352874.172506 4025557.874196 0.000000 -0.000341
352874.123105 4025557.842140 0.000000 -0.000474
352874.073702 4025557.810084 0.000000 -0.000605
352874.024298 4025557.778031 0.000000 -0.000735
352873.974892 4025557.745980 0.000000 -0.000863
352873.925484 4025557.713933 0.000000 -0.000990
352873.876075 4025557.681888 0.000000 -0.001114
352873.826663 4025557.649847 0.000000 -0.001237
352873.777248 4025557.617810 0.000000 -0.001358
352873.727831 4025557.585777 0.000000 -0.001477
352873.678410 4025557.553749 0.000000 -0.001594
352873.628987 4025557.521726 0.000000 -0.001708
352873.579559 4025557.489709 0.000000 -0.001820
352873.530129 4025557.457697 0.000000 -0.001929
352873.480694 4025557.425691 0.000000 -0.002036
352873.431255 4025557.393691 0.000000 -0.002141
352873.381812 4025557.361699 0.000000 -0.002242
352873.332364 4025557.329713 0.000000 -0.002341
352873.282912 4025557.297735 0.000000 -0.002437
352873.233455 4025557.265764 0.000000 -0.002530
352873.183993 4025557.233801 0.000000 -0.002620
352873.134525 4025557.201846 0.000000 -0.002707
352873.085052 4025557.169899 0.000000 -0.002791
352873.035574 4025557.137961 0.000000 -0.002872
352872.986090 4025557.106032 0.000000 -0.002949
352872.936600 4025557.074113 0.000000 -0.003023
352872.887104 4025557.042202 0.000000 -0.003094
352872.837602 4025557.010301 0.000000 -0.003162
352872.788094 4025556.978410 0.000000 -0.003226
352872.738579 4025556.946528 0.000000 -0.003286
352872.689058 4025556.914657 0.000000 -0.003344
352872.639531 4025556.882796 0.000000 -0.003397
352872.589996 4025556.850945 0.000000 -0.003448
352872.540455 4025556.819105 0.000000 -0.003494
352872.490908 4025556.787276 0.000000 -0.003537
352872.441353 4025556.755457 0.000000 -0.003577
352872.391791 4025556.723650 0.000000 -0.003613
352872.342222 4025556.691853 0.000000 -0.003646
352872.292646 4025556.660067 0.000000 -0.003675
352872.243063 4025556.628293 0.000000 -0.003701
352872.193472 4025556.596530 0.000000 -0.003723
352872.143875 4025556.564778 0.000000 -0.003742
352872.094270 4025556.533038 0.000000 -0.003757
352872.044657 4025556.501309 0.000000 -0.003769
352871.995038 4025556.469592 0.000000 -0.003778
352871.945411 4025556.437886 0.000000 -0.003783
352871.895776 4025556.406191 0.000000 -0.003785
352871.846135 4025556.374508 0.000000 -0.003784
352871.796486 4025556.342837 0.000000 -0.003780
352871.746829 4025556.311176 0.000000 -0.003772
352871.697166 4025556.279528 0.000000 -0.003762
352871.647495 4025556.247890 0.000000 -0.003749
352871.597817 4025556.216264 0.000000 -0.003733
352871.548132 4025556.184649 0.000000 -0.003714
352871.498439 4025556.153045 0.000000 -0.003693
352871.448740 4025556.121452 0.000000 -0.003669
352871.399033 4025556.089871 0.000000 -0.003642
352871.349320 4025556.058300 0.000000 -0.003613
352871.299599 4025556.026740 0.000000 -0.003582
352871.249872 4025555.995191 0.000000 -0.003549
352871.200138 4025555.963652 0.000000 -0.003514
352871.150397 4025555.932124 0.000000 -0.003476
352871.100650 4025555.900606 0.000000 -0.003437
352871.050896 4025555.869099 0.000000 -0.003396
352871.001135 4025555.837601 0.000000 -0.003354
352870.951369 4025555.806114 0.000000 -0.003310
352870.901596 4025555.774636 0.000000 -0.003265
352870.851816 4025555.743168 0.000000 -0.003218
352870.802031 4025555.711709 0.000000 -0.003170
352870.752240 4025555.680260 0.000000 -0.003122
352870.702443 4025555.648820 0.000000 -0.003072
352870.652640 4025555.617388 0.000000 -0.003022
352870.602832 4025555.585966 0.000000 -0.002971
352870.553018 4025555.554553 0.000000 -0.002920
352870.503198 4025555.523148 0.000000 -0.002868
352870.453373 4025555.491751 0.000000 -0.002817
352870.403543 4025555.460362 0.000000 -0.002764
352870.353708 4025555.428982 0.000000 -0.002712
352870.303868 4025555.397609 0.000000 -0.002660
352870.254023 4025555.366244 0.000000 -0.002608
352870.204173 4025555.334887 0.000000 -0.002557
352870.154319 4025555.303537 0.000000 -0.002505
352870.104460 4025555.272194 0.000000 -0.002454
352870.054596 4025555.240858 0.000000 -0.002404
352870.004728 4025555.209529 0.000000 -0.002354
352869.954856 4025555.178207 0.000000 -0.002305
352869.904979 4025555.146891 0.000000 -0.002257
352869.855099 4025555.115582 0.000000 -0.002209
352869.805214 4025555.084279 0.000000 -0.002163
352869.755325 4025555.052982 0.000000 -0.002117
352869.705433 4025555.021692 0.000000 -0.002072
352869.655537 4025554.990407 0.000000 -0.002029
352869.605637 4025554.959128 0.000000 -0.001986
352869.555734 4025554.927854 0.000000 -0.001945
352869.505827 4025554.896586 0.000000 -0.001904
352869.455917 4025554.865324 0.000000 -0.001865
352869.406004 4025554.834067 0.000000 -0.001827
352869.356087 4025554.802814 0.000000 -0.001790
352869.306167 4025554.771567 0.000000 -0.001754
352869.256244 4025554.740325 0.000000 -0.001720
352869.206318 4025554.709088 0.000000 -0.001687
352869.156389 4025554.677855 0.000000 -0.001655
352869.106457 4025554.646627 0.000000 -0.001624
352869.056522 4025554.615404 0.000000 -0.001594
352869.006584 4025554.584185 0.000000 -0.001565
352868.956643 4025554.552971 0.000000 -0.001538
352868.906700 4025554.521761 0.000000 -0.001511
352868.856754 4025554.490555 0.000000 -0.001486
352868.806805 4025554.459353 0.000000 -0.001461
352868.756854 4025554.428156 0.000000 -0.001438
352868.706900 4025554.396962 0.000000 -0.001415
352868.656944 4025554.365773 0.000000 -0.001394
352868.606985 4025554.334588 0.000000 -0.001373
352868.557024 4025554.303406 0.000000 -0.001352
352868.507060 4025554.272229 0.000000 -0.001333
352868.457094 4025554.241055 0.000000 -0.001314
352868.407126 4025554.209885 0.000000 -0.001296
352868.357155 4025554.178718 0.000000 -0.001278
352868.307182 4025554.147556 0.000000 -0.001261
352868.257206 4025554.116397 0.000000 -0.001243
352868.207229 4025554.085241 0.000000 -0.001227
352868.157249 4025554.054090 0.000000 -0.001210
352868.107267 4025554.022941 0.000000 -0.001194
352868.057282 4025553.991797 0.000000 -0.001177
352868.007296 4025553.960655 0.000000 -0.001161
352867.957308 4025553.929517 0.000000 -0.001144
352867.907317 4025553.898383 0.000000 -0.001127
352867.857324 4025553.867252 0.000000 -0.001111
352867.807329 4025553.836124 0.000000 -0.001093
352867.757333 4025553.804999 0.000000 -0.001076
352867.707334 4025553.773878 0.000000 -0.001058
352867.657333 4025553.742760 0.000000 -0.001039
352867.607330 4025553.711644 0.000000 -0.001021
352867.557326 4025553.680532 0.000000 -0.001001
352867.507319 4025553.649423 0.000000 -0.000981
352867.457311 4025553.618317 0.000000 -0.000960
352867.407301 4025553.587214 0.000000 -0.000938
352867.357289 4025553.556114 0.000000 -0.000916
352867.307275 4025553.525016 0.000000 -0.000893
352867.257260 4025553.493922 0.000000 -0.000869
352867.207243 4025553.462830 0.000000 -0.000844
352867.157225 4025553.431740 0.000000 -0.000818
352867.107204 4025553.400653 0.000000 -0.000791
352867.057183 4025553.369568 0.000000 -0.000763
352867.007160 4025553.338486 0.000000 -0.000734
352866.957135 4025553.307406 0.000000 -0.000705
352866.907109 4025553.276329 0.000000 -0.000674
352866.857082 4025553.245253 0.000000 -0.000642
352866.807054 4025553.214179 0.000000 -0.000609
352866.757024 4025553.183108 0.000000 -0.000575
352866.706994 4025553.152038 0.000000 -0.000539
352866.656962 4025553.120969 0.000000 -0.000503
352866.606929 4025553.089903 0.000000 -0.000466
352866.556896 4025553.058838 0.000000 -0.000427
352866.506861 4025553.027774 0.000000 -0.000388
352866.456826 4025552.996711 0.000000 -0.000347
352866.406790 4025552.965650 0.000000 -0.000306
352866.356754 4025552.934589 0.000000 -0.000263
352866.306717 4025552.903530 0.000000 -0.000220
352866.256679 4025552.872471 0.000000 -0.000175
352866.206641 4025552.841413 0.000000 -0.000130
352866.156603 4025552.810355 0.000000 -0.000083
352866.106565 4025552.779298 0.000000 -0.000036
352866.056527 4025552.748241 0.000000 0.000012
352866.006488 4025552.717184 0.000000 0.000061
352865.956450 4025552.686126 0.000000 0.000111
352865.906412 4025552.655069 0.000000 0.000161
352865.856374 4025552.624011 0.000000 0.000213
352865.806337 4025552.592952 0.000000 0.000265
352865.756300 4025552.561893 0.000000 0.000317
352865.706264 4025552.530833 0.000000 0.000370
352865.656228 4025552.499771 0.000000 0.000424
352865.606193 4025552.468709 0.000000 0.000478
352865.556159 4025552.437645 0.000000 0.000533
352865.506126 4025552.406580 0.000000 0.000588
352865.456094 4025552.375513 0.000000 0.000643
352865.406064 4025552.344444 0.000000 0.000699
352865.356034 4025552.313372 0.000000 0.000755
352865.306006 4025552.282299 0.000000 0.000811
352865.255980 4025552.251223 0.000000 0.000867
352865.205955 4025552.220145 0.000000 0.000924
352865.155932 4025552.189064 0.000000 0.000980
352865.105911 4025552.157980 0.000000 0.001036
352865.055892 4025552.126892 0.000000 0.001093
352865.005875 4025552.095802 0.000000 0.001149
352864.955860 4025552.064708 0.000000 0.001205
352864.905848 4025552.033611 0.000000 0.001261
352864.855837 4025552.002509 0.000000 0.001316
352864.805830 4025551.971404 0.000000 0.001371
352864.755825 4025551.940295 0.000000 0.001426
352864.705822 4025551.909181 0.000000 0.001480
352864.655823 4025551.878063 0.000000 0.001534
352864.605826 4025551.846940 0.000000 0.001587
352864.555832 4025551.815813 0.000000 0.001640
352864.505842 4025551.784680 0.000000 0.001692
352864.455855 4025551.753543 0.000000 0.001743
352864.405871 4025551.722400 0.000000 0.001793
352864.355890 4025551.691252 0.000000 0.001843
352864.305913 4025551.660098 0.000000 0.001892
352864.255940 4025551.628938 0.000000 0.001939
352864.205970 4025551.597773 0.000000 0.001986
352864.156004 4025551.566602 0.000000 0.002032
352864.106042 4025551.535424 0.000000 0.002077
352864.056084 4025551.504240 0.000000 0.002120
352864.006130 4025551.473050 0.000000 0.002163
352863.956180 4025551.441853 0.000000 0.002204
352863.906234 4025551.410650 0.000000 0.002244
352863.856292 4025551.379440 0.000000 0.002282
352863.806355 4025551.348223 0.000000 0.002319
352863.756423 4025551.316998 0.000000 0.002355
352863.706494 4025551.285767 0.000000 0.002389
352863.656571 4025551.254529 0.000000 0.002421
352863.606652 4025551.223283 0.000000 0.002452
352863.556737 4025551.192030 0.000000 0.002482
352863.506828 4025551.160769 0.000000 0.002509
352863.456923 4025551.129500 0.000000 0.002535
352863.407023 4025551.098224 0.000000 0.002560
352863.357128 4025551.066940 0.000000 0.002582
352863.307238 4025551.035649 0.000000 0.002602
352863.257352 4025551.004349 0.000000 0.002621
352863.207472 4025550.973042 0.000000 0.002638
352863.157597 4025550.941726 0.000000 0.002652
352863.107727 4025550.910402 0.000000 0.002665
352863.057862 4025550.879071 0.000000 0.002675
352863.008002 4025550.847731 0.000000 0.002684
352862.958148 4025550.816383 0.000000 0.002690
352862.908298 4025550.785027 0.000000 0.002695
352862.858454 4025550.753662 0.000000 0.002697
352862.808614 4025550.722290 0.000000 0.002697
352862.758780 4025550.690909 0.000000 0.002695
352862.708951 4025550.659520 0.000000 0.002690
352862.659127 4025550.628123 0.000000 0.002684
352862.609309 4025550.596718 0.000000 0.002675
352862.559495 4025550.565304 0.000000 0.002664
352862.509687 4025550.533883 0.000000 0.002651
352862.459883 4025550.502453 0.000000 0.002635
352862.410085 4025550.471016 0.000000 0.002617
352862.360292 4025550.439570 0.000000 0.002597
352862.310503 4025550.408117 0.000000 0.002575
352862.260720 4025550.376656 0.000000 0.002551
352862.210941 4025550.345187 0.000000 0.002524
352862.161167 4025550.313710 0.000000 0.002496
352862.111398 4025550.282226 0.000000 0.002465
352862.061634 4025550.250735 0.000000 0.002432
352862.011874 4025550.219236 0.000000 0.002397
352861.962119 4025550.187729 0.000000 0.002360
352861.912368 4025550.156216 0.000000 0.002321
352861.862622 4025550.124695 0.000000 0.002280
352861.812880 4025550.093168 0.000000 0.002237
352861.763143 4025550.061634 0.000000 0.002192
352861.713409 4025550.030093 0.000000 0.002145
352861.663680 4025549.998546 0.000000 0.002097
352861.613955 4025549.966993 0.000000 0.002047
352861.564233 4025549.935433 0.000000 0.001995
352861.514515 4025549.903867 0.000000 0.001941
352861.464801 4025549.872295 0.000000 0.001886
352861.415091 4025549.840718 0.000000 0.001830
352861.365384 4025549.809135 0.000000 0.001772
352861.315680 4025549.777547 0.000000 0.001712
352861.265979 4025549.745954 0.000000 0.001652
352861.216282 4025549.714356 0.000000 0.001590
352861.166588 4025549.682753 0.000000 0.001527
352861.116896 4025549.651146 0.000000 0.001463
352861.067207 4025549.619534 0.000000 0.001398
352861.017521 4025549.587918 0.000000 0.001332
352860.967837 4025549.556298 0.000000 0.001266
352860.918156 4025549.524674 0.000000 0.001199
352860.868477 4025549.493047 0.000000 0.001131
352860.818800 4025549.461416 0.000000 0.001062
352860.769125 4025549.429783 0.000000 0.000993
352860.719451 4025549.398146 0.000000 0.000924
352860.669780 4025549.366507 0.000000 0.000854
352860.620110 4025549.334865 0.000000 0.000785
352860.570441 4025549.303221 0.000000 0.000715
352860.520773 4025549.271575 0.000000 0.000645
352860.471107 4025549.239928 0.000000 0.000575
352860.421442 4025549.208278 0.000000 0.000506
352860.371777 4025549.176627 0.000000 0.000436
352860.322113 4025549.144976 0.000000 0.000367
352860.272450 4025549.113323 0.000000 0.000299
352860.222788 4025549.081669 0.000000 0.000231
352860.173125 4025549.050015 0.000000 0.000163
352860.123463 4025549.018360 0.000000 0.000096
352860.073801 4025548.986706 0.000000 0.000030
352860.024139 4025548.955051 0.000000 -0.000035
352859.974476 4025548.923397 0.000000 -0.000100
352859.924814 4025548.891743 0.000000 -0.000163
352859.875150 4025548.860090 0.000000 -0.000226
352859.825487 4025548.828438 0.000000 -0.000287
352859.775822 4025548.796786 0.000000 -0.000348
352859.726157 4025548.765136 0.000000 -0.000407
352859.676491 4025548.733488 0.000000 -0.000465
352859.626824 4025548.701841 0.000000 -0.000521
352859.577156 4025548.670195 0.000000 -0.000577
352859.527486 4025548.638552 0.000000 -0.000631
352859.477815 4025548.606911 0.000000 -0.000683
352859.428143 4025548.575272 0.000000 -0.000734
352859.378470 4025548.543635 0.000000 -0.000783
352859.328794 4025548.512001 0.000000 -0.000831
352859.279117 4025548.480370 0.000000 -0.000877
352859.229438 4025548.448741 0.000000 -0.000922
352859.179757 4025548.417115 0.000000 -0.000964
352859.130075 4025548.385493 0.000000 -0.001005
352859.080390 4025548.353874 0.000000 -0.001045
352859.030703 4025548.322257 0.000000 -0.001082
352858.981014 4025548.290645 0.000000 -0.001118
352858.931323 4025548.259036 0.000000 -0.001151
352858.881629 4025548.227430 0.000000 -0.001183
352858.831933 4025548.195829 0.000000 -0.001213
352858.782235 4025548.164231 0.000000 -0.001242
352858.732534 4025548.132637 0.000000 -0.001268
352858.682830 4025548.101047 0.000000 -0.001292
352858.633124 4025548.069461 0.000000 -0.001314
352858.583416 4025548.037879 0.000000 -0.001335
352858.533704 4025548.006302 0.000000 -0.001353
352858.483990 4025547.974728 0.000000 -0.001370
352858.434274 4025547.943159 0.000000 -0.001384
352858.384554 4025547.911594 0.000000 -0.001397
352858.334832 4025547.880034 0.000000 -0.001407
352858.285107 4025547.848478 0.000000 -0.001416
352858.235380 4025547.816926 0.000000 -0.001423
352858.185649 4025547.785379 0.000000 -0.001427
352858.135916 4025547.753836 0.000000 -0.001430
352858.086179 4025547.722298 0.000000 -0.001431
352858.036440 4025547.690764 0.000000 -0.001430
352857.986699 4025547.659234 0.000000 -0.001427
352857.936954 4025547.627709 0.000000 -0.001422
352857.887207 4025547.596188 0.000000 -0.001415
352857.837457 4025547.564672 0.000000 -0.001407
352857.787704 4025547.533160 0.000000 -0.001396
352857.737948 4025547.501652 0.000000 -0.001384
352857.688190 4025547.470148 0.000000 -0.001370
352857.638429 4025547.438649 0.000000 -0.001354
352857.588665 4025547.407154 0.000000 -0.001336
352857.538899 4025547.375663 0.000000 -0.001317
352857.489130 4025547.344176 0.000000 -0.001296
352857.439358 4025547.312693 0.000000 -0.001273
352857.389585 4025547.281214 0.000000 -0.001249
352857.339808 4025547.249739 0.000000 -0.001223
352857.290030 4025547.218268 0.000000 -0.001196
352857.240249 4025547.186800 0.000000 -0.001167
352857.190465 4025547.155336 0.000000 -0.001136
352857.140680 4025547.123875 0.000000 -0.001104
352857.090892 4025547.092418 0.000000 -0.001071
352857.041103 4025547.060964 0.000000 -0.001036
352856.991311 4025547.029513 0.000000 -0.001000
352856.941517 4025546.998065 0.000000 -0.000963
352856.891722 4025546.966620 0.000000 -0.000925
352856.841924 4025546.935178 0.000000 -0.000885
352856.792125 4025546.903738 0.000000 -0.000844
352856.742325 4025546.872302 0.000000 -0.000802
352856.692523 4025546.840867 0.000000 -0.000759
352856.642719 4025546.809435 0.000000 -0.000715
352856.592914 4025546.778005 0.000000 -0.000670
352856.543108 4025546.746577 0.000000 -0.000625
352856.493300 4025546.715151 0.000000 -0.000578
352856.443492 4025546.683727 0.000000 -0.000531
352856.393682 4025546.652304 0.000000 -0.000483
352856.343871 4025546.620883 0.000000 -0.000434
352856.294060 4025546.589463 0.000000 -0.000385
352856.244248 4025546.558044 0.000000 -0.000336
352856.194435 4025546.526627 0.000000 -0.000285
352856.144622 4025546.495210 0.000000 -0.000235
352856.094808 4025546.463793 0.000000 -0.000184
352856.044994 4025546.432378 0.000000 -0.000133
352855.995180 4025546.400962 0.000000 -0.000082
352855.945366 4025546.369547 0.000000 -0.000030
352855.895551 4025546.338132 0.000000 0.000021
352855.845737 4025546.306717 0.000000 0.000072
352855.795923 4025546.275301 0.000000 0.000124
352855.746109 4025546.243885 0.000000 0.000175
352855.696296 4025546.212469 0.000000 0.000226
352855.646483 4025546.181051 0.000000 0.000276
352855.596670 4025546.149633 0.000000 0.000327
352855.546858 4025546.118214 0.000000 0.000377
352855.497047 4025546.086793 0.000000 0.000426
352855.447237 4025546.055371 0.000000 0.000475
352855.397428 4025546.023948 0.000000 0.000523
352855.347620 4025545.992523 0.000000 0.000571
352855.297813 4025545.961096 0.000000 0.000618
352855.248007 4025545.929667 0.000000 0.000664
352855.198203 4025545.898236 0.000000 0.000709
352855.148400 4025545.866803 0.000000 0.000753
352855.098599 4025545.835368 0.000000 0.000797
352855.048799 4025545.803929 0.000000 0.000839
352854.999001 4025545.772489 0.000000 0.000880
352854.949204 4025545.741045 0.000000 0.000920
352854.899409 4025545.709599 0.000000 0.000959
352854.849617 4025545.678150 0.000000 0.000997
352854.799826 4025545.646697 0.000000 0.001033
352854.750037 4025545.615241 0.000000 0.001068
352854.700251 4025545.583782 0.000000 0.001102
352854.650466 4025545.552320 0.000000 0.001134
352854.600684 4025545.520854 0.000000 0.001165
352854.550905 4025545.489384 0.000000 0.001194
352854.501127 4025545.457911 0.000000 0.001222
352854.451352 4025545.426434 0.000000 0.001248
352854.401580 4025545.394953 0.000000 0.001273
352854.351809 4025545.363468 0.000000 0.001296
352854.302042 4025545.331979 0.000000 0.001317
352854.252277 4025545.300486 0.000000 0.001336
352854.202515 4025545.268988 0.000000 0.001354
352854.152755 4025545.237487 0.000000 0.001370
352854.102998 4025545.205981 0.000000 0.001384
352854.053244 4025545.174471 0.000000 0.001396
352854.003493 4025545.142957 0.000000 0.001406
352853.953744 4025545.111438 0.000000 0.001415
352853.903998 4025545.079915 0.000000 0.001421
352853.854255 4025545.048387 0.000000 0.001426
352853.804515 4025545.016855 0.000000 0.001428
352853.754777 4025544.985319 0.000000 0.001429
352853.705043 4025544.953778 0.000000 0.001427
352853.655311 4025544.922232 0.000000 0.001424
352853.605582 4025544.890683 0.000000 0.001418
352853.555856 4025544.859129 0.000000 0.001411
352853.506132 4025544.827570 0.000000 0.001401
352853.456412 4025544.796007 0.000000 0.001390
352853.406694 4025544.764440 0.000000 0.001376
352853.356979 4025544.732869 0.000000 0.001360
352853.307266 4025544.701293 0.000000 0.001342
352853.257556 4025544.669713 0.000000 0.001322
352853.207849 4025544.638129 0.000000 0.001300
352853.158144 4025544.606541 0.000000 0.001276
352853.108442 4025544.574949 0.000000 0.001250
352853.058743 4025544.543353 0.000000 0.001221
352853.009045 4025544.511754 0.000000 0.001191
352852.959351 4025544.480150 0.000000 0.001159
352852.909658 4025544.448543 0.000000 0.001124
352852.859968 4025544.416933 0.000000 0.001088
352852.810279 4025544.385319 0.000000 0.001049
352852.760593 4025544.353702 0.000000 0.001009
352852.710909 4025544.322081 0.000000 0.000967
352852.661227 4025544.290458 0.000000 0.000922
352852.611547 4025544.258832 0.000000 0.000876
352852.561868 4025544.227203 0.000000 0.000828
352852.512191 4025544.195571 0.000000 0.000779
352852.462516 4025544.163937 0.000000 0.000727
352852.412842 4025544.132301 0.000000 0.000674
352852.363170 4025544.100662 0.000000 0.000619
352852.313498 4025544.069022 0.000000 0.000562
352852.263828 4025544.037379 0.000000 0.000504
352852.214159 4025544.005735 0.000000 0.000444
352852.164491 4025543.974090 0.000000 0.000383
352852.114824 4025543.942444 0.000000 0.000320
352852.065157 4025543.910796 0.000000 0.000256
352852.015491 4025543.879148 0.000000 0.000190
352851.965825 4025543.847499 0.000000 0.000123
352851.916160 4025543.815849 0.000000 0.000055
352851.866495 4025543.784199 0.000000 -0.000014
352851.816830 4025543.752550 0.000000 -0.000084
352851.767165 4025543.720900 0.000000 -0.000155
352851.717499 4025543.689251 0.000000 -0.000227
352851.667833 4025543.657603 0.000000 -0.000300
352851.618167 4025543.625955 0.000000 -0.000374
352851.568500 4025543.594308 0.000000 -0.000448
352851.518832 4025543.562663 0.000000 -0.000523
352851.469163 4025543.531020 0.000000 -0.000599
352851.419493 4025543.499378 0.000000 -0.000675
352851.369822 4025543.467738 0.000000 -0.000751
352851.320149 4025543.436100 0.000000 -0.000827
352851.270475 4025543.404465 0.000000 -0.000904
352851.220800 4025543.372833 0.000000 -0.000981
352851.171122 4025543.341203 0.000000 -0.001057
352851.121442 4025543.309577 0.000000 -0.001134
352851.071760 4025543.277954 0.000000 -0.001210
352851.022076 4025543.246335 0.000000 -0.001286
352850.972390 4025543.214720 0.000000 -0.001361
352850.922701 4025543.183109 0.000000 -0.001436
352850.873009 4025543.151503 0.000000 -0.001511
352850.823314 4025543.119901 0.000000 -0.001584
352850.773616 4025543.088303 0.000000 -0.001657
352850.723915 4025543.056711 0.000000 -0.001728
352850.674211 4025543.025124 0.000000 -0.001799
352850.624504 4025542.993543 0.000000 -0.001868
352850.574792 4025542.961968 0.000000 -0.001937
352850.525077 4025542.930398 0.000000 -0.002003
352850.475358 4025542.898834 0.000000 -0.002069
352850.425636 4025542.867277 0.000000 -0.002133
352850.375909 4025542.835727 0.000000 -0.002195
352850.326178 4025542.804183 0.000000 -0.002255
352850.276442 4025542.772646 0.000000 -0.002314
352850.226702 4025542.741116 0.000000 -0.002371
352850.176958 4025542.709593 0.000000 -0.002426
352850.127209 4025542.678078 0.000000 -0.002479
352850.077455 4025542.646571 0.000000 -0.002529
352850.027696 4025542.615071 0.000000 -0.002578
352849.977932 4025542.583579 0.000000 -0.002624
352849.928164 4025542.552095 0.000000 -0.002667
352849.878390 4025542.520620 0.000000 -0.002709
352849.828610 4025542.489153 0.000000 -0.002747
352849.778826 4025542.457694 0.000000 -0.002784
352849.729036 4025542.426243 0.000000 -0.002817
352849.679241 4025542.394802 0.000000 -0.002848
352849.629440 4025542.363369 0.000000 -0.002876
352849.579634 4025542.331945 0.000000 -0.002901
352849.529822 4025542.300530 0.000000 -0.002924
352849.480005 4025542.269124 0.000000 -0.002944
352849.430182 4025542.237726 0.000000 -0.002960
352849.380353 4025542.206338 0.000000 -0.002974
352849.330518 4025542.174959 0.000000 -0.002984
352849.280678 4025542.143590 0.000000 -0.002992
352849.230832 4025542.112229 0.000000 -0.002997
352849.180980 4025542.080878 0.000000 -0.002998
352849.131122 4025542.049536 0.000000 -0.002996
352849.081259 4025542.018203 0.000000 -0.002991
352849.031390 4025541.986879 0.000000 -0.002983
352848.981515 4025541.955564 0.000000 -0.002971
352848.931634 4025541.924259 0.000000 -0.002957
352848.881748 4025541.892962 0.000000 -0.002939
352848.831856 4025541.861675 0.000000 -0.002918
352848.781958 4025541.830397 0.000000 -0.002893
352848.732055 4025541.799127 0.000000 -0.002865
352848.682146 4025541.767867 0.000000 -0.002834
352848.632232 4025541.736615 0.000000 -0.002800
352848.582312 4025541.705371 0.000000 -0.002762
352848.532387 4025541.674136 0.000000 -0.002721
352848.482457 4025541.642910 0.000000 -0.002677
352848.432522 4025541.611691 0.000000 -0.002629
352848.382582 4025541.580481 0.000000 -0.002578
352848.332636 4025541.549279 0.000000 -0.002524
352848.282686 4025541.518084 0.000000 -0.002467
352848.232731 4025541.486898 0.000000 -0.002407
352848.182771 4025541.455718 0.000000 -0.002343
352848.132807 4025541.424546 0.000000 -0.002277
352848.082838 4025541.393380 0.000000 -0.002207
352848.032866 4025541.362222 0.000000 -0.002134
352847.982889 4025541.331070 0.000000 -0.002058
352847.932908 4025541.299925 0.000000 -0.001979
352847.882923 4025541.268785 0.000000 -0.001897
352847.832935 4025541.237652 0.000000 -0.001813
352847.782943 4025541.206524 0.000000 -0.001725
352847.732947 4025541.175401 0.000000 -0.001635
352847.682949 4025541.144284 0.000000 -0.001542
352847.632948 4025541.113171 0.000000 -0.001447
352847.582943 4025541.082063 0.000000 -0.001349
352847.532936 4025541.050958 0.000000 -0.001248
352847.482927 4025541.019858 0.000000 -0.001145
352847.432916 4025540.988762 0.000000 -0.001040
352847.382902 4025540.957668 0.000000 -0.000932
352847.332887 4025540.926578 0.000000 -0.000822
352847.282870 4025540.895490 0.000000 -0.000711
352847.232852 4025540.864404 0.000000 -0.000597
352847.182832 4025540.833320 0.000000 -0.000481
352847.132812 4025540.802238 0.000000 -0.000364
352847.082791 4025540.771157 0.000000 -0.000245
352847.032770 4025540.740077 0.000000 -0.000124
352846.982748 4025540.708997 0.000000 -0.000002
352846.932726 4025540.677918 0.000000 0.000121
352846.882704 4025540.646838 0.000000 0.000245
352846.832683 4025540.615757 0.000000 0.000371
352846.782663 4025540.584675 0.000000 0.000498
352846.732644 4025540.553592 0.000000 0.000625
352846.682625 4025540.522507 0.000000 0.000753
352846.632609 4025540.491419 0.000000 0.000881
352846.582594 4025540.460330 0.000000 0.001010
352846.532580 4025540.429237 0.000000 0.001140
352846.482570 4025540.398140 0.000000 0.001269
352846.432561 4025540.367040 0.000000 0.001398
352846.382555 4025540.335935 0.000000 0.001527
352846.332553 4025540.304826 0.000000 0.001656
352846.282553 4025540.273712 0.000000 0.001784
352846.232557 4025540.242593 0.000000 0.001911
352846.182565 4025540.211467 0.000000 0.002038
352846.132576 4025540.180336 0.000000 0.002164
352846.082592 4025540.149198 0.000000 0.002288
352846.032612 4025540.118052 0.000000 0.002411
352845.982637 4025540.086900 0.000000 0.002533
352845.932667 4025540.055740 0.000000 0.002653
352845.882702 4025540.024571 0.000000 0.002771
352845.832743 4025539.993394 0.000000 0.002887
352845.782789 4025539.962209 0.000000 0.003001
352845.732841 4025539.931014 0.000000 0.003113
352845.682899 4025539.899810 0.000000 0.003223
352845.632963 4025539.868595 0.000000 0.003329
352845.583034 4025539.837371 0.000000 0.003434
352845.533111 4025539.806136 0.000000 0.003535
352845.483195 4025539.774890 0.000000 0.003633
352845.433287 4025539.743633 0.000000 0.003728
352845.383385 4025539.712365 0.000000 0.003820
352845.333492 4025539.681085 0.000000 0.003908
352845.283605 4025539.649793 0.000000 0.003993
352845.233727 4025539.618489 0.000000 0.004075
352845.183856 4025539.587172 0.000000 0.004152
352845.133994 4025539.555842 0.000000 0.004226
352845.084139 4025539.524500 0.000000 0.004296
352845.034293 4025539.493144 0.000000 0.004361
352844.984456 4025539.461775 0.000000 0.004423
352844.934627 4025539.430393 0.000000 0.004481
352844.884807 4025539.398997 0.000000 0.004534
352844.834996 4025539.367586 0.000000 0.004583
352844.785193 4025539.336162 0.000000 0.004628
352844.735400 4025539.304724 0.000000 0.004668
352844.685616 4025539.273272 0.000000 0.004704
352844.635840 4025539.241805 0.000000 0.004735
352844.586074 4025539.210323 0.000000 0.004762
352844.536318 4025539.178827 0.000000 0.004784
352844.486570 4025539.147317 0.000000 0.004801
352844.436832 4025539.115792 0.000000 0.004815
352844.387103 4025539.084252 0.000000 0.004823
352844.337383 4025539.052697 0.000000 0.004827
352844.287673 4025539.021128 0.000000 0.004826
352844.237972 4025538.989544 0.000000 0.004821
352844.188281 4025538.957945 0.000000 0.004812
352844.138598 4025538.926332 0.000000 0.004798
352844.088925 4025538.894704 0.000000 0.004779
352844.039262 4025538.863061 0.000000 0.004756
352843.989607 4025538.831404 0.000000 0.004729
352843.939961 4025538.799733 0.000000 0.004697
352843.890325 4025538.768048 0.000000 0.004662
352843.840697 4025538.736348 0.000000 0.004622
352843.791079 4025538.704634 0.000000 0.004578
352843.741469 4025538.672907 0.000000 0.004530
352843.691868 4025538.641165 0.000000 0.004478
352843.642275 4025538.609410 0.000000 0.004422
352843.592691 4025538.577642 0.000000 0.004362
352843.543116 4025538.545861 0.000000 0.004299
352843.493548 4025538.514067 0.000000 0.004232
352843.443989 4025538.482259 0.000000 0.004162
352843.394437 4025538.450440 0.000000 0.004089
352843.344894 4025538.418608 0.000000 0.004012
352843.295358 4025538.386764 0.000000 0.003932
352843.245829 4025538.354908 0.000000 0.003849
352843.196308 4025538.323041 0.000000 0.003763
352843.146794 4025538.291162 0.000000 0.003675
352843.097287 4025538.259272 0.000000 0.003584
352843.047787 4025538.227372 0.000000 0.003490
352842.998293 4025538.195461 0.000000 0.003394
352842.948806 4025538.163540 0.000000 0.003295
352842.899325 4025538.131609 0.000000 0.003195
352842.849849 4025538.099669 0.000000 0.003092
352842.800380 4025538.067720 0.000000 0.002987
352842.750916 4025538.035761 0.000000 0.002881
352842.701458 4025538.003794 0.000000 0.002773
352842.652005 4025537.971819 0.000000 0.002664
352842.602557 4025537.939836 0.000000 0.002553
352842.553113 4025537.907845 0.000000 0.002440
352842.503673 4025537.875847 0.000000 0.002327
352842.454238 4025537.843842 0.000000 0.002212
352842.404807 4025537.811831 0.000000 0.002097
352842.355379 4025537.779813 0.000000 0.001980
352842.305955 4025537.747789 0.000000 0.001863
352842.256534 4025537.715760 0.000000 0.001746
352842.207115 4025537.683725 0.000000 0.001628
352842.157699 4025537.651685 0.000000 0.001509
352842.108285 4025537.619640 0.000000 0.001390
352842.058873 4025537.587591 0.000000 0.001271
352842.009462 4025537.555538 0.000000 0.001152
352841.960052 4025537.523481 0.000000 0.001034
352841.910644 4025537.491420 0.000000 0.000915
352841.861235 4025537.459356 0.000000 0.000797
352841.811826 4025537.427289 0.000000 0.000679
352841.762417 4025537.395219 0.000000 0.000561
352841.713007 4025537.363147 0.000000 0.000444
352841.663596 4025537.331072 0.000000 0.000328
352841.614183 4025537.298994 0.000000 0.000213
352841.564768 4025537.266915 0.000000 0.000099
352841.515350 4025537.234834 0.000000 -0.000015
352841.465929 4025537.202752 0.000000 -0.000127
352841.416504 4025537.170667 0.000000 -0.000237
352841.367074 4025537.138581 0.000000 -0.000347
352841.317640 4025537.106494 0.000000 -0.000455
352841.268200 4025537.074406 0.000000 -0.000561
352841.218753 4025537.042316 0.000000 -0.000666
352841.169300 4025537.010225 0.000000 -0.000769
352841.119840 4025536.978133 0.000000 -0.000871
352841.070371 4025536.946039 0.000000 -0.000970
352841.020892 4025536.913944 0.000000 -0.001067
352840.971404 4025536.881848 0.000000 -0.001162
352840.921906 4025536.849750 0.000000 -0.001255
352840.872396 4025536.817650 0.000000 -0.001346
352840.822873 4025536.785548 0.000000 -0.001434
352840.773337 4025536.753445 0.000000 -0.001519
352840.723787 4025536.721338 0.000000 -0.001603
352840.674221 4025536.689229 0.000000 -0.001683
352840.624639 4025536.657117 0.000000 -0.001761
352840.575039 4025536.625002 0.000000 -0.001836
352840.525421 4025536.592883 0.000000 -0.001908
352840.475782 4025536.560759 0.000000 -0.001977
352840.426123 4025536.528631 0.000000 -0.002044
352840.376441 4025536.496497 0.000000 -0.002107
352840.326736 4025536.464357 0.000000 -0.002167
352840.277006 4025536.432211 0.000000 -0.002224
352840.227249 4025536.400058 0.000000 -0.002278
352840.177464 4025536.367896 0.000000 -0.002329
352840.127649 4025536.335726 0.000000 -0.002376
352840.077804 4025536.303547 0.000000 -0.002421
352840.027925 4025536.271357 0.000000 -0.002462
352839.978013 4025536.239156 0.000000 -0.002499
352839.928064 4025536.206943 0.000000 -0.002533
352839.878077 4025536.174717 0.000000 -0.002564
352839.828051 4025536.142477 0.000000 -0.002592
352839.777983 4025536.110221 0.000000 -0.002616
352839.727872 4025536.077949 0.000000 -0.002637
352839.677715 4025536.045659 0.000000 -0.002655
352839.627510 4025536.013351 0.000000 -0.002669
352839.577256 4025535.981023 0.000000 -0.002680
352839.526949 4025535.948673 0.000000 -0.002688
352839.476589 4025535.916301 0.000000 -0.002692
352839.426173 4025535.883904 0.000000 -0.002694
352839.375698 4025535.851482 0.000000 -0.002692
352839.325162 4025535.819033 0.000000 -0.002687
352839.274562 4025535.786556 0.000000 -0.002679
352839.223897 4025535.754048 0.000000 -0.002668
352839.173164 4025535.721509 0.000000 -0.002655
352839.122360 4025535.688936 0.000000 -0.002638
352839.071482 4025535.656328 0.000000 -0.002619
352839.020528 4025535.623683 0.000000 -0.002597
352838.969495 4025535.590999 0.000000 -0.002573
352838.918381 4025535.558275 0.000000 -0.002546
352838.867183 4025535.525508 0.000000 -0.002517
352838.815897 4025535.492697 0.000000 -0.002486
352838.764522 4025535.459840 0.000000 -0.002452
352838.713053 4025535.426935 0.000000 -0.002417
352838.661489 4025535.393979 0.000000 -0.002380
352838.609825 4025535.360972 0.000000 -0.002341
352838.558060 4025535.327909 0.000000 -0.002300
352838.506190 4025535.294791 0.000000 -0.002258
352838.454212 4025535.261614 0.000000 -0.002214
352838.402123 4025535.228376 0.000000 -0.002169
352838.349919 4025535.195075 0.000000 -0.002124
352838.297597 4025535.161709 0.000000 -0.002077
352838.245155 4025535.128276 0.000000 -0.002029
352838.192589 4025535.094773 0.000000 -0.001981
352838.139895 4025535.061198 0.000000 -0.001932
352838.087071 4025535.027549 0.000000 -0.001883
352838.034113 4025534.993824 0.000000 -0.001834
352837.981018 4025534.960019 0.000000 -0.001784
352837.927781 4025534.926134 0.000000 -0.001735
352837.874401 4025534.892165 0.000000 -0.001686
352837.820873 4025534.858109 0.000000 -0.001637
352837.767194 4025534.823966 0.000000 -0.001589
352837.713361 4025534.789732 0.000000 -0.001541
352837.659369 4025534.755405 0.000000 -0.001494
352837.605216 4025534.720982 0.000000 -0.001448
352837.550899 4025534.686461 0.000000 -0.001404
352837.496412 4025534.651840 0.000000 -0.001360
352837.441753 4025534.617115 0.000000 -0.001318
352837.386919 4025534.582286 0.000000 -0.001277
352837.331905 4025534.547348 0.000000 -0.001237
352837.276709 4025534.512300 0.000000 -0.001200
352837.221325 4025534.477140 0.000000 -0.001164
352837.165751 4025534.441864 0.000000 -0.001130
352837.109983 4025534.406470 0.000000 -0.001098
352837.054017 4025534.370956 0.000000 -0.001068
352836.997850 4025534.335319 0.000000 -0.001041
352836.941477 4025534.299556 0.000000 -0.001015
352836.884894 4025534.263666 0.000000 -0.000992
352836.828099 4025534.227645 0.000000 -0.000972
352836.771086 4025534.191491 0.000000 -0.000954
352836.713852 4025534.155201 0.000000 -0.000939
352836.656393 4025534.118774 0.000000 -0.000927
352836.598706 4025534.082205 0.000000 -0.000917
352836.540785 4025534.045493 0.000000 -0.000911
352836.482626 4025534.008636 0.000000 -0.000907
352836.424227 4025533.971629 0.000000 -0.000906
352836.365581 4025533.934471 0.000000 -0.000908
352836.306686 4025533.897160 0.000000 -0.000913
352836.247537 4025533.859692 0.000000 -0.000922
352836.188129 4025533.822064 0.000000 -0.000933
352836.128458 4025533.784275 0.000000 -0.000948
352836.068519 4025533.746321 0.000000 -0.000966
352836.008309 4025533.708200 0.000000 -0.000987
352835.947821 4025533.669909 0.000000 -0.001011
352835.887053 4025533.631445 0.000000 -0.001039
352835.825998 4025533.592805 0.000000 -0.001070
352835.764652 4025533.553987 0.000000 -0.001104
352835.703010 4025533.514987 0.000000 -0.001141
352835.641067 4025533.475804 0.000000 -0.001181
352835.578818 4025533.436433 0.000000 -0.001225
352835.516258 4025533.396872 0.000000 -0.001272
352835.453380 4025533.357118 0.000000 -0.001322
352835.390181 4025533.317169 0.000000 -0.001375
352835.326654 4025533.277020 0.000000 -0.001431
352835.262794 4025533.236669 0.000000 -0.001490
352835.198595 4025533.196114 0.000000 -0.001552
352835.134050 4025533.155350 0.000000 -0.001617
352835.069155 4025533.114374 0.000000 -0.001685
352835.003903 4025533.073184 0.000000 -0.001756
352834.938287 4025533.031776 0.000000 -0.001829
352834.872300 4025532.990146 0.000000 -0.001905
352834.805938 4025532.948291 0.000000 -0.001983
352834.739191 4025532.906209 0.000000 -0.002064
352834.672055 4025532.863894 0.000000 -0.002147
352834.604520 4025532.821343 0.000000 -0.002233
352834.536580 4025532.778553 0.000000 -0.002320
352834.468227 4025532.735520 0.000000 -0.002410
352834.399453 4025532.692240 0.000000 -0.002501
352834.330250 4025532.648708 0.000000 -0.002594
352834.260610 4025532.604921 0.000000 -0.002689
352834.190523 4025532.560874 0.000000 -0.002785
352834.119981 4025532.516563 0.000000 -0.002883
352834.048975 4025532.471983 0.000000 -0.002981
352833.977494 4025532.427129 0.000000 -0.003081
352833.905530 4025532.381997 0.000000 -0.003181
352833.833070 4025532.336582 0.000000 -0.003282
352833.760106 4025532.290878 0.000000 -0.003383
352833.686625 4025532.244879 0.000000 -0.003484
352833.612616 4025532.198581 0.000000 -0.003586
352833.538067 4025532.151977 0.000000 -0.003687
352833.462966 4025532.105061 0.000000 -0.003788
352833.387300 4025532.057827 0.000000 -0.003888
352833.311056 4025532.010268 0.000000 -0.003987
352833.234219 4025531.962379 0.000000 -0.004086
352833.156776 4025531.914150 0.000000 -0.004183
352833.078711 4025531.865576 0.000000 -0.004278
352833.000008 4025531.816649 0.000000 -0.004372
352832.920653 4025531.767360 0.000000 -0.004463
352832.840627 4025531.717702 0.000000 -0.004553
352832.759914 4025531.667665 0.000000 -0.004640
352832.678495 4025531.617242 0.000000 -0.004724
352832.596352 4025531.566422 0.000000 -0.004805
352832.513466 4025531.515196 0.000000 -0.004883
352832.429816 4025531.463554 0.000000 -0.004958
352832.345380 4025531.411486 0.000000 -0.005029
352832.260138 4025531.358980 0.000000 -0.005095
352832.174067 4025531.306025 0.000000 -0.005158
352832.087143 4025531.252610 0.000000 -0.005216
352831.999342 4025531.198723 0.000000 -0.005269
352831.910639 4025531.144350 0.000000 -0.005317
352831.821007 4025531.089478 0.000000 -0.005359
352831.730419 4025531.034094 0.000000 -0.005396
352831.638847 4025530.978183 0.000000 -0.005426
352831.546262 4025530.921731 0.000000 -0.005449
352831.452633 4025530.864721 0.000000 -0.005465
352831.357926 4025530.807136 0.000000 -0.005474
352831.262108 4025530.748960 0.000000 -0.005475
352831.165142 4025530.690172 0.000000 -0.005466
352831.066988 4025530.630753 0.000000 -0.005449
352830.967604 4025530.570680 0.000000 -0.005423
352830.866945 4025530.509929 0.000000 -0.005386
352830.764961 4025530.448474 0.000000 -0.005339
352830.661598 4025530.386285 0.000000 -0.005282
352830.556797 4025530.323330 0.000000 -0.005213
352830.450493 4025530.259575 0.000000 -0.005132
352830.342616 4025530.194981 0.000000 -0.005040
352830.233087 4025530.129504 0.000000 -0.004937
352830.121821 4025530.063096 0.000000 -0.004821
352830.008724 4025529.995707 0.000000 -0.004694
352829.893692 4025529.927277 0.000000 -0.004556
352829.776612 4025529.857743 0.000000 -0.004407
352829.657357 4025529.787034 0.000000 -0.004247
352829.535793 4025529.715072 0.000000 -0.004078
352829.411768 4025529.641773 0.000000 -0.003900
352829.285117 4025529.567042 0.000000 -0.003715
352829.155662 4025529.490777 0.000000 -0.003523
352829.023207 4025529.412865 0.000000 -0.003326
352828.887537 4025529.333183 0.000000 -0.003175
352828.748421 4025529.251599 0.000000 -0.003024
352828.605605 4025529.167965 0.000000 -0.002872
352828.458816 4025529.082124 0.000000 -0.002721
352828.307758 4025528.993904 0.000000 -0.002570
352828.152109 4025528.903119 0.000000 -0.002419
352827.991522 4025528.809568 0.000000 -0.002268
352827.825626 4025528.713034 0.000000 -0.002117
352827.654017 4025528.613282 0.000000 -0.001965
352827.476263 4025528.510062 0.000000 -0.001814
352827.291900 4025528.403101 0.000000 -0.001663
352827.100431 4025528.292110 0.000000 -0.001512
352826.901323 4025528.176778 0.000000 -0.001361
352826.694006 4025528.056772 0.000000 -0.001209
352826.477872 4025527.931735 0.000000 -0.001058
352826.252272 4025527.801288 0.000000 -0.000907
352826.016515 4025527.665025 0.000000 -0.000756
352825.769865 4025527.522517 0.000000 -0.000605
352825.511542 4025527.373303 0.000000 -0.000454
352825.240713 4025527.216897 0.000000 -0.000302
352824.956500 4025527.052782 0.000000 -0.000151
