352813.862368 4025528.257125 0.000000 0.000000
352813.666069 4025528.544672 0.000000 -0.000000
352813.479182 4025528.818433 0.000000 -0.000000
352813.301090 4025529.079309 0.000000 -0.000000
352813.131212 4025529.328153 0.000000 -0.000000
352812.969000 4025529.565767 0.000000 -0.000000
352812.813938 4025529.792908 0.000000 -0.000000
352812.665541 4025530.010287 0.000000 -0.000000
352812.523351 4025530.218573 0.000000 -0.000000
352812.386940 4025530.418392 0.000000 -0.000000
352812.255909 4025530.610333 0.000000 -0.000000
352812.129880 4025530.794945 0.000000 -0.000000
352812.008502 4025530.972744 0.000000 -0.000000
352811.891447 4025531.144211 0.000000 -0.000000
352811.778410 4025531.309793 0.000000 -0.000000
352811.669105 4025531.469907 0.000000 -0.000000
352811.563267 4025531.624942 0.000000 -0.000000
352811.460651 4025531.775259 0.000000 -0.000000
352811.361028 4025531.921190 0.000000 -0.000000
352811.264187 4025532.063046 0.000000 -0.000000
352811.169934 4025532.201113 0.000000 -0.000000
352811.078086 4025532.335655 0.000000 -0.000000
352810.988480 4025532.466914 0.000000 -0.000000
352810.900962 4025532.595114 0.000000 -0.000000
352810.815391 4025532.720461 0.000000 0.000000
352810.731640 4025532.843144 0.000000 -0.000000
352810.649590 4025532.963334 0.000000 -0.000000
352810.569133 4025533.081190 0.000000 -0.000000
352810.490172 4025533.196856 0.000000 -0.000000
352810.412616 4025533.310463 0.000000 -0.000000
352810.336384 4025533.422130 0.000000 -0.000000
352810.261402 4025533.531968 0.000000 -0.000000
352810.187602 4025533.640073 0.000000 -0.000000
352810.114922 4025533.746537 0.000000 -0.000000
352810.043307 4025533.851441 0.000000 0.000000
352809.972707 4025533.954859 0.000000 -0.000000
352809.903075 4025534.056859 0.000000 0.000000
352809.834370 4025534.157501 0.000000 0.000000
352809.766553 4025534.256842 0.000000 0.000000
352809.699589 4025534.354934 0.000000 -0.000000
352809.633447 4025534.451822 0.000000 0.000000
352809.568097 4025534.547549 0.000000 -0.000000
352809.503511 4025534.642157 0.000000 -0.000000
352809.439666 4025534.735680 0.000000 0.000000
352809.376536 4025534.828155 0.000000 0.000000
352809.314101 4025534.919613 0.000000 0.000000
352809.252339 4025535.010084 0.000000 0.000000
352809.191231 4025535.099598 0.000000 0.000000
352809.130757 4025535.188182 0.000000 0.000000
352809.070901 4025535.275862 0.000000 -0.000000
352809.011643 4025535.362665 0.000000 0.000000
352808.952969 4025535.448613 0.000000 0.000000
352808.894861 4025535.533731 0.000000 -0.000000
352808.837305 4025535.618042 0.000000 0.000000
352808.780285 4025535.701567 0.000000 0.000000
352808.723787 4025535.784328 0.000000 0.000000
352808.667798 4025535.866343 0.000000 0.000000
352808.612303 4025535.947634 0.000000 0.000000
352808.557291 4025536.028219 0.000000 0.000000
352808.502748 4025536.108115 0.000000 0.000000
352808.448663 4025536.187341 0.000000 -0.000000
352808.395025 4025536.265912 0.000000 0.000000
352808.341822 4025536.343846 0.000000 0.000000
352808.289044 4025536.421158 0.000000 -0.000000
352808.236681 4025536.497861 0.000000 -0.000000
352808.184722 4025536.573972 0.000000 -0.000000
352808.133159 4025536.649504 0.000000 -0.000000
352808.081983 4025536.724469 0.000000 0.000000
352808.031184 4025536.798882 0.000000 -0.000000
352807.980754 4025536.872753 0.000000 0.000000
352807.930685 4025536.946096 0.000000 -0.000000
352807.880969 4025537.018922 0.000000 0.000000
352807.831599 4025537.091241 0.000000 -0.000000
352807.782568 4025537.163064 0.000000 0.000000
352807.733868 4025537.234403 0.000000 -0.000000
352807.685492 4025537.305265 0.000000 0.000000
352807.637434 4025537.375662 0.000000 -0.000000
352807.589688 4025537.445602 0.000000 -0.000000
352807.542248 4025537.515095 0.000000 -0.000000
352807.495108 4025537.584148 0.000000 0.000000
352807.448261 4025537.652771 0.000000 -0.000000
352807.401703 4025537.720971 0.000000 -0.000000
352807.355428 4025537.788756 0.000000 0.000000
352807.309432 4025537.856134 0.000000 -0.000000
352807.263708 4025537.923112 0.000000 -0.000000
352807.218252 4025537.989697 0.000000 -0.000000
352807.173059 4025538.055897 0.000000 0.000000
352807.128126 4025538.121718 0.000000 0.000000
352807.083446 4025538.187166 0.000000 0.000000
352807.039017 4025538.252249 0.000000 -0.000000
352806.994833 4025538.316971 0.000000 0.000000
352806.950890 4025538.381340 0.000000 -0.000000
352806.907185 4025538.445361 0.000000 -0.000000
352806.863713 4025538.509041 0.000000 0.000000
352806.820470 4025538.572384 0.000000 0.000000
352806.777454 4025538.635396 0.000000 -0.000000
352806.734659 4025538.698084 0.000000 0.000000
352806.692083 4025538.760451 0.000000 -0.000000
352806.649721 4025538.822505 0.000000 -0.000000
352806.607571 4025538.884248 0.000000 0.000000
352806.565628 4025538.945688 0.000000 -0.000000
352806.523890 4025539.006828 0.000000 0.000000
352806.482352 4025539.067673 0.000000 -0.000000
352806.441012 4025539.128229 0.000000 0.000000
352806.399867 4025539.188501 0.000000 0.000000
352806.358913 4025539.248492 0.000000 -0.000000
352806.318147 4025539.308208 0.000000 0.000000
352806.277566 4025539.367652 0.000000 -0.000000
352806.237167 4025539.426831 0.000000 0.000000
352806.196947 4025539.485747 0.000000 -0.000000
352806.156902 4025539.544406 0.000000 0.000000
352806.117031 4025539.602811 0.000000 0.000000
352806.077329 4025539.660967 0.000000 0.000000
352806.037795 4025539.718879 0.000000 -0.000000
352805.998425 4025539.776550 0.000000 0.000000
352805.959216 4025539.833984 0.000000 -0.000000
352805.920166 4025539.891186 0.000000 0.000000
352805.881272 4025539.948160 0.000000 -0.000000
352805.842531 4025540.004910 0.000000 0.000000
352805.803940 4025540.061439 0.000000 0.000000
352805.765497 4025540.117752 0.000000 -0.000000
352805.727199 4025540.173853 0.000000 0.000000
352805.689043 4025540.229745 0.000000 -0.000000
352805.651027 4025540.285433 0.000000 -0.000000
352805.613148 4025540.340919 0.000000 -0.000000
352805.575403 4025540.396209 0.000000 0.000000
352805.537790 4025540.451306 0.000000 0.000000
352805.500307 4025540.506214 0.000000 -0.000000
352805.462950 4025540.560935 0.000000 -0.000000
352805.425717 4025540.615475 0.000000 0.000000
352805.388606 4025540.669837 0.000000 -0.000000
352805.351614 4025540.724024 0.000000 0.000000
352805.314739 4025540.778040 0.000000 0.000000
352805.277978 4025540.831889 0.000000 -0.000000
352805.241329 4025540.885575 0.000000 0.000000
352805.204789 4025540.939100 0.000000 0.000000
352805.168355 4025540.992469 0.000000 -0.000000
352805.132026 4025541.045686 0.000000 0.000000
352805.095799 4025541.098752 0.000000 -0.000000
352805.059672 4025541.151674 0.000000 0.000000
352805.023641 4025541.204452 0.000000 0.000000
352804.987706 4025541.257092 0.000000 -0.000000
352804.951862 4025541.309597 0.000000 -0.000000
352804.916109 4025541.361970 0.000000 -0.000000
352804.880444 4025541.414214 0.000000 -0.000000
352804.844864 4025541.466333 0.000000 -0.000000
352804.809367 4025541.518330 0.000000 0.000000
352804.773951 4025541.570209 0.000000 0.000000
352804.738614 4025541.621973 0.000000 0.000000
352804.703353 4025541.673624 0.000000 -0.000000
352804.668166 4025541.725167 0.000000 -0.000000
352804.633051 4025541.776605 0.000000 -0.000000
352804.598006 4025541.827941 0.000000 0.000000
352804.563028 4025541.879177 0.000000 0.000000
352804.528116 4025541.930317 0.000000 -0.000000
352804.493268 4025541.981365 0.000000 0.000000
352804.458481 4025542.032322 0.000000 -0.000000
352804.423753 4025542.083193 0.000000 -0.000000
352804.389083 4025542.133980 0.000000 -0.000000
352804.354468 4025542.184685 0.000000 -0.000000
352804.319906 4025542.235312 0.000000 -0.000000
352804.285396 4025542.285864 0.000000 0.000000
352804.250936 4025542.336343 0.000000 -0.000000
352804.216523 4025542.386752 0.000000 -0.000000
352804.182157 4025542.437094 0.000000 0.000000
352804.147834 4025542.487370 0.000000 -0.000000
352804.113554 4025542.537585 0.000000 0.000000
352804.079315 4025542.587740 0.000000 0.000000
352804.045115 4025542.637837 0.000000 0.000000
352804.010953 4025542.687880 0.000000 0.000000
352803.976826 4025542.737870 0.000000 -0.000000
352803.942734 4025542.787809 0.000000 0.000000
352803.908675 4025542.837701 0.000000 -0.000000
352803.874647 4025542.887546 0.000000 -0.000000
352803.840649 4025542.937348 0.000000 -0.000000
352803.806680 4025542.987107 0.000000 -0.000000
352803.772737 4025543.036827 0.000000 -0.000000
352803.738821 4025543.086509 0.000000 -0.000000
352803.704929 4025543.136155 0.000000 -0.000000
352803.671061 4025543.185767 0.000000 0.000000
352803.637215 4025543.235346 0.000000 -0.000000
352803.603390 4025543.284894 0.000000 0.000000
352803.569585 4025543.334413 0.000000 0.000000
352803.535799 4025543.383905 0.000000 0.000000
352803.502030 4025543.433371 0.000000 -0.000000
352803.468278 4025543.482812 0.000000 0.000000
352803.434542 4025543.532229 0.000000 -0.000000
352803.400821 4025543.581625 0.000000 -0.000000
352803.367114 4025543.631001 0.000000 -0.000000
352803.333420 4025543.680357 0.000000 -0.000000
352803.299739 4025543.729695 0.000000 -0.000000
352803.266069 4025543.779016 0.000000 -0.000000
352803.232410 4025543.828321 0.000000 -0.000000
352803.198761 4025543.877612 0.000000 -0.000000
352803.165121 4025543.926888 0.000000 -0.000000
352803.131490 4025543.976152 0.000000 -0.000000
352803.097868 4025544.025404 0.000000 -0.000000
352803.064253 4025544.074644 0.000000 -0.000000
352803.030645 4025544.123875 0.000000 -0.000000
352802.997044 4025544.173095 0.000000 -0.000000
352802.963448 4025544.222307 0.000000 -0.000000
352802.929859 4025544.271511 0.000000 -0.000000
352802.896274 4025544.320707 0.000000 -0.000000
352802.862694 4025544.369896 0.000000 -0.000000
352802.829119 4025544.419079 0.000000 -0.000000
352802.795547 4025544.468255 0.000000 -0.000000
352802.761979 4025544.517427 0.000000 -0.000000
352802.728415 4025544.566593 0.000000 -0.000001
352802.694854 4025544.615756 0.000000 -0.000001
352802.661295 4025544.664914 0.000000 -0.000001
352802.627739 4025544.714068 0.000000 -0.000001
352802.594185 4025544.763219 0.000000 -0.000001
352802.560633 4025544.812367 0.000000 -0.000001
352802.527084 4025544.861512 0.000000 -0.000002
352802.493535 4025544.910655 0.000000 -0.000002
352802.459989 4025544.959795 0.000000 -0.000002
352802.426443 4025545.008934 0.000000 -0.000003
352802.392899 4025545.058070 0.000000 -0.000003
352802.359356 4025545.107206 0.000000 -0.000004
352802.325814 4025545.156340 0.000000 -0.000004
352802.292273 4025545.205472 0.000000 -0.000005
352802.258732 4025545.254604 0.000000 -0.000006
352802.225192 4025545.303735 0.000000 -0.000006
352802.191653 4025545.352864 0.000000 -0.000007
352802.158114 4025545.401994 0.000000 -0.000008
352802.124576 4025545.451122 0.000000 -0.000009
352802.091038 4025545.500250 0.000000 -0.000010
352802.057500 4025545.549378 0.000000 -0.000012
352802.023962 4025545.598505 0.000000 -0.000013
352801.990425 4025545.647632 0.000000 -0.000015
352801.956888 4025545.696759 0.000000 -0.000016
352801.923351 4025545.745886 0.000000 -0.000018
352801.889815 4025545.795012 0.000000 -0.000020
352801.856278 4025545.844139 0.000000 -0.000023
352801.822742 4025545.893265 0.000000 -0.000025
352801.789205 4025545.942391 0.000000 -0.000028
352801.755669 4025545.991517 0.000000 -0.000030
352801.722133 4025546.040644 0.000000 -0.000033
352801.688597 4025546.089770 0.000000 -0.000037
352801.655061 4025546.138896 0.000000 -0.000040
352801.621525 4025546.188022 0.000000 -0.000044
352801.587989 4025546.237149 0.000000 -0.000048
352801.554454 4025546.286275 0.000000 -0.000052
352801.520918 4025546.335402 0.000000 -0.000057
352801.487383 4025546.384528 0.000000 -0.000061
352801.453848 4025546.433655 0.000000 -0.000067
352801.420313 4025546.482782 0.000000 -0.000072
352801.386778 4025546.531908 0.000000 -0.000078
352801.353243 4025546.581035 0.000000 -0.000084
352801.319709 4025546.630163 0.000000 -0.000091
352801.286174 4025546.679290 0.000000 -0.000098
352801.252640 4025546.728417 0.000000 -0.000105
352801.219107 4025546.777545 0.000000 -0.000112
352801.185573 4025546.826673 0.000000 -0.000120
352801.152040 4025546.875801 0.000000 -0.000129
352801.118507 4025546.924929 0.000000 -0.000138
352801.084975 4025546.974058 0.000000 -0.000147
352801.051443 4025547.023186 0.000000 -0.000157
352801.017911 4025547.072316 0.000000 -0.000167
352800.984380 4025547.121445 0.000000 -0.000178
352800.950849 4025547.170575 0.000000 -0.000189
352800.917319 4025547.219705 0.000000 -0.000200
352800.883789 4025547.268835 0.000000 -0.000212
352800.850260 4025547.317966 0.000000 -0.000225
352800.816731 4025547.367097 0.000000 -0.000238
352800.783204 4025547.416228 0.000000 -0.000251
352800.749676 4025547.465361 0.000000 -0.000265
352800.716150 4025547.514493 0.000000 -0.000280
352800.682624 4025547.563626 0.000000 -0.000294
352800.649099 4025547.612760 0.000000 -0.000310
352800.615575 4025547.661894 0.000000 -0.000325
352800.582052 4025547.711029 0.000000 -0.000342
352800.548530 4025547.760165 0.000000 -0.000358
352800.515009 4025547.809301 0.000000 -0.000375
352800.481489 4025547.858438 0.000000 -0.000393
352800.447970 4025547.907575 0.000000 -0.000411
352800.414452 4025547.956714 0.000000 -0.000429
352800.380936 4025548.005853 0.000000 -0.000448
352800.347420 4025548.054993 0.000000 -0.000467
352800.313907 4025548.104134 0.000000 -0.000486
352800.280394 4025548.153276 0.000000 -0.000506
352800.246883 4025548.202419 0.000000 -0.000526
352800.213373 4025548.251563 0.000000 -0.000547
352800.179865 4025548.300708 0.000000 -0.000568
352800.146359 4025548.349854 0.000000 -0.000589
352800.112854 4025548.399002 0.000000 -0.000610
352800.079352 4025548.448150 0.000000 -0.000632
352800.045851 4025548.497300 0.000000 -0.000653
352800.012352 4025548.546451 0.000000 -0.000675
352799.978854 4025548.595604 0.000000 -0.000698
352799.945359 4025548.644757 0.000000 -0.000720
352799.911866 4025548.693913 0.000000 -0.000742
352799.878376 4025548.743069 0.000000 -0.000765
352799.844887 4025548.792228 0.000000 -0.000787
352799.811401 4025548.841387 0.000000 -0.000810
352799.777917 4025548.890549 0.000000 -0.000832
352799.744436 4025548.939712 0.000000 -0.000855
352799.710957 4025548.988877 0.000000 -0.000877
352799.677481 4025549.038043 0.000000 -0.000900
352799.644007 4025549.087212 0.000000 -0.000922
352799.610537 4025549.136382 0.000000 -0.000944
352799.577069 4025549.185554 0.000000 -0.000966
352799.543604 4025549.234728 0.000000 -0.000988
352799.510142 4025549.283904 0.000000 -0.001009
352799.476682 4025549.333082 0.000000 -0.001031
352799.443226 4025549.382262 0.000000 -0.001052
352799.409774 4025549.431445 0.000000 -0.001072
352799.376324 4025549.480629 0.000000 -0.001092
352799.342877 4025549.529816 0.000000 -0.001112
352799.309434 4025549.579005 0.000000 -0.001132
352799.275995 4025549.628196 0.000000 -0.001151
352799.242559 4025549.677390 0.000000 -0.001169
352799.209126 4025549.726586 0.000000 -0.001187
352799.175697 4025549.775784 0.000000 -0.001205
352799.142271 4025549.824985 0.000000 -0.001222
352799.108849 4025549.874188 0.000000 -0.001238
352799.075431 4025549.923394 0.000000 -0.001254
352799.042017 4025549.972602 0.000000 -0.001269
352799.008606 4025550.021813 0.000000 -0.001284
352798.975200 4025550.071027 0.000000 -0.001297
352798.941797 4025550.120243 0.000000 -0.001311
352798.908398 4025550.169462 0.000000 -0.001323
352798.875003 4025550.218683 0.000000 -0.001335
352798.841612 4025550.267908 0.000000 -0.001346
352798.808226 4025550.317135 0.000000 -0.001357
352798.774843 4025550.366364 0.000000 -0.001367
352798.741464 4025550.415597 0.000000 -0.001376
352798.708090 4025550.464832 0.000000 -0.001384
352798.674720 4025550.514070 0.000000 -0.001391
352798.641353 4025550.563311 0.000000 -0.001398
352798.607991 4025550.612555 0.000000 -0.001404
352798.574634 4025550.661802 0.000000 -0.001409
352798.541280 4025550.711051 0.000000 -0.001414
352798.507931 4025550.760304 0.000000 -0.001417
352798.474586 4025550.809559 0.000000 -0.001420
352798.441245 4025550.858817 0.000000 -0.001422
352798.407909 4025550.908078 0.000000 -0.001424
352798.374577 4025550.957342 0.000000 -0.001424
352798.341249 4025551.006609 0.000000 -0.001424
352798.307925 4025551.055879 0.000000 -0.001423
352798.274606 4025551.105151 0.000000 -0.001422
352798.241291 4025551.154427 0.000000 -0.001419
352798.207980 4025551.203705 0.000000 -0.001416
352798.174673 4025551.252986 0.000000 -0.001413
352798.141371 4025551.302270 0.000000 -0.001408
352798.108073 4025551.351557 0.000000 -0.001403
352798.074779 4025551.400847 0.000000 -0.001397
352798.041489 4025551.450140 0.000000 -0.001391
352798.008203 4025551.499435 0.000000 -0.001383
352797.974922 4025551.548733 0.000000 -0.001376
352797.941644 4025551.598034 0.000000 -0.001367
352797.908371 4025551.647338 0.000000 -0.001358
352797.875102 4025551.696644 0.000000 -0.001349
352797.841836 4025551.745953 0.000000 -0.001339
352797.808575 4025551.795265 0.000000 -0.001328
352797.775318 4025551.844580 0.000000 -0.001317
352797.742064 4025551.893897 0.000000 -0.001306
352797.708815 4025551.943217 0.000000 -0.001293
352797.675569 4025551.992539 0.000000 -0.001281
352797.642327 4025552.041864 0.000000 -0.001268
352797.609089 4025552.091191 0.000000 -0.001254
352797.575854 4025552.140521 0.000000 -0.001241
352797.542623 4025552.189854 0.000000 -0.001226
352797.509396 4025552.239189 0.000000 -0.001212
352797.476173 4025552.288526 0.000000 -0.001197
352797.442952 4025552.337866 0.000000 -0.001182
352797.409736 4025552.387208 0.000000 -0.001166
352797.376523 4025552.436552 0.000000 -0.001150
352797.343313 4025552.485899 0.000000 -0.001134
352797.310106 4025552.535248 0.000000 -0.001118
352797.276903 4025552.584599 0.000000 -0.001101
352797.243703 4025552.633952 0.000000 -0.001084
352797.210507 4025552.683308 0.000000 -0.001067
352797.177313 4025552.732665 0.000000 -0.001050
352797.144122 4025552.782025 0.000000 -0.001032
352797.110935 4025552.831387 0.000000 -0.001015
352797.077750 4025552.880750 0.000000 -0.000997
352797.044569 4025552.930116 0.000000 -0.000979
352797.011390 4025552.979484 0.000000 -0.000962
352796.978214 4025553.028853 0.000000 -0.000944
352796.945041 4025553.078225 0.000000 -0.000925
352796.911870 4025553.127598 0.000000 -0.000907
352796.878703 4025553.176973 0.000000 -0.000889
352796.845537 4025553.226350 0.000000 -0.000871
352796.812375 4025553.275728 0.000000 -0.000853
352796.779214 4025553.325108 0.000000 -0.000835
352796.746057 4025553.374490 0.000000 -0.000816
352796.712901 4025553.423874 0.000000 -0.000798
352796.679748 4025553.473259 0.000000 -0.000780
352796.646597 4025553.522645 0.000000 -0.000762
352796.613449 4025553.572033 0.000000 -0.000744
352796.580302 4025553.621423 0.000000 -0.000726
352796.547158 4025553.670813 0.000000 -0.000708
352796.514015 4025553.720206 0.000000 -0.000691
352796.480875 4025553.769599 0.000000 -0.000673
352796.447737 4025553.818994 0.000000 -0.000655
352796.414600 4025553.868390 0.000000 -0.000638
352796.381465 4025553.917788 0.000000 -0.000621
352796.348332 4025553.967186 0.000000 -0.000604
352796.315201 4025554.016586 0.000000 -0.000587
352796.282072 4025554.065987 0.000000 -0.000570
352796.248944 4025554.115389 0.000000 -0.000553
352796.215818 4025554.164792 0.000000 -0.000537
352796.182693 4025554.214196 0.000000 -0.000521
352796.149569 4025554.263602 0.000000 -0.000505
352796.116448 4025554.313008 0.000000 -0.000489
352796.083327 4025554.362415 0.000000 -0.000473
352796.050208 4025554.411823 0.000000 -0.000458
352796.017090 4025554.461232 0.000000 -0.000443
352795.983974 4025554.510641 0.000000 -0.000428
352795.950858 4025554.560052 0.000000 -0.000413
352795.917744 4025554.609463 0.000000 -0.000399
352795.884631 4025554.658875 0.000000 -0.000385
352795.851519 4025554.708288 0.000000 -0.000371
352795.818408 4025554.757702 0.000000 -0.000357
352795.785298 4025554.807116 0.000000 -0.000344
352795.752189 4025554.856531 0.000000 -0.000331
352795.719081 4025554.905946 0.000000 -0.000318
352795.685974 4025554.955362 0.000000 -0.000305
352795.652868 4025555.004779 0.000000 -0.000293
352795.619762 4025555.054196 0.000000 -0.000281
352795.586658 4025555.103613 0.000000 -0.000270
352795.553554 4025555.153032 0.000000 -0.000258
352795.520450 4025555.202450 0.000000 -0.000247
352795.487348 4025555.251869 0.000000 -0.000236
352795.454246 4025555.301289 0.000000 -0.000226
352795.421144 4025555.350709 0.000000 -0.000215
352795.388044 4025555.400129 0.000000 -0.000205
352795.354943 4025555.449550 0.000000 -0.000196
352795.321844 4025555.498971 0.000000 -0.000186
352795.288745 4025555.548393 0.000000 -0.000177
352795.255646 4025555.597814 0.000000 -0.000169
352795.222548 4025555.647237 0.000000 -0.000160
352795.189450 4025555.696659 0.000000 -0.000152
352795.156352 4025555.746082 0.000000 -0.000144
352795.123255 4025555.795504 0.000000 -0.000136
352795.090159 4025555.844928 0.000000 -0.000129
352795.057062 4025555.894351 0.000000 -0.000122
352795.023966 4025555.943774 0.000000 -0.000115
352794.990870 4025555.993198 0.000000 -0.000109
352794.957775 4025556.042622 0.000000 -0.000102
352794.924680 4025556.092046 0.000000 -0.000096
352794.891585 4025556.141471 0.000000 -0.000090
352794.858490 4025556.190895 0.000000 -0.000085
352794.825396 4025556.240320 0.000000 -0.000080
352794.792301 4025556.289744 0.000000 -0.000075
352794.759207 4025556.339169 0.000000 -0.000070
352794.726113 4025556.388594 0.000000 -0.000065
352794.693019 4025556.438019 0.000000 -0.000061
352794.659926 4025556.487444 0.000000 -0.000057
352794.626832 4025556.536870 0.000000 -0.000053
352794.593739 4025556.586295 0.000000 -0.000049
352794.560645 4025556.635721 0.000000 -0.000046
352794.527552 4025556.685146 0.000000 -0.000042
352794.494459 4025556.734572 0.000000 -0.000039
352794.461366 4025556.783997 0.000000 -0.000036
352794.428273 4025556.833423 0.000000 -0.000034
352794.395180 4025556.882849 0.000000 -0.000031
352794.362088 4025556.932274 0.000000 -0.000028
352794.328995 4025556.981700 0.000000 -0.000026
352794.295902 4025557.031126 0.000000 -0.000024
352794.262810 4025557.080552 0.000000 -0.000022
352794.229717 4025557.129978 0.000000 -0.000020
352794.196625 4025557.179404 0.000000 -0.000018
352794.163532 4025557.228830 0.000000 -0.000017
352794.130440 4025557.278256 0.000000 -0.000015
352794.097347 4025557.327682 0.000000 -0.000014
352794.064255 4025557.377108 0.000000 -0.000013
352794.031163 4025557.426534 0.000000 -0.000011
352793.998070 4025557.475960 0.000000 -0.000010
352793.964978 4025557.525386 0.000000 -0.000009
352793.931886 4025557.574812 0.000000 -0.000008
352793.898794 4025557.624239 0.000000 -0.000007
352793.865701 4025557.673665 0.000000 -0.000007
352793.832609 4025557.723091 0.000000 -0.000006
352793.799517 4025557.772517 0.000000 -0.000005
352793.766425 4025557.821943 0.000000 -0.000005
352793.733332 4025557.871369 0.000000 -0.000004
352793.700240 4025557.920795 0.000000 -0.000004
352793.667148 4025557.970221 0.000000 -0.000003
352793.634056 4025558.019648 0.000000 -0.000003
352793.600964 4025558.069074 0.000000 -0.000002
352793.567871 4025558.118500 0.000000 -0.000002
352793.534779 4025558.167926 0.000000 -0.000002
352793.501687 4025558.217352 0.000000 -0.000002
352793.468595 4025558.266778 0.000000 -0.000001
352793.435502 4025558.316205 0.000000 -0.000001
352793.402410 4025558.365631 0.000000 -0.000001
352793.369318 4025558.415057 0.000000 -0.000001
352793.336226 4025558.464483 0.000000 -0.000001
352793.303134 4025558.513909 0.000000 -0.000001
352793.270042 4025558.563335 0.000000 -0.000000
352793.236949 4025558.612762 0.000000 -0.000000
352793.203857 4025558.662188 0.000000 -0.000000
352793.170765 4025558.711614 0.000000 -0.000000
352793.137673 4025558.761040 0.000000 -0.000000
352793.104581 4025558.810466 0.000000 -0.000000
352793.071488 4025558.859892 0.000000 -0.000000
352793.038396 4025558.909319 0.000000 -0.000000
352793.005304 4025558.958745 0.000000 -0.000000
352792.972212 4025559.008171 0.000000 -0.000000
352792.939120 4025559.057597 0.000000 -0.000000
352792.906027 4025559.107023 0.000000 -0.000000
352792.872935 4025559.156449 0.000000 -0.000000
352792.839843 4025559.205876 0.000000 -0.000000
352792.806751 4025559.255302 0.000000 -0.000000
352792.773659 4025559.304728 0.000000 -0.000000
352792.740566 4025559.354154 0.000000 -0.000000
352792.707474 4025559.403580 0.000000 -0.000000
352792.674382 4025559.453006 0.000000 -0.000000
352792.641290 4025559.502433 0.000000 -0.000000
352792.608198 4025559.551859 0.000000 -0.000000
352792.575105 4025559.601285 0.000000 -0.000000
352792.542013 4025559.650711 0.000000 -0.000000
352792.508921 4025559.700137 0.000000 -0.000000
352792.475829 4025559.749563 0.000000 -0.000000
352792.442737 4025559.798990 0.000000 0.000000
352792.409644 4025559.848416 0.000000 -0.000000
352792.376552 4025559.897842 0.000000 0.000000
352792.343460 4025559.947268 0.000000 -0.000000
352792.310368 4025559.996694 0.000000 -0.000000
352792.277276 4025560.046120 0.000000 0.000000
352792.244183 4025560.095547 0.000000 -0.000000
352792.211091 4025560.144973 0.000000 0.000000
352792.177999 4025560.194399 0.000000 -0.000000
352792.144907 4025560.243825 0.000000 -0.000000
352792.111815 4025560.293251 0.000000 -0.000000
352792.078722 4025560.342677 0.000000 0.000000
352792.045630 4025560.392104 0.000000 -0.000000
352792.012538 4025560.441530 0.000000 0.000000
352791.979446 4025560.490956 0.000000 0.000000
352791.946354 4025560.540382 0.000000 0.000000
352791.913261 4025560.589808 0.000000 -0.000000
352791.880169 4025560.639234 0.000000 -0.000000
352791.847077 4025560.688661 0.000000 0.000000
352791.813985 4025560.738087 0.000000 0.000000
352791.780893 4025560.787513 0.000000 -0.000000
352791.747800 4025560.836939 0.000000 0.000000
352791.714708 4025560.886365 0.000000 -0.000000
352791.681616 4025560.935791 0.000000 -0.000000
352791.648524 4025560.985218 0.000000 0.000000
352791.615432 4025561.034644 0.000000 0.000000
352791.582339 4025561.084070 0.000000 0.000000
352791.549247 4025561.133496 0.000000 -0.000000
352791.516155 4025561.182922 0.000000 0.000000
352791.483063 4025561.232348 0.000000 -0.000000
352791.449971 4025561.281775 0.000000 -0.000000
352791.416878 4025561.331201 0.000000 0.000000
352791.383786 4025561.380627 0.000000 0.000000
352791.350694 4025561.430053 0.000000 -0.000000
352791.317602 4025561.479479 0.000000 0.000000
352791.284510 4025561.528905 0.000000 0.000000
352791.251417 4025561.578332 0.000000 -0.000000
352791.218325 4025561.627758 0.000000 -0.000000
352791.185233 4025561.677184 0.000000 -0.000000
352791.152141 4025561.726610 0.000000 -0.000000
352791.119049 4025561.776036 0.000000 0.000000
352791.085956 4025561.825462 0.000000 -0.000000
352791.052864 4025561.874889 0.000000 -0.000000
352791.019772 4025561.924315 0.000000 -0.000000
352790.986680 4025561.973741 0.000000 -0.000000
352790.953588 4025562.023167 0.000000 0.000000
352790.920495 4025562.072593 0.000000 -0.000000
352790.887403 4025562.122019 0.000000 0.000000
352790.854311 4025562.171446 0.000000 -0.000000
352790.821219 4025562.220872 0.000000 0.000000
352790.788127 4025562.270298 0.000000 -0.000000
352790.755035 4025562.319724 0.000000 0.000000
352790.721942 4025562.369150 0.000000 0.000000
352790.688850 4025562.418576 0.000000 -0.000000
352790.655758 4025562.468003 0.000000 0.000000
352790.622666 4025562.517429 0.000000 0.000000
352790.589574 4025562.566855 0.000000 -0.000000
352790.556481 4025562.616281 0.000000 0.000000
352790.523389 4025562.665707 0.000000 0.000000
352790.490297 4025562.715133 0.000000 -0.000000
352790.457205 4025562.764560 0.000000 -0.000000
352790.424113 4025562.813986 0.000000 0.000000
352790.391020 4025562.863412 0.000000 -0.000000
352790.357928 4025562.912838 0.000000 0.000000
352790.324836 4025562.962264 0.000000 0.000000
352790.291744 4025563.011690 0.000000 0.000000
352790.258652 4025563.061117 0.000000 0.000000
352790.225559 4025563.110543 0.000000 0.000000
352790.192467 4025563.159969 0.000000 0.000000
352790.159375 4025563.209395 0.000000 0.000000
352790.126283 4025563.258821 0.000000 0.000000
352790.093191 4025563.308247 0.000000 0.000000
352790.060098 4025563.357674 0.000000 -0.000000
352790.027006 4025563.407100 0.000000 0.000000
352789.993914 4025563.456526 0.000000 0.000000
352789.960822 4025563.505952 0.000000 0.000000
352789.927730 4025563.555378 0.000000 0.000000
352789.894637 4025563.604804 0.000000 -0.000000
352789.861545 4025563.654231 0.000000 0.000000
352789.828453 4025563.703657 0.000000 -0.000000
352789.795361 4025563.753083 0.000000 -0.000000
352789.762269 4025563.802509 0.000000 0.000000
352789.729176 4025563.851935 0.000000 0.000000
352789.696084 4025563.901361 0.000000 -0.000000
352789.662992 4025563.950788 0.000000 -0.000000
352789.629900 4025564.000214 0.000000 0.000000
352789.596808 4025564.049640 0.000000 -0.000000
352789.563715 4025564.099066 0.000000 0.000000
352789.530623 4025564.148492 0.000000 -0.000000
352789.497531 4025564.197918 0.000000 -0.000000
352789.464439 4025564.247345 0.000000 0.000000
352789.431347 4025564.296771 0.000000 -0.000000
352789.398254 4025564.346197 0.000000 0.000000
352789.365162 4025564.395623 0.000000 -0.000000
352789.332070 4025564.445049 0.000000 0.000000
352789.298978 4025564.494475 0.000000 -0.000000
352789.265886 4025564.543902 0.000000 -0.000000
352789.232793 4025564.593328 0.000000 0.000000
352789.199701 4025564.642754 0.000000 -0.000000
352789.166609 4025564.692180 0.000000 -0.000000
352789.133517 4025564.741606 0.000000 -0.000000
352789.100425 4025564.791032 0.000000 -0.000000
352789.067332 4025564.840459 0.000000 0.000000
352789.034240 4025564.889885 0.000000 0.000000
352789.001148 4025564.939311 0.000000 0.000000
352788.968056 4025564.988737 0.000000 0.000000
352788.934964 4025565.038163 0.000000 -0.000000
352788.901871 4025565.087589 0.000000 0.000000
352788.868779 4025565.137016 0.000000 -0.000000
352788.835687 4025565.186442 0.000000 -0.000000
352788.802595 4025565.235868 0.000000 0.000000
352788.769503 4025565.285294 0.000000 0.000000
352788.736410 4025565.334720 0.000000 -0.000000
352788.703318 4025565.384146 0.000000 0.000000
352788.670226 4025565.433573 0.000000 0.000000
352788.637134 4025565.482999 0.000000 0.000000
352788.604042 4025565.532425 0.000000 -0.000000
352788.570949 4025565.581851 0.000000 0.000000
352788.537857 4025565.631277 0.000000 -0.000000
352788.504765 4025565.680703 0.000000 0.000000
352788.471673 4025565.730130 0.000000 -0.000000
352788.438581 4025565.779556 0.000000 0.000000
352788.405488 4025565.828982 0.000000 0.000000
352788.372396 4025565.878408 0.000000 0.000000
352788.339304 4025565.927834 0.000000 0.000000
352788.306212 4025565.977260 0.000000 0.000000
352788.273120 4025566.026687 0.000000 0.000000
352788.240028 4025566.076113 0.000000 0.000000
352788.206935 4025566.125539 0.000000 0.000000
352788.173843 4025566.174965 0.000000 0.000000
352788.140751 4025566.224391 0.000000 0.000000
352788.107659 4025566.273817 0.000000 0.000000
352788.074567 4025566.323244 0.000000 0.000000
352788.041474 4025566.372670 0.000000 0.000000
352788.008382 4025566.422096 0.000000 0.000000
352787.975290 4025566.471522 0.000000 0.000000
352787.942198 4025566.520948 0.000000 0.000000
352787.909106 4025566.570374 0.000000 0.000000
352787.876013 4025566.619801 0.000000 0.000000
352787.842921 4025566.669227 0.000000 0.000000
352787.809829 4025566.718653 0.000000 0.000000
352787.776737 4025566.768079 0.000000 0.000000
352787.743645 4025566.817505 0.000000 0.000000
352787.710552 4025566.866931 0.000000 0.000000
352787.677460 4025566.916358 0.000000 0.000001
352787.644368 4025566.965784 0.000000 0.000001
352787.611276 4025567.015210 0.000000 0.000001
352787.578184 4025567.064636 0.000000 0.000001
352787.545091 4025567.114062 0.000000 0.000001
352787.511999 4025567.163488 0.000000 0.000001
352787.478907 4025567.212915 0.000000 0.000002
352787.445815 4025567.262341 0.000000 0.000002
352787.412723 4025567.311767 0.000000 0.000002
352787.379630 4025567.361193 0.000000 0.000003
352787.346538 4025567.410619 0.000000 0.000003
352787.313446 4025567.460045 0.000000 0.000003
352787.280354 4025567.509472 0.000000 0.000004
352787.247261 4025567.558898 0.000000 0.000004
352787.214169 4025567.608324 0.000000 0.000005
352787.181077 4025567.657750 0.000000 0.000006
352787.147985 4025567.707176 0.000000 0.000006
352787.114893 4025567.756602 0.000000 0.000007
352787.081800 4025567.806028 0.000000 0.000008
352787.048708 4025567.855454 0.000000 0.000009
352787.015616 4025567.904881 0.000000 0.000010
352786.982523 4025567.954307 0.000000 0.000011
352786.949431 4025568.003733 0.000000 0.000012
352786.916339 4025568.053159 0.000000 0.000014
352786.883246 4025568.102585 0.000000 0.000015
352786.850154 4025568.152011 0.000000 0.000017
352786.817061 4025568.201437 0.000000 0.000018
352786.783969 4025568.250863 0.000000 0.000020
352786.750876 4025568.300289 0.000000 0.000022
352786.717784 4025568.349715 0.000000 0.000024
352786.684691 4025568.399140 0.000000 0.000026
352786.651598 4025568.448566 0.000000 0.000029
352786.618506 4025568.497992 0.000000 0.000031
352786.585413 4025568.547418 0.000000 0.000034
352786.552320 4025568.596843 0.000000 0.000037
352786.519227 4025568.646269 0.000000 0.000040
352786.486134 4025568.695695 0.000000 0.000043
352786.453040 4025568.745120 0.000000 0.000047
352786.419947 4025568.794545 0.000000 0.000050
352786.386854 4025568.843971 0.000000 0.000054
352786.353760 4025568.893396 0.000000 0.000059
352786.320666 4025568.942821 0.000000 0.000063
352786.287572 4025568.992246 0.000000 0.000068
352786.254478 4025569.041671 0.000000 0.000072
352786.221384 4025569.091096 0.000000 0.000078
352786.188290 4025569.140520 0.000000 0.000083
352786.155195 4025569.189945 0.000000 0.000089
352786.122100 4025569.239369 0.000000 0.000095
352786.089005 4025569.288793 0.000000 0.000101
352786.055910 4025569.338217 0.000000 0.000107
352786.022814 4025569.387641 0.000000 0.000114
352785.989718 4025569.437065 0.000000 0.000121
352785.956622 4025569.486488 0.000000 0.000129
352785.923525 4025569.535911 0.000000 0.000137
352785.890428 4025569.585334 0.000000 0.000145
352785.857331 4025569.634757 0.000000 0.000153
352785.824233 4025569.684179 0.000000 0.000162
352785.791134 4025569.733601 0.000000 0.000171
352785.758036 4025569.783023 0.000000 0.000180
352785.724936 4025569.832444 0.000000 0.000190
352785.691837 4025569.881865 0.000000 0.000200
352785.658736 4025569.931286 0.000000 0.000211
352785.625636 4025569.980706 0.000000 0.000222
352785.592534 4025570.030126 0.000000 0.000233
352785.559432 4025570.079546 0.000000 0.000244
352785.526329 4025570.128965 0.000000 0.000256
352785.493226 4025570.178383 0.000000 0.000269
352785.460121 4025570.227801 0.000000 0.000281
352785.427016 4025570.277219 0.000000 0.000294
352785.393910 4025570.326635 0.000000 0.000308
352785.360803 4025570.376052 0.000000 0.000322
352785.327696 4025570.425467 0.000000 0.000336
352785.294587 4025570.474882 0.000000 0.000350
352785.261478 4025570.524297 0.000000 0.000365
352785.228367 4025570.573710 0.000000 0.000380
352785.195255 4025570.623123 0.000000 0.000396
352785.162142 4025570.672535 0.000000 0.000412
352785.129028 4025570.721947 0.000000 0.000428
352785.095913 4025570.771357 0.000000 0.000445
352785.062796 4025570.820767 0.000000 0.000462
352785.029679 4025570.870176 0.000000 0.000480
352784.996559 4025570.919583 0.000000 0.000498
352784.963439 4025570.968990 0.000000 0.000516
352784.930316 4025571.018396 0.000000 0.000534
352784.897193 4025571.067801 0.000000 0.000553
352784.864067 4025571.117205 0.000000 0.000573
352784.830940 4025571.166607 0.000000 0.000592
352784.797812 4025571.216009 0.000000 0.000612
352784.764681 4025571.265409 0.000000 0.000632
352784.731549 4025571.314808 0.000000 0.000653
352784.698415 4025571.364206 0.000000 0.000674
352784.665279 4025571.413602 0.000000 0.000695
352784.632141 4025571.462997 0.000000 0.000717
352784.599000 4025571.512391 0.000000 0.000738
352784.565858 4025571.561783 0.000000 0.000761
352784.532714 4025571.611173 0.000000 0.000783
352784.499567 4025571.660562 0.000000 0.000806
352784.466417 4025571.709950 0.000000 0.000828
352784.433266 4025571.759336 0.000000 0.000852
352784.400112 4025571.808720 0.000000 0.000875
352784.366955 4025571.858102 0.000000 0.000899
352784.333796 4025571.907483 0.000000 0.000922
352784.300634 4025571.956862 0.000000 0.000946
352784.267469 4025572.006239 0.000000 0.000971
352784.234301 4025572.055614 0.000000 0.000995
352784.201131 4025572.104987 0.000000 0.001019
352784.167957 4025572.154358 0.000000 0.001044
352784.134781 4025572.203727 0.000000 0.001069
352784.101601 4025572.253094 0.000000 0.001094
352784.068418 4025572.302458 0.000000 0.001119
352784.035232 4025572.351821 0.000000 0.001144
352784.002043 4025572.401181 0.000000 0.001169
352783.968849 4025572.450539 0.000000 0.001194
352783.935653 4025572.499894 0.000000 0.001219
352783.902453 4025572.549247 0.000000 0.001244
352783.869249 4025572.598598 0.000000 0.001269
352783.836041 4025572.647945 0.000000 0.001295
352783.802830 4025572.697291 0.000000 0.001320
352783.769615 4025572.746633 0.000000 0.001344
352783.736396 4025572.795973 0.000000 0.001369
352783.703172 4025572.845311 0.000000 0.001394
352783.669945 4025572.894645 0.000000 0.001418
352783.636713 4025572.943977 0.000000 0.001443
352783.603477 4025572.993305 0.000000 0.001467
352783.570237 4025573.042631 0.000000 0.001490
352783.536992 4025573.091954 0.000000 0.001514
352783.503743 4025573.141274 0.000000 0.001537
352783.470490 4025573.190590 0.000000 0.001560
352783.437231 4025573.239904 0.000000 0.001582
352783.403968 4025573.289214 0.000000 0.001604
352783.370700 4025573.338521 0.000000 0.001626
352783.337428 4025573.387825 0.000000 0.001647
352783.304150 4025573.437125 0.000000 0.001668
352783.270868 4025573.486422 0.000000 0.001688
352783.237580 4025573.535716 0.000000 0.001708
352783.204287 4025573.585006 0.000000 0.001727
352783.170990 4025573.634293 0.000000 0.001745
352783.137687 4025573.683576 0.000000 0.001763
352783.104378 4025573.732856 0.000000 0.001780
352783.071065 4025573.782132 0.000000 0.001796
352783.037746 4025573.831404 0.000000 0.001812
352783.004421 4025573.880673 0.000000 0.001827
352782.971092 4025573.929938 0.000000 0.001841
352782.937756 4025573.979199 0.000000 0.001854
352782.904415 4025574.028457 0.000000 0.001867
352782.871069 4025574.077710 0.000000 0.001878
352782.837717 4025574.126960 0.000000 0.001889
352782.804359 4025574.176206 0.000000 0.001898
352782.770995 4025574.225448 0.000000 0.001907
352782.737626 4025574.274687 0.000000 0.001915
352782.704251 4025574.323921 0.000000 0.001922
352782.670871 4025574.373151 0.000000 0.001927
352782.637484 4025574.422378 0.000000 0.001932
352782.604092 4025574.471601 0.000000 0.001935
352782.570694 4025574.520819 0.000000 0.001938
352782.537290 4025574.570034 0.000000 0.001939
352782.503880 4025574.619245 0.000000 0.001940
352782.470465 4025574.668452 0.000000 0.001939
352782.437043 4025574.717655 0.000000 0.001937
352782.403616 4025574.766854 0.000000 0.001934
352782.370183 4025574.816049 0.000000 0.001930
352782.336744 4025574.865240 0.000000 0.001925
352782.303300 4025574.914427 0.000000 0.001919
352782.269849 4025574.963610 0.000000 0.001911
352782.236393 4025575.012790 0.000000 0.001903
352782.202932 4025575.061965 0.000000 0.001893
352782.169464 4025575.111137 0.000000 0.001882
352782.135991 4025575.160305 0.000000 0.001870
352782.102512 4025575.209469 0.000000 0.001857
352782.069028 4025575.258629 0.000000 0.001843
352782.035539 4025575.307785 0.000000 0.001828
352782.002043 4025575.356938 0.000000 0.001812
352781.968543 4025575.406087 0.000000 0.001795
352781.935037 4025575.455233 0.000000 0.001777
352781.901525 4025575.504375 0.000000 0.001758
352781.868009 4025575.553513 0.000000 0.001738
352781.834487 4025575.602648 0.000000 0.001717
352781.800960 4025575.651779 0.000000 0.001695
352781.767428 4025575.700907 0.000000 0.001673
352781.733891 4025575.750032 0.000000 0.001649
352781.700350 4025575.799153 0.000000 0.001625
352781.666803 4025575.848271 0.000000 0.001600
352781.633252 4025575.897386 0.000000 0.001574
352781.599696 4025575.946497 0.000000 0.001548
352781.566135 4025575.995606 0.000000 0.001521
352781.532570 4025576.044711 0.000000 0.001493
352781.499000 4025576.093813 0.000000 0.001465
352781.465426 4025576.142913 0.000000 0.001436
352781.431848 4025576.192010 0.000000 0.001407
352781.398266 4025576.241103 0.000000 0.001378
352781.364680 4025576.290194 0.000000 0.001348
352781.331089 4025576.339283 0.000000 0.001317
352781.297495 4025576.388368 0.000000 0.001287
352781.263897 4025576.437452 0.000000 0.001256
352781.230296 4025576.486532 0.000000 0.001225
352781.196691 4025576.535610 0.000000 0.001194
352781.163082 4025576.584686 0.000000 0.001162
352781.129470 4025576.633760 0.000000 0.001131
352781.095855 4025576.682831 0.000000 0.001099
352781.062236 4025576.731901 0.000000 0.001068
352781.028615 4025576.780968 0.000000 0.001037
352780.994990 4025576.830033 0.000000 0.001006
352780.961363 4025576.879096 0.000000 0.000974
352780.927732 4025576.928157 0.000000 0.000944
352780.894099 4025576.977217 0.000000 0.000913
352780.860464 4025577.026275 0.000000 0.000882
352780.826826 4025577.075331 0.000000 0.000852
352780.793185 4025577.124386 0.000000 0.000822
352780.759542 4025577.173439 0.000000 0.000793
352780.725896 4025577.222491 0.000000 0.000764
352780.692249 4025577.271541 0.000000 0.000735
352780.658599 4025577.320590 0.000000 0.000707
352780.624947 4025577.369639 0.000000 0.000679
352780.591293 4025577.418686 0.000000 0.000652
352780.557636 4025577.467732 0.000000 0.000625
352780.523978 4025577.516778 0.000000 0.000599
352780.490318 4025577.565823 0.000000 0.000573
352780.456656 4025577.614867 0.000000 0.000548
352780.422991 4025577.663912 0.000000 0.000523
352780.389325 4025577.712956 0.000000 0.000499
352780.355657 4025577.762000 0.000000 0.000476
352780.321987 4025577.811044 0.000000 0.000453
352780.288315 4025577.860089 0.000000 0.000431
352780.254640 4025577.909134 0.000000 0.000409
352780.220964 4025577.958180 0.000000 0.000388
352780.187285 4025578.007227 0.000000 0.000368
352780.153604 4025578.056275 0.000000 0.000349
352780.119920 4025578.105325 0.000000 0.000330
352780.086234 4025578.154377 0.000000 0.000311
352780.052545 4025578.203431 0.000000 0.000294
352780.018854 4025578.252487 0.000000 0.000277
352779.985159 4025578.301547 0.000000 0.000260
352779.951461 4025578.350609 0.000000 0.000245
352779.917760 4025578.399676 0.000000 0.000229
352779.884055 4025578.448746 0.000000 0.000215
352779.850347 4025578.497821 0.000000 0.000201
352779.816634 4025578.546901 0.000000 0.000188
352779.782916 4025578.595986 0.000000 0.000175
352779.749194 4025578.645078 0.000000 0.000163
352779.715467 4025578.694176 0.000000 0.000151
352779.681734 4025578.743282 0.000000 0.000140
352779.647995 4025578.792395 0.000000 0.000130
352779.614249 4025578.841517 0.000000 0.000120
352779.580497 4025578.890649 0.000000 0.000110
352779.546738 4025578.939790 0.000000 0.000101
352779.512970 4025578.988943 0.000000 0.000092
352779.479194 4025579.038107 0.000000 0.000084
352779.445410 4025579.087284 0.000000 0.000076
352779.411615 4025579.136475 0.000000 0.000068
352779.377810 4025579.185681 0.000000 0.000061
352779.343995 4025579.234902 0.000000 0.000054
352779.310167 4025579.284140 0.000000 0.000048
352779.276327 4025579.333396 0.000000 0.000041
352779.242474 4025579.382671 0.000000 0.000035
352779.208606 4025579.431967 0.000000 0.000030
352779.174724 4025579.481284 0.000000 0.000024
352779.140825 4025579.530625 0.000000 0.000018
352779.106910 4025579.579989 0.000000 0.000013
352779.072977 4025579.629380 0.000000 0.000008
352779.039025 4025579.678799 0.000000 0.000002
352779.005052 4025579.728247 0.000000 -0.000003
352778.971059 4025579.777725 0.000000 -0.000008
352778.937044 4025579.827236 0.000000 -0.000013
352778.903005 4025579.876781 0.000000 -0.000018
352778.868941 4025579.926362 0.000000 -0.000023
352778.834852 4025579.975981 0.000000 -0.000029
352778.800735 4025580.025640 0.000000 -0.000034
352778.766589 4025580.075340 0.000000 -0.000040
352778.732414 4025580.125085 0.000000 -0.000046
352778.698207 4025580.174875 0.000000 -0.000052
352778.663967 4025580.224713 0.000000 -0.000058
352778.629693 4025580.274602 0.000000 -0.000065
352778.595383 4025580.324544 0.000000 -0.000071
352778.561036 4025580.374540 0.000000 -0.000079
352778.526649 4025580.424594 0.000000 -0.000086
352778.492222 4025580.474708 0.000000 -0.000094
352778.457752 4025580.524883 0.000000 -0.000102
352778.423238 4025580.575124 0.000000 -0.000111
352778.388679 4025580.625432 0.000000 -0.000120
352778.354071 4025580.675810 0.000000 -0.000130
352778.319414 4025580.726261 0.000000 -0.000140
352778.284706 4025580.776788 0.000000 -0.000151
352778.249944 4025580.827393 0.000000 -0.000162
352778.215127 4025580.878079 0.000000 -0.000174
352778.180253 4025580.928850 0.000000 -0.000186
352778.145320 4025580.979707 0.000000 -0.000199
352778.110326 4025581.030655 0.000000 -0.000213
352778.075268 4025581.081696 0.000000 -0.000227
352778.040146 4025581.132833 0.000000 -0.000242
352778.004956 4025581.184069 0.000000 -0.000258
352777.969697 4025581.235408 0.000000 -0.000274
352777.934367 4025581.286853 0.000000 -0.000291
352777.898962 4025581.338406 0.000000 -0.000308
352777.863483 4025581.390072 0.000000 -0.000327
352777.827925 4025581.441854 0.000000 -0.000346
352777.792287 4025581.493754 0.000000 -0.000365
352777.756566 4025581.545777 0.000000 -0.000386
352777.720761 4025581.597926 0.000000 -0.000407
352777.684869 4025581.650203 0.000000 -0.000429
352777.648888 4025581.702614 0.000000 -0.000451
352777.612816 4025581.755160 0.000000 -0.000474
352777.576650 4025581.807846 0.000000 -0.000497
352777.540388 4025581.860675 0.000000 -0.000522
352777.504028 4025581.913650 0.000000 -0.000546
352777.467568 4025581.966776 0.000000 -0.000572
352777.431004 4025582.020056 0.000000 -0.000597
352777.394336 4025582.073494 0.000000 -0.000624
352777.357560 4025582.127092 0.000000 -0.000650
352777.320674 4025582.180856 0.000000 -0.000677
352777.283676 4025582.234788 0.000000 -0.000705
352777.246563 4025582.288892 0.000000 -0.000733
352777.209333 4025582.343172 0.000000 -0.000761
352777.171984 4025582.397632 0.000000 -0.000789
352777.134513 4025582.452275 0.000000 -0.000817
352777.096918 4025582.507106 0.000000 -0.000846
352777.059197 4025582.562128 0.000000 -0.000875
352777.021346 4025582.617345 0.000000 -0.000903
352776.983364 4025582.672761 0.000000 -0.000932
352776.945248 4025582.728380 0.000000 -0.000961
352776.906995 4025582.784206 0.000000 -0.000989
352776.868604 4025582.840242 0.000000 -0.001017
352776.830071 4025582.896494 0.000000 -0.001045
352776.791395 4025582.952964 0.000000 -0.001073
352776.752572 4025583.009657 0.000000 -0.001100
352776.713599 4025583.066577 0.000000 -0.001127
352776.674476 4025583.123728 0.000000 -0.001153
352776.635198 4025583.181115 0.000000 -0.001179
352776.595763 4025583.238741 0.000000 -0.001204
352776.556168 4025583.296611 0.000000 -0.001228
352776.516412 4025583.354729 0.000000 -0.001252
352776.476490 4025583.413099 0.000000 -0.001275
352776.436401 4025583.471726 0.000000 -0.001297
352776.396141 4025583.530615 0.000000 -0.001318
352776.355708 4025583.589769 0.000000 -0.001338
352776.315098 4025583.649194 0.000000 -0.001356
352776.274310 4025583.708894 0.000000 -0.001374
352776.233340 4025583.768873 0.000000 -0.001391
352776.192184 4025583.829137 0.000000 -0.001406
352776.150841 4025583.889689 0.000000 -0.001421
352776.109306 4025583.950536 0.000000 -0.001434
352776.067578 4025584.011682 0.000000 -0.001445
352776.025652 4025584.073132 0.000000 -0.001455
352775.983525 4025584.134891 0.000000 -0.001464
352775.941194 4025584.196964 0.000000 -0.001472
352775.898656 4025584.259357 0.000000 -0.001477
352775.855907 4025584.322075 0.000000 -0.001482
352775.812944 4025584.385123 0.000000 -0.001485
352775.769763 4025584.448507 0.000000 -0.001486
352775.726360 4025584.512232 0.000000 -0.001486
352775.682732 4025584.576305 0.000000 -0.001485
352775.638875 4025584.640732 0.000000 -0.001481
352775.594784 4025584.705517 0.000000 -0.001477
352775.550457 4025584.770668 0.000000 -0.001471
352775.505888 4025584.836191 0.000000 -0.001463
352775.461074 4025584.902092 0.000000 -0.001454
352775.416010 4025584.968378 0.000000 -0.001443
352775.370691 4025585.035056 0.000000 -0.001431
352775.325113 4025585.102133 0.000000 -0.001418
352775.279271 4025585.169615 0.000000 -0.001403
352775.233161 4025585.237511 0.000000 -0.001386
352775.186776 4025585.305828 0.000000 -0.001369
352775.140112 4025585.374574 0.000000 -0.001350
352775.093163 4025585.443757 0.000000 -0.001330
352775.045924 4025585.513385 0.000000 -0.001309
352774.998389 4025585.583468 0.000000 -0.001286
352774.950551 4025585.654013 0.000000 -0.001263
352774.902405 4025585.725031 0.000000 -0.001239
352774.853943 4025585.796531 0.000000 -0.001213
352774.805160 4025585.868522 0.000000 -0.001187
352774.756048 4025585.941016 0.000000 -0.001160
352774.706600 4025586.014023 0.000000 -0.001132
352774.656808 4025586.087553 0.000000 -0.001103
352774.606665 4025586.161619 0.000000 -0.001074
352774.556162 4025586.236232 0.000000 -0.001044
352774.505291 4025586.311405 0.000000 -0.001014
352774.454044 4025586.387150 0.000000 -0.000984
352774.402411 4025586.463481 0.000000 -0.000953
352774.350382 4025586.540411 0.000000 -0.000921
352774.297948 4025586.617955 0.000000 -0.000890
352774.245098 4025586.696129 0.000000 -0.000858
352774.191823 4025586.774946 0.000000 -0.000827
352774.138111 4025586.854424 0.000000 -0.000795
352774.083950 4025586.934580 0.000000 -0.000763
352774.029329 4025587.015429 0.000000 -0.000732
352773.974235 4025587.096992 0.000000 -0.000701
352773.918655 4025587.179286 0.000000 -0.000670
352773.862577 4025587.262330 0.000000 -0.000639
352773.805986 4025587.346146 0.000000 -0.000609
352773.748868 4025587.430754 0.000000 -0.000579
352773.691208 4025587.516175 0.000000 -0.000550
352773.632990 4025587.602433 0.000000 -0.000521
352773.574199 4025587.689552 0.000000 -0.000493
352773.514817 4025587.777554 0.000000 -0.000465
352773.454829 4025587.866467 0.000000 -0.000439
352773.394214 4025587.956316 0.000000 -0.000413
352773.332955 4025588.047128 0.000000 -0.000387
352773.271032 4025588.138933 0.000000 -0.000363
352773.208424 4025588.231761 0.000000 -0.000339
352773.145110 4025588.325645 0.000000 -0.000316
352773.081065 4025588.420619 0.000000 -0.000294
352773.016265 4025588.516719 0.000000 -0.000273
352772.950682 4025588.613987 0.000000 -0.000253
352772.884287 4025588.712464 0.000000 -0.000233
352772.817049 4025588.812198 0.000000 -0.000215
352772.748933 4025588.913240 0.000000 -0.000197
352772.679901 4025589.015646 0.000000 -0.000181
352772.609910 4025589.119478 0.000000 -0.000165
352772.538917 4025589.224803 0.000000 -0.000150
352772.466869 4025589.331695 0.000000 -0.000136
352772.393712 4025589.440237 0.000000 -0.000123
352772.319385 4025589.550519 0.000000 -0.000111
352772.243820 4025589.662639 0.000000 -0.000100
352772.166945 4025589.776707 0.000000 -0.000089
352772.088677 4025589.892844 0.000000 -0.000079
352772.008929 4025590.011180 0.000000 -0.000070
352771.927602 4025590.131861 0.000000 -0.000062
352771.844590 4025590.255045 0.000000 -0.000055
352771.759775 4025590.380905 0.000000 -0.000048
352771.673031 4025590.509630 0.000000 -0.000042
352771.584218 4025590.641427 0.000000 -0.000040
352771.493185 4025590.776520 0.000000 -0.000038
352771.399766 4025590.915154 0.000000 -0.000036
352771.303784 4025591.057592 0.000000 -0.000034
352771.205045 4025591.204123 0.000000 -0.000032
352771.103340 4025591.355057 0.000000 -0.000030
352770.998441 4025591.510730 0.000000 -0.000028
352770.890107 4025591.671503 0.000000 -0.000027
352770.778074 4025591.837765 0.000000 -0.000025
352770.662059 4025592.009937 0.000000 -0.000023
352770.541759 4025592.188467 0.000000 -0.000021
352770.416849 4025592.373839 0.000000 -0.000019
352770.286982 4025592.566569 0.000000 -0.000017
352770.151784 4025592.767211 0.000000 -0.000015
352770.010857 4025592.976353 0.000000 -0.000013
352769.863778 4025593.194626 0.000000 -0.000011
352769.710094 4025593.422702 0.000000 -0.000009
352769.549323 4025593.661294 0.000000 -0.000008
352769.380955 4025593.911161 0.000000 -0.000006
352769.204445 4025594.173111 0.000000 -0.000004
352769.019219 4025594.447997 0.000000 -0.000002
