352748.501367 4025628.582053 0.000000 0.000000
352748.355995 4025628.873674 0.000000 0.000000
352748.217593 4025629.151312 0.000000 0.000000
352748.085704 4025629.415883 0.000000 0.000000
352747.959899 4025629.668252 0.000000 0.000000
352747.839770 4025629.909232 0.000000 0.000000
352747.724937 4025630.139590 0.000000 0.000000
352747.615038 4025630.360049 0.000000 0.000000
352747.509737 4025630.571284 0.000000 0.000000
352747.408717 4025630.773934 0.000000 0.000000
352747.311679 4025630.968593 0.000000 0.000000
352747.218346 4025631.155821 0.000000 0.000000
352747.128458 4025631.336139 0.000000 0.000000
352747.041771 4025631.510034 0.000000 0.000000
352746.958060 4025631.677961 0.000000 0.000000
352746.877112 4025631.840344 0.000000 0.000000
352746.798733 4025631.997575 0.000000 0.000000
352746.722739 4025632.150020 0.000000 0.000000
352746.648962 4025632.298019 0.000000 0.000000
352746.577245 4025632.441885 0.000000 0.000000
352746.507443 4025632.581907 0.000000 0.000000
352746.439425 4025632.718354 0.000000 0.000000
352746.373065 4025632.851473 0.000000 0.000000
352746.308252 4025632.981489 0.000000 0.000000
352746.244882 4025633.108612 0.000000 0.000000
352746.182858 4025633.233032 0.000000 0.000000
352746.122095 4025633.354925 0.000000 -0.000000
352746.062512 4025633.474450 0.000000 -0.000000
352746.004035 4025633.591754 0.000000 0.000000
352745.946600 4025633.706971 0.000000 -0.000000
352745.890146 4025633.820220 0.000000 -0.000000
352745.834616 4025633.931613 0.000000 -0.000000
352745.779962 4025634.041250 0.000000 0.000000
352745.726138 4025634.149222 0.000000 -0.000000
352745.673103 4025634.255612 0.000000 -0.000000
352745.620819 4025634.360495 0.000000 -0.000000
352745.569252 4025634.463939 0.000000 0.000000
352745.518371 4025634.566007 0.000000 -0.000000
352745.468148 4025634.666756 0.000000 -0.000000
352745.418557 4025634.766236 0.000000 -0.000000
352745.369575 4025634.864497 0.000000 0.000000
352745.321178 4025634.961580 0.000000 -0.000000
352745.273349 4025635.057528 0.000000 0.000000
352745.226067 4025635.152376 0.000000 -0.000000
352745.179315 4025635.246161 0.000000 0.000000
352745.133078 4025635.338914 0.000000 0.000000
352745.087339 4025635.430667 0.000000 0.000000
352745.042085 4025635.521448 0.000000 -0.000000
352744.997300 4025635.611287 0.000000 -0.000000
352744.952972 4025635.700210 0.000000 0.000000
352744.909088 4025635.788241 0.000000 -0.000000
352744.865636 4025635.875408 0.000000 0.000000
352744.822604 4025635.961732 0.000000 -0.000000
352744.779980 4025636.047237 0.000000 0.000000
352744.737753 4025636.131945 0.000000 0.000000
352744.695912 4025636.215877 0.000000 0.000000
352744.654448 4025636.299055 0.000000 -0.000000
352744.613351 4025636.381497 0.000000 0.000000
352744.572611 4025636.463223 0.000000 -0.000000
352744.532218 4025636.544251 0.000000 0.000000
352744.492165 4025636.624599 0.000000 -0.000000
352744.452442 4025636.704284 0.000000 0.000000
352744.413042 4025636.783321 0.000000 0.000000
352744.373956 4025636.861728 0.000000 0.000000
352744.335178 4025636.939518 0.000000 0.000000
352744.296699 4025637.016707 0.000000 0.000000
352744.258514 4025637.093308 0.000000 -0.000000
352744.220614 4025637.169336 0.000000 0.000000
352744.182994 4025637.244802 0.000000 -0.000000
352744.145647 4025637.319720 0.000000 -0.000000
352744.108568 4025637.394102 0.000000 -0.000000
352744.071750 4025637.467959 0.000000 0.000000
352744.035189 4025637.541303 0.000000 0.000000
352743.998878 4025637.614144 0.000000 -0.000000
352743.962812 4025637.686492 0.000000 -0.000000
352743.926987 4025637.758359 0.000000 0.000000
352743.891397 4025637.829753 0.000000 0.000000
352743.856038 4025637.900684 0.000000 -0.000000
352743.820905 4025637.971160 0.000000 -0.000000
352743.785995 4025638.041192 0.000000 -0.000000
352743.751302 4025638.110786 0.000000 -0.000000
352743.716822 4025638.179953 0.000000 0.000000
352743.682553 4025638.248698 0.000000 0.000000
352743.648489 4025638.317030 0.000000 -0.000000
352743.614628 4025638.384957 0.000000 0.000000
352743.580965 4025638.452486 0.000000 -0.000000
352743.547497 4025638.519623 0.000000 -0.000000
352743.514220 4025638.586376 0.000000 -0.000000
352743.481132 4025638.652752 0.000000 0.000000
352743.448229 4025638.718756 0.000000 -0.000000
352743.415508 4025638.784395 0.000000 -0.000000
352743.382966 4025638.849676 0.000000 -0.000000
352743.350599 4025638.914604 0.000000 0.000000
352743.318405 4025638.979186 0.000000 -0.000000
352743.286382 4025639.043426 0.000000 0.000000
352743.254525 4025639.107331 0.000000 -0.000000
352743.222833 4025639.170907 0.000000 0.000000
352743.191302 4025639.234158 0.000000 -0.000000
352743.159931 4025639.297090 0.000000 0.000000
352743.128715 4025639.359708 0.000000 0.000000
352743.097654 4025639.422017 0.000000 -0.000000
352743.066744 4025639.484024 0.000000 -0.000000
352743.035983 4025639.545731 0.000000 0.000000
352743.005368 4025639.607145 0.000000 0.000000
352742.974897 4025639.668270 0.000000 0.000000
352742.944568 4025639.729111 0.000000 0.000000
352742.914378 4025639.789673 0.000000 -0.000000
352742.884325 4025639.849959 0.000000 -0.000000
352742.854407 4025639.909976 0.000000 0.000000
352742.824621 4025639.969727 0.000000 0.000000
352742.794966 4025640.029216 0.000000 0.000000
352742.765439 4025640.088449 0.000000 0.000000
352742.736037 4025640.147429 0.000000 0.000000
352742.706759 4025640.206161 0.000000 -0.000000
352742.677603 4025640.264649 0.000000 0.000000
352742.648566 4025640.322897 0.000000 -0.000000
352742.619647 4025640.380910 0.000000 0.000000
352742.590843 4025640.438691 0.000000 -0.000000
352742.562153 4025640.496245 0.000000 0.000000
352742.533573 4025640.553576 0.000000 -0.000000
352742.505103 4025640.610687 0.000000 0.000000
352742.476740 4025640.667583 0.000000 -0.000000
352742.448483 4025640.724268 0.000000 -0.000000
352742.420329 4025640.780746 0.000000 -0.000000
352742.392276 4025640.837021 0.000000 -0.000000
352742.364322 4025640.893097 0.000000 0.000000
352742.336466 4025640.948977 0.000000 0.000000
352742.308705 4025641.004665 0.000000 -0.000000
352742.281038 4025641.060166 0.000000 -0.000000
352742.253462 4025641.115484 0.000000 0.000000
352742.225976 4025641.170621 0.000000 -0.000000
352742.198578 4025641.225583 0.000000 0.000000
352742.171265 4025641.280373 0.000000 0.000000
352742.144037 4025641.334994 0.000000 -0.000000
352742.116890 4025641.389451 0.000000 -0.000000
352742.089823 4025641.443748 0.000000 0.000000
352742.062834 4025641.497888 0.000000 -0.000000
352742.035922 4025641.551875 0.000000 -0.000000
352742.009083 4025641.605714 0.000000 0.000000
352741.982317 4025641.659407 0.000000 -0.000000
352741.955622 4025641.712959 0.000000 0.000000
352741.928995 4025641.766373 0.000000 -0.000000
352741.902434 4025641.819654 0.000000 0.000000
352741.875938 4025641.872806 0.000000 0.000000
352741.849505 4025641.925831 0.000000 -0.000000
352741.823132 4025641.978735 0.000000 -0.000000
352741.796819 4025642.031521 0.000000 0.000000
352741.770562 4025642.084192 0.000000 0.000000
352741.744360 4025642.136753 0.000000 0.000000
352741.718212 4025642.189208 0.000000 -0.000000
352741.692114 4025642.241560 0.000000 -0.000000
352741.666066 4025642.293814 0.000000 -0.000000
352741.640065 4025642.345973 0.000000 0.000000
352741.614109 4025642.398041 0.000000 0.000000
352741.588196 4025642.450022 0.000000 0.000000
352741.562325 4025642.501921 0.000000 -0.000000
352741.536493 4025642.553740 0.000000 -0.000000
352741.510699 4025642.605484 0.000000 -0.000000
352741.484940 4025642.657157 0.000000 0.000000
352741.459214 4025642.708763 0.000000 -0.000000
352741.433520 4025642.760305 0.000000 0.000000
352741.407856 4025642.811788 0.000000 0.000000
352741.382219 4025642.863216 0.000000 0.000000
352741.356608 4025642.914592 0.000000 0.000000
352741.331021 4025642.965921 0.000000 0.000000
352741.305455 4025643.017206 0.000000 -0.000000
352741.279910 4025643.068452 0.000000 -0.000000
352741.254381 4025643.119661 0.000000 0.000000
352741.228869 4025643.170840 0.000000 -0.000000
352741.203371 4025643.221990 0.000000 0.000000
352741.177884 4025643.273117 0.000000 0.000000
352741.152408 4025643.324223 0.000000 0.000000
352741.126939 4025643.375314 0.000000 -0.000000
352741.101476 4025643.426393 0.000000 -0.000000
352741.076017 4025643.477464 0.000000 -0.000000
352741.050560 4025643.528532 0.000000 0.000000
352741.025103 4025643.579599 0.000000 0.000000
352740.999644 4025643.630670 0.000000 -0.000000
352740.974181 4025643.681749 0.000000 -0.000000
352740.948713 4025643.732840 0.000000 -0.000000
352740.923236 4025643.783947 0.000000 0.000000
352740.897749 4025643.835073 0.000000 0.000000
352740.872251 4025643.886224 0.000000 0.000000
352740.846739 4025643.937402 0.000000 0.000000
352740.821211 4025643.988612 0.000000 -0.000000
352740.795665 4025644.039857 0.000000 0.000000
352740.770099 4025644.091142 0.000000 -0.000000
352740.744512 4025644.142471 0.000000 -0.000000
352740.718901 4025644.193847 0.000000 -0.000000
352740.693264 4025644.245275 0.000000 -0.000000
352740.667600 4025644.296758 0.000000 0.000000
352740.641906 4025644.348300 0.000000 -0.000000
352740.616181 4025644.399906 0.000000 0.000000
352740.590422 4025644.451579 0.000000 -0.000000
352740.564627 4025644.503323 0.000000 -0.000000
352740.538795 4025644.555143 0.000000 0.000000
352740.512924 4025644.607041 0.000000 0.000000
352740.487011 4025644.659022 0.000000 0.000000
352740.461055 4025644.711090 0.000000 0.000000
352740.435054 4025644.763249 0.000000 0.000000
352740.409006 4025644.815503 0.000000 -0.000000
352740.382908 4025644.867855 0.000000 0.000000
352740.356760 4025644.920310 0.000000 0.000000
352740.330558 4025644.972871 0.000000 0.000000
352740.304301 4025645.025543 0.000000 0.000000
352740.277988 4025645.078328 0.000000 -0.000000
352740.251615 4025645.131232 0.000000 -0.000000
352740.225182 4025645.184257 0.000000 -0.000000
352740.198686 4025645.237409 0.000000 0.000000
352740.172126 4025645.290690 0.000000 0.000000
352740.145498 4025645.344104 0.000000 0.000000
352740.118803 4025645.397656 0.000000 0.000000
352740.092037 4025645.451350 0.000000 -0.000000
352740.065198 4025645.505188 0.000000 -0.000000
352740.038286 4025645.559175 0.000000 0.000000
352740.011297 4025645.613315 0.000000 0.000000
352739.984230 4025645.667612 0.000000 0.000000
352739.957083 4025645.722069 0.000000 -0.000000
352739.929855 4025645.776690 0.000000 -0.000000
352739.902542 4025645.831480 0.000000 0.000000
352739.875144 4025645.886442 0.000000 0.000000
352739.847658 4025645.941579 0.000000 0.000000
352739.820082 4025645.996897 0.000000 -0.000000
352739.792415 4025646.052398 0.000000 -0.000000
352739.764654 4025646.108087 0.000000 0.000000
352739.736798 4025646.163967 0.000000 0.000000
352739.708844 4025646.220042 0.000000 0.000000
352739.680791 4025646.276317 0.000000 -0.000000
352739.652637 4025646.332795 0.000000 -0.000000
352739.624380 4025646.389480 0.000000 0.000000
352739.596017 4025646.446376 0.000000 0.000000
352739.567547 4025646.503488 0.000000 0.000000
352739.538968 4025646.560818 0.000000 0.000000
352739.510277 4025646.618372 0.000000 -0.000000
352739.481473 4025646.676153 0.000000 -0.000000
352739.452554 4025646.734166 0.000000 0.000000
352739.423517 4025646.792414 0.000000 0.000000
352739.394361 4025646.850902 0.000000 0.000000
352739.365083 4025646.909634 0.000000 0.000000
352739.335682 4025646.968614 0.000000 -0.000000
352739.306154 4025647.027847 0.000000 0.000000
352739.276499 4025647.087337 0.000000 0.000000
352739.246713 4025647.147087 0.000000 0.000000
352739.216795 4025647.207104 0.000000 0.000000
352739.186742 4025647.267391 0.000000 -0.000000
352739.156552 4025647.327952 0.000000 -0.000000
352739.126223 4025647.388793 0.000000 -0.000000
352739.095752 4025647.449918 0.000000 0.000000
352739.065137 4025647.511332 0.000000 0.000000
352739.034376 4025647.573040 0.000000 -0.000000
352739.003466 4025647.635046 0.000000 -0.000000
352738.972405 4025647.697355 0.000000 0.000000
352738.941190 4025647.759974 0.000000 0.000000
352738.909818 4025647.822906 0.000000 0.000000
352738.878287 4025647.886157 0.000000 0.000000
352738.846595 4025647.949732 0.000000 -0.000000
352738.814739 4025648.013637 0.000000 -0.000000
352738.782715 4025648.077878 0.000000 0.000000
352738.750521 4025648.142459 0.000000 0.000000
352738.718154 4025648.207387 0.000000 0.000000
352738.685612 4025648.272668 0.000000 0.000000
352738.652891 4025648.338307 0.000000 -0.000000
352738.619988 4025648.404311 0.000000 -0.000000
352738.586900 4025648.470687 0.000000 -0.000000
352738.553623 4025648.537440 0.000000 0.000000
352738.520155 4025648.604577 0.000000 -0.000000
352738.486492 4025648.672106 0.000000 -0.000000
352738.452631 4025648.740033 0.000000 0.000000
352738.418567 4025648.808365 0.000000 -0.000000
352738.384298 4025648.877111 0.000000 -0.000000
352738.349818 4025648.946277 0.000000 0.000000
352738.315126 4025649.015871 0.000000 0.000000
352738.280215 4025649.085903 0.000000 -0.000000
352738.245082 4025649.156380 0.000000 -0.000000
352738.209723 4025649.227310 0.000000 0.000000
352738.174134 4025649.298704 0.000000 0.000000
352738.138308 4025649.370571 0.000000 0.000000
352738.102242 4025649.442919 0.000000 -0.000000
352738.065931 4025649.515760 0.000000 -0.000000
352738.029370 4025649.589104 0.000000 0.000000
352737.992552 4025649.662961 0.000000 -0.000000
352737.955473 4025649.737343 0.000000 0.000000
352737.918126 4025649.812261 0.000000 -0.000000
352737.880506 4025649.887727 0.000000 -0.000000
352737.842606 4025649.963755 0.000000 0.000000
352737.804421 4025650.040356 0.000000 0.000000
352737.765942 4025650.117545 0.000000 0.000000
352737.727164 4025650.195335 0.000000 -0.000000
352737.688078 4025650.273742 0.000000 0.000000
352737.648678 4025650.352779 0.000000 -0.000000
352737.608955 4025650.432464 0.000000 0.000000
352737.568902 4025650.512812 0.000000 -0.000000
352737.528509 4025650.593840 0.000000 0.000000
352737.487769 4025650.675566 0.000000 0.000000
352737.446672 4025650.758008 0.000000 -0.000000
352737.405208 4025650.841186 0.000000 -0.000000
352737.363367 4025650.925119 0.000000 0.000000
352737.321140 4025651.009827 0.000000 0.000000
352737.278516 4025651.095332 0.000000 0.000000
352737.235484 4025651.181656 0.000000 -0.000000
352737.192032 4025651.268822 0.000000 -0.000000
352737.148148 4025651.356854 0.000000 -0.000000
352737.103820 4025651.445776 0.000000 0.000000
352737.059035 4025651.535615 0.000000 -0.000000
352737.013781 4025651.626397 0.000000 -0.000000
352736.968042 4025651.718150 0.000000 0.000000
352736.921805 4025651.810903 0.000000 0.000000
352736.875053 4025651.904687 0.000000 0.000000
352736.827771 4025651.999536 0.000000 0.000000
352736.779942 4025652.095483 0.000000 -0.000000
352736.731546 4025652.192567 0.000000 -0.000000
352736.682563 4025652.290827 0.000000 0.000000
352736.632972 4025652.390308 0.000000 -0.000000
352736.582749 4025652.491056 0.000000 0.000000
352736.531868 4025652.593124 0.000000 0.000000
352736.480301 4025652.696569 0.000000 0.000000
352736.428017 4025652.801452 0.000000 0.000000
352736.374982 4025652.907841 0.000000 0.000000
352736.321158 4025653.015813 0.000000 -0.000000
352736.266504 4025653.125450 0.000000 0.000000
352736.210974 4025653.236843 0.000000 0.000000
352736.154520 4025653.350093 0.000000 -0.000000
352736.097085 4025653.465309 0.000000 0.000000
352736.038609 4025653.582613 0.000000 0.000000
352735.979025 4025653.702138 0.000000 0.000000
352735.918262 4025653.824031 0.000000 0.000000
352735.856238 4025653.948452 0.000000 -0.000000
352735.792868 4025654.075574 0.000000 -0.000000
352735.728055 4025654.205591 0.000000 -0.000000
352735.661695 4025654.338709 0.000000 -0.000000
352735.593677 4025654.475156 0.000000 -0.000000
352735.523875 4025654.615178 0.000000 -0.000000
352735.452159 4025654.759044 0.000000 -0.000000
352735.378381 4025654.907043 0.000000 -0.000000
352735.302387 4025655.059488 0.000000 -0.000000
352735.224008 4025655.216720 0.000000 -0.000000
352735.143060 4025655.379102 0.000000 -0.000000
352735.059349 4025655.547029 0.000000 -0.000000
352734.972662 4025655.720924 0.000000 -0.000000
352734.882774 4025655.901242 0.000000 -0.000000
352734.789441 4025656.088470 0.000000 -0.000000
352734.692403 4025656.283129 0.000000 -0.000000
352734.591383 4025656.485779 0.000000 -0.000000
352734.486082 4025656.697015 0.000000 -0.000000
352734.376184 4025656.917473 0.000000 -0.000000
352734.261350 4025657.147832 0.000000 -0.000000
352734.141222 4025657.388812 0.000000 -0.000000
352734.015416 4025657.641180 0.000000 -0.000000
352733.883527 4025657.905752 0.000000 -0.000000
352733.745125 4025658.183390 0.000000 -0.000000
