352662.564531 4025797.450541 0.000000 0.000000
352662.422331 4025797.738812 0.000000 -0.000000
352662.280130 4025798.027082 0.000000 -0.000000
352662.137929 4025798.315353 0.000000 -0.000000
352661.995729 4025798.603624 0.000000 -0.000000
352661.853528 4025798.891894 0.000000 -0.000000
352661.711327 4025799.180165 0.000000 -0.000000
352661.569127 4025799.468436 0.000000 -0.000000
352661.426926 4025799.756706 0.000000 -0.000000
352661.284726 4025800.044977 0.000000 -0.000000
352661.142525 4025800.333248 0.000000 -0.000000
352661.000324 4025800.621518 0.000000 -0.000000
352660.858124 4025800.909789 0.000000 -0.000000
352660.715923 4025801.198060 0.000000 -0.000000
352660.573722 4025801.486330 0.000000 -0.000000
352660.431522 4025801.774601 0.000000 -0.000000
352660.289321 4025802.062871 0.000000 -0.000000
352660.147121 4025802.351142 0.000000 -0.000000
352660.004920 4025802.639413 0.000000 0.000000
352659.862719 4025802.927683 0.000000 -0.000000
352659.720519 4025803.215954 0.000000 0.000000
352659.578318 4025803.504225 0.000000 0.000000
352659.436117 4025803.792495 0.000000 0.000000
352659.293917 4025804.080766 0.000000 0.000000
352659.151716 4025804.369037 0.000000 -0.000000
352659.009516 4025804.657307 0.000000 0.000000
352658.867315 4025804.945578 0.000000 -0.000000
352658.725114 4025805.233849 0.000000 -0.000000
352658.582914 4025805.522119 0.000000 -0.000000
352658.440713 4025805.810390 0.000000 -0.000000
352658.298512 4025806.098661 0.000000 0.000000
352658.156312 4025806.386931 0.000000 0.000000
352658.014111 4025806.675202 0.000000 0.000000
352657.871911 4025806.963473 0.000000 0.000000
352657.729710 4025807.251743 0.000000 0.000000
352657.587509 4025807.540014 0.000000 0.000000
352657.445309 4025807.828285 0.000000 0.000000
352657.303108 4025808.116555 0.000000 0.000000
352657.160907 4025808.404826 0.000000 0.000000
352657.018707 4025808.693097 0.000000 0.000000
352656.876506 4025808.981367 0.000000 0.000000
352656.734306 4025809.269638 0.000000 0.000000
352656.592105 4025809.557909 0.000000 0.000000
352656.449904 4025809.846179 0.000000 0.000000
352656.307704 4025810.134450 0.000000 0.000000
352656.165503 4025810.422720 0.000000 0.000000
352656.023302 4025810.710991 0.000000 0.000000
352655.881102 4025810.999262 0.000000 0.000000
352655.738901 4025811.287532 0.000000 0.000000
352655.596701 4025811.575803 0.000000 0.000000
