352655.454500 4025811.864074 0.000000 0.000000
352655.299371 4025812.172100 0.000000 -0.000001
352655.151680 4025812.465357 0.000000 -0.000003
352655.010940 4025812.744812 0.000000 -0.000004
352654.876691 4025813.011378 0.000000 -0.000005
352654.748501 4025813.265915 0.000000 -0.000007
352654.625960 4025813.509233 0.000000 -0.000008
352654.508686 4025813.742093 0.000000 -0.000009
352654.396318 4025813.965213 0.000000 -0.000010
352654.288518 4025814.179263 0.000000 -0.000012
352654.184968 4025814.384873 0.000000 -0.000013
352654.085371 4025814.582634 0.000000 -0.000014
352653.989451 4025814.773096 0.000000 -0.000016
352653.896946 4025814.956774 0.000000 -0.000017
352653.807617 4025815.134149 0.000000 -0.000018
352653.721237 4025815.305667 0.000000 -0.000020
352653.637598 4025815.471744 0.000000 -0.000021
352653.556504 4025815.632766 0.000000 -0.000022
352653.477776 4025815.789092 0.000000 -0.000024
352653.401247 4025815.941052 0.000000 -0.000025
352653.326763 4025816.088954 0.000000 -0.000026
352653.254180 4025816.233079 0.000000 -0.000027
352653.183369 4025816.373688 0.000000 -0.000029
352653.114208 4025816.511022 0.000000 -0.000030
352653.046586 4025816.645299 0.000000 -0.000035
352652.980402 4025816.776724 0.000000 -0.000039
352652.915564 4025816.905479 0.000000 -0.000045
352652.851984 4025817.031735 0.000000 -0.000051
352652.789587 4025817.155645 0.000000 -0.000057
352652.728301 4025817.277351 0.000000 -0.000064
352652.668061 4025817.396982 0.000000 -0.000072
352652.608810 4025817.514653 0.000000 -0.000080
352652.550492 4025817.630471 0.000000 -0.000089
352652.493061 4025817.744532 0.000000 -0.000099
352652.436472 4025817.856924 0.000000 -0.000109
352652.380685 4025817.967728 0.000000 -0.000120
352652.325663 4025818.077015 0.000000 -0.000132
352652.271374 4025818.184851 0.000000 -0.000144
352652.217787 4025818.291296 0.000000 -0.000157
352652.164875 4025818.396407 0.000000 -0.000171
352652.112612 4025818.500232 0.000000 -0.000185
352652.060975 4025818.602819 0.000000 -0.000201
352652.009942 4025818.704211 0.000000 -0.000217
352651.959494 4025818.804448 0.000000 -0.000233
352651.909612 4025818.903566 0.000000 -0.000251
352651.860279 4025819.001602 0.000000 -0.000269
352651.811477 4025819.098589 0.000000 -0.000288
352651.763191 4025819.194557 0.000000 -0.000307
352651.715406 4025819.289537 0.000000 -0.000328
352651.668108 4025819.383559 0.000000 -0.000349
352651.621282 4025819.476649 0.000000 -0.000370
352651.574916 4025819.568835 0.000000 -0.000392
352651.528996 4025819.660143 0.000000 -0.000415
352651.483510 4025819.750598 0.000000 -0.000439
352651.438446 4025819.840224 0.000000 -0.000463
352651.393793 4025819.929044 0.000000 -0.000487
352651.349538 4025820.017082 0.000000 -0.000513
352651.305671 4025820.104359 0.000000 -0.000538
352651.262183 4025820.190896 0.000000 -0.000564
352651.219061 4025820.276714 0.000000 -0.000591
352651.176297 4025820.361832 0.000000 -0.000618
352651.133882 4025820.446271 0.000000 -0.000645
352651.091805 4025820.530048 0.000000 -0.000672
352651.050059 4025820.613181 0.000000 -0.000700
352651.008634 4025820.695687 0.000000 -0.000728
352650.967522 4025820.777584 0.000000 -0.000756
352650.926716 4025820.858888 0.000000 -0.000784
352650.886206 4025820.939615 0.000000 -0.000813
352650.845987 4025821.019780 0.000000 -0.000841
352650.806049 4025821.099398 0.000000 -0.000869
352650.766387 4025821.178483 0.000000 -0.000898
352650.726992 4025821.257050 0.000000 -0.000926
352650.687859 4025821.335112 0.000000 -0.000954
352650.648981 4025821.412682 0.000000 -0.000981
352650.610351 4025821.489775 0.000000 -0.001009
352650.571964 4025821.566401 0.000000 -0.001036
352650.533812 4025821.642575 0.000000 -0.001063
352650.495890 4025821.718307 0.000000 -0.001089
352650.458192 4025821.793609 0.000000 -0.001115
352650.420713 4025821.868494 0.000000 -0.001140
352650.383446 4025821.942972 0.000000 -0.001165
352650.346387 4025822.017054 0.000000 -0.001189
352650.309530 4025822.090752 0.000000 -0.001213
352650.272869 4025822.164075 0.000000 -0.001236
352650.236399 4025822.237035 0.000000 -0.001258
352650.200117 4025822.309642 0.000000 -0.001279
352650.164015 4025822.381905 0.000000 -0.001300
352650.128089 4025822.453835 0.000000 -0.001319
352650.092335 4025822.525442 0.000000 -0.001338
352650.056748 4025822.596736 0.000000 -0.001356
352650.021322 4025822.667725 0.000000 -0.001373
352649.986053 4025822.738419 0.000000 -0.001389
352649.950937 4025822.808829 0.000000 -0.001404
352649.915968 4025822.878962 0.000000 -0.001417
352649.881142 4025822.948829 0.000000 -0.001430
352649.846455 4025823.018439 0.000000 -0.001442
352649.811901 4025823.087800 0.000000 -0.001452
352649.777477 4025823.156921 0.000000 -0.001462
352649.743178 4025823.225812 0.000000 -0.001470
352649.708999 4025823.294481 0.000000 -0.001477
352649.674937 4025823.362937 0.000000 -0.001483
352649.640986 4025823.431188 0.000000 -0.001488
352649.607142 4025823.499245 0.000000 -0.001491
352649.573401 4025823.567114 0.000000 -0.001494
352649.539759 4025823.634805 0.000000 -0.001495
352649.506210 4025823.702326 0.000000 -0.001495
352649.472752 4025823.769687 0.000000 -0.001494
352649.439379 4025823.836894 0.000000 -0.001492
352649.406088 4025823.903957 0.000000 -0.001489
352649.372873 4025823.970884 0.000000 -0.001484
352649.339732 4025824.037684 0.000000 -0.001479
352649.306659 4025824.104364 0.000000 -0.001472
352649.273650 4025824.170934 0.000000 -0.001464
352649.240701 4025824.237400 0.000000 -0.001455
352649.207809 4025824.303773 0.000000 -0.001446
352649.174968 4025824.370059 0.000000 -0.001435
352649.142175 4025824.436267 0.000000 -0.001423
352649.109425 4025824.502405 0.000000 -0.001410
352649.076715 4025824.568481 0.000000 -0.001397
352649.044040 4025824.634504 0.000000 -0.001382
352649.011396 4025824.700482 0.000000 -0.001367
352648.978778 4025824.766422 0.000000 -0.001350
352648.946184 4025824.832333 0.000000 -0.001333
352648.913608 4025824.898222 0.000000 -0.001316
352648.881047 4025824.964099 0.000000 -0.001297
352648.848496 4025825.029971 0.000000 -0.001278
352648.815951 4025825.095846 0.000000 -0.001258
352648.783409 4025825.161732 0.000000 -0.001238
352648.750864 4025825.227637 0.000000 -0.001217
352648.718313 4025825.293570 0.000000 -0.001195
352648.685753 4025825.359538 0.000000 -0.001173
352648.653178 4025825.425550 0.000000 -0.001151
352648.620584 4025825.491613 0.000000 -0.001128
352648.587968 4025825.557737 0.000000 -0.001105
352648.555325 4025825.623928 0.000000 -0.001081
352648.522651 4025825.690195 0.000000 -0.001057
352648.489942 4025825.756547 0.000000 -0.001033
352648.457194 4025825.822991 0.000000 -0.001009
352648.424402 4025825.889535 0.000000 -0.000984
352648.391563 4025825.956189 0.000000 -0.000960
352648.358672 4025826.022960 0.000000 -0.000935
352648.325725 4025826.089856 0.000000 -0.000910
352648.292717 4025826.156886 0.000000 -0.000885
352648.259646 4025826.224058 0.000000 -0.000861
352648.226505 4025826.291381 0.000000 -0.000836
352648.193291 4025826.358863 0.000000 -0.000811
352648.160000 4025826.426512 0.000000 -0.000787
352648.126628 4025826.494337 0.000000 -0.000762
352648.093169 4025826.562347 0.000000 -0.000738
352648.059620 4025826.630550 0.000000 -0.000714
352648.025977 4025826.698955 0.000000 -0.000690
352647.992234 4025826.767570 0.000000 -0.000666
352647.958388 4025826.836404 0.000000 -0.000643
352647.924434 4025826.905466 0.000000 -0.000620
352647.890368 4025826.974765 0.000000 -0.000597
352647.856184 4025827.044310 0.000000 -0.000575
352647.821879 4025827.114110 0.000000 -0.000553
352647.787449 4025827.184173 0.000000 -0.000531
352647.752887 4025827.254509 0.000000 -0.000510
352647.718191 4025827.325127 0.000000 -0.000489
352647.683354 4025827.396037 0.000000 -0.000469
352647.648373 4025827.467247 0.000000 -0.000449
352647.613243 4025827.538767 0.000000 -0.000430
352647.577959 4025827.610608 0.000000 -0.000411
352647.542515 4025827.682778 0.000000 -0.000392
352647.506908 4025827.755287 0.000000 -0.000374
352647.471132 4025827.828145 0.000000 -0.000357
352647.435181 4025827.901363 0.000000 -0.000340
352647.399052 4025827.974951 0.000000 -0.000323
352647.362738 4025828.048918 0.000000 -0.000307
352647.326235 4025828.123277 0.000000 -0.000291
352647.289536 4025828.198037 0.000000 -0.000276
352647.252637 4025828.273210 0.000000 -0.000262
352647.215532 4025828.348807 0.000000 -0.000248
352647.178215 4025828.424840 0.000000 -0.000234
352647.140680 4025828.501320 0.000000 -0.000221
352647.102921 4025828.578259 0.000000 -0.000209
352647.064932 4025828.655670 0.000000 -0.000197
352647.026707 4025828.733565 0.000000 -0.000185
352646.988240 4025828.811958 0.000000 -0.000174
352646.949523 4025828.890862 0.000000 -0.000164
352646.910550 4025828.970290 0.000000 -0.000154
352646.871315 4025829.050256 0.000000 -0.000144
352646.831809 4025829.130776 0.000000 -0.000135
352646.792025 4025829.211863 0.000000 -0.000126
352646.751956 4025829.293534 0.000000 -0.000118
352646.711595 4025829.375804 0.000000 -0.000110
352646.670932 4025829.458690 0.000000 -0.000102
352646.629960 4025829.542207 0.000000 -0.000095
352646.588670 4025829.626375 0.000000 -0.000088
352646.547053 4025829.711210 0.000000 -0.000082
352646.505100 4025829.796732 0.000000 -0.000076
352646.462802 4025829.882959 0.000000 -0.000070
352646.420148 4025829.969912 0.000000 -0.000065
352646.377130 4025830.057610 0.000000 -0.000060
352646.333735 4025830.146075 0.000000 -0.000055
352646.289954 4025830.235329 0.000000 -0.000051
352646.245776 4025830.325395 0.000000 -0.000046
352646.201188 4025830.416296 0.000000 -0.000043
352646.156179 4025830.508057 0.000000 -0.000039
352646.110736 4025830.600702 0.000000 -0.000036
352646.064847 4025830.694258 0.000000 -0.000032
352646.018499 4025830.788752 0.000000 -0.000030
352645.971677 4025830.884211 0.000000 -0.000027
352645.924368 4025830.980664 0.000000 -0.000024
352645.876556 4025831.078143 0.000000 -0.000022
352645.828227 4025831.176678 0.000000 -0.000020
352645.779363 4025831.276302 0.000000 -0.000018
352645.729947 4025831.377052 0.000000 -0.000016
352645.679961 4025831.478964 0.000000 -0.000014
352645.629386 4025831.582079 0.000000 -0.000013
352645.578200 4025831.686440 0.000000 -0.000012
352645.526380 4025831.792093 0.000000 -0.000010
352645.473901 4025831.899089 0.000000 -0.000009
352645.420736 4025832.007484 0.000000 -0.000008
352645.366856 4025832.117338 0.000000 -0.000007
352645.312228 4025832.228718 0.000000 -0.000006
352645.256816 4025832.341695 0.000000 -0.000006
352645.200581 4025832.456351 0.000000 -0.000005
352645.143480 4025832.572774 0.000000 -0.000004
352645.085464 4025832.691059 0.000000 -0.000004
352645.026483 4025832.811315 0.000000 -0.000003
352644.966478 4025832.933658 0.000000 -0.000003
352644.905386 4025833.058217 0.000000 -0.000002
352644.843137 4025833.185134 0.000000 -0.000002
352644.779656 4025833.314564 0.000000 -0.000002
352644.714859 4025833.446678 0.000000 -0.000001
352644.648655 4025833.581660 0.000000 -0.000001
352644.580944 4025833.719714 0.000000 -0.000001
352644.511618 4025833.861062 0.000000 -0.000001
352644.440558 4025834.005944 0.000000 -0.000001
352644.367637 4025834.154622 0.000000 -0.000001
352644.292714 4025834.307381 0.000000 -0.000001
352644.215639 4025834.464528 0.000000 -0.000001
352644.136248 4025834.626396 0.000000 -0.000001
352644.054365 4025834.793347 0.000000 -0.000001
352643.969799 4025834.965766 0.000000 -0.000001
352643.882346 4025835.144073 0.000000 -0.000001
352643.791784 4025835.328717 0.000000 -0.000001
352643.697878 4025835.520180 0.000000 -0.000001
352643.600374 4025835.718981 0.000000 -0.000000
352643.498999 4025835.925672 0.000000 -0.000000
352643.393463 4025836.140848 0.000000 -0.000000
352643.283455 4025836.365140 0.000000 -0.000000
352643.168644 4025836.599225 0.000000 -0.000000
352643.048678 4025836.843822 0.000000 -0.000000
352642.923180 4025837.099698 0.000000 -0.000000
352642.791751 4025837.367665 0.000000 -0.000000
352642.653968 4025837.648590 0.000000 -0.000000
352642.509379 4025837.943389 0.000000 -0.000000
