352642.357509 4025838.253035 0.000000 0.000000
352642.198194 4025838.560938 0.000000 0.000000
352642.046519 4025838.854079 0.000000 0.000000
352641.901981 4025839.133424 0.000000 0.000000
352641.764110 4025839.399884 0.000000 0.000000
352641.632461 4025839.654320 0.000000 0.000000
352641.506614 4025839.897542 0.000000 0.000000
352641.386176 4025840.130310 0.000000 0.000000
352641.270776 4025840.353341 0.000000 0.000000
352641.160067 4025840.567306 0.000000 0.000000
352641.053723 4025840.772835 0.000000 0.000000
352640.951440 4025840.970517 0.000000 0.000000
352640.852931 4025841.160904 0.000000 0.000000
352640.757930 4025841.344509 0.000000 0.000000
352640.666190 4025841.521813 0.000000 0.000000
352640.577480 4025841.693262 0.000000 0.000000
352640.491583 4025841.859273 0.000000 0.000000
352640.408301 4025842.020231 0.000000 0.000000
352640.327448 4025842.176494 0.000000 0.000000
352640.248853 4025842.328393 0.000000 0.000000
352640.172358 4025842.476234 0.000000 0.000000
352640.097815 4025842.620300 0.000000 0.000000
352640.025092 4025842.760851 0.000000 0.000000
352639.954063 4025842.898127 0.000000 0.000000
352639.884615 4025843.032348 0.000000 0.000000
352639.816643 4025843.163716 0.000000 -0.000000
352639.750052 4025843.292415 0.000000 0.000000
352639.684754 4025843.418615 0.000000 -0.000000
352639.620670 4025843.542469 0.000000 0.000000
352639.557727 4025843.664119 0.000000 -0.000000
352639.495858 4025843.783692 0.000000 -0.000000
352639.435003 4025843.901305 0.000000 0.000000
352639.375107 4025844.017064 0.000000 -0.000000
352639.316122 4025844.131064 0.000000 -0.000000
352639.258000 4025844.243395 0.000000 -0.000000
352639.200702 4025844.354134 0.000000 -0.000000
352639.144189 4025844.463355 0.000000 0.000000
352639.088429 4025844.571122 0.000000 0.000000
352639.033389 4025844.677496 0.000000 -0.000000
352638.979042 4025844.782532 0.000000 -0.000000
352638.925361 4025844.886279 0.000000 0.000000
352638.872324 4025844.988784 0.000000 -0.000000
352638.819907 4025845.090089 0.000000 -0.000000
352638.768091 4025845.190233 0.000000 0.000000
352638.716855 4025845.289254 0.000000 0.000000
352638.666184 4025845.387187 0.000000 0.000000
352638.616058 4025845.484063 0.000000 -0.000000
352638.566464 4025845.579914 0.000000 0.000000
352638.517384 4025845.674769 0.000000 0.000000
352638.468805 4025845.768657 0.000000 -0.000000
352638.420712 4025845.861604 0.000000 -0.000000
352638.373093 4025845.953638 0.000000 0.000000
352638.325933 4025846.044782 0.000000 0.000000
352638.279221 4025846.135061 0.000000 -0.000000
352638.232945 4025846.224499 0.000000 0.000000
352638.187092 4025846.313119 0.000000 0.000000
352638.141651 4025846.400941 0.000000 -0.000000
352638.096612 4025846.487986 0.000000 0.000000
352638.051965 4025846.574276 0.000000 0.000000
352638.007698 4025846.659829 0.000000 -0.000000
352637.963804 4025846.744663 0.000000 -0.000000
352637.920271 4025846.828797 0.000000 0.000000
352637.877093 4025846.912248 0.000000 0.000000
352637.834258 4025846.995032 0.000000 0.000000
352637.791761 4025847.077166 0.000000 0.000000
352637.749592 4025847.158665 0.000000 -0.000000
352637.707744 4025847.239544 0.000000 -0.000000
352637.666210 4025847.319817 0.000000 0.000000
352637.624982 4025847.399497 0.000000 -0.000000
352637.584054 4025847.478599 0.000000 0.000000
352637.543418 4025847.557134 0.000000 -0.000000
352637.503070 4025847.635115 0.000000 0.000000
352637.463001 4025847.712554 0.000000 0.000000
352637.423208 4025847.789462 0.000000 -0.000000
352637.383683 4025847.865850 0.000000 -0.000000
352637.344422 4025847.941730 0.000000 -0.000000
352637.305419 4025848.017110 0.000000 0.000000
352637.266669 4025848.092002 0.000000 -0.000000
352637.228167 4025848.166414 0.000000 -0.000000
352637.189908 4025848.240356 0.000000 -0.000000
352637.151888 4025848.313836 0.000000 -0.000000
352637.114102 4025848.386865 0.000000 -0.000000
352637.076546 4025848.459449 0.000000 0.000000
352637.039215 4025848.531597 0.000000 -0.000000
352637.002106 4025848.603316 0.000000 0.000000
352636.965215 4025848.674616 0.000000 -0.000000
352636.928537 4025848.745502 0.000000 0.000000
352636.892070 4025848.815983 0.000000 0.000000
352636.855808 4025848.886064 0.000000 -0.000000
352636.819750 4025848.955754 0.000000 -0.000000
352636.783890 4025849.025059 0.000000 -0.000000
352636.748227 4025849.093985 0.000000 -0.000000
352636.712756 4025849.162538 0.000000 0.000000
352636.677475 4025849.230726 0.000000 -0.000000
352636.642380 4025849.298553 0.000000 0.000000
352636.607468 4025849.366027 0.000000 -0.000000
352636.572736 4025849.433152 0.000000 0.000000
352636.538182 4025849.499935 0.000000 -0.000000
352636.503801 4025849.566381 0.000000 0.000000
352636.469593 4025849.632496 0.000000 -0.000000
352636.435552 4025849.698284 0.000000 -0.000000
352636.401678 4025849.763753 0.000000 0.000000
352636.367967 4025849.828906 0.000000 -0.000000
352636.334416 4025849.893749 0.000000 -0.000000
352636.301023 4025849.958287 0.000000 -0.000000
352636.267785 4025850.022526 0.000000 0.000000
352636.234700 4025850.086469 0.000000 0.000000
352636.201764 4025850.150122 0.000000 -0.000000
352636.168977 4025850.213490 0.000000 -0.000000
352636.136335 4025850.276577 0.000000 -0.000000
352636.103835 4025850.339388 0.000000 -0.000000
352636.071476 4025850.401928 0.000000 0.000000
352636.039255 4025850.464202 0.000000 0.000000
352636.007169 4025850.526213 0.000000 -0.000000
352635.975216 4025850.587967 0.000000 0.000000
352635.943395 4025850.649467 0.000000 -0.000000
352635.911703 4025850.710719 0.000000 0.000000
352635.880136 4025850.771726 0.000000 0.000000
352635.848694 4025850.832493 0.000000 0.000000
352635.817375 4025850.893025 0.000000 0.000000
352635.786175 4025850.953324 0.000000 -0.000000
352635.755092 4025851.013397 0.000000 0.000000
352635.724125 4025851.073246 0.000000 0.000000
352635.693272 4025851.132876 0.000000 -0.000000
352635.662530 4025851.192291 0.000000 0.000000
352635.631896 4025851.251495 0.000000 0.000000
352635.601370 4025851.310492 0.000000 0.000000
352635.570949 4025851.369287 0.000000 -0.000000
352635.540631 4025851.427882 0.000000 -0.000000
352635.510413 4025851.486283 0.000000 0.000000
352635.480294 4025851.544493 0.000000 0.000000
352635.450272 4025851.602517 0.000000 0.000000
352635.420344 4025851.660357 0.000000 0.000000
352635.390510 4025851.718018 0.000000 -0.000000
352635.360765 4025851.775504 0.000000 -0.000000
352635.331110 4025851.832819 0.000000 0.000000
352635.301541 4025851.889966 0.000000 -0.000000
352635.272057 4025851.946950 0.000000 -0.000000
352635.242655 4025852.003774 0.000000 -0.000000
352635.213334 4025852.060441 0.000000 -0.000000
352635.184093 4025852.116957 0.000000 -0.000000
352635.154928 4025852.173323 0.000000 -0.000000
352635.125838 4025852.229545 0.000000 -0.000000
352635.096821 4025852.285625 0.000000 0.000000
352635.067875 4025852.341568 0.000000 -0.000000
352635.038999 4025852.397377 0.000000 0.000000
352635.010190 4025852.453055 0.000000 0.000000
352634.981447 4025852.508607 0.000000 -0.000000
352634.952767 4025852.564035 0.000000 0.000000
352634.924150 4025852.619343 0.000000 -0.000000
352634.895592 4025852.674535 0.000000 -0.000000
352634.867093 4025852.729614 0.000000 0.000000
352634.838651 4025852.784584 0.000000 0.000000
352634.810264 4025852.839448 0.000000 0.000000
352634.781930 4025852.894209 0.000000 0.000000
352634.753647 4025852.948870 0.000000 -0.000000
352634.725414 4025853.003435 0.000000 -0.000000
352634.697230 4025853.057907 0.000000 0.000000
352634.669092 4025853.112289 0.000000 -0.000000
352634.640998 4025853.166584 0.000000 0.000000
352634.612949 4025853.220795 0.000000 0.000000
352634.584941 4025853.274926 0.000000 0.000000
352634.556973 4025853.328978 0.000000 -0.000000
352634.529044 4025853.382956 0.000000 -0.000000
352634.501152 4025853.436862 0.000000 0.000000
352634.473297 4025853.490698 0.000000 -0.000000
352634.445476 4025853.544467 0.000000 -0.000000
352634.417688 4025853.598173 0.000000 0.000000
352634.389931 4025853.651817 0.000000 0.000000
352634.362205 4025853.705402 0.000000 0.000000
352634.334509 4025853.758931 0.000000 -0.000000
352634.306840 4025853.812406 0.000000 0.000000
352634.279198 4025853.865829 0.000000 -0.000000
352634.251581 4025853.919204 0.000000 -0.000000
352634.223989 4025853.972531 0.000000 -0.000000
352634.196419 4025854.025813 0.000000 -0.000000
352634.168872 4025854.079053 0.000000 -0.000000
352634.141346 4025854.132252 0.000000 -0.000000
352634.113840 4025854.185413 0.000000 -0.000000
352634.086353 4025854.238537 0.000000 0.000000
352634.058884 4025854.291626 0.000000 -0.000000
352634.031432 4025854.344682 0.000000 -0.000000
352634.003996 4025854.397706 0.000000 -0.000000
352633.976575 4025854.450702 0.000000 0.000000
352633.949169 4025854.503669 0.000000 -0.000000
352633.921776 4025854.556610 0.000000 0.000000
352633.894397 4025854.609526 0.000000 -0.000000
352633.867029 4025854.662419 0.000000 0.000000
352633.839673 4025854.715290 0.000000 0.000000
352633.812327 4025854.768141 0.000000 -0.000000
352633.784992 4025854.820971 0.000000 0.000000
352633.757666 4025854.873784 0.000000 -0.000000
352633.730348 4025854.926580 0.000000 0.000000
352633.703039 4025854.979360 0.000000 -0.000000
352633.675738 4025855.032125 0.000000 -0.000000
352633.648443 4025855.084876 0.000000 -0.000000
352633.621155 4025855.137615 0.000000 0.000000
352633.593874 4025855.190341 0.000000 0.000000
352633.566598 4025855.243057 0.000000 0.000000
352633.539327 4025855.295762 0.000000 -0.000000
352633.512062 4025855.348458 0.000000 0.000000
352633.484801 4025855.401145 0.000000 0.000000
352633.457544 4025855.453824 0.000000 -0.000000
352633.430291 4025855.506495 0.000000 0.000000
352633.403041 4025855.559160 0.000000 0.000000
352633.375795 4025855.611818 0.000000 -0.000000
352633.348552 4025855.664470 0.000000 -0.000000
352633.321311 4025855.717118 0.000000 -0.000000
352633.294073 4025855.769760 0.000000 0.000000
352633.266837 4025855.822398 0.000000 -0.000000
352633.239604 4025855.875032 0.000000 0.000000
352633.212372 4025855.927663 0.000000 -0.000000
352633.185142 4025855.980290 0.000000 -0.000000
352633.157913 4025856.032915 0.000000 -0.000000
352633.130686 4025856.085536 0.000000 0.000000
352633.103459 4025856.138156 0.000000 0.000000
352633.076234 4025856.190773 0.000000 -0.000000
352633.049010 4025856.243388 0.000000 0.000000
352633.021787 4025856.296002 0.000000 0.000000
352632.994565 4025856.348614 0.000000 0.000000
352632.967343 4025856.401225 0.000000 -0.000000
352632.940122 4025856.453835 0.000000 0.000000
352632.912901 4025856.506444 0.000000 0.000000
352632.885681 4025856.559052 0.000000 -0.000000
352632.858461 4025856.611659 0.000000 -0.000000
352632.831242 4025856.664266 0.000000 0.000000
352632.804022 4025856.716872 0.000000 -0.000000
352632.776804 4025856.769477 0.000000 -0.000000
352632.749585 4025856.822082 0.000000 0.000000
352632.722366 4025856.874687 0.000000 0.000000
352632.695148 4025856.927292 0.000000 0.000000
352632.667929 4025856.979896 0.000000 -0.000000
352632.640711 4025857.032500 0.000000 -0.000000
352632.613493 4025857.085104 0.000000 -0.000000
352632.586275 4025857.137708 0.000000 0.000000
352632.559057 4025857.190312 0.000000 0.000000
352632.531839 4025857.242916 0.000000 0.000000
352632.504621 4025857.295519 0.000000 0.000000
352632.477403 4025857.348123 0.000000 -0.000000
352632.450185 4025857.400727 0.000000 0.000000
352632.422967 4025857.453330 0.000000 0.000000
352632.395749 4025857.505934 0.000000 -0.000000
352632.368531 4025857.558537 0.000000 -0.000000
352632.341313 4025857.611141 0.000000 -0.000000
352632.314095 4025857.663745 0.000000 -0.000000
352632.286877 4025857.716348 0.000000 -0.000000
352632.259659 4025857.768952 0.000000 0.000000
352632.232441 4025857.821555 0.000000 0.000000
352632.205224 4025857.874159 0.000000 0.000000
352632.178006 4025857.926762 0.000000 -0.000000
352632.150788 4025857.979366 0.000000 -0.000000
352632.123570 4025858.031969 0.000000 0.000000
352632.096352 4025858.084573 0.000000 -0.000000
352632.069134 4025858.137176 0.000000 0.000000
352632.041916 4025858.189780 0.000000 0.000000
352632.014698 4025858.242384 0.000000 0.000000
352631.987480 4025858.294987 0.000000 -0.000000
352631.960262 4025858.347591 0.000000 -0.000000
352631.933044 4025858.400194 0.000000 0.000000
352631.905826 4025858.452798 0.000000 -0.000000
352631.878608 4025858.505401 0.000000 0.000000
352631.851391 4025858.558005 0.000000 -0.000000
352631.824173 4025858.610608 0.000000 -0.000000
352631.796955 4025858.663212 0.000000 0.000000
352631.769737 4025858.715816 0.000000 0.000000
352631.742519 4025858.768419 0.000000 0.000000
352631.715301 4025858.821023 0.000000 -0.000000
352631.688083 4025858.873626 0.000000 0.000000
352631.660865 4025858.926230 0.000000 0.000000
352631.633647 4025858.978833 0.000000 -0.000000
352631.606429 4025859.031437 0.000000 -0.000000
352631.579211 4025859.084040 0.000000 0.000000
352631.551993 4025859.136644 0.000000 0.000000
352631.524775 4025859.189247 0.000000 -0.000000
352631.497558 4025859.241851 0.000000 0.000000
352631.470340 4025859.294455 0.000000 -0.000000
352631.443122 4025859.347058 0.000000 -0.000000
352631.415904 4025859.399662 0.000000 -0.000000
352631.388686 4025859.452265 0.000000 -0.000000
352631.361468 4025859.504869 0.000000 0.000000
352631.334250 4025859.557472 0.000000 0.000000
352631.307032 4025859.610076 0.000000 -0.000000
352631.279814 4025859.662679 0.000000 -0.000000
352631.252596 4025859.715283 0.000000 0.000000
352631.225378 4025859.767887 0.000000 0.000000
352631.198160 4025859.820490 0.000000 0.000000
352631.170942 4025859.873094 0.000000 -0.000000
352631.143725 4025859.925697 0.000000 -0.000000
352631.116507 4025859.978301 0.000000 -0.000000
352631.089289 4025860.030904 0.000000 -0.000000
352631.062071 4025860.083508 0.000000 0.000000
352631.034853 4025860.136111 0.000000 0.000000
352631.007635 4025860.188715 0.000000 -0.000000
352630.980417 4025860.241318 0.000000 -0.000000
352630.953199 4025860.293922 0.000000 -0.000000
352630.925981 4025860.346526 0.000000 -0.000000
352630.898763 4025860.399129 0.000000 0.000000
352630.871545 4025860.451733 0.000000 0.000000
352630.844327 4025860.504336 0.000000 0.000000
352630.817110 4025860.556940 0.000000 0.000000
352630.789892 4025860.609543 0.000000 0.000000
352630.762674 4025860.662147 0.000000 0.000000
352630.735456 4025860.714750 0.000000 0.000000
352630.708238 4025860.767354 0.000000 0.000000
352630.681020 4025860.819958 0.000000 0.000000
352630.653802 4025860.872561 0.000000 -0.000000
352630.626584 4025860.925165 0.000000 -0.000000
352630.599366 4025860.977768 0.000000 0.000000
352630.572148 4025861.030372 0.000000 0.000000
352630.544930 4025861.082975 0.000000 -0.000000
352630.517712 4025861.135579 0.000000 0.000000
352630.490494 4025861.188182 0.000000 0.000000
352630.463277 4025861.240786 0.000000 -0.000000
352630.436059 4025861.293389 0.000000 -0.000000
352630.408841 4025861.345993 0.000000 0.000000
352630.381623 4025861.398597 0.000000 0.000000
352630.354405 4025861.451200 0.000000 -0.000000
352630.327187 4025861.503804 0.000000 0.000000
352630.299969 4025861.556407 0.000000 -0.000000
352630.272751 4025861.609011 0.000000 -0.000000
352630.245533 4025861.661614 0.000000 0.000000
352630.218315 4025861.714218 0.000000 -0.000000
352630.191097 4025861.766821 0.000000 -0.000000
352630.163879 4025861.819425 0.000000 -0.000000
352630.136661 4025861.872029 0.000000 -0.000000
352630.109444 4025861.924632 0.000000 0.000000
352630.082226 4025861.977236 0.000000 -0.000000
352630.055008 4025862.029839 0.000000 -0.000000
352630.027790 4025862.082443 0.000000 -0.000000
352630.000572 4025862.135046 0.000000 0.000000
352629.973354 4025862.187650 0.000000 -0.000000
352629.946136 4025862.240253 0.000000 0.000000
352629.918918 4025862.292857 0.000000 0.000000
352629.891700 4025862.345460 0.000000 -0.000000
352629.864482 4025862.398064 0.000000 0.000000
352629.837264 4025862.450668 0.000000 0.000000
352629.810046 4025862.503271 0.000000 0.000000
352629.782828 4025862.555875 0.000000 -0.000000
352629.755611 4025862.608478 0.000000 -0.000000
352629.728393 4025862.661082 0.000000 0.000000
352629.701175 4025862.713685 0.000000 0.000000
352629.673957 4025862.766289 0.000000 0.000000
352629.646739 4025862.818892 0.000000 0.000000
352629.619521 4025862.871496 0.000000 -0.000000
352629.592303 4025862.924100 0.000000 -0.000000
352629.565085 4025862.976703 0.000000 -0.000000
352629.537867 4025863.029307 0.000000 0.000000
352629.510649 4025863.081910 0.000000 -0.000000
352629.483431 4025863.134514 0.000000 0.000000
352629.456213 4025863.187117 0.000000 0.000000
352629.428995 4025863.239721 0.000000 0.000000
352629.401778 4025863.292324 0.000000 0.000000
352629.374560 4025863.344928 0.000000 -0.000000
352629.347342 4025863.397531 0.000000 -0.000000
352629.320124 4025863.450135 0.000000 0.000000
352629.292906 4025863.502739 0.000000 0.000000
352629.265688 4025863.555342 0.000000 -0.000000
352629.238470 4025863.607946 0.000000 -0.000000
352629.211252 4025863.660549 0.000000 -0.000000
352629.184034 4025863.713153 0.000000 -0.000000
352629.156816 4025863.765756 0.000000 0.000000
352629.129598 4025863.818360 0.000000 0.000000
352629.102380 4025863.870963 0.000000 -0.000000
352629.075162 4025863.923567 0.000000 -0.000000
352629.047945 4025863.976171 0.000000 -0.000000
352629.020727 4025864.028774 0.000000 0.000000
352628.993509 4025864.081378 0.000000 -0.000000
352628.966291 4025864.133981 0.000000 0.000000
352628.939073 4025864.186585 0.000000 -0.000000
352628.911855 4025864.239188 0.000000 0.000000
352628.884637 4025864.291792 0.000000 0.000000
352628.857419 4025864.344395 0.000000 0.000000
352628.830201 4025864.396999 0.000000 -0.000000
352628.802983 4025864.449602 0.000000 -0.000000
352628.775765 4025864.502206 0.000000 0.000000
352628.748547 4025864.554810 0.000000 -0.000000
352628.721329 4025864.607413 0.000000 0.000000
352628.694112 4025864.660017 0.000000 -0.000000
352628.666894 4025864.712620 0.000000 -0.000000
352628.639676 4025864.765224 0.000000 0.000000
352628.612458 4025864.817827 0.000000 0.000000
352628.585240 4025864.870431 0.000000 -0.000000
352628.558022 4025864.923034 0.000000 0.000000
352628.530804 4025864.975638 0.000000 0.000000
352628.503586 4025865.028242 0.000000 -0.000000
352628.476368 4025865.080845 0.000000 0.000000
352628.449150 4025865.133449 0.000000 0.000000
352628.421932 4025865.186052 0.000000 0.000000
352628.394714 4025865.238656 0.000000 -0.000000
352628.367496 4025865.291259 0.000000 0.000000
352628.340279 4025865.343863 0.000000 0.000000
352628.313061 4025865.396466 0.000000 0.000000
352628.285843 4025865.449070 0.000000 0.000000
352628.258625 4025865.501673 0.000000 -0.000000
352628.231407 4025865.554277 0.000000 -0.000000
352628.204189 4025865.606881 0.000000 -0.000000
352628.176971 4025865.659484 0.000000 0.000000
352628.149753 4025865.712088 0.000000 0.000000
352628.122535 4025865.764691 0.000000 -0.000000
352628.095317 4025865.817295 0.000000 0.000000
352628.068099 4025865.869898 0.000000 0.000000
352628.040881 4025865.922502 0.000000 -0.000000
352628.013663 4025865.975105 0.000000 -0.000000
352627.986446 4025866.027709 0.000000 0.000000
352627.959228 4025866.080313 0.000000 0.000000
352627.932010 4025866.132916 0.000000 -0.000000
352627.904792 4025866.185520 0.000000 0.000000
352627.877574 4025866.238123 0.000000 -0.000000
352627.850356 4025866.290727 0.000000 0.000000
352627.823138 4025866.343330 0.000000 0.000000
352627.795920 4025866.395934 0.000000 0.000000
352627.768702 4025866.448537 0.000000 -0.000000
352627.741484 4025866.501141 0.000000 -0.000000
352627.714266 4025866.553744 0.000000 -0.000000
352627.687048 4025866.606348 0.000000 -0.000000
352627.659830 4025866.658952 0.000000 -0.000000
352627.632613 4025866.711555 0.000000 0.000000
352627.605395 4025866.764159 0.000000 0.000000
352627.578177 4025866.816762 0.000000 -0.000000
352627.550959 4025866.869366 0.000000 -0.000000
352627.523741 4025866.921969 0.000000 -0.000000
352627.496523 4025866.974573 0.000000 0.000000
352627.469305 4025867.027176 0.000000 -0.000000
352627.442087 4025867.079780 0.000000 0.000000
352627.414869 4025867.132384 0.000000 -0.000000
352627.387651 4025867.184987 0.000000 0.000000
352627.360433 4025867.237591 0.000000 -0.000000
352627.333215 4025867.290194 0.000000 0.000000
352627.305997 4025867.342798 0.000000 -0.000000
352627.278780 4025867.395401 0.000000 0.000000
352627.251562 4025867.448005 0.000000 0.000000
352627.224344 4025867.500608 0.000000 0.000000
352627.197126 4025867.553212 0.000000 0.000000
352627.169908 4025867.605815 0.000000 0.000000
352627.142690 4025867.658419 0.000000 0.000000
352627.115472 4025867.711023 0.000000 0.000000
352627.088254 4025867.763626 0.000000 -0.000000
352627.061036 4025867.816230 0.000000 0.000000
352627.033818 4025867.868833 0.000000 -0.000000
352627.006600 4025867.921437 0.000000 -0.000000
352626.979382 4025867.974040 0.000000 -0.000000
352626.952164 4025868.026644 0.000000 -0.000000
352626.924947 4025868.079247 0.000000 0.000000
352626.897729 4025868.131851 0.000000 0.000000
352626.870511 4025868.184455 0.000000 0.000000
352626.843293 4025868.237058 0.000000 -0.000000
352626.816075 4025868.289662 0.000000 -0.000000
352626.788857 4025868.342265 0.000000 0.000000
352626.761639 4025868.394869 0.000000 -0.000000
352626.734421 4025868.447472 0.000000 -0.000000
352626.707203 4025868.500076 0.000000 0.000000
352626.679985 4025868.552679 0.000000 -0.000000
352626.652767 4025868.605283 0.000000 -0.000000
352626.625549 4025868.657886 0.000000 -0.000000
352626.598331 4025868.710490 0.000000 0.000000
352626.571114 4025868.763094 0.000000 -0.000000
352626.543896 4025868.815697 0.000000 0.000000
352626.516678 4025868.868301 0.000000 -0.000000
352626.489460 4025868.920904 0.000000 0.000000
352626.462242 4025868.973508 0.000000 -0.000000
352626.435024 4025869.026111 0.000000 -0.000000
352626.407806 4025869.078715 0.000000 0.000000
352626.380588 4025869.131318 0.000000 0.000000
352626.353370 4025869.183922 0.000000 -0.000000
352626.326152 4025869.236526 0.000000 0.000000
352626.298934 4025869.289129 0.000000 0.000000
352626.271716 4025869.341733 0.000000 -0.000000
352626.244498 4025869.394336 0.000000 -0.000000
352626.217281 4025869.446940 0.000000 0.000000
352626.190063 4025869.499543 0.000000 -0.000000
352626.162845 4025869.552147 0.000000 -0.000000
352626.135627 4025869.604750 0.000000 -0.000000
352626.108409 4025869.657354 0.000000 -0.000000
352626.081191 4025869.709957 0.000000 0.000000
352626.053973 4025869.762561 0.000000 -0.000000
352626.026755 4025869.815165 0.000000 -0.000000
352625.999537 4025869.867768 0.000000 0.000000
352625.972319 4025869.920372 0.000000 -0.000000
352625.945101 4025869.972975 0.000000 -0.000000
352625.917883 4025870.025579 0.000000 0.000000
352625.890665 4025870.078182 0.000000 0.000000
352625.863448 4025870.130786 0.000000 0.000000
352625.836230 4025870.183389 0.000000 -0.000000
352625.809012 4025870.235993 0.000000 -0.000000
352625.781794 4025870.288597 0.000000 -0.000000
352625.754576 4025870.341200 0.000000 0.000000
352625.727358 4025870.393804 0.000000 -0.000000
352625.700140 4025870.446407 0.000000 -0.000000
352625.672922 4025870.499011 0.000000 -0.000000
352625.645704 4025870.551614 0.000000 -0.000000
352625.618486 4025870.604218 0.000000 -0.000000
352625.591268 4025870.656821 0.000000 -0.000000
352625.564050 4025870.709425 0.000000 0.000000
352625.536833 4025870.762028 0.000000 -0.000000
352625.509615 4025870.814632 0.000000 0.000000
352625.482397 4025870.867236 0.000000 0.000000
352625.455179 4025870.919839 0.000000 0.000000
352625.427961 4025870.972443 0.000000 0.000000
352625.400743 4025871.025046 0.000000 -0.000000
352625.373525 4025871.077650 0.000000 -0.000000
352625.346307 4025871.130253 0.000000 -0.000000
352625.319089 4025871.182857 0.000000 -0.000000
352625.291871 4025871.235460 0.000000 -0.000000
352625.264653 4025871.288064 0.000000 -0.000000
352625.237435 4025871.340668 0.000000 0.000000
352625.210217 4025871.393271 0.000000 -0.000000
352625.183000 4025871.445875 0.000000 0.000000
352625.155782 4025871.498478 0.000000 -0.000000
352625.128564 4025871.551082 0.000000 -0.000000
352625.101346 4025871.603685 0.000000 -0.000000
352625.074128 4025871.656289 0.000000 -0.000000
352625.046910 4025871.708892 0.000000 -0.000000
352625.019692 4025871.761496 0.000000 -0.000000
352624.992474 4025871.814099 0.000000 -0.000000
352624.965256 4025871.866703 0.000000 -0.000000
352624.938038 4025871.919307 0.000000 0.000000
352624.910820 4025871.971910 0.000000 -0.000000
352624.883602 4025872.024514 0.000000 -0.000000
352624.856384 4025872.077117 0.000000 -0.000000
352624.829167 4025872.129721 0.000000 -0.000000
352624.801949 4025872.182324 0.000000 -0.000000
352624.774731 4025872.234928 0.000000 0.000000
352624.747513 4025872.287531 0.000000 -0.000000
352624.720295 4025872.340135 0.000000 0.000000
352624.693077 4025872.392739 0.000000 0.000000
352624.665859 4025872.445342 0.000000 -0.000000
352624.638641 4025872.497946 0.000000 0.000000
352624.611423 4025872.550549 0.000000 0.000000
352624.584205 4025872.603153 0.000000 -0.000000
352624.556987 4025872.655756 0.000000 0.000000
352624.529769 4025872.708360 0.000000 0.000000
352624.502551 4025872.760963 0.000000 0.000000
352624.475334 4025872.813567 0.000000 0.000000
352624.448116 4025872.866170 0.000000 -0.000000
352624.420898 4025872.918774 0.000000 0.000000
352624.393680 4025872.971378 0.000000 0.000000
352624.366462 4025873.023981 0.000000 -0.000000
352624.339244 4025873.076585 0.000000 -0.000000
352624.312026 4025873.129188 0.000000 -0.000000
352624.284808 4025873.181792 0.000000 0.000000
352624.257590 4025873.234395 0.000000 0.000000
352624.230372 4025873.286999 0.000000 -0.000000
352624.203154 4025873.339602 0.000000 0.000000
352624.175936 4025873.392206 0.000000 -0.000000
352624.148718 4025873.444810 0.000000 0.000000
352624.121501 4025873.497413 0.000000 -0.000000
352624.094283 4025873.550017 0.000000 0.000000
352624.067065 4025873.602620 0.000000 0.000000
352624.039847 4025873.655224 0.000000 0.000000
352624.012629 4025873.707827 0.000000 0.000000
352623.985411 4025873.760431 0.000000 -0.000000
352623.958193 4025873.813034 0.000000 0.000000
352623.930975 4025873.865638 0.000000 -0.000000
352623.903757 4025873.918241 0.000000 0.000000
352623.876539 4025873.970845 0.000000 -0.000000
352623.849321 4025874.023449 0.000000 -0.000000
352623.822103 4025874.076052 0.000000 0.000000
352623.794885 4025874.128656 0.000000 -0.000000
352623.767668 4025874.181259 0.000000 -0.000000
352623.740450 4025874.233863 0.000000 -0.000000
352623.713232 4025874.286466 0.000000 -0.000000
352623.686014 4025874.339070 0.000000 -0.000000
352623.658796 4025874.391673 0.000000 -0.000000
352623.631578 4025874.444277 0.000000 -0.000000
352623.604360 4025874.496881 0.000000 -0.000000
352623.577142 4025874.549484 0.000000 0.000000
352623.549924 4025874.602088 0.000000 -0.000000
352623.522706 4025874.654691 0.000000 -0.000000
352623.495488 4025874.707295 0.000000 0.000000
352623.468270 4025874.759898 0.000000 -0.000000
352623.441052 4025874.812502 0.000000 0.000000
352623.413835 4025874.865105 0.000000 0.000000
352623.386617 4025874.917709 0.000000 -0.000000
352623.359399 4025874.970312 0.000000 0.000000
352623.332181 4025875.022916 0.000000 0.000000
352623.304963 4025875.075520 0.000000 -0.000000
352623.277745 4025875.128123 0.000000 -0.000000
352623.250527 4025875.180727 0.000000 0.000000
352623.223309 4025875.233330 0.000000 -0.000000
352623.196091 4025875.285934 0.000000 -0.000000
352623.168873 4025875.338537 0.000000 0.000000
352623.141655 4025875.391141 0.000000 0.000000
352623.114437 4025875.443744 0.000000 0.000000
352623.087219 4025875.496348 0.000000 0.000000
352623.060002 4025875.548952 0.000000 0.000000
352623.032784 4025875.601555 0.000000 -0.000000
352623.005566 4025875.654159 0.000000 -0.000000
352622.978348 4025875.706762 0.000000 0.000000
352622.951130 4025875.759366 0.000000 -0.000000
352622.923912 4025875.811969 0.000000 -0.000000
352622.896694 4025875.864573 0.000000 -0.000000
352622.869476 4025875.917176 0.000000 -0.000000
352622.842258 4025875.969780 0.000000 0.000000
352622.815040 4025876.022383 0.000000 0.000000
352622.787822 4025876.074987 0.000000 0.000000
352622.760604 4025876.127591 0.000000 -0.000000
352622.733386 4025876.180194 0.000000 -0.000000
352622.706169 4025876.232798 0.000000 -0.000000
352622.678951 4025876.285401 0.000000 0.000000
352622.651733 4025876.338005 0.000000 -0.000000
352622.624515 4025876.390608 0.000000 -0.000000
352622.597297 4025876.443212 0.000000 -0.000000
352622.570079 4025876.495815 0.000000 0.000000
352622.542861 4025876.548419 0.000000 0.000000
352622.515643 4025876.601023 0.000000 0.000000
352622.488425 4025876.653626 0.000000 -0.000000
352622.461207 4025876.706230 0.000000 0.000000
352622.433989 4025876.758833 0.000000 -0.000000
352622.406771 4025876.811437 0.000000 -0.000000
352622.379553 4025876.864040 0.000000 -0.000000
352622.352336 4025876.916644 0.000000 -0.000000
352622.325118 4025876.969247 0.000000 -0.000000
352622.297900 4025877.021851 0.000000 -0.000000
352622.270682 4025877.074455 0.000000 0.000000
352622.243464 4025877.127058 0.000000 -0.000000
352622.216246 4025877.179662 0.000000 -0.000000
352622.189028 4025877.232266 0.000000 -0.000000
352622.161810 4025877.284870 0.000000 -0.000000
352622.134591 4025877.337474 0.000000 0.000000
352622.107373 4025877.390078 0.000000 -0.000000
352622.080155 4025877.442682 0.000000 0.000000
352622.052936 4025877.495287 0.000000 0.000000
352622.025718 4025877.547892 0.000000 -0.000000
352621.998499 4025877.600497 0.000000 0.000000
352621.971280 4025877.653102 0.000000 -0.000000
352621.944061 4025877.705708 0.000000 0.000000
352621.916841 4025877.758315 0.000000 -0.000000
352621.889621 4025877.810922 0.000000 -0.000000
352621.862401 4025877.863530 0.000000 -0.000000
352621.835181 4025877.916139 0.000000 0.000000
352621.807959 4025877.968749 0.000000 -0.000000
352621.780738 4025878.021360 0.000000 0.000000
352621.753515 4025878.073972 0.000000 0.000000
352621.726292 4025878.126586 0.000000 0.000000
352621.699068 4025878.179201 0.000000 -0.000000
352621.671843 4025878.231819 0.000000 0.000000
352621.644617 4025878.284438 0.000000 -0.000000
352621.617390 4025878.337060 0.000000 0.000000
352621.590161 4025878.389684 0.000000 0.000000
352621.562931 4025878.442311 0.000000 0.000000
352621.535699 4025878.494942 0.000000 0.000000
352621.508465 4025878.547576 0.000000 -0.000000
352621.481229 4025878.600214 0.000000 0.000000
352621.453991 4025878.652857 0.000000 -0.000000
352621.426751 4025878.705504 0.000000 0.000000
352621.399507 4025878.758156 0.000000 -0.000000
352621.372261 4025878.810815 0.000000 0.000000
352621.345012 4025878.863479 0.000000 0.000000
352621.317759 4025878.916151 0.000000 0.000000
352621.290502 4025878.968829 0.000000 0.000000
352621.263241 4025879.021516 0.000000 0.000000
352621.235975 4025879.074212 0.000000 0.000000
352621.208704 4025879.126917 0.000000 -0.000000
352621.181429 4025879.179633 0.000000 0.000000
352621.154147 4025879.232359 0.000000 -0.000000
352621.126859 4025879.285098 0.000000 -0.000000
352621.099565 4025879.337849 0.000000 0.000000
352621.072263 4025879.390614 0.000000 0.000000
352621.044954 4025879.443394 0.000000 0.000000
352621.017637 4025879.496190 0.000000 -0.000000
352620.990311 4025879.549003 0.000000 -0.000000
352620.962975 4025879.601834 0.000000 -0.000000
352620.935630 4025879.654684 0.000000 -0.000000
352620.908273 4025879.707555 0.000000 -0.000000
352620.880906 4025879.760448 0.000000 0.000000
352620.853526 4025879.813364 0.000000 -0.000000
352620.826133 4025879.866305 0.000000 0.000000
352620.798727 4025879.919272 0.000000 -0.000000
352620.771307 4025879.972268 0.000000 0.000000
352620.743871 4025880.025292 0.000000 -0.000000
352620.716419 4025880.078349 0.000000 0.000000
352620.688950 4025880.131438 0.000000 0.000000
352620.661462 4025880.184561 0.000000 -0.000000
352620.633956 4025880.237722 0.000000 0.000000
352620.606430 4025880.290921 0.000000 0.000000
352620.578883 4025880.344161 0.000000 -0.000000
352620.551314 4025880.397443 0.000000 0.000000
352620.523722 4025880.450771 0.000000 -0.000000
352620.496105 4025880.504145 0.000000 -0.000000
352620.468463 4025880.557568 0.000000 -0.000000
352620.440794 4025880.611043 0.000000 0.000000
352620.413097 4025880.664572 0.000000 0.000000
352620.385371 4025880.718157 0.000000 0.000000
352620.357615 4025880.771802 0.000000 0.000000
352620.329827 4025880.825507 0.000000 -0.000000
352620.302006 4025880.879276 0.000000 0.000000
352620.274150 4025880.933113 0.000000 -0.000000
352620.246258 4025880.987018 0.000000 -0.000000
352620.218330 4025881.040996 0.000000 -0.000000
352620.190362 4025881.095048 0.000000 0.000000
352620.162354 4025881.149179 0.000000 -0.000000
352620.134304 4025881.203390 0.000000 0.000000
352620.106211 4025881.257685 0.000000 0.000000
352620.078073 4025881.312067 0.000000 -0.000000
352620.049888 4025881.366539 0.000000 0.000000
352620.021655 4025881.421104 0.000000 0.000000
352619.993373 4025881.475765 0.000000 -0.000000
352619.965039 4025881.530526 0.000000 0.000000
352619.936651 4025881.585390 0.000000 0.000000
352619.908209 4025881.640360 0.000000 -0.000000
352619.879710 4025881.695439 0.000000 0.000000
352619.851153 4025881.750631 0.000000 0.000000
352619.822535 4025881.805939 0.000000 -0.000000
352619.793856 4025881.861368 0.000000 0.000000
352619.765113 4025881.916919 0.000000 -0.000000
352619.736304 4025881.972597 0.000000 -0.000000
352619.707427 4025882.028406 0.000000 0.000000
352619.678482 4025882.084349 0.000000 -0.000000
352619.649465 4025882.140429 0.000000 -0.000000
352619.620375 4025882.196651 0.000000 -0.000000
352619.591210 4025882.253018 0.000000 -0.000000
352619.561968 4025882.309533 0.000000 0.000000
352619.532647 4025882.366200 0.000000 -0.000000
352619.503246 4025882.423024 0.000000 -0.000000
352619.473762 4025882.480008 0.000000 0.000000
352619.444193 4025882.537155 0.000000 -0.000000
352619.414537 4025882.594470 0.000000 -0.000000
352619.384793 4025882.651956 0.000000 -0.000000
352619.354958 4025882.709617 0.000000 0.000000
352619.325030 4025882.767457 0.000000 -0.000000
352619.295008 4025882.825481 0.000000 -0.000000
352619.264889 4025882.883691 0.000000 -0.000000
352619.234672 4025882.942092 0.000000 -0.000000
352619.204353 4025883.000688 0.000000 0.000000
352619.173932 4025883.059482 0.000000 -0.000000
352619.143406 4025883.118479 0.000000 0.000000
352619.112773 4025883.177684 0.000000 -0.000000
352619.082031 4025883.237099 0.000000 0.000000
352619.051177 4025883.296728 0.000000 0.000000
352619.020210 4025883.356578 0.000000 -0.000000
352618.989128 4025883.416650 0.000000 0.000000
352618.957928 4025883.476949 0.000000 0.000000
352618.926608 4025883.537481 0.000000 -0.000000
352618.895166 4025883.598248 0.000000 0.000000
352618.863600 4025883.659255 0.000000 -0.000000
352618.831907 4025883.720507 0.000000 0.000000
352618.800086 4025883.782007 0.000000 -0.000000
352618.768134 4025883.843761 0.000000 -0.000000
352618.736048 4025883.905772 0.000000 -0.000000
352618.703827 4025883.968046 0.000000 0.000000
352618.671467 4025884.030586 0.000000 0.000000
352618.638968 4025884.093397 0.000000 0.000000
352618.606326 4025884.156485 0.000000 0.000000
352618.573538 4025884.219852 0.000000 -0.000000
352618.540603 4025884.283505 0.000000 -0.000000
352618.507518 4025884.347449 0.000000 -0.000000
352618.474280 4025884.411687 0.000000 -0.000000
352618.440887 4025884.476225 0.000000 0.000000
352618.407336 4025884.541068 0.000000 0.000000
352618.373625 4025884.606221 0.000000 -0.000000
352618.339750 4025884.671690 0.000000 -0.000000
352618.305710 4025884.737479 0.000000 0.000000
352618.271501 4025884.803593 0.000000 -0.000000
352618.237121 4025884.870039 0.000000 -0.000000
352618.202566 4025884.936822 0.000000 -0.000000
352618.167835 4025885.003948 0.000000 -0.000000
352618.132923 4025885.071421 0.000000 0.000000
352618.097828 4025885.139249 0.000000 -0.000000
352618.062546 4025885.207436 0.000000 0.000000
352618.027076 4025885.275990 0.000000 0.000000
352617.991412 4025885.344916 0.000000 -0.000000
352617.955553 4025885.414220 0.000000 -0.000000
352617.919494 4025885.483910 0.000000 -0.000000
352617.883233 4025885.553992 0.000000 0.000000
352617.846765 4025885.624472 0.000000 -0.000000
352617.810087 4025885.695358 0.000000 -0.000000
352617.773196 4025885.766658 0.000000 0.000000
352617.736087 4025885.838378 0.000000 0.000000
352617.698757 4025885.910526 0.000000 0.000000
352617.661200 4025885.983110 0.000000 -0.000000
352617.623414 4025886.056138 0.000000 0.000000
352617.585394 4025886.129618 0.000000 -0.000000
352617.547136 4025886.203560 0.000000 -0.000000
352617.508634 4025886.277972 0.000000 0.000000
352617.469884 4025886.352864 0.000000 -0.000000
352617.430880 4025886.428244 0.000000 0.000000
352617.391619 4025886.504124 0.000000 -0.000000
352617.352095 4025886.580512 0.000000 -0.000000
352617.312301 4025886.657420 0.000000 -0.000000
352617.272233 4025886.734859 0.000000 -0.000000
352617.231884 4025886.812840 0.000000 -0.000000
352617.191249 4025886.891376 0.000000 0.000000
352617.150321 4025886.970477 0.000000 -0.000000
352617.109093 4025887.050157 0.000000 -0.000000
352617.067558 4025887.130430 0.000000 0.000000
352617.025710 4025887.211309 0.000000 -0.000000
352616.983541 4025887.292808 0.000000 0.000000
352616.941044 4025887.374942 0.000000 -0.000000
352616.898210 4025887.457726 0.000000 -0.000000
352616.855031 4025887.541177 0.000000 -0.000000
352616.811499 4025887.625311 0.000000 -0.000000
352616.767604 4025887.710146 0.000000 -0.000000
352616.723338 4025887.795698 0.000000 0.000000
352616.678690 4025887.881988 0.000000 -0.000000
352616.633651 4025887.969033 0.000000 -0.000000
352616.588211 4025888.056855 0.000000 -0.000000
352616.542358 4025888.145475 0.000000 0.000000
352616.496081 4025888.234913 0.000000 -0.000000
352616.449369 4025888.325192 0.000000 -0.000000
352616.402210 4025888.416337 0.000000 -0.000000
352616.354590 4025888.508370 0.000000 -0.000000
352616.306498 4025888.601317 0.000000 0.000000
352616.257919 4025888.695205 0.000000 -0.000000
352616.208839 4025888.790060 0.000000 -0.000000
352616.159244 4025888.885911 0.000000 -0.000000
352616.109119 4025888.982787 0.000000 0.000000
352616.058447 4025889.080720 0.000000 -0.000000
352616.007212 4025889.179741 0.000000 0.000000
352615.955395 4025889.279886 0.000000 0.000000
352615.902979 4025889.381190 0.000000 -0.000000
352615.849941 4025889.483695 0.000000 -0.000000
352615.796261 4025889.587442 0.000000 -0.000000
352615.741914 4025889.692478 0.000000 0.000000
352615.686874 4025889.798852 0.000000 0.000000
352615.631113 4025889.906619 0.000000 0.000000
352615.574601 4025890.015840 0.000000 0.000000
352615.517303 4025890.126579 0.000000 0.000000
352615.459181 4025890.238910 0.000000 0.000000
352615.400195 4025890.352911 0.000000 -0.000000
352615.340300 4025890.468669 0.000000 0.000000
352615.279445 4025890.586282 0.000000 -0.000000
352615.217576 4025890.705855 0.000000 0.000000
352615.154632 4025890.827505 0.000000 0.000000
352615.090548 4025890.951359 0.000000 0.000000
352615.025250 4025891.077559 0.000000 -0.000000
352614.958659 4025891.206258 0.000000 0.000000
352614.890688 4025891.337626 0.000000 -0.000000
352614.821239 4025891.471847 0.000000 -0.000000
352614.750211 4025891.609123 0.000000 0.000000
352614.677487 4025891.749674 0.000000 0.000000
352614.602945 4025891.893740 0.000000 0.000000
352614.526450 4025892.041582 0.000000 0.000000
352614.447855 4025892.193480 0.000000 0.000000
352614.367002 4025892.349743 0.000000 0.000000
352614.283720 4025892.510701 0.000000 0.000000
352614.197823 4025892.676712 0.000000 0.000000
352614.109112 4025892.848161 0.000000 0.000000
352614.017372 4025893.025465 0.000000 0.000000
352613.922372 4025893.209071 0.000000 0.000000
352613.823863 4025893.399457 0.000000 0.000000
352613.721579 4025893.597139 0.000000 0.000000
352613.615235 4025893.802668 0.000000 0.000000
352613.504526 4025894.016633 0.000000 0.000000
352613.389126 4025894.239664 0.000000 0.000000
352613.268688 4025894.472432 0.000000 0.000000
352613.142842 4025894.715654 0.000000 0.000000
352613.011192 4025894.970090 0.000000 0.000000
352612.873321 4025895.236550 0.000000 0.000000
352612.728784 4025895.515895 0.000000 0.000000
352612.577108 4025895.809036 0.000000 0.000000
