352547.799511 4026024.680470 0.000000 0.000000
352547.641346 4026024.991790 0.000000 -0.000000
352547.490764 4026025.288183 0.000000 -0.000000
352547.347270 4026025.570626 0.000000 -0.000000
352547.210393 4026025.840043 0.000000 -0.000000
352547.079693 4026026.097302 0.000000 -0.000000
352546.954754 4026026.343221 0.000000 -0.000000
352546.835185 4026026.578572 0.000000 -0.000000
352546.720618 4026026.804077 0.000000 -0.000000
352546.610707 4026027.020416 0.000000 -0.000000
352546.505130 4026027.228225 0.000000 -0.000000
352546.403584 4026027.428100 0.000000 -0.000000
352546.305786 4026027.620599 0.000000 -0.000000
352546.211471 4026027.806241 0.000000 -0.000000
352546.120392 4026027.985512 0.000000 -0.000000
352546.032322 4026028.158863 0.000000 -0.000000
352545.947044 4026028.326716 0.000000 -0.000000
352545.864363 4026028.489460 0.000000 -0.000000
352545.784093 4026028.647456 0.000000 -0.000000
352545.706065 4026028.801040 0.000000 -0.000000
352545.630122 4026028.950521 0.000000 -0.000000
352545.556117 4026029.096185 0.000000 -0.000000
352545.483918 4026029.238296 0.000000 -0.000000
352545.413402 4026029.377095 0.000000 -0.000000
352545.344454 4026029.512805 0.000000 -0.000000
352545.276973 4026029.645630 0.000000 0.000000
352545.210862 4026029.775757 0.000000 -0.000000
352545.146036 4026029.903357 0.000000 -0.000000
352545.082414 4026030.028585 0.000000 -0.000000
352545.019924 4026030.151584 0.000000 -0.000000
352544.958501 4026030.272484 0.000000 -0.000000
352544.898086 4026030.391402 0.000000 -0.000000
352544.838622 4026030.508445 0.000000 -0.000000
352544.780062 4026030.623710 0.000000 -0.000000
352544.722359 4026030.737287 0.000000 -0.000000
352544.665474 4026030.849255 0.000000 -0.000000
352544.609369 4026030.959687 0.000000 0.000000
352544.554011 4026031.068650 0.000000 -0.000000
352544.499368 4026031.176205 0.000000 0.000000
352544.445413 4026031.282405 0.000000 -0.000000
352544.392120 4026031.387303 0.000000 0.000000
352544.339465 4026031.490945 0.000000 -0.000000
352544.287426 4026031.593374 0.000000 0.000000
352544.235984 4026031.694630 0.000000 0.000000
352544.185118 4026031.794749 0.000000 0.000000
352544.134812 4026031.893768 0.000000 0.000000
352544.085048 4026031.991719 0.000000 0.000000
352544.035811 4026032.088633 0.000000 0.000000
352543.987085 4026032.184541 0.000000 -0.000000
352543.938857 4026032.279470 0.000000 -0.000000
352543.891111 4026032.373449 0.000000 -0.000000
352543.843835 4026032.466503 0.000000 0.000000
352543.797016 4026032.558659 0.000000 -0.000000
352543.750641 4026032.649940 0.000000 -0.000000
352543.704698 4026032.740370 0.000000 0.000000
352543.659175 4026032.829972 0.000000 0.000000
352543.614063 4026032.918769 0.000000 0.000000
352543.569349 4026033.006780 0.000000 0.000000
352543.525023 4026033.094027 0.000000 0.000000
352543.481076 4026033.180529 0.000000 -0.000000
352543.437498 4026033.266304 0.000000 -0.000000
352543.394280 4026033.351371 0.000000 0.000000
352543.351412 4026033.435748 0.000000 0.000000
352543.308887 4026033.519451 0.000000 -0.000000
352543.266696 4026033.602496 0.000000 0.000000
352543.224831 4026033.684899 0.000000 0.000000
352543.183285 4026033.766675 0.000000 -0.000000
352543.142051 4026033.847839 0.000000 0.000000
352543.101120 4026033.928403 0.000000 -0.000000
352543.060487 4026034.008382 0.000000 0.000000
352543.020145 4026034.087788 0.000000 -0.000000
352542.980087 4026034.166635 0.000000 0.000000
352542.940308 4026034.244933 0.000000 -0.000000
352542.900801 4026034.322694 0.000000 -0.000000
352542.861562 4026034.399930 0.000000 -0.000000
352542.822584 4026034.476651 0.000000 0.000000
352542.783862 4026034.552868 0.000000 0.000000
352542.745392 4026034.628590 0.000000 -0.000000
352542.707167 4026034.703828 0.000000 -0.000000
352542.669184 4026034.778590 0.000000 0.000000
352542.631439 4026034.852886 0.000000 -0.000000
352542.593925 4026034.926724 0.000000 -0.000000
352542.556640 4026035.000113 0.000000 -0.000000
352542.519579 4026035.073062 0.000000 -0.000000
352542.482737 4026035.145577 0.000000 0.000000
352542.446112 4026035.217668 0.000000 -0.000000
352542.409699 4026035.289340 0.000000 0.000000
352542.373494 4026035.360603 0.000000 -0.000000
352542.337494 4026035.431462 0.000000 -0.000000
352542.301696 4026035.501925 0.000000 -0.000000
352542.266095 4026035.571998 0.000000 -0.000000
352542.230689 4026035.641689 0.000000 -0.000000
352542.195474 4026035.711003 0.000000 0.000000
352542.160447 4026035.779947 0.000000 -0.000000
352542.125605 4026035.848527 0.000000 0.000000
352542.090945 4026035.916749 0.000000 0.000000
352542.056464 4026035.984619 0.000000 0.000000
352542.022159 4026036.052143 0.000000 0.000000
352541.988027 4026036.119326 0.000000 -0.000000
352541.954065 4026036.186174 0.000000 0.000000
352541.920270 4026036.252693 0.000000 0.000000
352541.886640 4026036.318888 0.000000 0.000000
352541.853172 4026036.384764 0.000000 0.000000
352541.819863 4026036.450326 0.000000 0.000000
352541.786710 4026036.515580 0.000000 0.000000
352541.753712 4026036.580531 0.000000 0.000000
352541.720866 4026036.645184 0.000000 -0.000000
352541.688168 4026036.709543 0.000000 -0.000000
352541.655617 4026036.773614 0.000000 0.000000
352541.623210 4026036.837401 0.000000 -0.000000
352541.590945 4026036.900909 0.000000 0.000000
352541.558819 4026036.964143 0.000000 0.000000
352541.526830 4026037.027107 0.000000 0.000000
352541.494976 4026037.089806 0.000000 -0.000000
352541.463254 4026037.152245 0.000000 0.000000
352541.431662 4026037.214428 0.000000 -0.000000
352541.400198 4026037.276359 0.000000 -0.000000
352541.368860 4026037.338043 0.000000 -0.000000
352541.337645 4026037.399485 0.000000 0.000000
352541.306551 4026037.460687 0.000000 0.000000
352541.275576 4026037.521656 0.000000 -0.000000
352541.244718 4026037.582395 0.000000 -0.000000
352541.213974 4026037.642908 0.000000 0.000000
352541.183343 4026037.703199 0.000000 -0.000000
352541.152823 4026037.763273 0.000000 -0.000000
352541.122411 4026037.823134 0.000000 -0.000000
352541.092105 4026037.882786 0.000000 -0.000000
352541.061903 4026037.942233 0.000000 -0.000000
352541.031803 4026038.001479 0.000000 -0.000000
352541.001803 4026038.060528 0.000000 0.000000
352540.971902 4026038.119384 0.000000 0.000000
352540.942096 4026038.178051 0.000000 0.000000
352540.912385 4026038.236533 0.000000 0.000000
352540.882765 4026038.294834 0.000000 -0.000000
352540.853235 4026038.352957 0.000000 0.000000
352540.823794 4026038.410908 0.000000 0.000000
352540.794438 4026038.468689 0.000000 -0.000000
352540.765166 4026038.526305 0.000000 0.000000
352540.735977 4026038.583759 0.000000 0.000000
352540.706868 4026038.641055 0.000000 -0.000000
352540.677837 4026038.698198 0.000000 0.000000
352540.648882 4026038.755190 0.000000 -0.000000
352540.620002 4026038.812035 0.000000 0.000000
352540.591194 4026038.868737 0.000000 0.000000
352540.562457 4026038.925301 0.000000 -0.000000
352540.533789 4026038.981729 0.000000 -0.000000
352540.505188 4026039.038025 0.000000 0.000000
352540.476652 4026039.094193 0.000000 0.000000
352540.448180 4026039.150236 0.000000 0.000000
352540.419769 4026039.206158 0.000000 0.000000
352540.391417 4026039.261962 0.000000 -0.000000
352540.363124 4026039.317652 0.000000 0.000000
352540.334887 4026039.373232 0.000000 -0.000000
352540.306704 4026039.428704 0.000000 0.000000
352540.278575 4026039.484073 0.000000 0.000000
352540.250496 4026039.539340 0.000000 0.000000
352540.222467 4026039.594511 0.000000 -0.000000
352540.194486 4026039.649587 0.000000 0.000000
352540.166550 4026039.704572 0.000000 -0.000000
352540.138660 4026039.759470 0.000000 -0.000000
352540.110812 4026039.814282 0.000000 0.000000
352540.083006 4026039.869013 0.000000 0.000000
352540.055240 4026039.923666 0.000000 -0.000000
352540.027513 4026039.978242 0.000000 -0.000000
352539.999823 4026040.032746 0.000000 0.000000
352539.972168 4026040.087179 0.000000 -0.000000
352539.944547 4026040.141545 0.000000 -0.000000
352539.916960 4026040.195846 0.000000 -0.000000
352539.889404 4026040.250085 0.000000 0.000000
352539.861878 4026040.304265 0.000000 0.000000
352539.834381 4026040.358388 0.000000 -0.000000
352539.806912 4026040.412456 0.000000 -0.000000
352539.779469 4026040.466472 0.000000 -0.000000
352539.752051 4026040.520439 0.000000 -0.000000
352539.724658 4026040.574357 0.000000 0.000000
352539.697288 4026040.628231 0.000000 -0.000000
352539.669939 4026040.682061 0.000000 -0.000000
352539.642612 4026040.735851 0.000000 -0.000000
352539.615304 4026040.789601 0.000000 -0.000000
352539.588015 4026040.843314 0.000000 0.000000
352539.560744 4026040.896992 0.000000 0.000000
352539.533490 4026040.950637 0.000000 0.000000
352539.506252 4026041.004250 0.000000 -0.000000
352539.479029 4026041.057833 0.000000 -0.000000
352539.451821 4026041.111388 0.000000 -0.000000
352539.424626 4026041.164917 0.000000 0.000000
352539.397443 4026041.218420 0.000000 -0.000000
352539.370273 4026041.271900 0.000000 0.000000
352539.343114 4026041.325357 0.000000 -0.000000
352539.315966 4026041.378794 0.000000 -0.000000
352539.288828 4026041.432211 0.000000 0.000000
352539.261698 4026041.485609 0.000000 -0.000000
352539.234578 4026041.538991 0.000000 0.000000
352539.207466 4026041.592356 0.000000 0.000000
352539.180361 4026041.645707 0.000000 -0.000000
352539.153264 4026041.699043 0.000000 0.000000
352539.126173 4026041.752367 0.000000 0.000000
352539.099088 4026041.805678 0.000000 -0.000000
352539.072009 4026041.858979 0.000000 -0.000000
352539.044935 4026041.912269 0.000000 -0.000000
352539.017866 4026041.965549 0.000000 -0.000000
352538.990802 4026042.018820 0.000000 0.000000
352538.963742 4026042.072084 0.000000 0.000000
352538.936685 4026042.125339 0.000000 -0.000000
352538.909632 4026042.178588 0.000000 0.000000
352538.882582 4026042.231831 0.000000 0.000000
352538.855536 4026042.285067 0.000000 -0.000000
352538.828492 4026042.338299 0.000000 0.000000
352538.801450 4026042.391525 0.000000 -0.000000
352538.774411 4026042.444747 0.000000 -0.000000
352538.747373 4026042.497965 0.000000 -0.000000
352538.720338 4026042.551180 0.000000 -0.000000
352538.693304 4026042.604391 0.000000 -0.000000
352538.666272 4026042.657599 0.000000 -0.000000
352538.639241 4026042.710805 0.000000 0.000000
352538.612211 4026042.764008 0.000000 -0.000000
352538.585182 4026042.817209 0.000000 -0.000000
352538.558155 4026042.870408 0.000000 0.000000
352538.531128 4026042.923605 0.000000 0.000000
352538.504102 4026042.976801 0.000000 -0.000000
352538.477076 4026043.029996 0.000000 0.000000
352538.450052 4026043.083189 0.000000 0.000000
352538.423027 4026043.136382 0.000000 0.000000
352538.396003 4026043.189573 0.000000 0.000000
352538.368980 4026043.242764 0.000000 -0.000000
352538.341957 4026043.295954 0.000000 -0.000000
352538.314934 4026043.349144 0.000000 0.000000
352538.287911 4026043.402333 0.000000 -0.000000
352538.260889 4026043.455522 0.000000 0.000000
352538.233867 4026043.508710 0.000000 0.000000
352538.206844 4026043.561898 0.000000 0.000000
352538.179822 4026043.615086 0.000000 0.000000
352538.152801 4026043.668274 0.000000 -0.000000
352538.125779 4026043.721462 0.000000 0.000000
352538.098757 4026043.774649 0.000000 -0.000000
352538.071735 4026043.827837 0.000000 0.000000
352538.044713 4026043.881024 0.000000 -0.000000
352538.017692 4026043.934211 0.000000 0.000000
352537.990670 4026043.987398 0.000000 -0.000000
352537.963649 4026044.040586 0.000000 0.000000
352537.936627 4026044.093773 0.000000 0.000000
352537.909605 4026044.146960 0.000000 0.000000
352537.882584 4026044.200147 0.000000 0.000000
352537.855562 4026044.253334 0.000000 -0.000000
352537.828540 4026044.306521 0.000000 -0.000000
352537.801519 4026044.359708 0.000000 -0.000000
352537.774497 4026044.412896 0.000000 0.000000
352537.747476 4026044.466083 0.000000 0.000000
352537.720454 4026044.519270 0.000000 -0.000000
352537.693432 4026044.572457 0.000000 0.000000
352537.666411 4026044.625644 0.000000 -0.000000
352537.639389 4026044.678831 0.000000 0.000000
352537.612368 4026044.732018 0.000000 -0.000000
352537.585346 4026044.785206 0.000000 0.000000
352537.558324 4026044.838393 0.000000 -0.000000
352537.531303 4026044.891580 0.000000 0.000000
352537.504281 4026044.944767 0.000000 -0.000000
352537.477260 4026044.997954 0.000000 -0.000000
352537.450238 4026045.051141 0.000000 0.000000
352537.423216 4026045.104328 0.000000 -0.000000
352537.396195 4026045.157515 0.000000 0.000000
352537.369173 4026045.210703 0.000000 0.000000
352537.342152 4026045.263890 0.000000 -0.000000
352537.315130 4026045.317077 0.000000 -0.000000
352537.288108 4026045.370264 0.000000 -0.000000
352537.261087 4026045.423451 0.000000 -0.000000
352537.234065 4026045.476638 0.000000 -0.000000
352537.207044 4026045.529825 0.000000 0.000000
352537.180022 4026045.583012 0.000000 0.000000
352537.153000 4026045.636200 0.000000 0.000000
352537.125979 4026045.689387 0.000000 -0.000000
352537.098957 4026045.742574 0.000000 0.000000
352537.071936 4026045.795761 0.000000 0.000000
352537.044914 4026045.848948 0.000000 -0.000000
352537.017892 4026045.902135 0.000000 0.000000
352536.990871 4026045.955322 0.000000 -0.000000
352536.963849 4026046.008510 0.000000 0.000000
352536.936828 4026046.061697 0.000000 -0.000000
352536.909806 4026046.114884 0.000000 -0.000000
352536.882784 4026046.168071 0.000000 0.000000
352536.855763 4026046.221258 0.000000 0.000000
352536.828741 4026046.274445 0.000000 -0.000000
352536.801720 4026046.327632 0.000000 -0.000000
352536.774698 4026046.380819 0.000000 -0.000000
352536.747676 4026046.434007 0.000000 -0.000000
352536.720655 4026046.487194 0.000000 0.000000
352536.693633 4026046.540381 0.000000 -0.000000
352536.666612 4026046.593568 0.000000 -0.000000
352536.639590 4026046.646755 0.000000 -0.000000
352536.612568 4026046.699942 0.000000 -0.000000
352536.585547 4026046.753129 0.000000 0.000000
352536.558525 4026046.806316 0.000000 -0.000000
352536.531504 4026046.859504 0.000000 -0.000000
352536.504482 4026046.912691 0.000000 -0.000000
352536.477460 4026046.965878 0.000000 -0.000000
352536.450439 4026047.019065 0.000000 -0.000000
352536.423417 4026047.072252 0.000000 0.000000
352536.396396 4026047.125439 0.000000 -0.000000
352536.369374 4026047.178626 0.000000 -0.000000
352536.342352 4026047.231814 0.000000 0.000000
352536.315331 4026047.285001 0.000000 0.000000
352536.288309 4026047.338188 0.000000 0.000000
352536.261288 4026047.391375 0.000000 0.000000
352536.234266 4026047.444562 0.000000 0.000000
352536.207244 4026047.497749 0.000000 -0.000000
352536.180223 4026047.550936 0.000000 0.000000
352536.153201 4026047.604123 0.000000 -0.000000
352536.126180 4026047.657311 0.000000 0.000000
352536.099158 4026047.710498 0.000000 0.000000
352536.072136 4026047.763685 0.000000 -0.000000
352536.045115 4026047.816872 0.000000 0.000000
352536.018093 4026047.870059 0.000000 -0.000000
352535.991072 4026047.923246 0.000000 -0.000000
352535.964050 4026047.976433 0.000000 0.000000
352535.937028 4026048.029620 0.000000 0.000000
352535.910007 4026048.082808 0.000000 0.000000
352535.882985 4026048.135995 0.000000 -0.000000
352535.855964 4026048.189182 0.000000 -0.000000
352535.828942 4026048.242369 0.000000 -0.000000
352535.801920 4026048.295556 0.000000 0.000000
352535.774899 4026048.348743 0.000000 -0.000000
352535.747877 4026048.401930 0.000000 0.000000
352535.720856 4026048.455118 0.000000 0.000000
352535.693834 4026048.508305 0.000000 -0.000000
352535.666812 4026048.561492 0.000000 0.000000
352535.639791 4026048.614679 0.000000 0.000000
352535.612769 4026048.667866 0.000000 0.000000
352535.585748 4026048.721053 0.000000 -0.000000
352535.558726 4026048.774240 0.000000 0.000000
352535.531704 4026048.827427 0.000000 0.000000
352535.504683 4026048.880615 0.000000 -0.000000
352535.477661 4026048.933802 0.000000 0.000000
352535.450640 4026048.986989 0.000000 0.000000
352535.423618 4026049.040176 0.000000 -0.000000
352535.396596 4026049.093363 0.000000 0.000000
352535.369575 4026049.146550 0.000000 0.000000
352535.342553 4026049.199737 0.000000 -0.000000
352535.315532 4026049.252924 0.000000 0.000000
352535.288510 4026049.306112 0.000000 -0.000000
352535.261488 4026049.359299 0.000000 0.000000
352535.234467 4026049.412486 0.000000 0.000000
352535.207445 4026049.465673 0.000000 0.000000
352535.180424 4026049.518860 0.000000 0.000000
352535.153402 4026049.572047 0.000000 -0.000000
352535.126380 4026049.625234 0.000000 -0.000000
352535.099359 4026049.678422 0.000000 -0.000000
352535.072337 4026049.731609 0.000000 0.000000
352535.045316 4026049.784796 0.000000 -0.000000
352535.018294 4026049.837983 0.000000 -0.000000
352534.991272 4026049.891170 0.000000 0.000000
352534.964251 4026049.944357 0.000000 0.000000
352534.937229 4026049.997544 0.000000 0.000000
352534.910208 4026050.050731 0.000000 0.000000
352534.883186 4026050.103919 0.000000 0.000000
352534.856164 4026050.157106 0.000000 0.000000
352534.829143 4026050.210293 0.000000 0.000000
352534.802121 4026050.263480 0.000000 -0.000000
352534.775100 4026050.316667 0.000000 -0.000000
352534.748078 4026050.369854 0.000000 0.000000
352534.721056 4026050.423041 0.000000 -0.000000
352534.694035 4026050.476228 0.000000 -0.000000
352534.667013 4026050.529416 0.000000 0.000000
352534.639992 4026050.582603 0.000000 -0.000000
352534.612970 4026050.635790 0.000000 -0.000000
352534.585948 4026050.688977 0.000000 -0.000000
352534.558927 4026050.742164 0.000000 0.000000
352534.531905 4026050.795351 0.000000 -0.000000
352534.504884 4026050.848538 0.000000 0.000000
352534.477862 4026050.901726 0.000000 -0.000000
352534.450840 4026050.954913 0.000000 0.000000
352534.423819 4026051.008100 0.000000 -0.000000
352534.396797 4026051.061287 0.000000 0.000000
352534.369776 4026051.114474 0.000000 0.000000
352534.342754 4026051.167661 0.000000 -0.000000
352534.315732 4026051.220848 0.000000 -0.000000
352534.288711 4026051.274035 0.000000 -0.000000
352534.261689 4026051.327223 0.000000 -0.000000
352534.234668 4026051.380410 0.000000 -0.000000
352534.207646 4026051.433597 0.000000 -0.000000
352534.180624 4026051.486784 0.000000 0.000000
352534.153603 4026051.539971 0.000000 -0.000000
352534.126581 4026051.593158 0.000000 0.000000
352534.099559 4026051.646345 0.000000 -0.000000
352534.072538 4026051.699532 0.000000 0.000000
352534.045516 4026051.752720 0.000000 -0.000000
352534.018495 4026051.805907 0.000000 0.000000
352533.991473 4026051.859094 0.000000 0.000000
352533.964451 4026051.912281 0.000000 0.000000
352533.937430 4026051.965468 0.000000 -0.000000
352533.910408 4026052.018655 0.000000 -0.000000
352533.883387 4026052.071842 0.000000 -0.000000
352533.856365 4026052.125030 0.000000 -0.000000
352533.829343 4026052.178217 0.000000 0.000000
352533.802322 4026052.231404 0.000000 -0.000000
352533.775300 4026052.284591 0.000000 -0.000000
352533.748279 4026052.337778 0.000000 -0.000000
352533.721257 4026052.390965 0.000000 0.000000
352533.694235 4026052.444152 0.000000 0.000000
352533.667214 4026052.497339 0.000000 -0.000000
352533.640192 4026052.550527 0.000000 -0.000000
352533.613171 4026052.603714 0.000000 0.000000
352533.586149 4026052.656901 0.000000 0.000000
352533.559127 4026052.710088 0.000000 0.000000
352533.532106 4026052.763275 0.000000 -0.000000
352533.505084 4026052.816462 0.000000 -0.000000
352533.478063 4026052.869649 0.000000 -0.000000
352533.451041 4026052.922837 0.000000 0.000000
352533.424019 4026052.976024 0.000000 -0.000000
352533.396998 4026053.029211 0.000000 -0.000000
352533.369976 4026053.082398 0.000000 -0.000000
352533.342955 4026053.135585 0.000000 -0.000000
352533.315933 4026053.188772 0.000000 -0.000000
352533.288911 4026053.241959 0.000000 0.000000
352533.261890 4026053.295146 0.000000 -0.000000
352533.234868 4026053.348334 0.000000 -0.000000
352533.207847 4026053.401521 0.000000 -0.000000
352533.180825 4026053.454708 0.000000 -0.000000
352533.153803 4026053.507895 0.000000 0.000000
352533.126782 4026053.561082 0.000000 0.000000
352533.099760 4026053.614269 0.000000 -0.000000
352533.072739 4026053.667456 0.000000 0.000000
352533.045717 4026053.720643 0.000000 0.000000
352533.018695 4026053.773831 0.000000 -0.000000
352532.991674 4026053.827018 0.000000 0.000000
352532.964652 4026053.880205 0.000000 0.000000
352532.937631 4026053.933392 0.000000 -0.000000
352532.910609 4026053.986579 0.000000 0.000000
352532.883587 4026054.039766 0.000000 -0.000000
352532.856566 4026054.092953 0.000000 0.000000
352532.829544 4026054.146141 0.000000 0.000000
352532.802523 4026054.199328 0.000000 0.000000
352532.775501 4026054.252515 0.000000 0.000000
352532.748479 4026054.305702 0.000000 0.000000
352532.721458 4026054.358889 0.000000 0.000000
352532.694436 4026054.412076 0.000000 0.000000
352532.667415 4026054.465263 0.000000 0.000000
352532.640393 4026054.518450 0.000000 -0.000000
352532.613371 4026054.571638 0.000000 0.000000
352532.586350 4026054.624825 0.000000 -0.000000
352532.559328 4026054.678012 0.000000 -0.000000
352532.532307 4026054.731199 0.000000 0.000000
352532.505285 4026054.784386 0.000000 0.000000
352532.478263 4026054.837573 0.000000 0.000000
352532.451242 4026054.890760 0.000000 0.000000
352532.424220 4026054.943947 0.000000 0.000000
352532.397199 4026054.997135 0.000000 -0.000000
352532.370177 4026055.050322 0.000000 0.000000
352532.343155 4026055.103509 0.000000 0.000000
352532.316134 4026055.156696 0.000000 -0.000000
352532.289112 4026055.209883 0.000000 -0.000000
352532.262091 4026055.263070 0.000000 -0.000000
352532.235069 4026055.316257 0.000000 0.000000
352532.208047 4026055.369445 0.000000 -0.000000
352532.181026 4026055.422632 0.000000 -0.000000
352532.154004 4026055.475819 0.000000 -0.000000
352532.126983 4026055.529006 0.000000 -0.000000
352532.099961 4026055.582193 0.000000 0.000000
352532.072939 4026055.635380 0.000000 -0.000000
352532.045918 4026055.688567 0.000000 -0.000000
352532.018896 4026055.741754 0.000000 -0.000000
352531.991875 4026055.794942 0.000000 -0.000000
352531.964853 4026055.848129 0.000000 -0.000000
352531.937831 4026055.901316 0.000000 -0.000000
352531.910810 4026055.954503 0.000000 0.000000
352531.883788 4026056.007690 0.000000 -0.000000
352531.856767 4026056.060877 0.000000 -0.000000
352531.829745 4026056.114064 0.000000 -0.000000
352531.802723 4026056.167251 0.000000 -0.000000
352531.775702 4026056.220439 0.000000 0.000000
352531.748680 4026056.273626 0.000000 -0.000000
352531.721659 4026056.326813 0.000000 0.000000
352531.694637 4026056.380000 0.000000 -0.000000
352531.667615 4026056.433187 0.000000 -0.000000
352531.640594 4026056.486374 0.000000 0.000000
352531.613572 4026056.539561 0.000000 -0.000000
352531.586551 4026056.592749 0.000000 -0.000000
352531.559529 4026056.645936 0.000000 -0.000000
352531.532507 4026056.699123 0.000000 0.000000
352531.505486 4026056.752310 0.000000 -0.000000
352531.478464 4026056.805497 0.000000 0.000000
352531.451443 4026056.858684 0.000000 0.000000
352531.424421 4026056.911871 0.000000 0.000000
352531.397399 4026056.965058 0.000000 0.000000
352531.370378 4026057.018246 0.000000 -0.000000
352531.343356 4026057.071433 0.000000 -0.000000
352531.316335 4026057.124620 0.000000 0.000000
352531.289313 4026057.177807 0.000000 -0.000000
352531.262291 4026057.230994 0.000000 -0.000000
352531.235270 4026057.284181 0.000000 -0.000000
352531.208248 4026057.337368 0.000000 0.000000
352531.181227 4026057.390555 0.000000 -0.000000
352531.154205 4026057.443743 0.000000 -0.000000
352531.127183 4026057.496930 0.000000 0.000000
352531.100162 4026057.550117 0.000000 0.000000
352531.073140 4026057.603304 0.000000 0.000000
352531.046119 4026057.656491 0.000000 -0.000000
352531.019097 4026057.709678 0.000000 0.000000
352530.992075 4026057.762865 0.000000 0.000000
352530.965054 4026057.816053 0.000000 -0.000000
352530.938032 4026057.869240 0.000000 0.000000
352530.911011 4026057.922427 0.000000 -0.000000
352530.883989 4026057.975614 0.000000 0.000000
352530.856967 4026058.028801 0.000000 -0.000000
352530.829946 4026058.081988 0.000000 -0.000000
352530.802924 4026058.135175 0.000000 -0.000000
352530.775903 4026058.188362 0.000000 -0.000000
352530.748881 4026058.241550 0.000000 0.000000
352530.721859 4026058.294737 0.000000 -0.000000
352530.694838 4026058.347924 0.000000 -0.000000
352530.667816 4026058.401111 0.000000 0.000000
352530.640795 4026058.454298 0.000000 -0.000000
352530.613773 4026058.507485 0.000000 -0.000000
352530.586751 4026058.560672 0.000000 -0.000000
352530.559730 4026058.613859 0.000000 0.000000
352530.532708 4026058.667047 0.000000 -0.000000
352530.505687 4026058.720234 0.000000 -0.000000
352530.478665 4026058.773421 0.000000 -0.000000
352530.451643 4026058.826608 0.000000 -0.000000
352530.424622 4026058.879795 0.000000 0.000000
352530.397600 4026058.932982 0.000000 -0.000000
352530.370578 4026058.986169 0.000000 -0.000000
352530.343557 4026059.039357 0.000000 0.000000
352530.316535 4026059.092544 0.000000 -0.000000
352530.289514 4026059.145731 0.000000 0.000000
352530.262492 4026059.198918 0.000000 -0.000000
352530.235470 4026059.252105 0.000000 -0.000000
352530.208449 4026059.305292 0.000000 -0.000000
352530.181427 4026059.358479 0.000000 0.000000
352530.154406 4026059.411666 0.000000 0.000000
352530.127384 4026059.464854 0.000000 0.000000
352530.100362 4026059.518041 0.000000 -0.000000
352530.073341 4026059.571228 0.000000 0.000000
352530.046319 4026059.624415 0.000000 -0.000000
352530.019298 4026059.677602 0.000000 -0.000000
352529.992276 4026059.730789 0.000000 0.000000
352529.965254 4026059.783976 0.000000 -0.000000
352529.938233 4026059.837163 0.000000 -0.000000
352529.911211 4026059.890351 0.000000 0.000000
352529.884190 4026059.943538 0.000000 0.000000
352529.857168 4026059.996725 0.000000 -0.000000
352529.830146 4026060.049912 0.000000 -0.000000
352529.803125 4026060.103099 0.000000 -0.000000
352529.776103 4026060.156286 0.000000 0.000000
352529.749082 4026060.209473 0.000000 0.000000
352529.722060 4026060.262661 0.000000 0.000000
352529.695038 4026060.315848 0.000000 -0.000000
352529.668017 4026060.369035 0.000000 -0.000000
352529.640995 4026060.422222 0.000000 0.000000
352529.613974 4026060.475409 0.000000 -0.000000
352529.586952 4026060.528596 0.000000 -0.000000
352529.559930 4026060.581783 0.000000 -0.000000
352529.532909 4026060.634970 0.000000 0.000000
352529.505887 4026060.688158 0.000000 -0.000000
352529.478866 4026060.741345 0.000000 0.000000
352529.451844 4026060.794532 0.000000 -0.000000
352529.424822 4026060.847719 0.000000 -0.000000
352529.397801 4026060.900906 0.000000 -0.000000
352529.370779 4026060.954093 0.000000 -0.000000
352529.343758 4026061.007280 0.000000 0.000000
352529.316736 4026061.060467 0.000000 -0.000000
352529.289714 4026061.113655 0.000000 -0.000000
352529.262693 4026061.166842 0.000000 -0.000000
352529.235671 4026061.220029 0.000000 -0.000000
352529.208650 4026061.273216 0.000000 -0.000000
352529.181628 4026061.326403 0.000000 0.000000
352529.154606 4026061.379590 0.000000 -0.000000
352529.127585 4026061.432777 0.000000 0.000000
352529.100563 4026061.485965 0.000000 -0.000000
352529.073542 4026061.539152 0.000000 0.000000
352529.046520 4026061.592339 0.000000 -0.000000
352529.019498 4026061.645526 0.000000 0.000000
352528.992477 4026061.698713 0.000000 0.000000
352528.965455 4026061.751900 0.000000 -0.000000
352528.938434 4026061.805087 0.000000 0.000000
352528.911412 4026061.858274 0.000000 -0.000000
352528.884390 4026061.911462 0.000000 -0.000000
352528.857369 4026061.964649 0.000000 -0.000000
352528.830347 4026062.017836 0.000000 0.000000
352528.803326 4026062.071023 0.000000 0.000000
352528.776304 4026062.124210 0.000000 -0.000000
352528.749282 4026062.177397 0.000000 0.000000
352528.722261 4026062.230584 0.000000 0.000000
352528.695239 4026062.283771 0.000000 -0.000000
352528.668218 4026062.336959 0.000000 0.000000
352528.641196 4026062.390146 0.000000 -0.000000
352528.614174 4026062.443333 0.000000 0.000000
352528.587153 4026062.496520 0.000000 -0.000000
352528.560131 4026062.549707 0.000000 -0.000000
352528.533110 4026062.602894 0.000000 -0.000000
352528.506088 4026062.656081 0.000000 -0.000000
352528.479066 4026062.709269 0.000000 0.000000
352528.452045 4026062.762456 0.000000 0.000000
352528.425023 4026062.815643 0.000000 0.000000
352528.398002 4026062.868830 0.000000 -0.000000
352528.370980 4026062.922017 0.000000 -0.000000
352528.343958 4026062.975204 0.000000 -0.000000
352528.316937 4026063.028391 0.000000 0.000000
352528.289915 4026063.081578 0.000000 0.000000
352528.262894 4026063.134766 0.000000 -0.000000
352528.235872 4026063.187953 0.000000 -0.000000
352528.208850 4026063.241140 0.000000 -0.000000
352528.181829 4026063.294327 0.000000 -0.000000
352528.154807 4026063.347514 0.000000 -0.000000
352528.127786 4026063.400701 0.000000 -0.000000
352528.100764 4026063.453888 0.000000 -0.000000
352528.073742 4026063.507076 0.000000 -0.000000
352528.046721 4026063.560263 0.000000 0.000000
352528.019699 4026063.613450 0.000000 -0.000000
352527.992678 4026063.666637 0.000000 -0.000000
352527.965656 4026063.719824 0.000000 -0.000000
352527.938634 4026063.773011 0.000000 -0.000000
352527.911613 4026063.826198 0.000000 0.000000
352527.884591 4026063.879385 0.000000 -0.000000
352527.857570 4026063.932573 0.000000 0.000000
352527.830548 4026063.985760 0.000000 -0.000000
352527.803526 4026064.038947 0.000000 0.000000
352527.776505 4026064.092134 0.000000 -0.000000
352527.749483 4026064.145321 0.000000 0.000000
352527.722462 4026064.198508 0.000000 0.000000
352527.695440 4026064.251695 0.000000 -0.000000
352527.668418 4026064.304882 0.000000 -0.000000
352527.641397 4026064.358070 0.000000 -0.000000
352527.614375 4026064.411257 0.000000 -0.000000
352527.587354 4026064.464444 0.000000 0.000000
352527.560332 4026064.517631 0.000000 0.000000
352527.533310 4026064.570818 0.000000 0.000000
352527.506289 4026064.624005 0.000000 -0.000000
352527.479267 4026064.677192 0.000000 0.000000
352527.452246 4026064.730380 0.000000 0.000000
352527.425224 4026064.783567 0.000000 -0.000000
352527.398202 4026064.836754 0.000000 0.000000
352527.371181 4026064.889941 0.000000 0.000000
352527.344159 4026064.943128 0.000000 -0.000000
352527.317138 4026064.996315 0.000000 -0.000000
352527.290116 4026065.049502 0.000000 0.000000
352527.263094 4026065.102689 0.000000 0.000000
352527.236073 4026065.155877 0.000000 -0.000000
352527.209051 4026065.209064 0.000000 0.000000
352527.182030 4026065.262251 0.000000 -0.000000
352527.155008 4026065.315438 0.000000 0.000000
352527.127986 4026065.368625 0.000000 -0.000000
352527.100965 4026065.421812 0.000000 -0.000000
352527.073943 4026065.474999 0.000000 0.000000
352527.046922 4026065.528186 0.000000 -0.000000
352527.019900 4026065.581374 0.000000 0.000000
352526.992878 4026065.634561 0.000000 -0.000000
352526.965857 4026065.687748 0.000000 -0.000000
352526.938835 4026065.740935 0.000000 0.000000
352526.911814 4026065.794122 0.000000 0.000000
352526.884792 4026065.847309 0.000000 -0.000000
352526.857770 4026065.900496 0.000000 0.000000
352526.830749 4026065.953684 0.000000 0.000000
352526.803727 4026066.006871 0.000000 0.000000
352526.776706 4026066.060058 0.000000 0.000000
352526.749684 4026066.113245 0.000000 -0.000000
352526.722662 4026066.166432 0.000000 -0.000000
352526.695641 4026066.219619 0.000000 0.000000
352526.668619 4026066.272806 0.000000 -0.000000
352526.641597 4026066.325993 0.000000 0.000000
352526.614576 4026066.379181 0.000000 -0.000000
352526.587554 4026066.432368 0.000000 0.000000
352526.560533 4026066.485555 0.000000 -0.000000
352526.533511 4026066.538742 0.000000 -0.000000
352526.506489 4026066.591929 0.000000 0.000000
352526.479468 4026066.645117 0.000000 0.000000
352526.452446 4026066.698304 0.000000 0.000000
352526.425424 4026066.751491 0.000000 -0.000000
352526.398403 4026066.804679 0.000000 -0.000000
352526.371381 4026066.857866 0.000000 0.000000
352526.344359 4026066.911054 0.000000 -0.000000
352526.317337 4026066.964242 0.000000 0.000000
352526.290315 4026067.017430 0.000000 0.000000
352526.263292 4026067.070619 0.000000 -0.000000
352526.236270 4026067.123807 0.000000 0.000000
352526.209247 4026067.176997 0.000000 -0.000000
352526.182224 4026067.230186 0.000000 -0.000000
352526.155201 4026067.283376 0.000000 0.000000
352526.128178 4026067.336567 0.000000 0.000000
352526.101154 4026067.389759 0.000000 -0.000000
352526.074130 4026067.442951 0.000000 0.000000
352526.047105 4026067.496145 0.000000 0.000000
352526.020079 4026067.549339 0.000000 0.000000
352525.993053 4026067.602535 0.000000 0.000000
352525.966026 4026067.655733 0.000000 -0.000000
352525.938999 4026067.708932 0.000000 -0.000000
352525.911970 4026067.762133 0.000000 0.000000
352525.884940 4026067.815336 0.000000 -0.000000
352525.857909 4026067.868542 0.000000 0.000000
352525.830877 4026067.921750 0.000000 -0.000000
352525.803843 4026067.974961 0.000000 0.000000
352525.776808 4026068.028175 0.000000 -0.000000
352525.749771 4026068.081393 0.000000 -0.000000
352525.722731 4026068.134615 0.000000 -0.000000
352525.695690 4026068.187842 0.000000 -0.000000
352525.668646 4026068.241073 0.000000 0.000000
352525.641599 4026068.294310 0.000000 -0.000000
352525.614549 4026068.347552 0.000000 0.000000
352525.587496 4026068.400801 0.000000 0.000000
352525.560440 4026068.454057 0.000000 -0.000000
352525.533379 4026068.507320 0.000000 -0.000000
352525.506315 4026068.560592 0.000000 -0.000000
352525.479246 4026068.613872 0.000000 0.000000
352525.452172 4026068.667162 0.000000 -0.000000
352525.425093 4026068.720462 0.000000 -0.000000
352525.398008 4026068.773774 0.000000 0.000000
352525.370917 4026068.827097 0.000000 -0.000000
352525.343820 4026068.880434 0.000000 0.000000
352525.316715 4026068.933784 0.000000 -0.000000
352525.289603 4026068.987150 0.000000 -0.000000
352525.262483 4026069.040531 0.000000 -0.000000
352525.235354 4026069.093930 0.000000 0.000000
352525.208215 4026069.147347 0.000000 -0.000000
352525.181067 4026069.200783 0.000000 -0.000000
352525.153908 4026069.254241 0.000000 0.000000
352525.126738 4026069.307721 0.000000 0.000000
352525.099556 4026069.361224 0.000000 -0.000000
352525.072361 4026069.414752 0.000000 -0.000000
352525.045152 4026069.468307 0.000000 -0.000000
352525.017929 4026069.521890 0.000000 0.000000
352524.990691 4026069.575504 0.000000 -0.000000
352524.963437 4026069.629148 0.000000 -0.000000
352524.936166 4026069.682826 0.000000 0.000000
352524.908877 4026069.736539 0.000000 -0.000000
352524.881570 4026069.790290 0.000000 0.000000
352524.854242 4026069.844079 0.000000 -0.000000
352524.826894 4026069.897909 0.000000 -0.000000
352524.799523 4026069.951783 0.000000 0.000000
352524.772130 4026070.005702 0.000000 0.000000
352524.744712 4026070.059668 0.000000 0.000000
352524.717270 4026070.113684 0.000000 0.000000
352524.689800 4026070.167753 0.000000 -0.000000
352524.662303 4026070.221875 0.000000 0.000000
352524.634778 4026070.276055 0.000000 0.000000
352524.607221 4026070.330294 0.000000 0.000000
352524.579634 4026070.384596 0.000000 -0.000000
352524.552013 4026070.438962 0.000000 0.000000
352524.524359 4026070.493395 0.000000 -0.000000
352524.496668 4026070.547898 0.000000 0.000000
352524.468941 4026070.602475 0.000000 -0.000000
352524.441175 4026070.657127 0.000000 0.000000
352524.413369 4026070.711858 0.000000 -0.000000
352524.385521 4026070.766671 0.000000 -0.000000
352524.357631 4026070.821568 0.000000 0.000000
352524.329696 4026070.876554 0.000000 -0.000000
352524.301714 4026070.931630 0.000000 0.000000
352524.273685 4026070.986800 0.000000 -0.000000
352524.245606 4026071.042068 0.000000 0.000000
352524.217477 4026071.097436 0.000000 0.000000
352524.189294 4026071.152909 0.000000 0.000000
352524.161057 4026071.208488 0.000000 -0.000000
352524.132764 4026071.264178 0.000000 -0.000000
352524.104412 4026071.319983 0.000000 0.000000
352524.076001 4026071.375905 0.000000 0.000000
352524.047529 4026071.431948 0.000000 -0.000000
352524.018993 4026071.488116 0.000000 -0.000000
352523.990392 4026071.544412 0.000000 -0.000000
352523.961724 4026071.600840 0.000000 0.000000
352523.932987 4026071.657403 0.000000 -0.000000
352523.904179 4026071.714106 0.000000 -0.000000
352523.875299 4026071.770951 0.000000 -0.000000
352523.846345 4026071.827943 0.000000 0.000000
352523.817314 4026071.885085 0.000000 0.000000
352523.788204 4026071.942381 0.000000 0.000000
352523.759015 4026071.999835 0.000000 0.000000
352523.729743 4026072.057451 0.000000 -0.000000
352523.700388 4026072.115232 0.000000 -0.000000
352523.670946 4026072.173183 0.000000 0.000000
352523.641416 4026072.231307 0.000000 -0.000000
352523.611797 4026072.289608 0.000000 0.000000
352523.582085 4026072.348090 0.000000 -0.000000
352523.552279 4026072.406757 0.000000 -0.000000
352523.522378 4026072.465613 0.000000 -0.000000
352523.492378 4026072.524662 0.000000 -0.000000
352523.462278 4026072.583907 0.000000 0.000000
352523.432077 4026072.643354 0.000000 0.000000
352523.401771 4026072.703006 0.000000 0.000000
352523.371358 4026072.762867 0.000000 -0.000000
352523.340838 4026072.822941 0.000000 0.000000
352523.310207 4026072.883233 0.000000 0.000000
352523.279463 4026072.943746 0.000000 0.000000
352523.248605 4026073.004484 0.000000 0.000000
352523.217630 4026073.065453 0.000000 0.000000
352523.186536 4026073.126656 0.000000 0.000000
352523.155321 4026073.188097 0.000000 -0.000000
352523.123983 4026073.249781 0.000000 -0.000000
352523.092519 4026073.311712 0.000000 0.000000
352523.060927 4026073.373895 0.000000 -0.000000
352523.029205 4026073.436334 0.000000 0.000000
352522.997351 4026073.499033 0.000000 -0.000000
352522.965362 4026073.561998 0.000000 0.000000
352522.933236 4026073.625232 0.000000 -0.000000
352522.900971 4026073.688740 0.000000 -0.000000
352522.868564 4026073.752527 0.000000 0.000000
352522.836013 4026073.816598 0.000000 0.000000
352522.803315 4026073.880957 0.000000 0.000000
352522.770469 4026073.945609 0.000000 -0.000000
352522.737471 4026074.010560 0.000000 0.000000
352522.704318 4026074.075814 0.000000 -0.000000
352522.671010 4026074.141377 0.000000 0.000000
352522.637541 4026074.207253 0.000000 0.000000
352522.603911 4026074.273448 0.000000 -0.000000
352522.570117 4026074.339966 0.000000 -0.000000
352522.536155 4026074.406815 0.000000 -0.000000
352522.502022 4026074.473998 0.000000 -0.000000
352522.467717 4026074.541522 0.000000 -0.000000
352522.433236 4026074.609392 0.000000 0.000000
352522.398576 4026074.677614 0.000000 0.000000
352522.363734 4026074.746194 0.000000 -0.000000
352522.328707 4026074.815137 0.000000 -0.000000
352522.293492 4026074.884452 0.000000 0.000000
352522.258086 4026074.954142 0.000000 0.000000
352522.222485 4026075.024216 0.000000 0.000000
352522.186687 4026075.094679 0.000000 -0.000000
352522.150687 4026075.165538 0.000000 0.000000
352522.114482 4026075.236800 0.000000 0.000000
352522.078069 4026075.308473 0.000000 0.000000
352522.041444 4026075.380563 0.000000 -0.000000
352522.004602 4026075.453079 0.000000 0.000000
352521.967541 4026075.526027 0.000000 -0.000000
352521.930256 4026075.599416 0.000000 0.000000
352521.892743 4026075.673255 0.000000 -0.000000
352521.854997 4026075.747550 0.000000 -0.000000
352521.817014 4026075.822313 0.000000 -0.000000
352521.778790 4026075.897550 0.000000 0.000000
352521.740319 4026075.973273 0.000000 0.000000
352521.701597 4026076.049489 0.000000 0.000000
352521.662619 4026076.126211 0.000000 0.000000
352521.623380 4026076.203446 0.000000 0.000000
352521.583873 4026076.281208 0.000000 -0.000000
352521.544094 4026076.359506 0.000000 -0.000000
352521.504037 4026076.438352 0.000000 0.000000
352521.463694 4026076.517759 0.000000 0.000000
352521.423061 4026076.597737 0.000000 0.000000
352521.382131 4026076.678302 0.000000 -0.000000
352521.340896 4026076.759465 0.000000 0.000000
352521.299350 4026076.841241 0.000000 -0.000000
352521.257485 4026076.923644 0.000000 -0.000000
352521.215294 4026077.006689 0.000000 -0.000000
352521.172769 4026077.090392 0.000000 0.000000
352521.129902 4026077.174769 0.000000 0.000000
352521.086683 4026077.259836 0.000000 -0.000000
352521.043105 4026077.345612 0.000000 -0.000000
352520.999158 4026077.432114 0.000000 -0.000000
352520.954833 4026077.519360 0.000000 -0.000000
352520.910119 4026077.607372 0.000000 0.000000
352520.865006 4026077.696168 0.000000 -0.000000
352520.819484 4026077.785771 0.000000 -0.000000
352520.773541 4026077.876201 0.000000 -0.000000
352520.727166 4026077.967482 0.000000 -0.000000
352520.680346 4026078.059637 0.000000 0.000000
352520.633070 4026078.152692 0.000000 -0.000000
352520.585325 4026078.246670 0.000000 0.000000
352520.537096 4026078.341600 0.000000 -0.000000
352520.488370 4026078.437507 0.000000 -0.000000
352520.439133 4026078.534421 0.000000 -0.000000
352520.389370 4026078.632372 0.000000 -0.000000
352520.339063 4026078.731391 0.000000 -0.000000
352520.288198 4026078.831511 0.000000 0.000000
352520.236755 4026078.932766 0.000000 0.000000
352520.184716 4026079.035195 0.000000 0.000000
352520.132061 4026079.138837 0.000000 -0.000000
352520.078768 4026079.243735 0.000000 -0.000000
352520.024813 4026079.349936 0.000000 0.000000
352519.970170 4026079.457490 0.000000 0.000000
352519.914812 4026079.566453 0.000000 -0.000000
352519.858707 4026079.676885 0.000000 -0.000000
352519.801822 4026079.788853 0.000000 0.000000
352519.744120 4026079.902430 0.000000 -0.000000
352519.685559 4026080.017696 0.000000 0.000000
352519.626096 4026080.134739 0.000000 0.000000
352519.565680 4026080.253656 0.000000 0.000000
352519.504257 4026080.374556 0.000000 -0.000000
352519.441768 4026080.497555 0.000000 0.000000
352519.378146 4026080.622783 0.000000 0.000000
352519.313319 4026080.750383 0.000000 -0.000000
352519.247208 4026080.880510 0.000000 0.000000
352519.179727 4026081.013335 0.000000 0.000000
352519.110780 4026081.149045 0.000000 -0.000000
352519.040263 4026081.287844 0.000000 0.000000
352518.968064 4026081.429955 0.000000 0.000000
352518.894060 4026081.575619 0.000000 0.000000
352518.818116 4026081.725101 0.000000 0.000000
352518.740088 4026081.878685 0.000000 0.000000
352518.659818 4026082.036681 0.000000 0.000000
352518.577137 4026082.199425 0.000000 0.000000
352518.491860 4026082.367277 0.000000 0.000000
352518.403789 4026082.540629 0.000000 0.000000
352518.312711 4026082.719900 0.000000 0.000000
352518.218395 4026082.905542 0.000000 0.000000
352518.120597 4026083.098040 0.000000 0.000000
352518.019051 4026083.297915 0.000000 0.000000
352517.913474 4026083.505724 0.000000 0.000000
352517.803564 4026083.722063 0.000000 0.000000
352517.688996 4026083.947569 0.000000 0.000000
352517.569427 4026084.182919 0.000000 0.000000
352517.444488 4026084.428839 0.000000 0.000000
352517.313788 4026084.686098 0.000000 0.000000
352517.176912 4026084.955514 0.000000 0.000000
352517.033417 4026085.237958 0.000000 0.000000
352516.882835 4026085.534351 0.000000 0.000000
