352509.824230 4026099.436385 0.000000 0.000000
352509.670732 4026099.737957 0.000000 -0.000000
352509.524594 4026100.025071 0.000000 -0.000000
352509.385334 4026100.298671 0.000000 -0.000000
352509.252497 4026100.559653 0.000000 -0.000000
352509.125655 4026100.808857 0.000000 -0.000000
352509.004403 4026101.047078 0.000000 -0.000000
352508.888362 4026101.275060 0.000000 -0.000000
352508.777176 4026101.493505 0.000000 -0.000000
352508.670509 4026101.703070 0.000000 -0.000000
352508.568048 4026101.904373 0.000000 -0.000000
352508.469499 4026102.097991 0.000000 -0.000000
352508.374586 4026102.284462 0.000000 -0.000000
352508.283055 4026102.464292 0.000000 -0.000000
352508.194664 4026102.637951 0.000000 -0.000000
352508.109192 4026102.805875 0.000000 -0.000000
352508.026432 4026102.968472 0.000000 -0.000000
352507.946191 4026103.126120 0.000000 -0.000000
352507.868290 4026103.279170 0.000000 -0.000000
352507.792565 4026103.427946 0.000000 -0.000000
352507.718862 4026103.572747 0.000000 -0.000000
352507.647042 4026103.713851 0.000000 -0.000000
352507.576973 4026103.851512 0.000000 -0.000000
352507.508538 4026103.985966 0.000000 -0.000000
352507.441625 4026104.117427 0.000000 -0.000000
352507.376135 4026104.246093 0.000000 0.000000
352507.311976 4026104.372146 0.000000 -0.000000
352507.249062 4026104.495751 0.000000 0.000000
352507.187318 4026104.617059 0.000000 -0.000000
352507.126673 4026104.736207 0.000000 -0.000000
352507.067063 4026104.853321 0.000000 -0.000000
352507.008430 4026104.968516 0.000000 -0.000000
352506.950721 4026105.081894 0.000000 -0.000000
352506.893889 4026105.193551 0.000000 -0.000000
352506.837889 4026105.303572 0.000000 -0.000000
352506.782683 4026105.412034 0.000000 -0.000000
352506.728234 4026105.519009 0.000000 0.000000
352506.674509 4026105.624561 0.000000 0.000000
352506.621479 4026105.728748 0.000000 0.000000
352506.569116 4026105.831623 0.000000 -0.000000
352506.517396 4026105.933237 0.000000 0.000000
352506.466295 4026106.033634 0.000000 -0.000000
352506.415792 4026106.132856 0.000000 -0.000000
352506.365867 4026106.230942 0.000000 -0.000000
352506.316503 4026106.327927 0.000000 0.000000
352506.267681 4026106.423845 0.000000 0.000000
352506.219386 4026106.518730 0.000000 0.000000
352506.171602 4026106.612610 0.000000 -0.000000
352506.124314 4026106.705514 0.000000 -0.000000
352506.077509 4026106.797472 0.000000 0.000000
352506.031172 4026106.888508 0.000000 0.000000
352505.985292 4026106.978649 0.000000 0.000000
352505.939854 4026107.067919 0.000000 -0.000000
352505.894848 4026107.156342 0.000000 0.000000
352505.850260 4026107.243941 0.000000 0.000000
352505.806082 4026107.330738 0.000000 0.000000
352505.762300 4026107.416755 0.000000 -0.000000
352505.718906 4026107.502010 0.000000 0.000000
352505.675888 4026107.586526 0.000000 -0.000000
352505.633238 4026107.670319 0.000000 0.000000
352505.590946 4026107.753409 0.000000 -0.000000
352505.549003 4026107.835813 0.000000 0.000000
352505.507401 4026107.917548 0.000000 0.000000
352505.466131 4026107.998631 0.000000 0.000000
352505.425185 4026108.079076 0.000000 -0.000000
352505.384556 4026108.158899 0.000000 0.000000
352505.344236 4026108.238115 0.000000 -0.000000
352505.304218 4026108.316737 0.000000 0.000000
352505.264495 4026108.394779 0.000000 -0.000000
352505.225061 4026108.472254 0.000000 -0.000000
352505.185910 4026108.549174 0.000000 0.000000
352505.147034 4026108.625552 0.000000 -0.000000
352505.108429 4026108.701398 0.000000 0.000000
352505.070089 4026108.776725 0.000000 -0.000000
352505.032007 4026108.851543 0.000000 0.000000
352504.994179 4026108.925862 0.000000 0.000000
352504.956600 4026108.999693 0.000000 -0.000000
352504.919265 4026109.073044 0.000000 -0.000000
352504.882169 4026109.145926 0.000000 -0.000000
352504.845307 4026109.218348 0.000000 -0.000000
352504.808675 4026109.290318 0.000000 -0.000000
352504.772269 4026109.361844 0.000000 -0.000000
352504.736084 4026109.432936 0.000000 0.000000
352504.700116 4026109.503600 0.000000 0.000000
352504.664362 4026109.573845 0.000000 0.000000
352504.628818 4026109.643679 0.000000 -0.000000
352504.593479 4026109.713107 0.000000 0.000000
352504.558343 4026109.782139 0.000000 0.000000
352504.523406 4026109.850779 0.000000 0.000000
352504.488664 4026109.919036 0.000000 -0.000000
352504.454114 4026109.986916 0.000000 0.000000
352504.419752 4026110.054424 0.000000 -0.000000
352504.385577 4026110.121568 0.000000 0.000000
352504.351584 4026110.188354 0.000000 -0.000000
352504.317770 4026110.254787 0.000000 0.000000
352504.284133 4026110.320873 0.000000 -0.000000
352504.250669 4026110.386618 0.000000 -0.000000
352504.217376 4026110.452027 0.000000 0.000000
352504.184251 4026110.517107 0.000000 -0.000000
352504.151291 4026110.581863 0.000000 0.000000
352504.118494 4026110.646299 0.000000 0.000000
352504.085856 4026110.710421 0.000000 0.000000
352504.053376 4026110.774234 0.000000 0.000000
352504.021050 4026110.837744 0.000000 0.000000
352503.988876 4026110.900955 0.000000 0.000000
352503.956852 4026110.963873 0.000000 0.000000
352503.924975 4026111.026501 0.000000 -0.000000
352503.893242 4026111.088845 0.000000 -0.000000
352503.861652 4026111.150910 0.000000 0.000000
352503.830201 4026111.212700 0.000000 -0.000000
352503.798888 4026111.274220 0.000000 -0.000000
352503.767710 4026111.335474 0.000000 0.000000
352503.736666 4026111.396467 0.000000 -0.000000
352503.705751 4026111.457203 0.000000 0.000000
352503.674966 4026111.517687 0.000000 0.000000
352503.644306 4026111.577923 0.000000 -0.000000
352503.613771 4026111.637916 0.000000 -0.000000
352503.583357 4026111.697668 0.000000 0.000000
352503.553063 4026111.757186 0.000000 0.000000
352503.522887 4026111.816473 0.000000 0.000000
352503.492826 4026111.875533 0.000000 -0.000000
352503.462879 4026111.934370 0.000000 0.000000
352503.433042 4026111.992988 0.000000 -0.000000
352503.403315 4026112.051392 0.000000 -0.000000
352503.373696 4026112.109585 0.000000 0.000000
352503.344181 4026112.167572 0.000000 0.000000
352503.314769 4026112.225356 0.000000 0.000000
352503.285459 4026112.282942 0.000000 0.000000
352503.256247 4026112.340333 0.000000 -0.000000
352503.227133 4026112.397533 0.000000 0.000000
352503.198114 4026112.454546 0.000000 0.000000
352503.169188 4026112.511376 0.000000 0.000000
352503.140353 4026112.568027 0.000000 0.000000
352503.111608 4026112.624503 0.000000 0.000000
352503.082949 4026112.680807 0.000000 -0.000000
352503.054377 4026112.736943 0.000000 0.000000
352503.025887 4026112.792916 0.000000 0.000000
352502.997479 4026112.848727 0.000000 -0.000000
352502.969151 4026112.904383 0.000000 -0.000000
352502.940901 4026112.959885 0.000000 0.000000
352502.912727 4026113.015238 0.000000 0.000000
352502.884627 4026113.070446 0.000000 -0.000000
352502.856599 4026113.125512 0.000000 0.000000
352502.828642 4026113.180439 0.000000 0.000000
352502.800753 4026113.235231 0.000000 -0.000000
352502.772931 4026113.289892 0.000000 -0.000000
352502.745174 4026113.344426 0.000000 -0.000000
352502.717480 4026113.398835 0.000000 0.000000
352502.689848 4026113.453124 0.000000 0.000000
352502.662275 4026113.507295 0.000000 0.000000
352502.634761 4026113.561352 0.000000 -0.000000
352502.607302 4026113.615299 0.000000 0.000000
352502.579898 4026113.669138 0.000000 0.000000
352502.552548 4026113.722874 0.000000 -0.000000
352502.525248 4026113.776509 0.000000 0.000000
352502.497998 4026113.830046 0.000000 -0.000000
352502.470796 4026113.883489 0.000000 -0.000000
352502.443640 4026113.936841 0.000000 0.000000
352502.416530 4026113.990105 0.000000 -0.000000
352502.389462 4026114.043284 0.000000 -0.000000
352502.362437 4026114.096380 0.000000 -0.000000
352502.335451 4026114.149398 0.000000 0.000000
352502.308505 4026114.202339 0.000000 -0.000000
352502.281596 4026114.255207 0.000000 -0.000000
352502.254722 4026114.308004 0.000000 0.000000
352502.227884 4026114.360733 0.000000 0.000000
352502.201078 4026114.413397 0.000000 0.000000
352502.174305 4026114.465998 0.000000 -0.000000
352502.147562 4026114.518539 0.000000 0.000000
352502.120848 4026114.571022 0.000000 0.000000
352502.094163 4026114.623451 0.000000 -0.000000
352502.067504 4026114.675826 0.000000 -0.000000
352502.040871 4026114.728151 0.000000 -0.000000
352502.014263 4026114.780428 0.000000 -0.000000
352501.987678 4026114.832658 0.000000 0.000000
352501.961116 4026114.884845 0.000000 0.000000
352501.934574 4026114.936990 0.000000 -0.000000
352501.908053 4026114.989096 0.000000 -0.000000
352501.881551 4026115.041163 0.000000 -0.000000
352501.855068 4026115.093195 0.000000 0.000000
352501.828602 4026115.145192 0.000000 -0.000000
352501.802152 4026115.197157 0.000000 0.000000
352501.775718 4026115.249092 0.000000 0.000000
352501.749298 4026115.300997 0.000000 0.000000
352501.722893 4026115.352876 0.000000 -0.000000
352501.696500 4026115.404728 0.000000 -0.000000
352501.670120 4026115.456556 0.000000 0.000000
352501.643752 4026115.508362 0.000000 -0.000000
352501.617394 4026115.560145 0.000000 0.000000
352501.591047 4026115.611909 0.000000 -0.000000
352501.564710 4026115.663654 0.000000 0.000000
352501.538381 4026115.715380 0.000000 -0.000000
352501.512061 4026115.767091 0.000000 -0.000000
352501.485749 4026115.818785 0.000000 -0.000000
352501.459445 4026115.870465 0.000000 -0.000000
352501.433147 4026115.922132 0.000000 -0.000000
352501.406855 4026115.973786 0.000000 0.000000
352501.380570 4026116.025429 0.000000 0.000000
352501.354290 4026116.077060 0.000000 -0.000000
352501.328015 4026116.128682 0.000000 -0.000000
352501.301745 4026116.180294 0.000000 -0.000000
352501.275479 4026116.231897 0.000000 0.000000
352501.249218 4026116.283493 0.000000 0.000000
352501.222960 4026116.335081 0.000000 -0.000000
352501.196705 4026116.386663 0.000000 0.000000
352501.170454 4026116.438239 0.000000 -0.000000
352501.144205 4026116.489809 0.000000 -0.000000
352501.117959 4026116.541373 0.000000 -0.000000
352501.091716 4026116.592933 0.000000 0.000000
352501.065474 4026116.644489 0.000000 0.000000
352501.039235 4026116.696041 0.000000 -0.000000
352501.012997 4026116.747589 0.000000 -0.000000
352500.986761 4026116.799135 0.000000 -0.000000
352500.960527 4026116.850677 0.000000 0.000000
352500.934293 4026116.902217 0.000000 -0.000000
352500.908061 4026116.953754 0.000000 0.000000
352500.881830 4026117.005289 0.000000 0.000000
352500.855600 4026117.056823 0.000000 -0.000000
352500.829371 4026117.108355 0.000000 -0.000000
352500.803143 4026117.159885 0.000000 0.000000
352500.776915 4026117.211414 0.000000 0.000000
352500.750688 4026117.262942 0.000000 0.000000
352500.724461 4026117.314470 0.000000 -0.000000
352500.698234 4026117.365996 0.000000 -0.000000
352500.672008 4026117.417521 0.000000 0.000000
352500.645783 4026117.469046 0.000000 -0.000000
352500.619557 4026117.520571 0.000000 -0.000000
352500.593332 4026117.572094 0.000000 -0.000000
352500.567107 4026117.623618 0.000000 -0.000000
352500.540882 4026117.675141 0.000000 0.000000
352500.514658 4026117.726664 0.000000 -0.000000
352500.488433 4026117.778187 0.000000 0.000000
352500.462209 4026117.829709 0.000000 -0.000000
352500.435984 4026117.881232 0.000000 0.000000
352500.409760 4026117.932754 0.000000 0.000000
352500.383536 4026117.984276 0.000000 0.000000
352500.357312 4026118.035798 0.000000 0.000000
352500.331087 4026118.087320 0.000000 -0.000000
352500.304863 4026118.138842 0.000000 -0.000000
352500.278639 4026118.190364 0.000000 -0.000000
352500.252415 4026118.241886 0.000000 -0.000000
352500.226191 4026118.293408 0.000000 0.000000
352500.199967 4026118.344930 0.000000 0.000000
352500.173742 4026118.396452 0.000000 -0.000000
352500.147518 4026118.447974 0.000000 -0.000000
352500.121294 4026118.499496 0.000000 -0.000000
352500.095070 4026118.551018 0.000000 -0.000000
352500.068846 4026118.602540 0.000000 0.000000
352500.042622 4026118.654062 0.000000 -0.000000
352500.016397 4026118.705584 0.000000 -0.000000
352499.990173 4026118.757105 0.000000 0.000000
352499.963949 4026118.808627 0.000000 0.000000
352499.937725 4026118.860149 0.000000 0.000000
352499.911501 4026118.911671 0.000000 0.000000
352499.885277 4026118.963193 0.000000 0.000000
352499.859053 4026119.014715 0.000000 0.000000
352499.832828 4026119.066237 0.000000 -0.000000
352499.806604 4026119.117759 0.000000 -0.000000
352499.780380 4026119.169281 0.000000 -0.000000
352499.754156 4026119.220803 0.000000 -0.000000
352499.727932 4026119.272325 0.000000 0.000000
352499.701708 4026119.323847 0.000000 0.000000
352499.675484 4026119.375369 0.000000 -0.000000
352499.649259 4026119.426890 0.000000 0.000000
352499.623035 4026119.478412 0.000000 -0.000000
352499.596811 4026119.529934 0.000000 0.000000
352499.570587 4026119.581456 0.000000 -0.000000
352499.544363 4026119.632978 0.000000 0.000000
352499.518139 4026119.684500 0.000000 -0.000000
352499.491914 4026119.736022 0.000000 0.000000
352499.465690 4026119.787544 0.000000 0.000000
352499.439466 4026119.839066 0.000000 0.000000
352499.413242 4026119.890588 0.000000 0.000000
352499.387018 4026119.942110 0.000000 -0.000000
352499.360794 4026119.993632 0.000000 -0.000000
352499.334570 4026120.045154 0.000000 0.000000
352499.308345 4026120.096675 0.000000 -0.000000
352499.282121 4026120.148197 0.000000 -0.000000
352499.255897 4026120.199719 0.000000 -0.000000
352499.229673 4026120.251241 0.000000 0.000000
352499.203449 4026120.302763 0.000000 0.000000
352499.177225 4026120.354285 0.000000 0.000000
352499.151001 4026120.405807 0.000000 -0.000000
352499.124776 4026120.457329 0.000000 0.000000
352499.098552 4026120.508851 0.000000 -0.000000
352499.072328 4026120.560373 0.000000 0.000000
352499.046104 4026120.611895 0.000000 0.000000
352499.019880 4026120.663417 0.000000 0.000000
352498.993656 4026120.714939 0.000000 0.000000
352498.967431 4026120.766460 0.000000 -0.000000
352498.941207 4026120.817982 0.000000 0.000000
352498.914983 4026120.869504 0.000000 -0.000000
352498.888759 4026120.921026 0.000000 -0.000000
352498.862535 4026120.972548 0.000000 -0.000000
352498.836311 4026121.024070 0.000000 -0.000000
352498.810087 4026121.075592 0.000000 -0.000000
352498.783862 4026121.127114 0.000000 -0.000000
352498.757638 4026121.178636 0.000000 0.000000
352498.731414 4026121.230158 0.000000 -0.000000
352498.705190 4026121.281680 0.000000 0.000000
352498.678966 4026121.333202 0.000000 0.000000
352498.652742 4026121.384723 0.000000 -0.000000
352498.626518 4026121.436245 0.000000 -0.000000
352498.600293 4026121.487767 0.000000 0.000000
352498.574069 4026121.539289 0.000000 0.000000
352498.547845 4026121.590811 0.000000 0.000000
352498.521621 4026121.642333 0.000000 -0.000000
352498.495397 4026121.693855 0.000000 -0.000000
352498.469173 4026121.745377 0.000000 -0.000000
352498.442948 4026121.796899 0.000000 -0.000000
352498.416724 4026121.848421 0.000000 -0.000000
352498.390500 4026121.899943 0.000000 0.000000
352498.364276 4026121.951465 0.000000 -0.000000
352498.338052 4026122.002987 0.000000 -0.000000
352498.311828 4026122.054508 0.000000 -0.000000
352498.285604 4026122.106030 0.000000 0.000000
352498.259379 4026122.157552 0.000000 -0.000000
352498.233155 4026122.209074 0.000000 -0.000000
352498.206931 4026122.260596 0.000000 -0.000000
352498.180707 4026122.312118 0.000000 0.000000
352498.154483 4026122.363640 0.000000 0.000000
352498.128259 4026122.415162 0.000000 0.000000
352498.102035 4026122.466684 0.000000 0.000000
352498.075810 4026122.518206 0.000000 -0.000000
352498.049586 4026122.569728 0.000000 0.000000
352498.023362 4026122.621250 0.000000 0.000000
352497.997138 4026122.672772 0.000000 0.000000
352497.970914 4026122.724293 0.000000 -0.000000
352497.944690 4026122.775815 0.000000 -0.000000
352497.918465 4026122.827337 0.000000 -0.000000
352497.892241 4026122.878859 0.000000 0.000000
352497.866017 4026122.930381 0.000000 0.000000
352497.839793 4026122.981903 0.000000 0.000000
352497.813569 4026123.033425 0.000000 0.000000
352497.787345 4026123.084947 0.000000 -0.000000
352497.761121 4026123.136469 0.000000 0.000000
352497.734896 4026123.187991 0.000000 0.000000
352497.708672 4026123.239513 0.000000 0.000000
352497.682448 4026123.291035 0.000000 -0.000000
352497.656224 4026123.342557 0.000000 0.000000
352497.630000 4026123.394078 0.000000 0.000000
352497.603776 4026123.445600 0.000000 0.000000
352497.577551 4026123.497122 0.000000 -0.000000
352497.551327 4026123.548644 0.000000 -0.000000
352497.525103 4026123.600166 0.000000 -0.000000
352497.498879 4026123.651688 0.000000 -0.000000
352497.472655 4026123.703210 0.000000 -0.000000
352497.446431 4026123.754732 0.000000 0.000000
352497.420207 4026123.806254 0.000000 -0.000000
352497.393982 4026123.857776 0.000000 -0.000000
352497.367758 4026123.909298 0.000000 0.000000
352497.341534 4026123.960820 0.000000 0.000000
352497.315310 4026124.012342 0.000000 -0.000000
352497.289086 4026124.063863 0.000000 -0.000000
352497.262862 4026124.115385 0.000000 0.000000
352497.236638 4026124.166907 0.000000 0.000000
352497.210413 4026124.218429 0.000000 -0.000000
352497.184189 4026124.269951 0.000000 -0.000000
352497.157965 4026124.321473 0.000000 0.000000
352497.131741 4026124.372995 0.000000 -0.000000
352497.105517 4026124.424517 0.000000 0.000000
352497.079293 4026124.476039 0.000000 -0.000000
352497.053068 4026124.527561 0.000000 -0.000000
352497.026844 4026124.579083 0.000000 0.000000
352497.000620 4026124.630605 0.000000 0.000000
352496.974396 4026124.682126 0.000000 0.000000
352496.948172 4026124.733648 0.000000 -0.000000
352496.921948 4026124.785170 0.000000 0.000000
352496.895724 4026124.836692 0.000000 0.000000
352496.869499 4026124.888214 0.000000 0.000000
352496.843275 4026124.939736 0.000000 0.000000
352496.817051 4026124.991258 0.000000 0.000000
352496.790827 4026125.042780 0.000000 0.000000
352496.764603 4026125.094302 0.000000 -0.000000
352496.738379 4026125.145824 0.000000 0.000000
352496.712155 4026125.197346 0.000000 -0.000000
352496.685930 4026125.248868 0.000000 0.000000
352496.659706 4026125.300390 0.000000 -0.000000
352496.633482 4026125.351911 0.000000 -0.000000
352496.607258 4026125.403433 0.000000 0.000000
352496.581034 4026125.454955 0.000000 -0.000000
352496.554810 4026125.506477 0.000000 0.000000
352496.528585 4026125.557999 0.000000 0.000000
352496.502361 4026125.609521 0.000000 -0.000000
352496.476137 4026125.661043 0.000000 -0.000000
352496.449913 4026125.712565 0.000000 0.000000
352496.423689 4026125.764087 0.000000 0.000000
352496.397465 4026125.815609 0.000000 -0.000000
352496.371241 4026125.867131 0.000000 -0.000000
352496.345016 4026125.918653 0.000000 -0.000000
352496.318792 4026125.970175 0.000000 0.000000
352496.292568 4026126.021696 0.000000 0.000000
352496.266344 4026126.073218 0.000000 0.000000
352496.240120 4026126.124740 0.000000 -0.000000
352496.213896 4026126.176262 0.000000 -0.000000
352496.187672 4026126.227784 0.000000 -0.000000
352496.161447 4026126.279306 0.000000 0.000000
352496.135223 4026126.330828 0.000000 0.000000
352496.108999 4026126.382350 0.000000 0.000000
352496.082775 4026126.433872 0.000000 0.000000
352496.056551 4026126.485394 0.000000 -0.000000
352496.030327 4026126.536916 0.000000 0.000000
352496.004102 4026126.588438 0.000000 0.000000
352495.977878 4026126.639960 0.000000 0.000000
352495.951654 4026126.691481 0.000000 -0.000000
352495.925430 4026126.743003 0.000000 -0.000000
352495.899206 4026126.794525 0.000000 -0.000000
352495.872982 4026126.846047 0.000000 -0.000000
352495.846758 4026126.897569 0.000000 -0.000000
352495.820533 4026126.949091 0.000000 -0.000000
352495.794309 4026127.000613 0.000000 -0.000000
352495.768085 4026127.052135 0.000000 -0.000000
352495.741861 4026127.103657 0.000000 -0.000000
352495.715637 4026127.155179 0.000000 -0.000000
352495.689413 4026127.206701 0.000000 -0.000000
352495.663189 4026127.258223 0.000000 0.000000
352495.636964 4026127.309745 0.000000 -0.000000
352495.610740 4026127.361266 0.000000 0.000000
352495.584516 4026127.412788 0.000000 0.000000
352495.558292 4026127.464310 0.000000 -0.000000
352495.532068 4026127.515832 0.000000 -0.000000
352495.505844 4026127.567354 0.000000 0.000000
352495.479619 4026127.618876 0.000000 -0.000000
352495.453395 4026127.670398 0.000000 0.000000
352495.427171 4026127.721920 0.000000 0.000000
352495.400947 4026127.773442 0.000000 0.000000
352495.374723 4026127.824964 0.000000 -0.000000
352495.348499 4026127.876486 0.000000 0.000000
352495.322275 4026127.928008 0.000000 -0.000000
352495.296050 4026127.979530 0.000000 0.000000
352495.269826 4026128.031051 0.000000 0.000000
352495.243602 4026128.082573 0.000000 0.000000
352495.217378 4026128.134095 0.000000 0.000000
352495.191154 4026128.185617 0.000000 -0.000000
352495.164930 4026128.237139 0.000000 0.000000
352495.138705 4026128.288661 0.000000 -0.000000
352495.112481 4026128.340183 0.000000 -0.000000
352495.086257 4026128.391705 0.000000 0.000000
352495.060033 4026128.443227 0.000000 0.000000
352495.033809 4026128.494749 0.000000 -0.000000
352495.007585 4026128.546271 0.000000 -0.000000
352494.981361 4026128.597793 0.000000 -0.000000
352494.955136 4026128.649314 0.000000 -0.000000
352494.928912 4026128.700836 0.000000 0.000000
352494.902688 4026128.752358 0.000000 0.000000
352494.876464 4026128.803880 0.000000 -0.000000
352494.850240 4026128.855402 0.000000 0.000000
352494.824016 4026128.906924 0.000000 -0.000000
352494.797792 4026128.958446 0.000000 -0.000000
352494.771567 4026129.009968 0.000000 0.000000
352494.745343 4026129.061490 0.000000 -0.000000
352494.719119 4026129.113012 0.000000 -0.000000
352494.692895 4026129.164534 0.000000 0.000000
352494.666671 4026129.216056 0.000000 0.000000
352494.640447 4026129.267578 0.000000 -0.000000
352494.614222 4026129.319099 0.000000 -0.000000
352494.587998 4026129.370621 0.000000 -0.000000
352494.561774 4026129.422143 0.000000 -0.000000
352494.535550 4026129.473665 0.000000 -0.000000
352494.509326 4026129.525187 0.000000 -0.000000
352494.483102 4026129.576709 0.000000 0.000000
352494.456878 4026129.628231 0.000000 -0.000000
352494.430653 4026129.679753 0.000000 -0.000000
352494.404429 4026129.731275 0.000000 0.000000
352494.378205 4026129.782797 0.000000 -0.000000
352494.351981 4026129.834319 0.000000 0.000000
352494.325757 4026129.885841 0.000000 -0.000000
352494.299533 4026129.937363 0.000000 0.000000
352494.273309 4026129.988884 0.000000 -0.000000
352494.247084 4026130.040406 0.000000 -0.000000
352494.220860 4026130.091928 0.000000 0.000000
352494.194636 4026130.143450 0.000000 -0.000000
352494.168412 4026130.194972 0.000000 -0.000000
352494.142188 4026130.246494 0.000000 0.000000
352494.115964 4026130.298016 0.000000 -0.000000
352494.089739 4026130.349538 0.000000 0.000000
352494.063515 4026130.401060 0.000000 0.000000
352494.037291 4026130.452582 0.000000 0.000000
352494.011067 4026130.504104 0.000000 -0.000000
352493.984843 4026130.555626 0.000000 0.000000
352493.958619 4026130.607148 0.000000 0.000000
352493.932395 4026130.658669 0.000000 0.000000
352493.906170 4026130.710191 0.000000 0.000000
352493.879946 4026130.761713 0.000000 -0.000000
352493.853722 4026130.813235 0.000000 -0.000000
352493.827498 4026130.864757 0.000000 0.000000
352493.801274 4026130.916279 0.000000 0.000000
352493.775050 4026130.967801 0.000000 0.000000
352493.748826 4026131.019323 0.000000 -0.000000
352493.722601 4026131.070845 0.000000 0.000000
352493.696377 4026131.122367 0.000000 -0.000000
352493.670153 4026131.173889 0.000000 0.000000
352493.643929 4026131.225411 0.000000 0.000000
352493.617705 4026131.276933 0.000000 -0.000000
352493.591481 4026131.328454 0.000000 0.000000
352493.565256 4026131.379976 0.000000 -0.000000
352493.539032 4026131.431498 0.000000 0.000000
352493.512808 4026131.483020 0.000000 0.000000
352493.486584 4026131.534542 0.000000 -0.000000
352493.460360 4026131.586064 0.000000 0.000000
352493.434136 4026131.637586 0.000000 -0.000000
352493.407912 4026131.689108 0.000000 -0.000000
352493.381687 4026131.740630 0.000000 0.000000
352493.355463 4026131.792152 0.000000 0.000000
352493.329239 4026131.843674 0.000000 -0.000000
352493.303015 4026131.895196 0.000000 -0.000000
352493.276791 4026131.946718 0.000000 -0.000000
352493.250567 4026131.998239 0.000000 -0.000000
352493.224343 4026132.049761 0.000000 0.000000
352493.198118 4026132.101283 0.000000 0.000000
352493.171894 4026132.152805 0.000000 -0.000000
352493.145670 4026132.204327 0.000000 0.000000
352493.119446 4026132.255849 0.000000 -0.000000
352493.093222 4026132.307371 0.000000 0.000000
352493.066998 4026132.358893 0.000000 -0.000000
352493.040773 4026132.410415 0.000000 0.000000
352493.014549 4026132.461937 0.000000 -0.000000
352492.988325 4026132.513459 0.000000 -0.000000
352492.962101 4026132.564981 0.000000 0.000000
352492.935877 4026132.616502 0.000000 -0.000000
352492.909653 4026132.668024 0.000000 0.000000
352492.883429 4026132.719546 0.000000 0.000000
352492.857204 4026132.771068 0.000000 -0.000000
352492.830980 4026132.822590 0.000000 0.000000
352492.804756 4026132.874112 0.000000 -0.000000
352492.778532 4026132.925634 0.000000 -0.000000
352492.752308 4026132.977156 0.000000 0.000000
352492.726084 4026133.028678 0.000000 -0.000000
352492.699860 4026133.080200 0.000000 -0.000000
352492.673635 4026133.131722 0.000000 0.000000
352492.647411 4026133.183244 0.000000 -0.000000
352492.621187 4026133.234766 0.000000 0.000000
352492.594963 4026133.286287 0.000000 0.000000
352492.568739 4026133.337809 0.000000 0.000000
352492.542515 4026133.389331 0.000000 0.000000
352492.516290 4026133.440853 0.000000 0.000000
352492.490066 4026133.492375 0.000000 -0.000000
352492.463842 4026133.543897 0.000000 0.000000
352492.437618 4026133.595419 0.000000 -0.000000
352492.411394 4026133.646941 0.000000 0.000000
352492.385170 4026133.698463 0.000000 0.000000
352492.358946 4026133.749985 0.000000 -0.000000
352492.332721 4026133.801507 0.000000 0.000000
352492.306497 4026133.853029 0.000000 0.000000
352492.280273 4026133.904551 0.000000 0.000000
352492.254049 4026133.956072 0.000000 -0.000000
352492.227825 4026134.007594 0.000000 0.000000
352492.201601 4026134.059116 0.000000 -0.000000
352492.175376 4026134.110638 0.000000 0.000000
352492.149152 4026134.162160 0.000000 -0.000000
352492.122928 4026134.213682 0.000000 -0.000000
352492.096704 4026134.265204 0.000000 -0.000000
352492.070480 4026134.316726 0.000000 -0.000000
352492.044256 4026134.368248 0.000000 0.000000
352492.018032 4026134.419770 0.000000 -0.000000
352491.991807 4026134.471292 0.000000 -0.000000
352491.965583 4026134.522814 0.000000 -0.000000
352491.939359 4026134.574336 0.000000 -0.000000
352491.913135 4026134.625857 0.000000 -0.000000
352491.886911 4026134.677379 0.000000 -0.000000
352491.860687 4026134.728901 0.000000 0.000000
352491.834463 4026134.780423 0.000000 -0.000000
352491.808238 4026134.831945 0.000000 -0.000000
352491.782014 4026134.883467 0.000000 0.000000
352491.755790 4026134.934989 0.000000 -0.000000
352491.729566 4026134.986511 0.000000 0.000000
352491.703342 4026135.038033 0.000000 -0.000000
352491.677118 4026135.089555 0.000000 0.000000
352491.650893 4026135.141077 0.000000 0.000000
352491.624669 4026135.192599 0.000000 -0.000000
352491.598445 4026135.244121 0.000000 -0.000000
352491.572221 4026135.295642 0.000000 0.000000
352491.545997 4026135.347164 0.000000 -0.000000
352491.519773 4026135.398686 0.000000 0.000000
352491.493549 4026135.450208 0.000000 -0.000000
352491.467324 4026135.501730 0.000000 0.000000
352491.441100 4026135.553252 0.000000 0.000000
352491.414876 4026135.604774 0.000000 0.000000
352491.388652 4026135.656296 0.000000 -0.000000
352491.362428 4026135.707818 0.000000 0.000000
352491.336204 4026135.759340 0.000000 0.000000
352491.309980 4026135.810862 0.000000 0.000000
352491.283755 4026135.862384 0.000000 0.000000
352491.257531 4026135.913905 0.000000 0.000000
352491.231307 4026135.965427 0.000000 -0.000000
352491.205083 4026136.016949 0.000000 0.000000
352491.178859 4026136.068471 0.000000 -0.000000
352491.152635 4026136.119993 0.000000 -0.000000
352491.126410 4026136.171515 0.000000 0.000000
352491.100186 4026136.223037 0.000000 -0.000000
352491.073962 4026136.274559 0.000000 -0.000000
352491.047738 4026136.326081 0.000000 0.000000
352491.021514 4026136.377603 0.000000 -0.000000
352490.995290 4026136.429125 0.000000 -0.000000
352490.969066 4026136.480647 0.000000 0.000000
352490.942841 4026136.532169 0.000000 -0.000000
352490.916617 4026136.583690 0.000000 0.000000
352490.890393 4026136.635212 0.000000 -0.000000
352490.864169 4026136.686734 0.000000 -0.000000
352490.837945 4026136.738256 0.000000 -0.000000
352490.811721 4026136.789778 0.000000 -0.000000
352490.785497 4026136.841300 0.000000 0.000000
352490.759272 4026136.892822 0.000000 -0.000000
352490.733048 4026136.944344 0.000000 0.000000
352490.706824 4026136.995866 0.000000 0.000000
352490.680600 4026137.047388 0.000000 -0.000000
352490.654376 4026137.098910 0.000000 -0.000000
352490.628152 4026137.150432 0.000000 0.000000
352490.601927 4026137.201954 0.000000 -0.000000
352490.575703 4026137.253475 0.000000 -0.000000
352490.549479 4026137.304997 0.000000 0.000000
352490.523255 4026137.356519 0.000000 0.000000
352490.497031 4026137.408041 0.000000 -0.000000
352490.470807 4026137.459563 0.000000 0.000000
352490.444583 4026137.511085 0.000000 -0.000000
352490.418358 4026137.562607 0.000000 0.000000
352490.392134 4026137.614129 0.000000 -0.000000
352490.365910 4026137.665651 0.000000 0.000000
352490.339686 4026137.717173 0.000000 0.000000
352490.313462 4026137.768695 0.000000 -0.000000
352490.287238 4026137.820217 0.000000 -0.000000
352490.261014 4026137.871739 0.000000 0.000000
352490.234789 4026137.923260 0.000000 -0.000000
352490.208565 4026137.974782 0.000000 0.000000
352490.182341 4026138.026304 0.000000 0.000000
352490.156117 4026138.077826 0.000000 -0.000000
352490.129893 4026138.129348 0.000000 0.000000
352490.103669 4026138.180870 0.000000 0.000000
352490.077444 4026138.232392 0.000000 -0.000000
352490.051220 4026138.283914 0.000000 0.000000
352490.024996 4026138.335436 0.000000 0.000000
352489.998772 4026138.386958 0.000000 0.000000
352489.972548 4026138.438480 0.000000 0.000000
352489.946324 4026138.490002 0.000000 -0.000000
352489.920100 4026138.541524 0.000000 0.000000
352489.893875 4026138.593045 0.000000 0.000000
352489.867651 4026138.644567 0.000000 -0.000000
352489.841427 4026138.696089 0.000000 0.000000
352489.815203 4026138.747611 0.000000 -0.000000
352489.788979 4026138.799133 0.000000 0.000000
352489.762755 4026138.850655 0.000000 -0.000000
352489.736531 4026138.902177 0.000000 0.000000
352489.710306 4026138.953699 0.000000 -0.000000
352489.684082 4026139.005221 0.000000 -0.000000
352489.657858 4026139.056743 0.000000 0.000000
352489.631634 4026139.108265 0.000000 -0.000000
352489.605410 4026139.159787 0.000000 0.000000
352489.579186 4026139.211309 0.000000 0.000000
352489.552961 4026139.262830 0.000000 -0.000000
352489.526737 4026139.314352 0.000000 0.000000
352489.500513 4026139.365874 0.000000 -0.000000
352489.474289 4026139.417396 0.000000 -0.000000
352489.448065 4026139.468918 0.000000 -0.000000
352489.421841 4026139.520440 0.000000 0.000000
352489.395617 4026139.571962 0.000000 0.000000
352489.369392 4026139.623484 0.000000 -0.000000
352489.343168 4026139.675006 0.000000 -0.000000
352489.316944 4026139.726528 0.000000 -0.000000
352489.290720 4026139.778050 0.000000 -0.000000
352489.264496 4026139.829572 0.000000 -0.000000
352489.238272 4026139.881094 0.000000 0.000000
352489.212047 4026139.932615 0.000000 -0.000000
352489.185823 4026139.984137 0.000000 -0.000000
352489.159599 4026140.035659 0.000000 -0.000000
352489.133375 4026140.087182 0.000000 0.000000
352489.107151 4026140.138704 0.000000 -0.000000
352489.080926 4026140.190226 0.000000 -0.000000
352489.054702 4026140.241748 0.000000 0.000000
352489.028478 4026140.293270 0.000000 0.000000
352489.002253 4026140.344793 0.000000 -0.000000
352488.976029 4026140.396316 0.000000 0.000000
352488.949804 4026140.447839 0.000000 0.000000
352488.923579 4026140.499362 0.000000 -0.000000
352488.897354 4026140.550885 0.000000 -0.000000
352488.871129 4026140.602409 0.000000 0.000000
352488.844904 4026140.653934 0.000000 -0.000000
352488.818678 4026140.705458 0.000000 0.000000
352488.792452 4026140.756984 0.000000 0.000000
352488.766226 4026140.808510 0.000000 -0.000000
352488.739999 4026140.860037 0.000000 0.000000
352488.713772 4026140.911565 0.000000 0.000000
352488.687544 4026140.963095 0.000000 0.000000
352488.661315 4026141.014625 0.000000 0.000000
352488.635086 4026141.066157 0.000000 -0.000000
352488.608856 4026141.117690 0.000000 -0.000000
352488.582625 4026141.169226 0.000000 0.000000
352488.556393 4026141.220763 0.000000 0.000000
352488.530160 4026141.272303 0.000000 -0.000000
352488.503925 4026141.323845 0.000000 0.000000
352488.477689 4026141.375390 0.000000 0.000000
352488.451452 4026141.426939 0.000000 0.000000
352488.425212 4026141.478491 0.000000 0.000000
352488.398971 4026141.530046 0.000000 0.000000
352488.372727 4026141.581606 0.000000 -0.000000
352488.346481 4026141.633171 0.000000 0.000000
352488.320233 4026141.684741 0.000000 -0.000000
352488.293981 4026141.736317 0.000000 0.000000
352488.267727 4026141.787898 0.000000 -0.000000
352488.241469 4026141.839487 0.000000 0.000000
352488.215207 4026141.891082 0.000000 0.000000
352488.188941 4026141.942686 0.000000 -0.000000
352488.162671 4026141.994298 0.000000 0.000000
352488.136396 4026142.045920 0.000000 0.000000
352488.110117 4026142.097551 0.000000 -0.000000
352488.083831 4026142.149194 0.000000 -0.000000
352488.057540 4026142.200848 0.000000 -0.000000
352488.031242 4026142.252514 0.000000 -0.000000
352488.004937 4026142.304194 0.000000 -0.000000
352487.978625 4026142.355889 0.000000 -0.000000
352487.952305 4026142.407599 0.000000 -0.000000
352487.925977 4026142.459326 0.000000 0.000000
352487.899639 4026142.511071 0.000000 -0.000000
352487.873292 4026142.562834 0.000000 -0.000000
352487.846935 4026142.614618 0.000000 0.000000
352487.820566 4026142.666423 0.000000 -0.000000
352487.794186 4026142.718252 0.000000 0.000000
352487.767794 4026142.770104 0.000000 -0.000000
352487.741388 4026142.821982 0.000000 -0.000000
352487.714969 4026142.873888 0.000000 -0.000000
352487.688535 4026142.925823 0.000000 0.000000
352487.662085 4026142.977788 0.000000 0.000000
352487.635619 4026143.029785 0.000000 0.000000
352487.609135 4026143.081817 0.000000 -0.000000
352487.582633 4026143.133884 0.000000 -0.000000
352487.556112 4026143.185989 0.000000 -0.000000
352487.529571 4026143.238134 0.000000 0.000000
352487.503008 4026143.290321 0.000000 0.000000
352487.476423 4026143.342552 0.000000 0.000000
352487.449815 4026143.394829 0.000000 -0.000000
352487.423182 4026143.447154 0.000000 -0.000000
352487.396524 4026143.499529 0.000000 0.000000
352487.369838 4026143.551957 0.000000 0.000000
352487.343125 4026143.604441 0.000000 -0.000000
352487.316382 4026143.656982 0.000000 -0.000000
352487.289608 4026143.709583 0.000000 0.000000
352487.262803 4026143.762247 0.000000 0.000000
352487.235964 4026143.814976 0.000000 -0.000000
352487.209091 4026143.867773 0.000000 -0.000000
352487.182182 4026143.920641 0.000000 0.000000
352487.155235 4026143.973582 0.000000 0.000000
352487.128250 4026144.026600 0.000000 0.000000
352487.101224 4026144.079696 0.000000 -0.000000
352487.074157 4026144.132875 0.000000 -0.000000
352487.047046 4026144.186139 0.000000 0.000000
352487.019890 4026144.239491 0.000000 0.000000
352486.992688 4026144.292934 0.000000 -0.000000
352486.965438 4026144.346471 0.000000 0.000000
352486.938139 4026144.400106 0.000000 0.000000
352486.910788 4026144.453841 0.000000 0.000000
352486.883384 4026144.507681 0.000000 0.000000
352486.855926 4026144.561628 0.000000 -0.000000
352486.828411 4026144.615685 0.000000 -0.000000
352486.800839 4026144.669856 0.000000 0.000000
352486.773206 4026144.724144 0.000000 0.000000
352486.745513 4026144.778554 0.000000 -0.000000
352486.717756 4026144.833087 0.000000 -0.000000
352486.689934 4026144.887748 0.000000 0.000000
352486.662045 4026144.942541 0.000000 -0.000000
352486.634087 4026144.997468 0.000000 -0.000000
352486.606060 4026145.052534 0.000000 0.000000
352486.577959 4026145.107741 0.000000 0.000000
352486.549785 4026145.163095 0.000000 -0.000000
352486.521535 4026145.218597 0.000000 0.000000
352486.493207 4026145.274252 0.000000 -0.000000
352486.464799 4026145.330064 0.000000 -0.000000
352486.436310 4026145.386036 0.000000 -0.000000
352486.407737 4026145.442173 0.000000 -0.000000
352486.379079 4026145.498477 0.000000 -0.000000
352486.350333 4026145.554952 0.000000 -0.000000
352486.321499 4026145.611603 0.000000 -0.000000
352486.292573 4026145.668434 0.000000 0.000000
352486.263553 4026145.725447 0.000000 -0.000000
352486.234439 4026145.782647 0.000000 -0.000000
352486.205228 4026145.840038 0.000000 0.000000
352486.175917 4026145.897623 0.000000 0.000000
352486.146506 4026145.955408 0.000000 0.000000
352486.116991 4026146.013394 0.000000 -0.000000
352486.087371 4026146.071588 0.000000 0.000000
352486.057644 4026146.129992 0.000000 -0.000000
352486.027808 4026146.188610 0.000000 0.000000
352485.997860 4026146.247447 0.000000 0.000000
352485.967800 4026146.306507 0.000000 0.000000
352485.937623 4026146.365794 0.000000 -0.000000
352485.907329 4026146.425311 0.000000 -0.000000
352485.876916 4026146.485064 0.000000 0.000000
352485.846380 4026146.545056 0.000000 -0.000000
352485.815721 4026146.605292 0.000000 -0.000000
352485.784935 4026146.665776 0.000000 0.000000
352485.754021 4026146.726513 0.000000 -0.000000
352485.722976 4026146.787506 0.000000 0.000000
352485.691798 4026146.848760 0.000000 -0.000000
352485.660485 4026146.910280 0.000000 0.000000
352485.629035 4026146.972070 0.000000 -0.000000
352485.597444 4026147.034134 0.000000 0.000000
352485.565712 4026147.096479 0.000000 0.000000
352485.533835 4026147.159107 0.000000 -0.000000
352485.501810 4026147.222024 0.000000 -0.000000
352485.469636 4026147.285235 0.000000 0.000000
352485.437311 4026147.348745 0.000000 0.000000
352485.404830 4026147.412559 0.000000 -0.000000
352485.372192 4026147.476681 0.000000 -0.000000
352485.339395 4026147.541117 0.000000 0.000000
352485.306435 4026147.605873 0.000000 0.000000
352485.273310 4026147.670952 0.000000 -0.000000
352485.240017 4026147.736362 0.000000 -0.000000
352485.206554 4026147.802107 0.000000 -0.000000
352485.172917 4026147.868193 0.000000 0.000000
352485.139103 4026147.934626 0.000000 0.000000
352485.105110 4026148.001411 0.000000 0.000000
352485.070934 4026148.068555 0.000000 0.000000
352485.036573 4026148.136064 0.000000 0.000000
352485.002023 4026148.203944 0.000000 0.000000
352484.967281 4026148.272200 0.000000 0.000000
352484.932343 4026148.340841 0.000000 0.000000
352484.897207 4026148.409872 0.000000 0.000000
352484.861869 4026148.479301 0.000000 -0.000000
352484.826324 4026148.549134 0.000000 -0.000000
352484.790570 4026148.619380 0.000000 -0.000000
352484.754603 4026148.690044 0.000000 -0.000000
352484.718418 4026148.761136 0.000000 0.000000
352484.682011 4026148.832662 0.000000 -0.000000
352484.645379 4026148.904632 0.000000 -0.000000
352484.608518 4026148.977054 0.000000 0.000000
352484.571421 4026149.049936 0.000000 0.000000
352484.534086 4026149.123287 0.000000 0.000000
352484.496507 4026149.197118 0.000000 0.000000
352484.458679 4026149.271437 0.000000 0.000000
352484.420598 4026149.346255 0.000000 0.000000
352484.382257 4026149.421581 0.000000 0.000000
352484.343652 4026149.497428 0.000000 0.000000
352484.304777 4026149.573806 0.000000 0.000000
352484.265625 4026149.650726 0.000000 0.000000
352484.226191 4026149.728201 0.000000 -0.000000
352484.186468 4026149.806243 0.000000 0.000000
352484.146451 4026149.884865 0.000000 0.000000
352484.106131 4026149.964081 0.000000 0.000000
352484.065501 4026150.043904 0.000000 0.000000
352484.024555 4026150.124349 0.000000 -0.000000
352483.983285 4026150.205431 0.000000 0.000000
352483.941683 4026150.287166 0.000000 0.000000
352483.899740 4026150.369571 0.000000 -0.000000
352483.857448 4026150.452661 0.000000 -0.000000
352483.814798 4026150.536454 0.000000 -0.000000
352483.771781 4026150.620969 0.000000 -0.000000
352483.728386 4026150.706225 0.000000 0.000000
352483.684605 4026150.792241 0.000000 -0.000000
352483.640426 4026150.879039 0.000000 -0.000000
352483.595839 4026150.966638 0.000000 -0.000000
352483.550832 4026151.055061 0.000000 -0.000000
352483.505395 4026151.144331 0.000000 -0.000000
352483.459514 4026151.234472 0.000000 -0.000000
352483.413177 4026151.325508 0.000000 0.000000
352483.366372 4026151.417465 0.000000 -0.000000
352483.319084 4026151.510370 0.000000 -0.000000
352483.271300 4026151.604250 0.000000 -0.000000
352483.223005 4026151.699134 0.000000 -0.000000
352483.174184 4026151.795053 0.000000 -0.000000
352483.124819 4026151.892038 0.000000 0.000000
352483.074895 4026151.990124 0.000000 -0.000000
352483.024392 4026152.089346 0.000000 0.000000
352482.973291 4026152.189743 0.000000 0.000000
352482.921570 4026152.291356 0.000000 0.000000
352482.869207 4026152.394232 0.000000 -0.000000
352482.816177 4026152.498419 0.000000 -0.000000
352482.762453 4026152.603971 0.000000 0.000000
352482.708004 4026152.710945 0.000000 -0.000000
352482.652797 4026152.819408 0.000000 0.000000
352482.596798 4026152.929429 0.000000 -0.000000
352482.539965 4026153.041085 0.000000 0.000000
352482.482257 4026153.154464 0.000000 0.000000
352482.423624 4026153.269659 0.000000 0.000000
352482.364014 4026153.386773 0.000000 -0.000000
352482.303369 4026153.505921 0.000000 0.000000
352482.241624 4026153.627229 0.000000 0.000000
352482.178711 4026153.750834 0.000000 0.000000
352482.114551 4026153.876886 0.000000 -0.000000
352482.049061 4026154.005553 0.000000 0.000000
352481.982149 4026154.137014 0.000000 0.000000
352481.913713 4026154.271468 0.000000 0.000000
352481.843645 4026154.409129 0.000000 0.000000
352481.771824 4026154.550233 0.000000 0.000000
352481.698122 4026154.695034 0.000000 0.000000
352481.622397 4026154.843810 0.000000 0.000000
352481.544496 4026154.996859 0.000000 0.000000
352481.464254 4026155.154508 0.000000 0.000000
352481.381494 4026155.317105 0.000000 0.000000
352481.296022 4026155.485029 0.000000 0.000000
352481.207632 4026155.658687 0.000000 0.000000
352481.116100 4026155.838517 0.000000 0.000000
352481.021188 4026156.024989 0.000000 0.000000
352480.922639 4026156.218606 0.000000 0.000000
352480.820177 4026156.419909 0.000000 0.000000
352480.713511 4026156.629475 0.000000 0.000000
352480.602324 4026156.847920 0.000000 0.000000
352480.486284 4026157.075902 0.000000 0.000000
352480.365032 4026157.314122 0.000000 0.000000
352480.238189 4026157.563327 0.000000 0.000000
352480.105352 4026157.824308 0.000000 0.000000
352479.966092 4026158.097909 0.000000 0.000000
352479.819954 4026158.385022 0.000000 0.000000
