352473.334885 4026171.052100 0.000000 0.000000
352473.178129 4026171.365992 0.000000 -0.000003
352473.028889 4026171.664834 0.000000 -0.000005
352472.886673 4026171.949612 0.000000 -0.000008
352472.751016 4026172.221255 0.000000 -0.000011
352472.621481 4026172.480640 0.000000 -0.000014
352472.497655 4026172.728591 0.000000 -0.000016
352472.379151 4026172.965887 0.000000 -0.000019
352472.265605 4026173.193256 0.000000 -0.000022
352472.156674 4026173.411383 0.000000 -0.000024
352472.052039 4026173.620909 0.000000 -0.000027
352471.951398 4026173.822436 0.000000 -0.000030
352471.854472 4026174.016526 0.000000 -0.000033
352471.760999 4026174.203703 0.000000 -0.000035
352471.670734 4026174.384456 0.000000 -0.000038
352471.583450 4026174.559242 0.000000 -0.000041
352471.498936 4026174.728482 0.000000 -0.000043
352471.416994 4026174.892572 0.000000 -0.000046
352471.337444 4026175.051876 0.000000 -0.000049
352471.260116 4026175.206732 0.000000 -0.000052
352471.184854 4026175.357451 0.000000 -0.000054
352471.111516 4026175.504322 0.000000 -0.000057
352471.039967 4026175.647611 0.000000 -0.000060
352470.970087 4026175.787561 0.000000 -0.000063
352470.901764 4026175.924397 0.000000 -0.000070
352470.834895 4026176.058325 0.000000 -0.000079
352470.769385 4026176.189533 0.000000 -0.000088
352470.705149 4026176.318194 0.000000 -0.000098
352470.642110 4026176.444465 0.000000 -0.000108
352470.580194 4026176.568489 0.000000 -0.000119
352470.519337 4026176.690396 0.000000 -0.000131
352470.459480 4026176.810307 0.000000 -0.000144
352470.400569 4026176.928328 0.000000 -0.000157
352470.342555 4026177.044559 0.000000 -0.000171
352470.285393 4026177.159087 0.000000 -0.000186
352470.229045 4026177.271995 0.000000 -0.000201
352470.173471 4026177.383356 0.000000 -0.000217
352470.118641 4026177.493236 0.000000 -0.000234
352470.064522 4026177.601697 0.000000 -0.000251
352470.011088 4026177.708796 0.000000 -0.000269
352469.958313 4026177.814582 0.000000 -0.000288
352469.906173 4026177.919103 0.000000 -0.000307
352469.854648 4026178.022403 0.000000 -0.000327
352469.803717 4026178.124521 0.000000 -0.000348
352469.753361 4026178.225496 0.000000 -0.000368
352469.703563 4026178.325363 0.000000 -0.000390
352469.654307 4026178.424155 0.000000 -0.000412
352469.605577 4026178.521904 0.000000 -0.000434
352469.557358 4026178.618640 0.000000 -0.000457
352469.509635 4026178.714391 0.000000 -0.000480
352469.462396 4026178.809187 0.000000 -0.000504
352469.415626 4026178.903052 0.000000 -0.000528
352469.369313 4026178.996013 0.000000 -0.000552
352469.323446 4026179.088095 0.000000 -0.000577
352469.278012 4026179.179322 0.000000 -0.000601
352469.232999 4026179.269716 0.000000 -0.000626
352469.188397 4026179.359300 0.000000 -0.000651
352469.144196 4026179.448095 0.000000 -0.000676
352469.100385 4026179.536122 0.000000 -0.000701
352469.056954 4026179.623400 0.000000 -0.000726
352469.013895 4026179.709949 0.000000 -0.000751
352468.971197 4026179.795786 0.000000 -0.000776
352468.928853 4026179.880930 0.000000 -0.000801
352468.886854 4026179.965398 0.000000 -0.000825
352468.845191 4026180.049205 0.000000 -0.000849
352468.803858 4026180.132367 0.000000 -0.000873
352468.762846 4026180.214900 0.000000 -0.000896
352468.722149 4026180.296818 0.000000 -0.000919
352468.681759 4026180.378135 0.000000 -0.000941
352468.641670 4026180.458865 0.000000 -0.000963
352468.601876 4026180.539021 0.000000 -0.000985
352468.562369 4026180.618615 0.000000 -0.001005
352468.523145 4026180.697659 0.000000 -0.001025
352468.484197 4026180.776165 0.000000 -0.001044
352468.445519 4026180.854144 0.000000 -0.001063
352468.407107 4026180.931607 0.000000 -0.001081
352468.368956 4026181.008565 0.000000 -0.001097
352468.331059 4026181.085027 0.000000 -0.001113
352468.293412 4026181.161004 0.000000 -0.001128
352468.256011 4026181.236504 0.000000 -0.001142
352468.218850 4026181.311537 0.000000 -0.001155
352468.181926 4026181.386112 0.000000 -0.001167
352468.145235 4026181.460237 0.000000 -0.001178
352468.108771 4026181.533920 0.000000 -0.001187
352468.072531 4026181.607170 0.000000 -0.001196
352468.036511 4026181.679994 0.000000 -0.001204
352468.000707 4026181.752399 0.000000 -0.001210
352467.965115 4026181.824394 0.000000 -0.001215
352467.929732 4026181.895985 0.000000 -0.001219
352467.894554 4026181.967180 0.000000 -0.001222
352467.859577 4026182.037984 0.000000 -0.001224
352467.824799 4026182.108405 0.000000 -0.001224
352467.790216 4026182.178449 0.000000 -0.001223
352467.755824 4026182.248122 0.000000 -0.001221
352467.721621 4026182.317431 0.000000 -0.001218
352467.687603 4026182.386382 0.000000 -0.001214
352467.653767 4026182.454980 0.000000 -0.001209
352467.620111 4026182.523231 0.000000 -0.001202
352467.586630 4026182.591142 0.000000 -0.001194
352467.553323 4026182.658716 0.000000 -0.001186
352467.520186 4026182.725961 0.000000 -0.001176
352467.487216 4026182.792881 0.000000 -0.001165
352467.454411 4026182.859482 0.000000 -0.001153
352467.421768 4026182.925769 0.000000 -0.001140
352467.389285 4026182.991747 0.000000 -0.001126
352467.356957 4026183.057421 0.000000 -0.001111
352467.324784 4026183.122796 0.000000 -0.001096
352467.292762 4026183.187877 0.000000 -0.001079
352467.260888 4026183.252669 0.000000 -0.001062
352467.229161 4026183.317176 0.000000 -0.001044
352467.197577 4026183.381404 0.000000 -0.001026
352467.166135 4026183.445357 0.000000 -0.001007
352467.134831 4026183.509039 0.000000 -0.000987
352467.103663 4026183.572456 0.000000 -0.000967
352467.072629 4026183.635611 0.000000 -0.000946
352467.041726 4026183.698509 0.000000 -0.000925
352467.010953 4026183.761155 0.000000 -0.000904
352466.980306 4026183.823552 0.000000 -0.000882
352466.949783 4026183.885706 0.000000 -0.000860
352466.919383 4026183.947621 0.000000 -0.000839
352466.889102 4026184.009300 0.000000 -0.000817
352466.858939 4026184.070749 0.000000 -0.000795
352466.828891 4026184.131970 0.000000 -0.000773
352466.798957 4026184.192969 0.000000 -0.000751
352466.769133 4026184.253750 0.000000 -0.000729
352466.739418 4026184.314316 0.000000 -0.000708
352466.709809 4026184.374672 0.000000 -0.000687
352466.680305 4026184.434822 0.000000 -0.000666
352466.650903 4026184.494770 0.000000 -0.000646
352466.621602 4026184.554520 0.000000 -0.000626
352466.592398 4026184.614076 0.000000 -0.000607
352466.563290 4026184.673441 0.000000 -0.000588
352466.534276 4026184.732621 0.000000 -0.000571
352466.505355 4026184.791618 0.000000 -0.000554
352466.476522 4026184.850437 0.000000 -0.000537
352466.447778 4026184.909081 0.000000 -0.000522
352466.419120 4026184.967555 0.000000 -0.000507
352466.390545 4026185.025863 0.000000 -0.000494
352466.362052 4026185.084008 0.000000 -0.000481
352466.333639 4026185.141993 0.000000 -0.000470
352466.305304 4026185.199824 0.000000 -0.000460
352466.277045 4026185.257503 0.000000 -0.000451
352466.248860 4026185.315034 0.000000 -0.000443
352466.220747 4026185.372422 0.000000 -0.000436
352466.192705 4026185.429669 0.000000 -0.000431
352466.164731 4026185.486780 0.000000 -0.000428
352466.136824 4026185.543758 0.000000 -0.000425
352466.108982 4026185.600607 0.000000 -0.000424
352466.081202 4026185.657331 0.000000 -0.000425
352466.053485 4026185.713932 0.000000 -0.000427
352466.025826 4026185.770415 0.000000 -0.000431
352465.998226 4026185.826783 0.000000 -0.000437
352465.970682 4026185.883040 0.000000 -0.000444
352465.943192 4026185.939188 0.000000 -0.000453
352465.915755 4026185.995232 0.000000 -0.000463
352465.888369 4026186.051175 0.000000 -0.000476
352465.861034 4026186.107020 0.000000 -0.000490
352465.833746 4026186.162770 0.000000 -0.000506
352465.806505 4026186.218429 0.000000 -0.000524
352465.779308 4026186.274000 0.000000 -0.000544
352465.752156 4026186.329486 0.000000 -0.000566
352465.725046 4026186.384889 0.000000 -0.000590
352465.697976 4026186.440214 0.000000 -0.000615
352465.670946 4026186.495463 0.000000 -0.000643
352465.643954 4026186.550639 0.000000 -0.000673
352465.616999 4026186.605745 0.000000 -0.000705
352465.590079 4026186.660784 0.000000 -0.000739
352465.563194 4026186.715758 0.000000 -0.000776
352465.536342 4026186.770670 0.000000 -0.000814
352465.509522 4026186.825523 0.000000 -0.000855
352465.482732 4026186.880320 0.000000 -0.000898
352465.455973 4026186.935063 0.000000 -0.000943
352465.429242 4026186.989754 0.000000 -0.000991
352465.402539 4026187.044396 0.000000 -0.001041
352465.375863 4026187.098992 0.000000 -0.001093
352465.349212 4026187.153543 0.000000 -0.001148
352465.322587 4026187.208052 0.000000 -0.001205
352465.295985 4026187.262521 0.000000 -0.001265
352465.269407 4026187.316953 0.000000 -0.001327
352465.242852 4026187.371348 0.000000 -0.001392
352465.216318 4026187.425710 0.000000 -0.001460
352465.189805 4026187.480041 0.000000 -0.001530
352465.163313 4026187.534341 0.000000 -0.001603
352465.136841 4026187.588613 0.000000 -0.001678
352465.110388 4026187.642859 0.000000 -0.001756
352465.083953 4026187.697081 0.000000 -0.001838
352465.057537 4026187.751280 0.000000 -0.001922
352465.031139 4026187.805457 0.000000 -0.002009
352465.004758 4026187.859615 0.000000 -0.002098
352464.978394 4026187.913754 0.000000 -0.002191
352464.952046 4026187.967877 0.000000 -0.002287
352464.925715 4026188.021984 0.000000 -0.002386
352464.899400 4026188.076078 0.000000 -0.002488
352464.873101 4026188.130158 0.000000 -0.002593
352464.846818 4026188.184227 0.000000 -0.002702
352464.820550 4026188.238285 0.000000 -0.002814
352464.794297 4026188.292335 0.000000 -0.002929
352464.768060 4026188.346376 0.000000 -0.003047
352464.741838 4026188.400410 0.000000 -0.003169
352464.715631 4026188.454438 0.000000 -0.003294
352464.689439 4026188.508461 0.000000 -0.003423
352464.663263 4026188.562480 0.000000 -0.003555
352464.637102 4026188.616495 0.000000 -0.003690
352464.610957 4026188.670508 0.000000 -0.003829
352464.584828 4026188.724520 0.000000 -0.003972
352464.558714 4026188.778530 0.000000 -0.004118
352464.532616 4026188.832541 0.000000 -0.004267
352464.506535 4026188.886552 0.000000 -0.004420
352464.480470 4026188.940564 0.000000 -0.004577
352464.454423 4026188.994578 0.000000 -0.004737
352464.428392 4026189.048595 0.000000 -0.004900
352464.402379 4026189.102615 0.000000 -0.005067
352464.376384 4026189.156639 0.000000 -0.005237
352464.350408 4026189.210668 0.000000 -0.005411
352464.324450 4026189.264701 0.000000 -0.005588
352464.298512 4026189.318740 0.000000 -0.005768
352464.272594 4026189.372785 0.000000 -0.005951
352464.246695 4026189.426836 0.000000 -0.006137
352464.220818 4026189.480895 0.000000 -0.006326
352464.194962 4026189.534961 0.000000 -0.006518
352464.169127 4026189.589035 0.000000 -0.006712
352464.143316 4026189.643117 0.000000 -0.006910
352464.117527 4026189.697209 0.000000 -0.007109
352464.091762 4026189.751309 0.000000 -0.007311
352464.066021 4026189.805419 0.000000 -0.007515
352464.040306 4026189.859540 0.000000 -0.007721
352464.014616 4026189.913671 0.000000 -0.007929
352463.988952 4026189.967813 0.000000 -0.008138
352463.963315 4026190.021966 0.000000 -0.008349
352463.937706 4026190.076131 0.000000 -0.008560
352463.912125 4026190.130308 0.000000 -0.008773
352463.886574 4026190.184497 0.000000 -0.008987
352463.861052 4026190.238700 0.000000 -0.009201
352463.835561 4026190.292915 0.000000 -0.009415
352463.810100 4026190.347144 0.000000 -0.009630
352463.784672 4026190.401387 0.000000 -0.009844
352463.759277 4026190.455644 0.000000 -0.010057
352463.733915 4026190.509916 0.000000 -0.010270
352463.708587 4026190.564202 0.000000 -0.010481
352463.683294 4026190.618504 0.000000 -0.010691
352463.658037 4026190.672821 0.000000 -0.010900
352463.632816 4026190.727154 0.000000 -0.011106
352463.607632 4026190.781504 0.000000 -0.011310
352463.582485 4026190.835870 0.000000 -0.011511
352463.557378 4026190.890252 0.000000 -0.011709
352463.532309 4026190.944652 0.000000 -0.011904
352463.507280 4026190.999070 0.000000 -0.012095
352463.482292 4026191.053505 0.000000 -0.012282
352463.457345 4026191.107958 0.000000 -0.012464
352463.432440 4026191.162429 0.000000 -0.012642
352463.407578 4026191.216919 0.000000 -0.012815
352463.382758 4026191.271428 0.000000 -0.012982
352463.357982 4026191.325956 0.000000 -0.013143
352463.333250 4026191.380503 0.000000 -0.013299
352463.308564 4026191.435070 0.000000 -0.013448
352463.283922 4026191.489657 0.000000 -0.013590
352463.259326 4026191.544264 0.000000 -0.013725
352463.234777 4026191.598891 0.000000 -0.013853
352463.210274 4026191.653539 0.000000 -0.013973
352463.185819 4026191.708207 0.000000 -0.014086
352463.161411 4026191.762896 0.000000 -0.014190
352463.137051 4026191.817606 0.000000 -0.014286
352463.112739 4026191.872337 0.000000 -0.014374
352463.088476 4026191.927090 0.000000 -0.014452
352463.064262 4026191.981864 0.000000 -0.014522
352463.040097 4026192.036659 0.000000 -0.014583
352463.015982 4026192.091476 0.000000 -0.014634
352462.991915 4026192.146314 0.000000 -0.014675
352462.967899 4026192.201175 0.000000 -0.014707
352462.943932 4026192.256057 0.000000 -0.014730
352462.920015 4026192.310961 0.000000 -0.014742
352462.896148 4026192.365887 0.000000 -0.014745
352462.872331 4026192.420834 0.000000 -0.014737
352462.848564 4026192.475804 0.000000 -0.014720
352462.824846 4026192.530795 0.000000 -0.014693
352462.801178 4026192.585808 0.000000 -0.014656
352462.777560 4026192.640842 0.000000 -0.014609
352462.753991 4026192.695899 0.000000 -0.014551
352462.730471 4026192.750976 0.000000 -0.014485
352462.707000 4026192.806075 0.000000 -0.014408
352462.683578 4026192.861196 0.000000 -0.014322
352462.660204 4026192.916338 0.000000 -0.014226
352462.636878 4026192.971500 0.000000 -0.014121
352462.613600 4026193.026684 0.000000 -0.014006
352462.590369 4026193.081888 0.000000 -0.013883
352462.567185 4026193.137112 0.000000 -0.013750
352462.544047 4026193.192357 0.000000 -0.013609
352462.520955 4026193.247622 0.000000 -0.013460
352462.497908 4026193.302907 0.000000 -0.013303
352462.474905 4026193.358211 0.000000 -0.013137
352462.451947 4026193.413535 0.000000 -0.012964
352462.429033 4026193.468877 0.000000 -0.012784
352462.406161 4026193.524238 0.000000 -0.012597
352462.383331 4026193.579618 0.000000 -0.012403
352462.360543 4026193.635016 0.000000 -0.012203
352462.337795 4026193.690432 0.000000 -0.011997
352462.315088 4026193.745865 0.000000 -0.011785
352462.292420 4026193.801316 0.000000 -0.011569
352462.269790 4026193.856783 0.000000 -0.011347
352462.247198 4026193.912267 0.000000 -0.011121
352462.224643 4026193.967767 0.000000 -0.010891
352462.202124 4026194.023283 0.000000 -0.010657
352462.179640 4026194.078814 0.000000 -0.010420
352462.157191 4026194.134360 0.000000 -0.010180
352462.134775 4026194.189921 0.000000 -0.009938
352462.112392 4026194.245496 0.000000 -0.009694
352462.090040 4026194.301085 0.000000 -0.009448
352462.067720 4026194.356688 0.000000 -0.009201
352462.045430 4026194.412304 0.000000 -0.008953
352462.023168 4026194.467932 0.000000 -0.008705
352462.000936 4026194.523573 0.000000 -0.008457
352461.978730 4026194.579226 0.000000 -0.008209
352461.956551 4026194.634891 0.000000 -0.007962
352461.934398 4026194.690567 0.000000 -0.007715
352461.912270 4026194.746254 0.000000 -0.007471
352461.890166 4026194.801951 0.000000 -0.007228
352461.868085 4026194.857658 0.000000 -0.006988
352461.846026 4026194.913376 0.000000 -0.006750
352461.823989 4026194.969102 0.000000 -0.006514
352461.801973 4026195.024838 0.000000 -0.006282
352461.779976 4026195.080582 0.000000 -0.006053
352461.757999 4026195.136335 0.000000 -0.005828
352461.736040 4026195.192096 0.000000 -0.005607
352461.714098 4026195.247864 0.000000 -0.005390
352461.692174 4026195.303640 0.000000 -0.005178
352461.670265 4026195.359423 0.000000 -0.004970
352461.648372 4026195.415213 0.000000 -0.004767
352461.626494 4026195.471009 0.000000 -0.004569
352461.604629 4026195.526811 0.000000 -0.004377
352461.582778 4026195.582619 0.000000 -0.004190
352461.560940 4026195.638433 0.000000 -0.004008
352461.539114 4026195.694252 0.000000 -0.003833
352461.517300 4026195.750076 0.000000 -0.003663
352461.495496 4026195.805905 0.000000 -0.003500
352461.473703 4026195.861738 0.000000 -0.003342
352461.451920 4026195.917575 0.000000 -0.003191
352461.430147 4026195.973417 0.000000 -0.003047
352461.408382 4026196.029263 0.000000 -0.002909
352461.386626 4026196.085112 0.000000 -0.002777
352461.364878 4026196.140965 0.000000 -0.002653
352461.343137 4026196.196821 0.000000 -0.002534
352461.321404 4026196.252680 0.000000 -0.002423
352461.299678 4026196.308542 0.000000 -0.002318
352461.277958 4026196.364407 0.000000 -0.002220
352461.256245 4026196.420274 0.000000 -0.002129
352461.234537 4026196.476144 0.000000 -0.002045
352461.212835 4026196.532017 0.000000 -0.001967
352461.191139 4026196.587892 0.000000 -0.001896
352461.169448 4026196.643769 0.000000 -0.001832
352461.147762 4026196.699648 0.000000 -0.001775
352461.126081 4026196.755529 0.000000 -0.001724
352461.104405 4026196.811411 0.000000 -0.001680
352461.082733 4026196.867296 0.000000 -0.001642
352461.061066 4026196.923183 0.000000 -0.001611
352461.039403 4026196.979071 0.000000 -0.001586
352461.017744 4026197.034961 0.000000 -0.001568
352460.996090 4026197.090853 0.000000 -0.001556
352460.974441 4026197.146746 0.000000 -0.001550
352460.952795 4026197.202641 0.000000 -0.001550
352460.931154 4026197.258538 0.000000 -0.001556
352460.909518 4026197.314436 0.000000 -0.001568
352460.887886 4026197.370336 0.000000 -0.001586
352460.866258 4026197.426237 0.000000 -0.001609
352460.844635 4026197.482141 0.000000 -0.001639
352460.823017 4026197.538045 0.000000 -0.001674
352460.801404 4026197.593952 0.000000 -0.001714
352460.779796 4026197.649861 0.000000 -0.001759
352460.758194 4026197.705771 0.000000 -0.001810
352460.736596 4026197.761683 0.000000 -0.001866
352460.715005 4026197.817597 0.000000 -0.001928
352460.693419 4026197.873513 0.000000 -0.001994
352460.671840 4026197.929432 0.000000 -0.002065
352460.650267 4026197.985352 0.000000 -0.002141
352460.628700 4026198.041275 0.000000 -0.002221
352460.607141 4026198.097200 0.000000 -0.002306
352460.585589 4026198.153128 0.000000 -0.002395
352460.564044 4026198.209058 0.000000 -0.002489
352460.542508 4026198.264991 0.000000 -0.002587
352460.520980 4026198.320926 0.000000 -0.002690
352460.499461 4026198.376865 0.000000 -0.002796
352460.477950 4026198.432807 0.000000 -0.002906
352460.456450 4026198.488752 0.000000 -0.003021
352460.434959 4026198.544700 0.000000 -0.003139
352460.413478 4026198.600651 0.000000 -0.003260
352460.392008 4026198.656607 0.000000 -0.003386
352460.370550 4026198.712566 0.000000 -0.003514
352460.349103 4026198.768529 0.000000 -0.003646
352460.327668 4026198.824496 0.000000 -0.003782
352460.306245 4026198.880467 0.000000 -0.003920
352460.284836 4026198.936442 0.000000 -0.004062
352460.263441 4026198.992422 0.000000 -0.004207
352460.242059 4026199.048407 0.000000 -0.004354
352460.220692 4026199.104397 0.000000 -0.004505
352460.199340 4026199.160392 0.000000 -0.004658
352460.178004 4026199.216392 0.000000 -0.004814
352460.156684 4026199.272398 0.000000 -0.004972
352460.135381 4026199.328409 0.000000 -0.005132
352460.114096 4026199.384426 0.000000 -0.005295
352460.092828 4026199.440449 0.000000 -0.005460
352460.071578 4026199.496478 0.000000 -0.005627
352460.050348 4026199.552513 0.000000 -0.005797
352460.029138 4026199.608556 0.000000 -0.005968
352460.007947 4026199.664605 0.000000 -0.006140
352459.986778 4026199.720661 0.000000 -0.006315
352459.965630 4026199.776724 0.000000 -0.006491
352459.944504 4026199.832794 0.000000 -0.006668
352459.923401 4026199.888872 0.000000 -0.006847
352459.902321 4026199.944958 0.000000 -0.007027
352459.881265 4026200.001053 0.000000 -0.007208
352459.860234 4026200.057155 0.000000 -0.007390
352459.839228 4026200.113266 0.000000 -0.007573
352459.818248 4026200.169385 0.000000 -0.007756
352459.797295 4026200.225513 0.000000 -0.007941
352459.776368 4026200.281651 0.000000 -0.008125
352459.755470 4026200.337798 0.000000 -0.008310
352459.734600 4026200.393954 0.000000 -0.008496
352459.713759 4026200.450120 0.000000 -0.008681
352459.692948 4026200.506296 0.000000 -0.008866
352459.672167 4026200.562482 0.000000 -0.009051
352459.651417 4026200.618679 0.000000 -0.009236
352459.630699 4026200.674886 0.000000 -0.009420
352459.610014 4026200.731104 0.000000 -0.009604
352459.589361 4026200.787334 0.000000 -0.009787
352459.568742 4026200.843574 0.000000 -0.009969
352459.548158 4026200.899826 0.000000 -0.010150
352459.527608 4026200.956090 0.000000 -0.010329
352459.507094 4026201.012365 0.000000 -0.010508
352459.486616 4026201.068653 0.000000 -0.010684
352459.466174 4026201.124953 0.000000 -0.010859
352459.445771 4026201.181266 0.000000 -0.011032
352459.425405 4026201.237591 0.000000 -0.011203
352459.405078 4026201.293929 0.000000 -0.011372
352459.384790 4026201.350281 0.000000 -0.011538
352459.364542 4026201.406646 0.000000 -0.011702
352459.344334 4026201.463024 0.000000 -0.011863
352459.324167 4026201.519416 0.000000 -0.012021
352459.304042 4026201.575822 0.000000 -0.012176
352459.283959 4026201.632242 0.000000 -0.012328
352459.263918 4026201.688676 0.000000 -0.012476
352459.243920 4026201.745125 0.000000 -0.012620
352459.223967 4026201.801588 0.000000 -0.012760
352459.204057 4026201.858067 0.000000 -0.012897
352459.184192 4026201.914560 0.000000 -0.013029
352459.164372 4026201.971068 0.000000 -0.013156
352459.144597 4026202.027592 0.000000 -0.013279
352459.124869 4026202.084130 0.000000 -0.013397
352459.105187 4026202.140685 0.000000 -0.013510
352459.085552 4026202.197255 0.000000 -0.013618
352459.065963 4026202.253841 0.000000 -0.013720
352459.046423 4026202.310443 0.000000 -0.013817
352459.026930 4026202.367061 0.000000 -0.013908
352459.007486 4026202.423695 0.000000 -0.013993
352458.988090 4026202.480346 0.000000 -0.014072
352458.968744 4026202.537013 0.000000 -0.014144
352458.949446 4026202.593696 0.000000 -0.014211
352458.930197 4026202.650396 0.000000 -0.014270
352458.910999 4026202.707112 0.000000 -0.014323
352458.891850 4026202.763846 0.000000 -0.014369
352458.872750 4026202.820596 0.000000 -0.014408
352458.853701 4026202.877362 0.000000 -0.014440
352458.834702 4026202.934146 0.000000 -0.014464
352458.815754 4026202.990946 0.000000 -0.014482
352458.796856 4026203.047763 0.000000 -0.014491
352458.778008 4026203.104597 0.000000 -0.014494
352458.759210 4026203.161448 0.000000 -0.014489
352458.740463 4026203.218316 0.000000 -0.014476
352458.721767 4026203.275201 0.000000 -0.014455
352458.703120 4026203.332103 0.000000 -0.014427
352458.684524 4026203.389021 0.000000 -0.014391
352458.665977 4026203.445956 0.000000 -0.014348
352458.647481 4026203.502908 0.000000 -0.014296
352458.629034 4026203.559877 0.000000 -0.014237
352458.610637 4026203.616862 0.000000 -0.014170
352458.592289 4026203.673864 0.000000 -0.014096
352458.573990 4026203.730882 0.000000 -0.014014
352458.555739 4026203.787916 0.000000 -0.013924
352458.537537 4026203.844967 0.000000 -0.013827
352458.519383 4026203.902033 0.000000 -0.013723
352458.501277 4026203.959116 0.000000 -0.013611
352458.483218 4026204.016215 0.000000 -0.013493
352458.465205 4026204.073329 0.000000 -0.013367
352458.447239 4026204.130458 0.000000 -0.013234
352458.429319 4026204.187603 0.000000 -0.013095
352458.411444 4026204.244764 0.000000 -0.012949
352458.393614 4026204.301939 0.000000 -0.012797
352458.375828 4026204.359129 0.000000 -0.012638
352458.358086 4026204.416334 0.000000 -0.012474
352458.340387 4026204.473553 0.000000 -0.012304
352458.322731 4026204.530786 0.000000 -0.012128
352458.305116 4026204.588034 0.000000 -0.011947
352458.287542 4026204.645295 0.000000 -0.011761
352458.270010 4026204.702570 0.000000 -0.011570
352458.252516 4026204.759858 0.000000 -0.011374
352458.235063 4026204.817160 0.000000 -0.011174
352458.217647 4026204.874474 0.000000 -0.010970
352458.200269 4026204.931801 0.000000 -0.010763
352458.182928 4026204.989140 0.000000 -0.010552
352458.165623 4026205.046491 0.000000 -0.010338
352458.148354 4026205.103854 0.000000 -0.010121
352458.131119 4026205.161229 0.000000 -0.009902
352458.113918 4026205.218615 0.000000 -0.009680
352458.096750 4026205.276012 0.000000 -0.009457
352458.079614 4026205.333420 0.000000 -0.009232
352458.062509 4026205.390839 0.000000 -0.009006
352458.045435 4026205.448267 0.000000 -0.008779
352458.028390 4026205.505706 0.000000 -0.008551
352458.011375 4026205.563154 0.000000 -0.008323
352457.994387 4026205.620612 0.000000 -0.008095
352457.977427 4026205.678079 0.000000 -0.007868
352457.960493 4026205.735554 0.000000 -0.007641
352457.943585 4026205.793039 0.000000 -0.007415
352457.926701 4026205.850531 0.000000 -0.007191
352457.909842 4026205.908032 0.000000 -0.006968
352457.893005 4026205.965540 0.000000 -0.006747
352457.876191 4026206.023056 0.000000 -0.006529
352457.859399 4026206.080579 0.000000 -0.006313
352457.842627 4026206.138109 0.000000 -0.006099
352457.825876 4026206.195646 0.000000 -0.005889
352457.809144 4026206.253189 0.000000 -0.005682
352457.792430 4026206.310739 0.000000 -0.005478
352457.775735 4026206.368294 0.000000 -0.005279
352457.759056 4026206.425856 0.000000 -0.005083
352457.742394 4026206.483422 0.000000 -0.004891
352457.725748 4026206.540994 0.000000 -0.004705
352457.709116 4026206.598571 0.000000 -0.004522
352457.692500 4026206.656153 0.000000 -0.004345
352457.675897 4026206.713740 0.000000 -0.004173
352457.659307 4026206.771331 0.000000 -0.004006
352457.642730 4026206.828926 0.000000 -0.003845
352457.626165 4026206.886525 0.000000 -0.003689
352457.609612 4026206.944128 0.000000 -0.003539
352457.593070 4026207.001735 0.000000 -0.003395
352457.576538 4026207.059345 0.000000 -0.003258
352457.560016 4026207.116958 0.000000 -0.003126
352457.543504 4026207.174575 0.000000 -0.003001
352457.527001 4026207.232195 0.000000 -0.002883
352457.510506 4026207.289817 0.000000 -0.002771
352457.494020 4026207.347442 0.000000 -0.002666
352457.477542 4026207.405070 0.000000 -0.002568
352457.461072 4026207.462701 0.000000 -0.002476
352457.444609 4026207.520333 0.000000 -0.002392
352457.428153 4026207.577968 0.000000 -0.002315
352457.411703 4026207.635605 0.000000 -0.002246
352457.395261 4026207.693244 0.000000 -0.002183
352457.378824 4026207.750885 0.000000 -0.002128
352457.362394 4026207.808528 0.000000 -0.002080
352457.345970 4026207.866173 0.000000 -0.002040
352457.329551 4026207.923820 0.000000 -0.002007
352457.313139 4026207.981468 0.000000 -0.001981
352457.296732 4026208.039118 0.000000 -0.001963
352457.280330 4026208.096770 0.000000 -0.001953
352457.263935 4026208.154423 0.000000 -0.001950
352457.247544 4026208.212078 0.000000 -0.001954
352457.231160 4026208.269735 0.000000 -0.001966
352457.214781 4026208.327393 0.000000 -0.001986
352457.198408 4026208.385053 0.000000 -0.002012
352457.182042 4026208.442714 0.000000 -0.002046
352457.165681 4026208.500377 0.000000 -0.002088
352457.149326 4026208.558041 0.000000 -0.002136
352457.132978 4026208.615708 0.000000 -0.002192
352457.116636 4026208.673376 0.000000 -0.002255
352457.100301 4026208.731045 0.000000 -0.002325
352457.083973 4026208.788717 0.000000 -0.002402
352457.067653 4026208.846390 0.000000 -0.002486
352457.051341 4026208.904066 0.000000 -0.002577
352457.035036 4026208.961743 0.000000 -0.002674
352457.018740 4026209.019422 0.000000 -0.002778
352457.002453 4026209.077104 0.000000 -0.002888
352456.986175 4026209.134788 0.000000 -0.003005
352456.969907 4026209.192474 0.000000 -0.003127
352456.953649 4026209.250163 0.000000 -0.003256
352456.937402 4026209.307855 0.000000 -0.003391
352456.921166 4026209.365549 0.000000 -0.003531
352456.904942 4026209.423246 0.000000 -0.003677
352456.888729 4026209.480946 0.000000 -0.003828
352456.872530 4026209.538649 0.000000 -0.003984
352456.856344 4026209.596355 0.000000 -0.004145
352456.840171 4026209.654065 0.000000 -0.004311
352456.824014 4026209.711778 0.000000 -0.004482
352456.807871 4026209.769495 0.000000 -0.004657
352456.791745 4026209.827215 0.000000 -0.004836
352456.775635 4026209.884940 0.000000 -0.005019
352456.759542 4026209.942669 0.000000 -0.005205
352456.743467 4026210.000402 0.000000 -0.005395
352456.727411 4026210.058139 0.000000 -0.005588
352456.711373 4026210.115881 0.000000 -0.005785
352456.695356 4026210.173628 0.000000 -0.005983
352456.679360 4026210.231381 0.000000 -0.006184
352456.663385 4026210.289138 0.000000 -0.006387
352456.647433 4026210.346900 0.000000 -0.006592
352456.631503 4026210.404668 0.000000 -0.006799
352456.615598 4026210.462442 0.000000 -0.007007
352456.599717 4026210.520222 0.000000 -0.007215
352456.583861 4026210.578008 0.000000 -0.007424
352456.568031 4026210.635800 0.000000 -0.007634
352456.552229 4026210.693599 0.000000 -0.007843
352456.536454 4026210.751404 0.000000 -0.008053
352456.520707 4026210.809216 0.000000 -0.008261
352456.504990 4026210.867035 0.000000 -0.008469
352456.489302 4026210.924862 0.000000 -0.008675
352456.473646 4026210.982696 0.000000 -0.008880
352456.458021 4026211.040537 0.000000 -0.009083
352456.442428 4026211.098386 0.000000 -0.009283
352456.426869 4026211.156243 0.000000 -0.009482
352456.411343 4026211.214109 0.000000 -0.009677
352456.395851 4026211.271982 0.000000 -0.009869
352456.380395 4026211.329864 0.000000 -0.010058
352456.364975 4026211.387755 0.000000 -0.010243
352456.349591 4026211.445655 0.000000 -0.010424
352456.334245 4026211.503563 0.000000 -0.010601
352456.318936 4026211.561481 0.000000 -0.010773
352456.303667 4026211.619407 0.000000 -0.010941
352456.288436 4026211.677344 0.000000 -0.011103
352456.273245 4026211.735290 0.000000 -0.011260
352456.258094 4026211.793245 0.000000 -0.011412
352456.242984 4026211.851211 0.000000 -0.011558
352456.227916 4026211.909186 0.000000 -0.011698
352456.212889 4026211.967172 0.000000 -0.011832
352456.197905 4026212.025167 0.000000 -0.011960
352456.182964 4026212.083173 0.000000 -0.012082
352456.168066 4026212.141190 0.000000 -0.012196
352456.153212 4026212.199217 0.000000 -0.012304
352456.138402 4026212.257254 0.000000 -0.012405
352456.123637 4026212.315303 0.000000 -0.012500
352456.108916 4026212.373362 0.000000 -0.012587
352456.094240 4026212.431432 0.000000 -0.012666
352456.079610 4026212.489513 0.000000 -0.012739
352456.065025 4026212.547604 0.000000 -0.012804
352456.050486 4026212.605707 0.000000 -0.012862
352456.035994 4026212.663821 0.000000 -0.012912
352456.021547 4026212.721946 0.000000 -0.012955
352456.007147 4026212.780083 0.000000 -0.012991
352455.992793 4026212.838230 0.000000 -0.013019
352455.978486 4026212.896389 0.000000 -0.013039
352455.964226 4026212.954559 0.000000 -0.013052
352455.950012 4026213.012740 0.000000 -0.013058
352455.935845 4026213.070932 0.000000 -0.013057
352455.921724 4026213.129136 0.000000 -0.013048
352455.907650 4026213.187351 0.000000 -0.013032
352455.893623 4026213.245577 0.000000 -0.013008
352455.879642 4026213.303814 0.000000 -0.012978
352455.865707 4026213.362062 0.000000 -0.012941
352455.851819 4026213.420321 0.000000 -0.012897
352455.837976 4026213.478592 0.000000 -0.012846
352455.824179 4026213.536873 0.000000 -0.012789
352455.810427 4026213.595166 0.000000 -0.012725
352455.796721 4026213.653469 0.000000 -0.012656
352455.783060 4026213.711783 0.000000 -0.012580
352455.769443 4026213.770108 0.000000 -0.012498
352455.755871 4026213.828444 0.000000 -0.012410
352455.742343 4026213.886790 0.000000 -0.012317
352455.728858 4026213.945146 0.000000 -0.012219
352455.715417 4026214.003514 0.000000 -0.012115
352455.702018 4026214.061891 0.000000 -0.012007
352455.688662 4026214.120279 0.000000 -0.011893
352455.675348 4026214.178676 0.000000 -0.011776
352455.662076 4026214.237084 0.000000 -0.011653
352455.648845 4026214.295502 0.000000 -0.011527
352455.635654 4026214.353929 0.000000 -0.011397
352455.622503 4026214.412366 0.000000 -0.011263
352455.609392 4026214.470813 0.000000 -0.011125
352455.596320 4026214.529269 0.000000 -0.010984
352455.583287 4026214.587734 0.000000 -0.010840
352455.570292 4026214.646208 0.000000 -0.010693
352455.557334 4026214.704692 0.000000 -0.010544
352455.544413 4026214.763184 0.000000 -0.010392
352455.531529 4026214.821685 0.000000 -0.010237
352455.518681 4026214.880195 0.000000 -0.010081
352455.505867 4026214.938714 0.000000 -0.009922
352455.493089 4026214.997240 0.000000 -0.009762
352455.480344 4026215.055775 0.000000 -0.009600
352455.467633 4026215.114318 0.000000 -0.009437
352455.454955 4026215.172869 0.000000 -0.009272
352455.442309 4026215.231427 0.000000 -0.009106
352455.429695 4026215.289993 0.000000 -0.008940
352455.417112 4026215.348567 0.000000 -0.008773
352455.404560 4026215.407148 0.000000 -0.008605
352455.392037 4026215.465736 0.000000 -0.008437
352455.379544 4026215.524332 0.000000 -0.008268
352455.367079 4026215.582934 0.000000 -0.008100
352455.354643 4026215.641543 0.000000 -0.007931
352455.342233 4026215.700158 0.000000 -0.007762
352455.329851 4026215.758780 0.000000 -0.007594
352455.317495 4026215.817409 0.000000 -0.007426
352455.305165 4026215.876043 0.000000 -0.007259
352455.292859 4026215.934684 0.000000 -0.007092
352455.280578 4026215.993330 0.000000 -0.006926
352455.268321 4026216.051982 0.000000 -0.006761
352455.256087 4026216.110640 0.000000 -0.006597
352455.243876 4026216.169303 0.000000 -0.006434
352455.231687 4026216.227972 0.000000 -0.006272
352455.219520 4026216.286646 0.000000 -0.006111
352455.207373 4026216.345324 0.000000 -0.005952
352455.195247 4026216.404008 0.000000 -0.005794
352455.183140 4026216.462696 0.000000 -0.005638
352455.171053 4026216.521389 0.000000 -0.005483
352455.158985 4026216.580087 0.000000 -0.005330
352455.146935 4026216.638789 0.000000 -0.005178
352455.134902 4026216.697495 0.000000 -0.005029
352455.122886 4026216.756205 0.000000 -0.004881
352455.110887 4026216.814920 0.000000 -0.004735
352455.098905 4026216.873638 0.000000 -0.004591
352455.086937 4026216.932360 0.000000 -0.004450
352455.074985 4026216.991085 0.000000 -0.004310
352455.063047 4026217.049814 0.000000 -0.004173
352455.051124 4026217.108547 0.000000 -0.004038
352455.039214 4026217.167283 0.000000 -0.003905
352455.027317 4026217.226021 0.000000 -0.003774
352455.015433 4026217.284763 0.000000 -0.003646
352455.003561 4026217.343508 0.000000 -0.003520
352454.991701 4026217.402256 0.000000 -0.003397
352454.979852 4026217.461006 0.000000 -0.003276
352454.968014 4026217.519759 0.000000 -0.003158
352454.956187 4026217.578515 0.000000 -0.003042
352454.944369 4026217.637273 0.000000 -0.002929
352454.932562 4026217.696033 0.000000 -0.002818
352454.920764 4026217.754796 0.000000 -0.002710
352454.908975 4026217.813561 0.000000 -0.002605
352454.897194 4026217.872328 0.000000 -0.002503
352454.885421 4026217.931096 0.000000 -0.002403
352454.873657 4026217.989867 0.000000 -0.002306
352454.861900 4026218.048640 0.000000 -0.002212
352454.850150 4026218.107414 0.000000 -0.002121
352454.838407 4026218.166190 0.000000 -0.002032
352454.826671 4026218.224967 0.000000 -0.001947
352454.814941 4026218.283746 0.000000 -0.001864
352454.803216 4026218.342527 0.000000 -0.001784
352454.791498 4026218.401309 0.000000 -0.001708
352454.779785 4026218.460092 0.000000 -0.001634
352454.768077 4026218.518876 0.000000 -0.001563
352454.756374 4026218.577662 0.000000 -0.001495
352454.744676 4026218.636448 0.000000 -0.001430
352454.732983 4026218.695236 0.000000 -0.001368
352454.721293 4026218.754025 0.000000 -0.001310
352454.709608 4026218.812814 0.000000 -0.001254
352454.697926 4026218.871605 0.000000 -0.001201
352454.686249 4026218.930396 0.000000 -0.001152
352454.674574 4026218.989189 0.000000 -0.001105
352454.662903 4026219.047982 0.000000 -0.001062
352454.651236 4026219.106776 0.000000 -0.001021
352454.639571 4026219.165570 0.000000 -0.000984
352454.627909 4026219.224366 0.000000 -0.000950
352454.616251 4026219.283162 0.000000 -0.000919
352454.604594 4026219.341958 0.000000 -0.000891
352454.592941 4026219.400755 0.000000 -0.000866
352454.581290 4026219.459553 0.000000 -0.000844
352454.569642 4026219.518351 0.000000 -0.000825
352454.557995 4026219.577150 0.000000 -0.000809
352454.546352 4026219.635950 0.000000 -0.000797
352454.534710 4026219.694749 0.000000 -0.000787
352454.523071 4026219.753550 0.000000 -0.000781
352454.511435 4026219.812351 0.000000 -0.000777
352454.499800 4026219.871152 0.000000 -0.000777
352454.488168 4026219.929954 0.000000 -0.000780
352454.476538 4026219.988756 0.000000 -0.000785
352454.464910 4026220.047559 0.000000 -0.000794
352454.453285 4026220.106362 0.000000 -0.000805
352454.441662 4026220.165166 0.000000 -0.000820
352454.430042 4026220.223970 0.000000 -0.000837
352454.418424 4026220.282775 0.000000 -0.000857
352454.406809 4026220.341580 0.000000 -0.000880
352454.395196 4026220.400386 0.000000 -0.000906
352454.383587 4026220.459192 0.000000 -0.000934
352454.371980 4026220.517999 0.000000 -0.000965
352454.360376 4026220.576807 0.000000 -0.000999
352454.348775 4026220.635615 0.000000 -0.001035
352454.337178 4026220.694423 0.000000 -0.001074
352454.325584 4026220.753233 0.000000 -0.001116
352454.313994 4026220.812043 0.000000 -0.001160
352454.302408 4026220.870854 0.000000 -0.001206
352454.290825 4026220.929665 0.000000 -0.001255
352454.279247 4026220.988477 0.000000 -0.001306
352454.267673 4026221.047290 0.000000 -0.001359
352454.256104 4026221.106104 0.000000 -0.001414
352454.244539 4026221.164919 0.000000 -0.001472
352454.232979 4026221.223735 0.000000 -0.001531
352454.221425 4026221.282552 0.000000 -0.001592
352454.209876 4026221.341369 0.000000 -0.001655
352454.198332 4026221.400188 0.000000 -0.001720
352454.186795 4026221.459008 0.000000 -0.001786
352454.175264 4026221.517829 0.000000 -0.001854
352454.163739 4026221.576651 0.000000 -0.001924
352454.152220 4026221.635475 0.000000 -0.001995
352454.140709 4026221.694300 0.000000 -0.002067
352454.129205 4026221.753126 0.000000 -0.002140
352454.117708 4026221.811953 0.000000 -0.002214
352454.106219 4026221.870782 0.000000 -0.002290
352454.094738 4026221.929612 0.000000 -0.002366
352454.083266 4026221.988444 0.000000 -0.002443
352454.071802 4026222.047278 0.000000 -0.002520
352454.060347 4026222.106113 0.000000 -0.002598
352454.048901 4026222.164950 0.000000 -0.002677
352454.037465 4026222.223788 0.000000 -0.002756
352454.026038 4026222.282629 0.000000 -0.002835
352454.014622 4026222.341471 0.000000 -0.002914
352454.003216 4026222.400315 0.000000 -0.002992
352453.991821 4026222.459161 0.000000 -0.003071
352453.980436 4026222.518010 0.000000 -0.003150
352453.969063 4026222.576860 0.000000 -0.003228
352453.957702 4026222.635712 0.000000 -0.003305
352453.946352 4026222.694567 0.000000 -0.003382
352453.935015 4026222.753424 0.000000 -0.003458
352453.923690 4026222.812283 0.000000 -0.003533
352453.912378 4026222.871144 0.000000 -0.003607
352453.901079 4026222.930008 0.000000 -0.003681
352453.889793 4026222.988875 0.000000 -0.003753
352453.878521 4026223.047743 0.000000 -0.003824
352453.867262 4026223.106615 0.000000 -0.003893
352453.856018 4026223.165489 0.000000 -0.003962
352453.844788 4026223.224365 0.000000 -0.004029
352453.833572 4026223.283244 0.000000 -0.004094
352453.822372 4026223.342126 0.000000 -0.004158
352453.811186 4026223.401011 0.000000 -0.004220
352453.800015 4026223.459898 0.000000 -0.004281
352453.788861 4026223.518789 0.000000 -0.004340
352453.777721 4026223.577682 0.000000 -0.004397
352453.766598 4026223.636578 0.000000 -0.004453
352453.755491 4026223.695477 0.000000 -0.004507
352453.744400 4026223.754379 0.000000 -0.004560
352453.733325 4026223.813284 0.000000 -0.004611
352453.722267 4026223.872191 0.000000 -0.004660
352453.711226 4026223.931102 0.000000 -0.004708
352453.700202 4026223.990016 0.000000 -0.004755
352453.689195 4026224.048933 0.000000 -0.004800
352453.678205 4026224.107854 0.000000 -0.004844
352453.667233 4026224.166777 0.000000 -0.004886
352453.656278 4026224.225703 0.000000 -0.004928
352453.645341 4026224.284633 0.000000 -0.004968
352453.634421 4026224.343566 0.000000 -0.005008
352453.623520 4026224.402502 0.000000 -0.005047
352453.612636 4026224.461441 0.000000 -0.005085
352453.601771 4026224.520384 0.000000 -0.005123
352453.590923 4026224.579329 0.000000 -0.005160
352453.580095 4026224.638278 0.000000 -0.005198
352453.569284 4026224.697230 0.000000 -0.005235
352453.558493 4026224.756186 0.000000 -0.005273
352453.547719 4026224.815144 0.000000 -0.005311
352453.536965 4026224.874106 0.000000 -0.005350
352453.526230 4026224.933071 0.000000 -0.005389
352453.515513 4026224.992040 0.000000 -0.005430
352453.504816 4026225.051012 0.000000 -0.005472
352453.494138 4026225.109987 0.000000 -0.005516
352453.483479 4026225.168965 0.000000 -0.005561
352453.472839 4026225.227947 0.000000 -0.005608
352453.462220 4026225.286932 0.000000 -0.005658
352453.451620 4026225.345920 0.000000 -0.005711
352453.441040 4026225.404911 0.000000 -0.005766
352453.430479 4026225.463906 0.000000 -0.005824
352453.419940 4026225.522904 0.000000 -0.005886
352453.409420 4026225.581906 0.000000 -0.005951
352453.398921 4026225.640911 0.000000 -0.006020
352453.388443 4026225.699919 0.000000 -0.006093
352453.377986 4026225.758930 0.000000 -0.006170
352453.367550 4026225.817945 0.000000 -0.006252
352453.357136 4026225.876964 0.000000 -0.006339
352453.346743 4026225.935985 0.000000 -0.006431
352453.336372 4026225.995010 0.000000 -0.006528
352453.326024 4026226.054039 0.000000 -0.006631
352453.315699 4026226.113071 0.000000 -0.006739
352453.305397 4026226.172107 0.000000 -0.006853
352453.295118 4026226.231146 0.000000 -0.006972
352453.284864 4026226.290188 0.000000 -0.007098
352453.274633 4026226.349235 0.000000 -0.007230
352453.264428 4026226.408285 0.000000 -0.007369
352453.254248 4026226.467338 0.000000 -0.007514
352453.244093 4026226.526396 0.000000 -0.007665
352453.233965 4026226.585457 0.000000 -0.007822
352453.223864 4026226.644522 0.000000 -0.007986
352453.213791 4026226.703591 0.000000 -0.008157
352453.203745 4026226.762663 0.000000 -0.008334
352453.193729 4026226.821740 0.000000 -0.008518
352453.183742 4026226.880821 0.000000 -0.008708
352453.173785 4026226.939906 0.000000 -0.008904
352453.163859 4026226.998995 0.000000 -0.009106
352453.153965 4026227.058089 0.000000 -0.009315
352453.144103 4026227.117187 0.000000 -0.009529
352453.134275 4026227.176289 0.000000 -0.009749
352453.124480 4026227.235396 0.000000 -0.009974
352453.114721 4026227.294508 0.000000 -0.010205
352453.104997 4026227.353624 0.000000 -0.010441
352453.095310 4026227.412745 0.000000 -0.010681
352453.085661 4026227.471871 0.000000 -0.010927
352453.076050 4026227.531002 0.000000 -0.011176
352453.066478 4026227.590138 0.000000 -0.011429
352453.056947 4026227.649279 0.000000 -0.011685
352453.047457 4026227.708426 0.000000 -0.011945
352453.038010 4026227.767578 0.000000 -0.012207
352453.028606 4026227.826735 0.000000 -0.012472
352453.019246 4026227.885898 0.000000 -0.012738
352453.009932 4026227.945067 0.000000 -0.013006
352453.000664 4026228.004242 0.000000 -0.013274
352452.991444 4026228.063423 0.000000 -0.013543
352452.982272 4026228.122610 0.000000 -0.013812
352452.973150 4026228.181803 0.000000 -0.014081
352452.964079 4026228.241002 0.000000 -0.014348
352452.955059 4026228.300208 0.000000 -0.014613
352452.946091 4026228.359421 0.000000 -0.014876
352452.937178 4026228.418640 0.000000 -0.015136
352452.928319 4026228.477866 0.000000 -0.015393
352452.919515 4026228.537098 0.000000 -0.015646
352452.910769 4026228.596338 0.000000 -0.015894
352452.902080 4026228.655585 0.000000 -0.016138
352452.893450 4026228.714839 0.000000 -0.016375
352452.884879 4026228.774101 0.000000 -0.016606
352452.876369 4026228.833370 0.000000 -0.016831
352452.867920 4026228.892646 0.000000 -0.017048
352452.859533 4026228.951931 0.000000 -0.017257
352452.851209 4026229.011222 0.000000 -0.017458
352452.842950 4026229.070522 0.000000 -0.017649
352452.834754 4026229.129830 0.000000 -0.017832
352452.826624 4026229.189146 0.000000 -0.018004
352452.818560 4026229.248469 0.000000 -0.018166
352452.810562 4026229.307801 0.000000 -0.018318
352452.802632 4026229.367141 0.000000 -0.018458
352452.794769 4026229.426490 0.000000 -0.018586
352452.786974 4026229.485846 0.000000 -0.018703
352452.779248 4026229.545211 0.000000 -0.018808
352452.771591 4026229.604585 0.000000 -0.018899
352452.764003 4026229.663967 0.000000 -0.018978
352452.756485 4026229.723357 0.000000 -0.019044
352452.749037 4026229.782756 0.000000 -0.019097
352452.741659 4026229.842164 0.000000 -0.019136
352452.734352 4026229.901580 0.000000 -0.019162
352452.727114 4026229.961005 0.000000 -0.019174
352452.719947 4026230.020438 0.000000 -0.019172
352452.712851 4026230.079880 0.000000 -0.019156
352452.705824 4026230.139330 0.000000 -0.019126
352452.698868 4026230.198789 0.000000 -0.019082
352452.691982 4026230.258256 0.000000 -0.019024
352452.685166 4026230.317732 0.000000 -0.018953
352452.678419 4026230.377216 0.000000 -0.018867
352452.671742 4026230.436709 0.000000 -0.018768
352452.665133 4026230.496210 0.000000 -0.018656
352452.658592 4026230.555720 0.000000 -0.018530
352452.652119 4026230.615237 0.000000 -0.018391
352452.645714 4026230.674763 0.000000 -0.018239
352452.639375 4026230.734297 0.000000 -0.018074
352452.633103 4026230.793839 0.000000 -0.017898
352452.626895 4026230.853389 0.000000 -0.017709
352452.620753 4026230.912947 0.000000 -0.017509
352452.614674 4026230.972512 0.000000 -0.017297
352452.608658 4026231.032085 0.000000 -0.017075
352452.602704 4026231.091666 0.000000 -0.016842
352452.596812 4026231.151254 0.000000 -0.016599
352452.590980 4026231.210850 0.000000 -0.016347
352452.585207 4026231.270452 0.000000 -0.016085
352452.579492 4026231.330062 0.000000 -0.015815
352452.573835 4026231.389679 0.000000 -0.015537
352452.568234 4026231.449302 0.000000 -0.015252
352452.562688 4026231.508932 0.000000 -0.014960
352452.557196 4026231.568569 0.000000 -0.014661
352452.551756 4026231.628212 0.000000 -0.014356
352452.546368 4026231.687862 0.000000 -0.014046
352452.541031 4026231.747517 0.000000 -0.013732
352452.535742 4026231.807178 0.000000 -0.013413
352452.530502 4026231.866846 0.000000 -0.013091
352452.525308 4026231.926519 0.000000 -0.012766
352452.520159 4026231.986197 0.000000 -0.012438
352452.515055 4026232.045881 0.000000 -0.012108
352452.509994 4026232.105570 0.000000 -0.011777
352452.504974 4026232.165264 0.000000 -0.011445
352452.499994 4026232.224963 0.000000 -0.011113
352452.495054 4026232.284666 0.000000 -0.010781
352452.490152 4026232.344375 0.000000 -0.010450
352452.485286 4026232.404087 0.000000 -0.010120
352452.480455 4026232.463805 0.000000 -0.009791
352452.475659 4026232.523526 0.000000 -0.009465
352452.470895 4026232.583251 0.000000 -0.009141
352452.466164 4026232.642981 0.000000 -0.008820
352452.461462 4026232.702714 0.000000 -0.008502
352452.456790 4026232.762451 0.000000 -0.008188
352452.452146 4026232.822192 0.000000 -0.007878
352452.447529 4026232.881936 0.000000 -0.007572
352452.442938 4026232.941684 0.000000 -0.007271
352452.438372 4026233.001435 0.000000 -0.006975
352452.433829 4026233.061190 0.000000 -0.006684
352452.429309 4026233.120948 0.000000 -0.006398
352452.424811 4026233.180710 0.000000 -0.006118
352452.420332 4026233.240474 0.000000 -0.005845
352452.415874 4026233.300242 0.000000 -0.005577
352452.411433 4026233.360014 0.000000 -0.005315
352452.407011 4026233.419789 0.000000 -0.005060
352452.402605 4026233.479567 0.000000 -0.004811
352452.398214 4026233.539349 0.000000 -0.004569
352452.393839 4026233.599135 0.000000 -0.004334
352452.389477 4026233.658924 0.000000 -0.004106
352452.385129 4026233.718718 0.000000 -0.003884
352452.380793 4026233.778516 0.000000 -0.003669
352452.376468 4026233.838318 0.000000 -0.003461
352452.372154 4026233.898125 0.000000 -0.003260
352452.367850 4026233.957937 0.000000 -0.003065
352452.363556 4026234.017754 0.000000 -0.002878
352452.359270 4026234.077576 0.000000 -0.002697
352452.354993 4026234.137405 0.000000 -0.002523
352452.350722 4026234.197240 0.000000 -0.002355
352452.346459 4026234.257082 0.000000 -0.002194
352452.342201 4026234.316931 0.000000 -0.002039
352452.337950 4026234.376789 0.000000 -0.001890
352452.333703 4026234.436654 0.000000 -0.001748
352452.329461 4026234.496529 0.000000 -0.001611
352452.325223 4026234.556414 0.000000 -0.001480
352452.320989 4026234.616309 0.000000 -0.001355
352452.316758 4026234.676215 0.000000 -0.001235
352452.312529 4026234.736134 0.000000 -0.001120
352452.308303 4026234.796065 0.000000 -0.001010
352452.304078 4026234.856011 0.000000 -0.000906
352452.299855 4026234.915971 0.000000 -0.000805
352452.295633 4026234.975947 0.000000 -0.000710
352452.291412 4026235.035941 0.000000 -0.000618
352452.287191 4026235.095952 0.000000 -0.000531
352452.282970 4026235.155984 0.000000 -0.000447
352452.278748 4026235.216035 0.000000 -0.000367
352452.274526 4026235.276110 0.000000 -0.000291
352452.270302 4026235.336207 0.000000 -0.000218
352452.266077 4026235.396330 0.000000 -0.000148
352452.261850 4026235.456479 0.000000 -0.000082
352452.257621 4026235.516657 0.000000 -0.000018
352452.253389 4026235.576864 0.000000 0.000044
352452.249155 4026235.637104 0.000000 0.000103
352452.244917 4026235.697377 0.000000 0.000159
352452.240676 4026235.757685 0.000000 0.000214
352452.236432 4026235.818031 0.000000 0.000266
352452.232183 4026235.878416 0.000000 0.000316
352452.227930 4026235.938843 0.000000 0.000365
352452.223672 4026235.999313 0.000000 0.000412
352452.219409 4026236.059830 0.000000 0.000457
352452.215141 4026236.120395 0.000000 0.000501
352452.210867 4026236.181011 0.000000 0.000543
352452.206588 4026236.241680 0.000000 0.000584
352452.202302 4026236.302405 0.000000 0.000624
352452.198009 4026236.363188 0.000000 0.000663
352452.193709 4026236.424033 0.000000 0.000701
352452.189402 4026236.484941 0.000000 0.000737
352452.185088 4026236.545916 0.000000 0.000773
352452.180765 4026236.606960 0.000000 0.000808
352452.176434 4026236.668077 0.000000 0.000842
352452.172095 4026236.729270 0.000000 0.000875
352452.167746 4026236.790541 0.000000 0.000907
352452.163389 4026236.851894 0.000000 0.000938
352452.159021 4026236.913331 0.000000 0.000969
352452.154643 4026236.974857 0.000000 0.000999
352452.150255 4026237.036475 0.000000 0.001028
352452.145856 4026237.098187 0.000000 0.001056
352452.141446 4026237.159998 0.000000 0.001083
352452.137024 4026237.221911 0.000000 0.001110
352452.132591 4026237.283930 0.000000 0.001135
352452.128145 4026237.346057 0.000000 0.001160
352452.123686 4026237.408297 0.000000 0.001184
352452.119214 4026237.470654 0.000000 0.001207
352452.114729 4026237.533131 0.000000 0.001228
352452.110229 4026237.595732 0.000000 0.001249
352452.105716 4026237.658461 0.000000 0.001269
352452.101187 4026237.721322 0.000000 0.001287
352452.096644 4026237.784318 0.000000 0.001304
352452.092085 4026237.847455 0.000000 0.001320
352452.087510 4026237.910735 0.000000 0.001335
352452.082919 4026237.974163 0.000000 0.001348
352452.078311 4026238.037742 0.000000 0.001360
352452.073686 4026238.101478 0.000000 0.001370
352452.069043 4026238.165374 0.000000 0.001378
352452.064383 4026238.229434 0.000000 0.001384
352452.059704 4026238.293662 0.000000 0.001389
352452.055006 4026238.358063 0.000000 0.001392
352452.050290 4026238.422642 0.000000 0.001392
352452.045554 4026238.487401 0.000000 0.001391
352452.040798 4026238.552346 0.000000 0.001387
352452.036021 4026238.617481 0.000000 0.001381
352452.031224 4026238.682810 0.000000 0.001373
352452.026407 4026238.748338 0.000000 0.001362
352452.021568 4026238.814069 0.000000 0.001349
352452.016707 4026238.880007 0.000000 0.001333
352452.011824 4026238.946157 0.000000 0.001314
352452.006919 4026239.012523 0.000000 0.001292
352452.001991 4026239.079111 0.000000 0.001268
352451.997041 4026239.145923 0.000000 0.001240
352451.992067 4026239.212966 0.000000 0.001209
352451.987069 4026239.280243 0.000000 0.001175
352451.982048 4026239.347760 0.000000 0.001137
352451.977002 4026239.415520 0.000000 0.001097
352451.971933 4026239.483529 0.000000 0.001052
352451.966838 4026239.551791 0.000000 0.001005
352451.961719 4026239.620311 0.000000 0.000953
352451.956575 4026239.689093 0.000000 0.000898
352451.951406 4026239.758144 0.000000 0.000839
352451.946212 4026239.827467 0.000000 0.000776
352451.940992 4026239.897067 0.000000 0.000709
352451.935747 4026239.966949 0.000000 0.000639
352451.930476 4026240.037119 0.000000 0.000564
352451.925179 4026240.107581 0.000000 0.000485
352451.919856 4026240.178341 0.000000 0.000402
352451.914508 4026240.249404 0.000000 0.000315
352451.909134 4026240.320774 0.000000 0.000224
352451.903734 4026240.392458 0.000000 0.000129
352451.898308 4026240.464460 0.000000 0.000029
352451.892857 4026240.536786 0.000000 -0.000075
352451.887380 4026240.609442 0.000000 -0.000183
352451.881878 4026240.682433 0.000000 -0.000295
352451.876350 4026240.755764 0.000000 -0.000412
352451.870798 4026240.829442 0.000000 -0.000532
352451.865220 4026240.903472 0.000000 -0.000657
352451.859618 4026240.977861 0.000000 -0.000785
352451.853992 4026241.052614 0.000000 -0.000918
352451.848342 4026241.127737 0.000000 -0.001054
352451.842669 4026241.203236 0.000000 -0.001195
352451.836972 4026241.279119 0.000000 -0.001338
352451.831253 4026241.355391 0.000000 -0.001486
352451.825511 4026241.432058 0.000000 -0.001636
352451.819748 4026241.509129 0.000000 -0.001790
352451.813964 4026241.586609 0.000000 -0.001947
352451.808160 4026241.664505 0.000000 -0.002107
352451.802336 4026241.742825 0.000000 -0.002269
352451.796493 4026241.821576 0.000000 -0.002433
352451.790631 4026241.900765 0.000000 -0.002600
352451.784752 4026241.980400 0.000000 -0.002768
352451.778857 4026242.060490 0.000000 -0.002938
352451.772946 4026242.141041 0.000000 -0.003109
352451.767019 4026242.222063 0.000000 -0.003281
352451.761079 4026242.303563 0.000000 -0.003454
352451.755126 4026242.385551 0.000000 -0.003627
352451.749161 4026242.468036 0.000000 -0.003800
352451.743186 4026242.551027 0.000000 -0.003972
352451.737200 4026242.634533 0.000000 -0.004144
352451.731206 4026242.718566 0.000000 -0.004314
352451.725204 4026242.803134 0.000000 -0.004483
352451.719196 4026242.888248 0.000000 -0.004649
352451.713183 4026242.973920 0.000000 -0.004814
352451.707166 4026243.060161 0.000000 -0.004975
352451.701147 4026243.146983 0.000000 -0.005133
352451.695126 4026243.234397 0.000000 -0.005288
352451.689105 4026243.322417 0.000000 -0.005438
352451.683086 4026243.411055 0.000000 -0.005584
352451.677069 4026243.500325 0.000000 -0.005725
352451.671056 4026243.590242 0.000000 -0.005860
352451.665048 4026243.680819 0.000000 -0.005990
352451.659047 4026243.772072 0.000000 -0.006113
352451.653054 4026243.864017 0.000000 -0.006230
352451.647070 4026243.956670 0.000000 -0.006340
352451.641097 4026244.050048 0.000000 -0.006442
352451.635135 4026244.144169 0.000000 -0.006537
352451.629187 4026244.239050 0.000000 -0.006623
352451.623254 4026244.334712 0.000000 -0.006701
352451.617336 4026244.431173 0.000000 -0.006771
352451.611435 4026244.528455 0.000000 -0.006831
352451.605552 4026244.626578 0.000000 -0.006882
352451.599689 4026244.725564 0.000000 -0.006924
352451.593846 4026244.825438 0.000000 -0.006956
352451.588025 4026244.926222 0.000000 -0.006978
352451.582226 4026245.027941 0.000000 -0.006991
352451.576450 4026245.130621 0.000000 -0.006993
352451.570700 4026245.234289 0.000000 -0.006984
352451.564974 4026245.338973 0.000000 -0.006966
352451.559274 4026245.444701 0.000000 -0.006937
352451.553601 4026245.551503 0.000000 -0.006897
352451.547955 4026245.659410 0.000000 -0.006848
352451.542337 4026245.768454 0.000000 -0.006787
352451.536747 4026245.878669 0.000000 -0.006716
352451.531185 4026245.990091 0.000000 -0.006635
352451.525652 4026246.102756 0.000000 -0.006543
352451.520148 4026246.216705 0.000000 -0.006442
352451.514672 4026246.331978 0.000000 -0.006330
352451.509224 4026246.448622 0.000000 -0.006207
352451.503804 4026246.566685 0.000000 -0.006076
352451.498411 4026246.686218 0.000000 -0.005934
352451.493043 4026246.807280 0.000000 -0.005784
352451.487701 4026246.929933 0.000000 -0.005624
352451.482382 4026247.054245 0.000000 -0.005456
352451.477085 4026247.180291 0.000000 -0.005280
352451.471807 4026247.308152 0.000000 -0.005096
352451.466547 4026247.437920 0.000000 -0.004905
352451.461301 4026247.569695 0.000000 -0.004708
352451.456067 4026247.703585 0.000000 -0.004505
352451.450840 4026247.839711 0.000000 -0.004297
352451.445617 4026247.978206 0.000000 -0.004086
352451.440392 4026248.119217 0.000000 -0.003871
352451.435162 4026248.262902 0.000000 -0.003655
352451.429920 4026248.409439 0.000000 -0.003438
352451.424660 4026248.559018 0.000000 -0.003221
352451.419376 4026248.711852 0.000000 -0.003006
352451.414058 4026248.868168 0.000000 -0.002793
352451.408700 4026249.028219 0.000000 -0.002666
352451.403292 4026249.192277 0.000000 -0.002539
352451.397824 4026249.360637 0.000000 -0.002412
352451.392285 4026249.533623 0.000000 -0.002285
352451.386664 4026249.711583 0.000000 -0.002158
352451.380948 4026249.894894 0.000000 -0.002031
352451.375123 4026250.083963 0.000000 -0.001904
352451.369174 4026250.279230 0.000000 -0.001777
352451.363086 4026250.481168 0.000000 -0.001650
352451.356843 4026250.690286 0.000000 -0.001523
352451.350424 4026250.907130 0.000000 -0.001396
352451.343812 4026251.132286 0.000000 -0.001270
352451.336985 4026251.366383 0.000000 -0.001143
352451.329920 4026251.610091 0.000000 -0.001016
352451.322596 4026251.864127 0.000000 -0.000889
352451.314985 4026252.129255 0.000000 -0.000762
352451.307062 4026252.406292 0.000000 -0.000635
352451.298798 4026252.696104 0.000000 -0.000508
352451.290162 4026252.999612 0.000000 -0.000381
352451.281124 4026253.317798 0.000000 -0.000254
352451.271649 4026253.651698 0.000000 -0.000127
