352451.313294 4026265.146300 0.000000 0.000000
352451.318729 4026265.490560 0.000000 -0.000000
352451.323904 4026265.818315 0.000000 -0.000000
352451.328836 4026266.130645 0.000000 -0.000000
352451.333540 4026266.428569 0.000000 -0.000000
352451.338032 4026266.713048 0.000000 -0.000000
352451.342326 4026266.984989 0.000000 -0.000000
352451.346435 4026267.245243 0.000000 -0.000000
352451.350372 4026267.494609 0.000000 -0.000000
352451.354150 4026267.733839 0.000000 -0.000000
352451.357778 4026267.963637 0.000000 -0.000000
352451.361268 4026268.184661 0.000000 -0.000000
352451.364629 4026268.397529 0.000000 -0.000000
352451.367870 4026268.602814 0.000000 -0.000000
352451.371000 4026268.801054 0.000000 -0.000000
352451.374027 4026268.992748 0.000000 -0.000000
352451.376958 4026269.178362 0.000000 -0.000000
352451.379799 4026269.358326 0.000000 -0.000000
352451.382558 4026269.533041 0.000000 -0.000000
352451.385240 4026269.702876 0.000000 -0.000000
352451.387850 4026269.868175 0.000000 -0.000000
352451.390393 4026270.029254 0.000000 -0.000000
352451.392874 4026270.186403 0.000000 -0.000000
352451.395298 4026270.339890 0.000000 -0.000000
352451.397667 4026270.489963 0.000000 -0.000000
352451.399986 4026270.636845 0.000000 0.000000
352451.402259 4026270.780744 0.000000 0.000000
352451.404487 4026270.921849 0.000000 -0.000000
352451.406673 4026271.060333 0.000000 0.000000
352451.408821 4026271.196353 0.000000 -0.000000
352451.410932 4026271.330052 0.000000 -0.000000
352451.413008 4026271.461561 0.000000 0.000000
352451.415052 4026271.590999 0.000000 -0.000000
352451.417065 4026271.718472 0.000000 -0.000000
352451.419048 4026271.844080 0.000000 -0.000000
352451.421003 4026271.967911 0.000000 0.000000
352451.422932 4026272.090046 0.000000 -0.000000
352451.424835 4026272.210558 0.000000 0.000000
352451.426713 4026272.329516 0.000000 0.000000
352451.428568 4026272.446981 0.000000 -0.000000
352451.430400 4026272.563009 0.000000 0.000000
352451.432210 4026272.677651 0.000000 -0.000000
352451.433999 4026272.790957 0.000000 -0.000000
352451.435767 4026272.902970 0.000000 0.000000
352451.437516 4026273.013732 0.000000 0.000000
352451.439246 4026273.123283 0.000000 0.000000
352451.440957 4026273.231660 0.000000 0.000000
352451.442650 4026273.338897 0.000000 0.000000
352451.444326 4026273.445029 0.000000 -0.000000
352451.445985 4026273.550087 0.000000 0.000000
352451.447627 4026273.654103 0.000000 0.000000
352451.449254 4026273.757106 0.000000 0.000000
352451.450865 4026273.859126 0.000000 -0.000000
352451.452460 4026273.960191 0.000000 -0.000000
352451.454041 4026274.060328 0.000000 0.000000
352451.455608 4026274.159562 0.000000 0.000000
352451.457161 4026274.257919 0.000000 0.000000
352451.458701 4026274.355424 0.000000 0.000000
352451.460227 4026274.452099 0.000000 0.000000
352451.461741 4026274.547969 0.000000 0.000000
352451.463242 4026274.643054 0.000000 -0.000000
352451.464732 4026274.737377 0.000000 0.000000
352451.466209 4026274.830958 0.000000 0.000000
352451.467676 4026274.923816 0.000000 0.000000
352451.469131 4026275.015972 0.000000 0.000000
352451.470575 4026275.107444 0.000000 0.000000
352451.472009 4026275.198250 0.000000 -0.000000
352451.473432 4026275.288408 0.000000 0.000000
352451.474846 4026275.377936 0.000000 -0.000000
352451.476250 4026275.466848 0.000000 -0.000000
352451.477644 4026275.555163 0.000000 -0.000000
352451.479029 4026275.642895 0.000000 0.000000
352451.480406 4026275.730059 0.000000 -0.000000
352451.481773 4026275.816671 0.000000 -0.000000
352451.483132 4026275.902746 0.000000 -0.000000
352451.484483 4026275.988296 0.000000 0.000000
352451.485826 4026276.073337 0.000000 0.000000
352451.487161 4026276.157880 0.000000 -0.000000
352451.488488 4026276.241941 0.000000 -0.000000
352451.489808 4026276.325530 0.000000 -0.000000
352451.491120 4026276.408662 0.000000 -0.000000
352451.492426 4026276.491348 0.000000 -0.000000
352451.493725 4026276.573600 0.000000 0.000000
352451.495017 4026276.655431 0.000000 0.000000
352451.496302 4026276.736851 0.000000 0.000000
352451.497582 4026276.817873 0.000000 -0.000000
352451.498855 4026276.898508 0.000000 0.000000
352451.500122 4026276.978766 0.000000 -0.000000
352451.501384 4026277.058660 0.000000 0.000000
352451.502639 4026277.138198 0.000000 -0.000000
352451.503890 4026277.217394 0.000000 0.000000
352451.505135 4026277.296256 0.000000 -0.000000
352451.506375 4026277.374796 0.000000 0.000000
352451.507610 4026277.453023 0.000000 -0.000000
352451.508841 4026277.530949 0.000000 0.000000
352451.510067 4026277.608582 0.000000 -0.000000
352451.511288 4026277.685935 0.000000 0.000000
352451.512505 4026277.763015 0.000000 0.000000
352451.513718 4026277.839834 0.000000 -0.000000
352451.514927 4026277.916401 0.000000 0.000000
352451.516132 4026277.992726 0.000000 0.000000
352451.517333 4026278.068820 0.000000 0.000000
352451.518531 4026278.144690 0.000000 0.000000
352451.519726 4026278.220348 0.000000 0.000000
352451.520917 4026278.295803 0.000000 0.000000
352451.522106 4026278.371064 0.000000 -0.000000
352451.523291 4026278.446142 0.000000 -0.000000
352451.524474 4026278.521044 0.000000 -0.000000
352451.525654 4026278.595782 0.000000 0.000000
352451.526832 4026278.670364 0.000000 -0.000000
352451.528007 4026278.744799 0.000000 0.000000
352451.529180 4026278.819098 0.000000 -0.000000
352451.530351 4026278.893268 0.000000 -0.000000
352451.531520 4026278.967320 0.000000 -0.000000
352451.532688 4026279.041263 0.000000 0.000000
352451.533854 4026279.115106 0.000000 -0.000000
352451.535018 4026279.188858 0.000000 0.000000
352451.536181 4026279.262528 0.000000 -0.000000
352451.537344 4026279.336125 0.000000 0.000000
352451.538505 4026279.409659 0.000000 0.000000
352451.539665 4026279.483138 0.000000 0.000000
352451.540824 4026279.556573 0.000000 0.000000
352451.541983 4026279.629971 0.000000 -0.000000
352451.543142 4026279.703341 0.000000 -0.000000
352451.544300 4026279.776694 0.000000 -0.000000
352451.545458 4026279.850038 0.000000 -0.000000
352451.546616 4026279.923381 0.000000 -0.000000
352451.547774 4026279.996734 0.000000 -0.000000
352451.548933 4026280.070105 0.000000 -0.000000
352451.550092 4026280.143503 0.000000 0.000000
352451.551251 4026280.216937 0.000000 -0.000000
352451.552411 4026280.290417 0.000000 0.000000
352451.553572 4026280.363951 0.000000 0.000000
352451.554734 4026280.437548 0.000000 -0.000000
352451.555898 4026280.511218 0.000000 0.000000
352451.557062 4026280.584970 0.000000 0.000000
352451.558228 4026280.658813 0.000000 -0.000000
352451.559396 4026280.732755 0.000000 -0.000000
352451.560565 4026280.806807 0.000000 0.000000
352451.561736 4026280.880978 0.000000 -0.000000
352451.562909 4026280.955276 0.000000 0.000000
352451.564084 4026281.029712 0.000000 -0.000000
352451.565262 4026281.104294 0.000000 -0.000000
352451.566442 4026281.179031 0.000000 -0.000000
352451.567625 4026281.253934 0.000000 -0.000000
352451.568810 4026281.329011 0.000000 0.000000
352451.569999 4026281.404272 0.000000 0.000000
352451.571190 4026281.479727 0.000000 0.000000
352451.572384 4026281.555385 0.000000 0.000000
352451.573582 4026281.631256 0.000000 -0.000000
352451.574784 4026281.707349 0.000000 0.000000
352451.575989 4026281.783674 0.000000 0.000000
352451.577198 4026281.860242 0.000000 0.000000
352451.578411 4026281.937060 0.000000 -0.000000
352451.579628 4026282.014141 0.000000 0.000000
352451.580849 4026282.091493 0.000000 -0.000000
352451.582075 4026282.169127 0.000000 -0.000000
352451.583306 4026282.247052 0.000000 -0.000000
352451.584541 4026282.325280 0.000000 0.000000
352451.585781 4026282.403820 0.000000 0.000000
352451.587026 4026282.482682 0.000000 0.000000
352451.588276 4026282.561877 0.000000 0.000000
352451.589532 4026282.641416 0.000000 -0.000000
352451.590794 4026282.721309 0.000000 -0.000000
352451.592061 4026282.801568 0.000000 0.000000
352451.593334 4026282.882202 0.000000 0.000000
352451.594614 4026282.963224 0.000000 0.000000
352451.595899 4026283.044645 0.000000 -0.000000
352451.597191 4026283.126475 0.000000 -0.000000
352451.598490 4026283.208728 0.000000 -0.000000
352451.599795 4026283.291414 0.000000 -0.000000
352451.601108 4026283.374545 0.000000 0.000000
352451.602428 4026283.458135 0.000000 -0.000000
352451.603755 4026283.542195 0.000000 -0.000000
352451.605090 4026283.626739 0.000000 -0.000000
352451.606433 4026283.711779 0.000000 -0.000000
352451.607784 4026283.797330 0.000000 0.000000
352451.609143 4026283.883404 0.000000 -0.000000
352451.610510 4026283.970016 0.000000 0.000000
352451.611887 4026284.057181 0.000000 0.000000
352451.613272 4026284.144913 0.000000 0.000000
352451.614666 4026284.233227 0.000000 -0.000000
352451.616070 4026284.322140 0.000000 -0.000000
352451.617484 4026284.411667 0.000000 -0.000000
352451.618907 4026284.501825 0.000000 -0.000000
352451.620341 4026284.592631 0.000000 0.000000
352451.621785 4026284.684103 0.000000 -0.000000
352451.623240 4026284.776259 0.000000 -0.000000
352451.624707 4026284.869118 0.000000 0.000000
352451.626184 4026284.962698 0.000000 0.000000
352451.627673 4026285.057021 0.000000 0.000000
352451.629175 4026285.152107 0.000000 -0.000000
352451.630689 4026285.247976 0.000000 -0.000000
352451.632215 4026285.344652 0.000000 -0.000000
352451.633755 4026285.442157 0.000000 -0.000000
352451.635308 4026285.540514 0.000000 0.000000
352451.636874 4026285.639748 0.000000 0.000000
352451.638456 4026285.739884 0.000000 0.000000
352451.640051 4026285.840949 0.000000 0.000000
352451.641662 4026285.942969 0.000000 0.000000
352451.643289 4026286.045973 0.000000 0.000000
352451.644931 4026286.149989 0.000000 0.000000
352451.646590 4026286.255047 0.000000 0.000000
352451.648265 4026286.361179 0.000000 0.000000
352451.649959 4026286.468416 0.000000 -0.000000
352451.651670 4026286.576792 0.000000 -0.000000
352451.653400 4026286.686343 0.000000 0.000000
352451.655149 4026286.797106 0.000000 0.000000
352451.656917 4026286.909119 0.000000 -0.000000
352451.658706 4026287.022424 0.000000 0.000000
352451.660516 4026287.137067 0.000000 -0.000000
352451.662348 4026287.253095 0.000000 -0.000000
352451.664203 4026287.370559 0.000000 -0.000000
352451.666081 4026287.489517 0.000000 0.000000
352451.667984 4026287.610030 0.000000 0.000000
352451.669913 4026287.732165 0.000000 0.000000
352451.671868 4026287.855996 0.000000 0.000000
352451.673851 4026287.981604 0.000000 -0.000000
352451.675864 4026288.109077 0.000000 -0.000000
352451.677908 4026288.238514 0.000000 -0.000000
352451.679984 4026288.370023 0.000000 0.000000
352451.682095 4026288.503722 0.000000 0.000000
352451.684243 4026288.639742 0.000000 0.000000
352451.686429 4026288.778226 0.000000 -0.000000
352451.688657 4026288.919331 0.000000 0.000000
352451.690929 4026289.063231 0.000000 0.000000
352451.693249 4026289.210113 0.000000 0.000000
352451.695618 4026289.360185 0.000000 0.000000
352451.698042 4026289.513673 0.000000 0.000000
352451.700523 4026289.670822 0.000000 0.000000
352451.703066 4026289.831900 0.000000 0.000000
352451.705676 4026289.997199 0.000000 0.000000
352451.708358 4026290.167035 0.000000 0.000000
352451.711117 4026290.341750 0.000000 0.000000
352451.713958 4026290.521714 0.000000 0.000000
352451.716889 4026290.707327 0.000000 0.000000
352451.719916 4026290.899022 0.000000 0.000000
352451.723046 4026291.097262 0.000000 0.000000
352451.726287 4026291.302547 0.000000 0.000000
352451.729648 4026291.515414 0.000000 0.000000
352451.733138 4026291.736439 0.000000 0.000000
352451.736766 4026291.966236 0.000000 0.000000
352451.740544 4026292.205466 0.000000 0.000000
352451.744481 4026292.454833 0.000000 0.000000
352451.748590 4026292.715086 0.000000 0.000000
352451.752884 4026292.987027 0.000000 0.000000
352451.757376 4026293.271507 0.000000 0.000000
352451.762080 4026293.569431 0.000000 0.000000
352451.767011 4026293.881760 0.000000 0.000000
352451.772187 4026294.209515 0.000000 0.000000
