352452.312157 4026313.209724 0.000000 0.000000
352452.321226 4026313.545274 0.000000 -0.000000
352452.330295 4026313.880824 0.000000 -0.000000
352452.339364 4026314.216374 0.000000 -0.000000
352452.348433 4026314.551924 0.000000 -0.000000
352452.357502 4026314.887474 0.000000 -0.000000
352452.366571 4026315.223024 0.000000 -0.000000
352452.375640 4026315.558574 0.000000 -0.000000
352452.384709 4026315.894124 0.000000 -0.000000
352452.393778 4026316.229674 0.000000 -0.000000
352452.402847 4026316.565224 0.000000 -0.000000
352452.411915 4026316.900774 0.000000 -0.000000
352452.420984 4026317.236324 0.000000 -0.000000
352452.430053 4026317.571874 0.000000 -0.000000
352452.439122 4026317.907424 0.000000 -0.000000
352452.448191 4026318.242974 0.000000 -0.000000
352452.457260 4026318.578524 0.000000 -0.000000
352452.466329 4026318.914074 0.000000 -0.000000
352452.475398 4026319.249623 0.000000 0.000000
352452.484467 4026319.585173 0.000000 -0.000000
352452.493536 4026319.920723 0.000000 -0.000000
352452.502605 4026320.256273 0.000000 0.000000
352452.511674 4026320.591823 0.000000 0.000000
352452.520742 4026320.927373 0.000000 0.000000
352452.529811 4026321.262923 0.000000 -0.000000
352452.538880 4026321.598473 0.000000 0.000000
352452.547949 4026321.934023 0.000000 -0.000000
352452.557018 4026322.269573 0.000000 -0.000000
352452.566087 4026322.605123 0.000000 -0.000000
352452.575156 4026322.940673 0.000000 0.000000
352452.584225 4026323.276223 0.000000 0.000000
352452.593294 4026323.611773 0.000000 0.000000
352452.602363 4026323.947323 0.000000 0.000000
352452.611432 4026324.282873 0.000000 -0.000000
352452.620501 4026324.618423 0.000000 0.000000
352452.629569 4026324.953973 0.000000 0.000000
352452.638638 4026325.289522 0.000000 0.000000
352452.647707 4026325.625072 0.000000 0.000000
352452.656776 4026325.960622 0.000000 0.000000
352452.665845 4026326.296172 0.000000 0.000000
352452.674914 4026326.631722 0.000000 0.000000
352452.683983 4026326.967272 0.000000 0.000000
352452.693052 4026327.302822 0.000000 0.000000
352452.702121 4026327.638372 0.000000 0.000000
352452.711190 4026327.973922 0.000000 0.000000
352452.720259 4026328.309472 0.000000 0.000000
352452.729328 4026328.645022 0.000000 0.000000
352452.738396 4026328.980572 0.000000 0.000000
352452.747465 4026329.316122 0.000000 0.000000
352452.756534 4026329.651672 0.000000 0.000000
