352452.765603 4026329.987222 0.000000 0.000000
352452.771045 4026330.257475 0.000000 0.000000
352452.776486 4026330.527729 0.000000 0.000000
352452.781927 4026330.797983 0.000000 0.000000
352452.787369 4026331.068237 0.000000 0.000000
352452.792810 4026331.338490 0.000000 0.000000
352452.798251 4026331.608744 0.000000 0.000000
352452.803693 4026331.878998 0.000000 0.000000
352452.809134 4026332.149252 0.000000 0.000000
352452.814575 4026332.419505 0.000000 0.000000
352452.820017 4026332.689759 0.000000 0.000000
352452.825458 4026332.960013 0.000000 0.000000
352452.830899 4026333.230267 0.000000 0.000000
352452.836341 4026333.500520 0.000000 0.000000
352452.841782 4026333.770774 0.000000 0.000000
352452.847223 4026334.041028 0.000000 0.000000
352452.852665 4026334.311282 0.000000 0.000000
352452.858106 4026334.581535 0.000000 0.000000
352452.863548 4026334.851789 0.000000 0.000000
352452.868989 4026335.122043 0.000000 0.000000
352452.874430 4026335.392296 0.000000 0.000000
352452.879872 4026335.662550 0.000000 0.000000
352452.885313 4026335.932804 0.000000 0.000000
352452.890754 4026336.203058 0.000000 0.000000
352452.896196 4026336.473311 0.000000 0.000000
352452.901637 4026336.743565 0.000000 -0.000000
352452.907078 4026337.013819 0.000000 -0.000000
352452.912520 4026337.284073 0.000000 -0.000000
352452.917961 4026337.554326 0.000000 -0.000000
352452.923402 4026337.824580 0.000000 -0.000000
352452.928844 4026338.094834 0.000000 -0.000000
352452.934285 4026338.365088 0.000000 -0.000000
352452.939726 4026338.635341 0.000000 -0.000000
352452.945168 4026338.905595 0.000000 -0.000000
352452.950609 4026339.175849 0.000000 -0.000000
352452.956051 4026339.446103 0.000000 -0.000000
352452.961492 4026339.716356 0.000000 -0.000000
352452.966933 4026339.986610 0.000000 -0.000000
352452.972375 4026340.256864 0.000000 -0.000000
352452.977816 4026340.527118 0.000000 -0.000000
352452.983257 4026340.797371 0.000000 -0.000000
352452.988699 4026341.067625 0.000000 -0.000000
352452.994140 4026341.337879 0.000000 -0.000000
352452.999581 4026341.608133 0.000000 -0.000000
352453.005023 4026341.878386 0.000000 -0.000000
352453.010464 4026342.148640 0.000000 -0.000000
352453.015905 4026342.418894 0.000000 -0.000000
352453.021347 4026342.689147 0.000000 -0.000000
352453.026788 4026342.959401 0.000000 -0.000000
352453.032229 4026343.229655 0.000000 -0.000000
