352504.298261 4026404.610297 0.000000 0.000000
352504.508837 4026404.607219 0.000000 0.000000
352504.719413 4026404.604140 0.000000 0.000000
352504.929989 4026404.601061 0.000000 0.000000
352505.140565 4026404.597983 0.000000 0.000000
352505.351141 4026404.594904 0.000000 0.000000
352505.561717 4026404.591826 0.000000 0.000000
352505.772294 4026404.588747 0.000000 0.000000
352505.982870 4026404.585668 0.000000 0.000000
352506.193446 4026404.582590 0.000000 0.000000
352506.404022 4026404.579511 0.000000 0.000000
352506.614598 4026404.576433 0.000000 0.000000
352506.825174 4026404.573354 0.000000 0.000000
352507.035751 4026404.570275 0.000000 0.000000
352507.246327 4026404.567197 0.000000 0.000000
352507.456903 4026404.564118 0.000000 0.000000
352507.667479 4026404.561040 0.000000 0.000000
352507.878055 4026404.557961 0.000000 0.000000
352508.088631 4026404.554882 0.000000 0.000000
352508.299208 4026404.551804 0.000000 0.000000
352508.509784 4026404.548725 0.000000 0.000000
352508.720360 4026404.545647 0.000000 0.000000
352508.930936 4026404.542568 0.000000 0.000000
352509.141512 4026404.539489 0.000000 0.000000
352509.352088 4026404.536411 0.000000 0.000000
352509.562665 4026404.533332 0.000000 0.000000
352509.773241 4026404.530254 0.000000 0.000000
352509.983817 4026404.527175 0.000000 0.000000
352510.194393 4026404.524096 0.000000 0.000000
352510.404969 4026404.521018 0.000000 0.000000
352510.615545 4026404.517939 0.000000 0.000000
352510.826122 4026404.514861 0.000000 0.000000
352511.036698 4026404.511782 0.000000 0.000000
352511.247274 4026404.508703 0.000000 0.000000
352511.457850 4026404.505625 0.000000 0.000000
352511.668426 4026404.502546 0.000000 0.000000
352511.879002 4026404.499468 0.000000 0.000000
352512.089579 4026404.496389 0.000000 0.000000
352512.300155 4026404.493310 0.000000 0.000000
352512.510731 4026404.490232 0.000000 0.000000
352512.721307 4026404.487153 0.000000 0.000000
352512.931883 4026404.484075 0.000000 0.000000
352513.142459 4026404.480996 0.000000 0.000000
352513.353036 4026404.477917 0.000000 0.000000
352513.563612 4026404.474839 0.000000 0.000000
352513.774188 4026404.471760 0.000000 0.000000
352513.984764 4026404.468682 0.000000 0.000000
352514.195340 4026404.465603 0.000000 0.000000
352514.405916 4026404.462524 0.000000 0.000000
352514.616493 4026404.459446 0.000000 0.000000
