352554.334156 4026403.933280 0.000000 0.000000
352554.674279 4026403.962416 0.000000 0.000408
352554.998091 4026403.990186 0.000000 0.000817
352555.306655 4026404.016712 0.000000 0.001225
352555.600977 4026404.042105 0.000000 0.001633
352555.882002 4026404.066470 0.000000 0.002041
352556.150623 4026404.089905 0.000000 0.002450
352556.407678 4026404.112500 0.000000 0.002858
352556.653957 4026404.134338 0.000000 0.003266
352556.890200 4026404.155496 0.000000 0.003674
352557.117100 4026404.176047 0.000000 0.004083
352557.335307 4026404.196055 0.000000 0.004491
352557.545429 4026404.215581 0.000000 0.004899
352557.748034 4026404.234680 0.000000 0.005307
352557.943652 4026404.253402 0.000000 0.005716
352558.132775 4026404.271792 0.000000 0.006124
352558.315862 4026404.289892 0.000000 0.006532
352558.493340 4026404.307738 0.000000 0.006940
352558.665604 4026404.325365 0.000000 0.007349
352558.833019 4026404.342801 0.000000 0.007757
352558.995925 4026404.360074 0.000000 0.008165
352559.154634 4026404.377207 0.000000 0.008573
352559.309434 4026404.394220 0.000000 0.008982
352559.460591 4026404.411131 0.000000 0.009390
352559.608347 4026404.427956 0.000000 0.009798
352559.752928 4026404.444707 0.000000 0.010202
352559.894537 4026404.461395 0.000000 0.010572
352560.033362 4026404.478029 0.000000 0.010906
352560.169574 4026404.494618 0.000000 0.011201
352560.303330 4026404.511166 0.000000 0.011457
352560.434773 4026404.527677 0.000000 0.011671
352560.564031 4026404.544156 0.000000 0.011843
352560.691222 4026404.560605 0.000000 0.011974
352560.816455 4026404.577023 0.000000 0.012064
352560.939826 4026404.593412 0.000000 0.012115
352561.061425 4026404.609771 0.000000 0.012128
352561.181331 4026404.626099 0.000000 0.012105
352561.299619 4026404.642395 0.000000 0.012048
352561.416356 4026404.658656 0.000000 0.011960
352561.531602 4026404.674881 0.000000 0.011843
352561.645414 4026404.691067 0.000000 0.011701
352561.757844 4026404.707210 0.000000 0.011536
352561.868940 4026404.723310 0.000000 0.011350
352561.978746 4026404.739363 0.000000 0.011148
352562.087303 4026404.755366 0.000000 0.010932
352562.194651 4026404.771317 0.000000 0.010703
352562.300825 4026404.787213 0.000000 0.010466
352562.405862 4026404.803053 0.000000 0.010221
352562.509793 4026404.818834 0.000000 0.009972
352562.612651 4026404.834555 0.000000 0.009720
352562.714467 4026404.850213 0.000000 0.009468
352562.815269 4026404.865807 0.000000 0.009216
352562.915086 4026404.881337 0.000000 0.008967
352563.013945 4026404.896801 0.000000 0.008722
352563.111872 4026404.912198 0.000000 0.008481
352563.208892 4026404.927527 0.000000 0.008246
352563.305030 4026404.942789 0.000000 0.008019
352563.400309 4026404.957982 0.000000 0.007799
352563.494751 4026404.973107 0.000000 0.007587
352563.588378 4026404.988163 0.000000 0.007384
352563.681210 4026405.003150 0.000000 0.007191
352563.773269 4026405.018069 0.000000 0.007007
352563.864572 4026405.032920 0.000000 0.006833
352563.955138 4026405.047703 0.000000 0.006669
352564.044985 4026405.062419 0.000000 0.006515
352564.134131 4026405.077068 0.000000 0.006371
352564.222591 4026405.091651 0.000000 0.006237
352564.310381 4026405.106168 0.000000 0.006113
352564.397518 4026405.120620 0.000000 0.005999
352564.484014 4026405.135009 0.000000 0.005895
352564.569885 4026405.149335 0.000000 0.005801
352564.655144 4026405.163598 0.000000 0.005715
352564.739804 4026405.177800 0.000000 0.005638
352564.823877 4026405.191943 0.000000 0.005570
352564.907376 4026405.206026 0.000000 0.005510
352564.990313 4026405.220050 0.000000 0.005457
352565.072699 4026405.234018 0.000000 0.005412
352565.154544 4026405.247930 0.000000 0.005374
352565.235860 4026405.261786 0.000000 0.005341
352565.316656 4026405.275589 0.000000 0.005315
352565.396943 4026405.289339 0.000000 0.005295
352565.476729 4026405.303037 0.000000 0.005279
352565.556024 4026405.316685 0.000000 0.005267
352565.634837 4026405.330283 0.000000 0.005260
352565.713178 4026405.343832 0.000000 0.005255
352565.791053 4026405.357334 0.000000 0.005254
352565.868471 4026405.370789 0.000000 0.005255
352565.945441 4026405.384199 0.000000 0.005259
352566.021970 4026405.397564 0.000000 0.005263
352566.098065 4026405.410886 0.000000 0.005269
352566.173734 4026405.424165 0.000000 0.005276
352566.248984 4026405.437401 0.000000 0.005283
352566.323822 4026405.450597 0.000000 0.005289
352566.398256 4026405.463753 0.000000 0.005296
352566.472291 4026405.476870 0.000000 0.005301
352566.545934 4026405.489947 0.000000 0.005306
352566.619192 4026405.502987 0.000000 0.005309
352566.692071 4026405.515990 0.000000 0.005311
352566.764577 4026405.528957 0.000000 0.005310
352566.836717 4026405.541888 0.000000 0.005308
352566.908496 4026405.554783 0.000000 0.005304
352566.979920 4026405.567644 0.000000 0.005297
352567.050995 4026405.580471 0.000000 0.005288
352567.121727 4026405.593265 0.000000 0.005277
352567.192122 4026405.606026 0.000000 0.005263
352567.262184 4026405.618754 0.000000 0.005246
352567.331921 4026405.631451 0.000000 0.005227
352567.401336 4026405.644116 0.000000 0.005205
352567.470435 4026405.656751 0.000000 0.005181
352567.539223 4026405.669355 0.000000 0.005154
352567.607707 4026405.681929 0.000000 0.005124
352567.675890 4026405.694473 0.000000 0.005092
352567.743778 4026405.706988 0.000000 0.005058
352567.811376 4026405.719475 0.000000 0.005022
352567.878689 4026405.731933 0.000000 0.004983
352567.945722 4026405.744363 0.000000 0.004943
352568.012480 4026405.756765 0.000000 0.004900
352568.078967 4026405.769140 0.000000 0.004856
352568.145189 4026405.781489 0.000000 0.004810
352568.211150 4026405.793811 0.000000 0.004763
352568.276854 4026405.806107 0.000000 0.004714
352568.342307 4026405.818377 0.000000 0.004664
352568.407513 4026405.830621 0.000000 0.004614
352568.472477 4026405.842841 0.000000 0.004562
352568.537204 4026405.855036 0.000000 0.004510
352568.601697 4026405.867207 0.000000 0.004457
352568.665961 4026405.879354 0.000000 0.004404
352568.730001 4026405.891478 0.000000 0.004351
352568.793821 4026405.903578 0.000000 0.004298
352568.857427 4026405.915656 0.000000 0.004245
352568.920821 4026405.927711 0.000000 0.004192
352568.984008 4026405.939745 0.000000 0.004140
352569.046994 4026405.951757 0.000000 0.004089
352569.109781 4026405.963748 0.000000 0.004038
352569.172375 4026405.975718 0.000000 0.003989
352569.234779 4026405.987668 0.000000 0.003941
352569.296999 4026405.999599 0.000000 0.003895
352569.359037 4026406.011510 0.000000 0.003850
352569.420898 4026406.023402 0.000000 0.003807
352569.482587 4026406.035276 0.000000 0.003765
352569.544108 4026406.047132 0.000000 0.003726
352569.605464 4026406.058971 0.000000 0.003690
352569.666660 4026406.070792 0.000000 0.003656
352569.727700 4026406.082597 0.000000 0.003624
352569.788587 4026406.094387 0.000000 0.003595
352569.849326 4026406.106161 0.000000 0.003570
352569.909921 4026406.117920 0.000000 0.003547
352569.970375 4026406.129666 0.000000 0.003528
352570.030693 4026406.141397 0.000000 0.003512
352570.090878 4026406.153116 0.000000 0.003500
352570.150934 4026406.164822 0.000000 0.003491
352570.210865 4026406.176516 0.000000 0.003486
352570.270675 4026406.188199 0.000000 0.003485
352570.330366 4026406.199871 0.000000 0.003489
352570.389944 4026406.211534 0.000000 0.003496
352570.449411 4026406.223187 0.000000 0.003508
352570.508771 4026406.234831 0.000000 0.003524
352570.568027 4026406.246468 0.000000 0.003544
352570.627183 4026406.258097 0.000000 0.003569
352570.686242 4026406.269719 0.000000 0.003599
352570.745208 4026406.281336 0.000000 0.003633
352570.804083 4026406.292948 0.000000 0.003671
352570.862871 4026406.304554 0.000000 0.003715
352570.921575 4026406.316158 0.000000 0.003763
352570.980198 4026406.327758 0.000000 0.003815
352571.038743 4026406.339355 0.000000 0.003873
352571.097213 4026406.350952 0.000000 0.003935
352571.155610 4026406.362547 0.000000 0.004002
352571.213938 4026406.374142 0.000000 0.004073
352571.272199 4026406.385739 0.000000 0.004149
352571.330396 4026406.397336 0.000000 0.004229
352571.388532 4026406.408936 0.000000 0.004313
352571.446608 4026406.420539 0.000000 0.004402
352571.504628 4026406.432146 0.000000 0.004495
352571.562594 4026406.443757 0.000000 0.004593
352571.620507 4026406.455374 0.000000 0.004694
352571.678371 4026406.466997 0.000000 0.004799
352571.736187 4026406.478627 0.000000 0.004907
352571.793958 4026406.490264 0.000000 0.005020
352571.851686 4026406.501911 0.000000 0.005135
352571.909371 4026406.513567 0.000000 0.005254
352571.967018 4026406.525233 0.000000 0.005376
352572.024626 4026406.536910 0.000000 0.005500
352572.082198 4026406.548598 0.000000 0.005627
352572.139736 4026406.560300 0.000000 0.005756
352572.197241 4026406.572015 0.000000 0.005888
352572.254715 4026406.583744 0.000000 0.006021
352572.312159 4026406.595487 0.000000 0.006156
352572.369574 4026406.607247 0.000000 0.006292
352572.426963 4026406.619023 0.000000 0.006430
352572.484325 4026406.630816 0.000000 0.006568
352572.541664 4026406.642628 0.000000 0.006706
352572.598978 4026406.654458 0.000000 0.006845
352572.656271 4026406.666308 0.000000 0.006984
352572.713542 4026406.678177 0.000000 0.007122
352572.770792 4026406.690068 0.000000 0.007260
352572.828024 4026406.701981 0.000000 0.007397
352572.885237 4026406.713915 0.000000 0.007533
352572.942432 4026406.725873 0.000000 0.007667
352572.999610 4026406.737855 0.000000 0.007799
352573.056772 4026406.749861 0.000000 0.007928
352573.113919 4026406.761891 0.000000 0.008056
352573.171050 4026406.773948 0.000000 0.008180
352573.228168 4026406.786030 0.000000 0.008302
352573.285271 4026406.798139 0.000000 0.008420
352573.342362 4026406.810276 0.000000 0.008534
352573.399439 4026406.822440 0.000000 0.008645
352573.456505 4026406.834633 0.000000 0.008751
352573.513558 4026406.846855 0.000000 0.008853
352573.570600 4026406.859105 0.000000 0.008950
352573.627631 4026406.871386 0.000000 0.009042
352573.684651 4026406.883697 0.000000 0.009129
352573.741661 4026406.896038 0.000000 0.009211
352573.798660 4026406.908410 0.000000 0.009286
352573.855650 4026406.920814 0.000000 0.009356
352573.912629 4026406.933249 0.000000 0.009421
352573.969599 4026406.945716 0.000000 0.009478
352574.026560 4026406.958215 0.000000 0.009530
352574.083512 4026406.970746 0.000000 0.009575
352574.140455 4026406.983310 0.000000 0.009614
352574.197389 4026406.995907 0.000000 0.009646
352574.254314 4026407.008536 0.000000 0.009671
352574.311231 4026407.021198 0.000000 0.009689
352574.368139 4026407.033894 0.000000 0.009700
352574.425039 4026407.046623 0.000000 0.009705
352574.481932 4026407.059384 0.000000 0.009702
352574.538816 4026407.072179 0.000000 0.009693
352574.595692 4026407.085008 0.000000 0.009676
352574.652560 4026407.097869 0.000000 0.009653
352574.709420 4026407.110763 0.000000 0.009623
352574.766273 4026407.123690 0.000000 0.009586
352574.823119 4026407.136650 0.000000 0.009542
352574.879956 4026407.149643 0.000000 0.009491
352574.936787 4026407.162668 0.000000 0.009434
352574.993610 4026407.175725 0.000000 0.009370
352575.050425 4026407.188815 0.000000 0.009300
352575.107234 4026407.201936 0.000000 0.009224
352575.164035 4026407.215088 0.000000 0.009142
352575.220830 4026407.228272 0.000000 0.009054
352575.277617 4026407.241487 0.000000 0.008960
352575.334398 4026407.254732 0.000000 0.008861
352575.391172 4026407.268007 0.000000 0.008757
352575.447939 4026407.281312 0.000000 0.008647
352575.504699 4026407.294646 0.000000 0.008533
352575.561454 4026407.308009 0.000000 0.008415
352575.618201 4026407.321401 0.000000 0.008292
352575.674943 4026407.334821 0.000000 0.008165
352575.731678 4026407.348268 0.000000 0.008034
352575.788407 4026407.361742 0.000000 0.007900
352575.845131 4026407.375243 0.000000 0.007763
352575.901848 4026407.388770 0.000000 0.007623
352575.958560 4026407.402322 0.000000 0.007480
352576.015266 4026407.415900 0.000000 0.007335
352576.071967 4026407.429502 0.000000 0.007188
352576.128662 4026407.443127 0.000000 0.007040
352576.185353 4026407.456777 0.000000 0.006890
352576.242037 4026407.470448 0.000000 0.006739
352576.298717 4026407.484143 0.000000 0.006587
352576.355393 4026407.497859 0.000000 0.006435
352576.412063 4026407.511596 0.000000 0.006282
352576.468729 4026407.525353 0.000000 0.006130
352576.525390 4026407.539131 0.000000 0.005978
352576.582047 4026407.552929 0.000000 0.005827
352576.638699 4026407.566745 0.000000 0.005676
352576.695348 4026407.580580 0.000000 0.005527
352576.751992 4026407.594432 0.000000 0.005379
352576.808633 4026407.608302 0.000000 0.005233
352576.865269 4026407.622189 0.000000 0.005089
352576.921902 4026407.636092 0.000000 0.004946
352576.978532 4026407.650011 0.000000 0.004806
352577.035157 4026407.663946 0.000000 0.004668
352577.091780 4026407.677895 0.000000 0.004533
352577.148399 4026407.691859 0.000000 0.004401
352577.205015 4026407.705836 0.000000 0.004271
352577.261628 4026407.719828 0.000000 0.004145
352577.318238 4026407.733832 0.000000 0.004022
352577.374846 4026407.747849 0.000000 0.003902
352577.431450 4026407.761878 0.000000 0.003785
352577.488052 4026407.775919 0.000000 0.003673
352577.544651 4026407.789971 0.000000 0.003563
352577.601247 4026407.804035 0.000000 0.003458
352577.657841 4026407.818109 0.000000 0.003356
352577.714433 4026407.832193 0.000000 0.003257
352577.771022 4026407.846288 0.000000 0.003163
352577.827609 4026407.860392 0.000000 0.003073
352577.884194 4026407.874506 0.000000 0.002986
352577.940777 4026407.888629 0.000000 0.002903
352577.997357 4026407.902761 0.000000 0.002824
352578.053936 4026407.916902 0.000000 0.002748
352578.110512 4026407.931051 0.000000 0.002677
352578.167087 4026407.945208 0.000000 0.002609
352578.223660 4026407.959373 0.000000 0.002545
352578.280231 4026407.973546 0.000000 0.002484
352578.336800 4026407.987726 0.000000 0.002427
352578.393368 4026408.001914 0.000000 0.002373
352578.449933 4026408.016109 0.000000 0.002323
352578.506497 4026408.030312 0.000000 0.002276
352578.563059 4026408.044521 0.000000 0.002232
352578.619620 4026408.058737 0.000000 0.002191
352578.676179 4026408.072960 0.000000 0.002153
352578.732736 4026408.087189 0.000000 0.002118
352578.789292 4026408.101425 0.000000 0.002086
352578.845846 4026408.115667 0.000000 0.002056
352578.902399 4026408.129916 0.000000 0.002028
352578.958950 4026408.144171 0.000000 0.002003
352579.015500 4026408.158433 0.000000 0.001980
352579.072048 4026408.172700 0.000000 0.001959
352579.128594 4026408.186974 0.000000 0.001940
352579.185139 4026408.201254 0.000000 0.001923
352579.241682 4026408.215540 0.000000 0.001907
352579.298224 4026408.229832 0.000000 0.001893
352579.354765 4026408.244131 0.000000 0.001880
352579.411303 4026408.258435 0.000000 0.001868
352579.467841 4026408.272745 0.000000 0.001858
352579.524377 4026408.287061 0.000000 0.001848
352579.580911 4026408.301383 0.000000 0.001839
352579.637444 4026408.315711 0.000000 0.001831
352579.693975 4026408.330046 0.000000 0.001824
352579.750505 4026408.344386 0.000000 0.001817
352579.807033 4026408.358732 0.000000 0.001811
352579.863560 4026408.373084 0.000000 0.001805
352579.920085 4026408.387441 0.000000 0.001799
352579.976609 4026408.401805 0.000000 0.001793
352580.033132 4026408.416175 0.000000 0.001787
352580.089652 4026408.430551 0.000000 0.001782
352580.146172 4026408.444932 0.000000 0.001776
352580.202689 4026408.459320 0.000000 0.001770
352580.259206 4026408.473713 0.000000 0.001764
352580.315721 4026408.488112 0.000000 0.001758
352580.372234 4026408.502517 0.000000 0.001752
352580.428746 4026408.516928 0.000000 0.001745
352580.485256 4026408.531345 0.000000 0.001737
352580.541765 4026408.545767 0.000000 0.001730
352580.598272 4026408.560196 0.000000 0.001722
352580.654778 4026408.574630 0.000000 0.001713
352580.711283 4026408.589069 0.000000 0.001704
352580.767786 4026408.603515 0.000000 0.001695
352580.824287 4026408.617966 0.000000 0.001685
352580.880787 4026408.632423 0.000000 0.001674
352580.937286 4026408.646885 0.000000 0.001663
352580.993783 4026408.661353 0.000000 0.001652
352581.050279 4026408.675827 0.000000 0.001640
352581.106774 4026408.690306 0.000000 0.001627
352581.163267 4026408.704790 0.000000 0.001615
352581.219759 4026408.719280 0.000000 0.001601
352581.276249 4026408.733775 0.000000 0.001588
352581.332738 4026408.748275 0.000000 0.001574
352581.389225 4026408.762781 0.000000 0.001560
352581.445712 4026408.777292 0.000000 0.001545
352581.502197 4026408.791808 0.000000 0.001531
352581.558680 4026408.806329 0.000000 0.001516
352581.615163 4026408.820854 0.000000 0.001501
352581.671644 4026408.835385 0.000000 0.001486
352581.728124 4026408.849921 0.000000 0.001472
352581.784602 4026408.864462 0.000000 0.001457
352581.841080 4026408.879007 0.000000 0.001442
352581.897556 4026408.893557 0.000000 0.001428
352581.954031 4026408.908112 0.000000 0.001414
352582.010505 4026408.922671 0.000000 0.001400
352582.066977 4026408.937235 0.000000 0.001386
352582.123449 4026408.951803 0.000000 0.001373
352582.179919 4026408.966376 0.000000 0.001361
352582.236388 4026408.980953 0.000000 0.001349
352582.292856 4026408.995535 0.000000 0.001338
352582.349323 4026409.010120 0.000000 0.001328
352582.405789 4026409.024710 0.000000 0.001319
352582.462254 4026409.039305 0.000000 0.001310
352582.518718 4026409.053903 0.000000 0.001303
352582.575180 4026409.068505 0.000000 0.001297
352582.631642 4026409.083112 0.000000 0.001292
352582.688102 4026409.097722 0.000000 0.001288
352582.744561 4026409.112337 0.000000 0.001285
352582.801020 4026409.126955 0.000000 0.001284
352582.857477 4026409.141578 0.000000 0.001284
352582.913933 4026409.156204 0.000000 0.001286
352582.970388 4026409.170835 0.000000 0.001290
352583.026842 4026409.185469 0.000000 0.001295
352583.083295 4026409.200108 0.000000 0.001302
352583.139747 4026409.214750 0.000000 0.001311
352583.196197 4026409.229397 0.000000 0.001322
352583.252647 4026409.244047 0.000000 0.001335
352583.309096 4026409.258702 0.000000 0.001350
352583.365543 4026409.273360 0.000000 0.001368
352583.421989 4026409.288023 0.000000 0.001387
352583.478434 4026409.302690 0.000000 0.001409
352583.534878 4026409.317362 0.000000 0.001434
352583.591321 4026409.332037 0.000000 0.001461
352583.647763 4026409.346717 0.000000 0.001490
352583.704203 4026409.361402 0.000000 0.001523
352583.760642 4026409.376091 0.000000 0.001558
352583.817079 4026409.390785 0.000000 0.001596
352583.873516 4026409.405484 0.000000 0.001637
352583.929950 4026409.420188 0.000000 0.001681
352583.986384 4026409.434896 0.000000 0.001728
352584.042816 4026409.449610 0.000000 0.001778
352584.099246 4026409.464330 0.000000 0.001831
352584.155675 4026409.479055 0.000000 0.001888
352584.212102 4026409.493785 0.000000 0.001948
352584.268528 4026409.508522 0.000000 0.002011
352584.324951 4026409.523265 0.000000 0.002078
352584.381373 4026409.538014 0.000000 0.002149
352584.437793 4026409.552769 0.000000 0.002223
352584.494211 4026409.567531 0.000000 0.002300
352584.550627 4026409.582301 0.000000 0.002382
352584.607041 4026409.597077 0.000000 0.002467
352584.663453 4026409.611862 0.000000 0.002555
352584.719863 4026409.626654 0.000000 0.002648
352584.776270 4026409.641454 0.000000 0.002744
352584.832675 4026409.656263 0.000000 0.002844
352584.889077 4026409.671080 0.000000 0.002948
352584.945476 4026409.685907 0.000000 0.003056
352585.001873 4026409.700743 0.000000 0.003167
352585.058267 4026409.715589 0.000000 0.003282
352585.114658 4026409.730445 0.000000 0.003401
352585.171045 4026409.745312 0.000000 0.003523
352585.227430 4026409.760190 0.000000 0.003649
352585.283811 4026409.775079 0.000000 0.003779
352585.340189 4026409.789981 0.000000 0.003912
352585.396563 4026409.804895 0.000000 0.004049
352585.452934 4026409.819821 0.000000 0.004189
352585.509300 4026409.834761 0.000000 0.004332
352585.565663 4026409.849715 0.000000 0.004478
352585.622021 4026409.864683 0.000000 0.004628
352585.678375 4026409.879666 0.000000 0.004780
352585.734724 4026409.894664 0.000000 0.004935
352585.791069 4026409.909678 0.000000 0.005093
352585.847410 4026409.924708 0.000000 0.005253
352585.903745 4026409.939755 0.000000 0.005416
352585.960075 4026409.954820 0.000000 0.005581
352586.016400 4026409.969903 0.000000 0.005748
352586.072719 4026409.985005 0.000000 0.005916
352586.129033 4026410.000125 0.000000 0.006086
352586.185341 4026410.015266 0.000000 0.006258
352586.241643 4026410.030427 0.000000 0.006431
352586.297939 4026410.045609 0.000000 0.006605
352586.354228 4026410.060812 0.000000 0.006779
352586.410511 4026410.076038 0.000000 0.006954
352586.466788 4026410.091287 0.000000 0.007130
352586.523057 4026410.106559 0.000000 0.007305
352586.579320 4026410.121855 0.000000 0.007480
352586.635575 4026410.137176 0.000000 0.007654
352586.691823 4026410.152522 0.000000 0.007828
352586.748063 4026410.167894 0.000000 0.008000
352586.804296 4026410.183292 0.000000 0.008171
352586.860521 4026410.198717 0.000000 0.008340
352586.916737 4026410.214171 0.000000 0.008508
352586.972945 4026410.229652 0.000000 0.008672
352587.029145 4026410.245162 0.000000 0.008835
352587.085337 4026410.260702 0.000000 0.008994
352587.141519 4026410.276272 0.000000 0.009150
352587.197693 4026410.291872 0.000000 0.009303
352587.253857 4026410.307504 0.000000 0.009452
352587.310012 4026410.323167 0.000000 0.009597
352587.366158 4026410.338862 0.000000 0.009737
352587.422295 4026410.354590 0.000000 0.009872
352587.478421 4026410.370351 0.000000 0.010003
352587.534538 4026410.386146 0.000000 0.010128
352587.590645 4026410.401975 0.000000 0.010248
352587.646741 4026410.417838 0.000000 0.010363
352587.702828 4026410.433736 0.000000 0.010471
352587.758904 4026410.449669 0.000000 0.010573
352587.814970 4026410.465639 0.000000 0.010668
352587.871025 4026410.481643 0.000000 0.010757
352587.927070 4026410.497685 0.000000 0.010839
352587.983104 4026410.513763 0.000000 0.010914
352588.039127 4026410.529877 0.000000 0.010982
352588.095139 4026410.546029 0.000000 0.011042
352588.151141 4026410.562218 0.000000 0.011095
352588.207131 4026410.578444 0.000000 0.011140
352588.263111 4026410.594708 0.000000 0.011178
352588.319079 4026410.611010 0.000000 0.011208
352588.375037 4026410.627350 0.000000 0.011230
352588.430983 4026410.643727 0.000000 0.011244
352588.486918 4026410.660143 0.000000 0.011250
352588.542843 4026410.676596 0.000000 0.011248
352588.598756 4026410.693087 0.000000 0.011238
352588.654658 4026410.709617 0.000000 0.011221
352588.710548 4026410.726184 0.000000 0.011195
352588.766428 4026410.742789 0.000000 0.011162
352588.822297 4026410.759431 0.000000 0.011120
352588.878155 4026410.776111 0.000000 0.011071
352588.934002 4026410.792828 0.000000 0.011015
352588.989838 4026410.809582 0.000000 0.010951
352589.045664 4026410.826373 0.000000 0.010879
352589.101479 4026410.843200 0.000000 0.010801
352589.157283 4026410.860064 0.000000 0.010715
352589.213076 4026410.876964 0.000000 0.010623
352589.268859 4026410.893899 0.000000 0.010524
352589.324632 4026410.910870 0.000000 0.010419
352589.380395 4026410.927875 0.000000 0.010307
352589.436148 4026410.944915 0.000000 0.010189
352589.491890 4026410.961989 0.000000 0.010066
352589.547623 4026410.979096 0.000000 0.009938
352589.603346 4026410.996236 0.000000 0.009804
352589.659060 4026411.013409 0.000000 0.009665
352589.714764 4026411.030615 0.000000 0.009522
352589.770459 4026411.047851 0.000000 0.009375
352589.826145 4026411.065119 0.000000 0.009224
352589.881822 4026411.082417 0.000000 0.009069
352589.937490 4026411.099745 0.000000 0.008911
352589.993150 4026411.117103 0.000000 0.008750
352590.048801 4026411.134489 0.000000 0.008586
352590.104444 4026411.151903 0.000000 0.008421
352590.160079 4026411.169345 0.000000 0.008253
352590.215705 4026411.186814 0.000000 0.008084
352590.271325 4026411.204309 0.000000 0.007914
352590.326936 4026411.221830 0.000000 0.007743
352590.382540 4026411.239376 0.000000 0.007571
352590.438138 4026411.256947 0.000000 0.007399
352590.493728 4026411.274541 0.000000 0.007228
352590.549311 4026411.292159 0.000000 0.007057
352590.604887 4026411.309799 0.000000 0.006886
352590.660457 4026411.327461 0.000000 0.006717
352590.716021 4026411.345145 0.000000 0.006549
352590.771578 4026411.362850 0.000000 0.006383
352590.827130 4026411.380575 0.000000 0.006218
352590.882675 4026411.398319 0.000000 0.006056
352590.938215 4026411.416083 0.000000 0.005897
352590.993750 4026411.433865 0.000000 0.005739
352591.049279 4026411.451666 0.000000 0.005585
352591.104803 4026411.469484 0.000000 0.005434
352591.160322 4026411.487319 0.000000 0.005287
352591.215836 4026411.505170 0.000000 0.005143
352591.271345 4026411.523038 0.000000 0.005002
352591.326849 4026411.540921 0.000000 0.004866
352591.382350 4026411.558819 0.000000 0.004733
352591.437845 4026411.576731 0.000000 0.004605
352591.493337 4026411.594658 0.000000 0.004480
352591.548824 4026411.612598 0.000000 0.004361
352591.604307 4026411.630552 0.000000 0.004245
352591.659786 4026411.648519 0.000000 0.004135
352591.715262 4026411.666498 0.000000 0.004029
352591.770733 4026411.684490 0.000000 0.003927
352591.826202 4026411.702494 0.000000 0.003830
352591.881666 4026411.720509 0.000000 0.003738
352591.937127 4026411.738535 0.000000 0.003651
352591.992585 4026411.756572 0.000000 0.003569
352592.048039 4026411.774621 0.000000 0.003491
352592.103490 4026411.792679 0.000000 0.003418
352592.158938 4026411.810748 0.000000 0.003349
352592.214383 4026411.828827 0.000000 0.003286
352592.269825 4026411.846916 0.000000 0.003227
352592.325263 4026411.865015 0.000000 0.003172
352592.380699 4026411.883123 0.000000 0.003122
352592.436131 4026411.901240 0.000000 0.003076
352592.491561 4026411.919367 0.000000 0.003035
352592.546988 4026411.937503 0.000000 0.002998
352592.602412 4026411.955648 0.000000 0.002965
352592.657833 4026411.973801 0.000000 0.002935
352592.713251 4026411.991964 0.000000 0.002910
352592.768666 4026412.010136 0.000000 0.002888
352592.824079 4026412.028316 0.000000 0.002870
352592.879488 4026412.046505 0.000000 0.002855
352592.934895 4026412.064703 0.000000 0.002844
352592.990299 4026412.082909 0.000000 0.002835
352593.045700 4026412.101125 0.000000 0.002830
352593.101098 4026412.119349 0.000000 0.002827
352593.156493 4026412.137581 0.000000 0.002827
352593.211885 4026412.155823 0.000000 0.002830
352593.267275 4026412.174073 0.000000 0.002835
352593.322661 4026412.192332 0.000000 0.002842
352593.378045 4026412.210600 0.000000 0.002851
352593.433425 4026412.228877 0.000000 0.002862
352593.488803 4026412.247163 0.000000 0.002875
352593.544177 4026412.265458 0.000000 0.002890
352593.599549 4026412.283763 0.000000 0.002906
352593.654917 4026412.302076 0.000000 0.002924
352593.710282 4026412.320399 0.000000 0.002943
352593.765645 4026412.338731 0.000000 0.002963
352593.821003 4026412.357072 0.000000 0.002984
352593.876359 4026412.375423 0.000000 0.003005
352593.931712 4026412.393784 0.000000 0.003028
352593.987061 4026412.412154 0.000000 0.003052
352594.042407 4026412.430534 0.000000 0.003076
352594.097749 4026412.448925 0.000000 0.003100
352594.153089 4026412.467325 0.000000 0.003125
352594.208425 4026412.485735 0.000000 0.003150
352594.263757 4026412.504155 0.000000 0.003176
352594.319086 4026412.522585 0.000000 0.003201
352594.374411 4026412.541026 0.000000 0.003227
352594.429733 4026412.559478 0.000000 0.003253
352594.485052 4026412.577940 0.000000 0.003279
352594.540366 4026412.596412 0.000000 0.003305
352594.595677 4026412.614895 0.000000 0.003331
352594.650985 4026412.633389 0.000000 0.003356
352594.706289 4026412.651894 0.000000 0.003382
352594.761589 4026412.670410 0.000000 0.003407
352594.816885 4026412.688937 0.000000 0.003432
352594.872178 4026412.707475 0.000000 0.003457
352594.927466 4026412.726024 0.000000 0.003481
352594.982751 4026412.744585 0.000000 0.003506
352595.038032 4026412.763157 0.000000 0.003530
352595.093310 4026412.781740 0.000000 0.003554
352595.148583 4026412.800335 0.000000 0.003577
352595.203852 4026412.818941 0.000000 0.003601
352595.259117 4026412.837560 0.000000 0.003624
352595.314379 4026412.856189 0.000000 0.003647
352595.369636 4026412.874831 0.000000 0.003669
352595.424889 4026412.893485 0.000000 0.003692
352595.480139 4026412.912150 0.000000 0.003714
352595.535384 4026412.930828 0.000000 0.003736
352595.590625 4026412.949517 0.000000 0.003759
352595.645861 4026412.968219 0.000000 0.003781
352595.701094 4026412.986933 0.000000 0.003803
352595.756323 4026413.005659 0.000000 0.003825
352595.811547 4026413.024398 0.000000 0.003847
352595.866767 4026413.043149 0.000000 0.003869
352595.921983 4026413.061912 0.000000 0.003892
352595.977194 4026413.080688 0.000000 0.003915
352596.032401 4026413.099476 0.000000 0.003938
352596.087604 4026413.118277 0.000000 0.003961
352596.142802 4026413.137091 0.000000 0.003985
352596.197996 4026413.155918 0.000000 0.004009
352596.253186 4026413.174757 0.000000 0.004033
352596.308371 4026413.193609 0.000000 0.004058
352596.363551 4026413.212475 0.000000 0.004083
352596.418727 4026413.231353 0.000000 0.004109
352596.473898 4026413.250244 0.000000 0.004136
352596.529065 4026413.269149 0.000000 0.004163
352596.584227 4026413.288067 0.000000 0.004192
352596.639385 4026413.306998 0.000000 0.004220
352596.694538 4026413.325943 0.000000 0.004250
352596.749686 4026413.344902 0.000000 0.004281
352596.804829 4026413.363873 0.000000 0.004312
352596.859967 4026413.382859 0.000000 0.004345
352596.915101 4026413.401859 0.000000 0.004378
352596.970229 4026413.420872 0.000000 0.004413
352597.025353 4026413.439899 0.000000 0.004448
352597.080472 4026413.458941 0.000000 0.004485
352597.135585 4026413.477997 0.000000 0.004523
352597.190694 4026413.497067 0.000000 0.004562
352597.245797 4026413.516151 0.000000 0.004603
352597.300895 4026413.535250 0.000000 0.004644
352597.355988 4026413.554364 0.000000 0.004687
352597.411075 4026413.573493 0.000000 0.004732
352597.466157 4026413.592637 0.000000 0.004778
352597.521234 4026413.611795 0.000000 0.004825
352597.576305 4026413.630970 0.000000 0.004874
352597.631371 4026413.650159 0.000000 0.004924
352597.686430 4026413.669364 0.000000 0.004976
352597.741485 4026413.688585 0.000000 0.005030
352597.796533 4026413.707821 0.000000 0.005085
352597.851575 4026413.727074 0.000000 0.005142
352597.906612 4026413.746343 0.000000 0.005201
352597.961643 4026413.765628 0.000000 0.005261
352598.016667 4026413.784930 0.000000 0.005323
352598.071685 4026413.804249 0.000000 0.005387
352598.126697 4026413.823585 0.000000 0.005453
352598.181703 4026413.842937 0.000000 0.005521
352598.236702 4026413.862308 0.000000 0.005590
352598.291695 4026413.881696 0.000000 0.005661
352598.346681 4026413.901101 0.000000 0.005735
352598.401660 4026413.920525 0.000000 0.005810
352598.456633 4026413.939967 0.000000 0.005887
352598.511598 4026413.959428 0.000000 0.005967
352598.566557 4026413.978907 0.000000 0.006048
352598.621508 4026413.998405 0.000000 0.006131
352598.676452 4026414.017923 0.000000 0.006216
352598.731389 4026414.037460 0.000000 0.006304
352598.786319 4026414.057018 0.000000 0.006393
352598.841240 4026414.076595 0.000000 0.006484
352598.896154 4026414.096193 0.000000 0.006578
352598.951061 4026414.115811 0.000000 0.006673
352599.005959 4026414.135450 0.000000 0.006771
352599.060849 4026414.155111 0.000000 0.006871
352599.115731 4026414.174793 0.000000 0.006972
352599.170604 4026414.194498 0.000000 0.007076
352599.225470 4026414.214224 0.000000 0.007182
352599.280326 4026414.233974 0.000000 0.007290
352599.335174 4026414.253746 0.000000 0.007399
352599.390013 4026414.273541 0.000000 0.007511
352599.444842 4026414.293360 0.000000 0.007625
352599.499663 4026414.313204 0.000000 0.007740
352599.554474 4026414.333071 0.000000 0.007858
352599.609276 4026414.352964 0.000000 0.007977
352599.664068 4026414.372881 0.000000 0.008099
352599.718850 4026414.392824 0.000000 0.008222
352599.773622 4026414.412793 0.000000 0.008347
352599.828384 4026414.432789 0.000000 0.008473
352599.883136 4026414.452811 0.000000 0.008602
352599.937877 4026414.472860 0.000000 0.008732
352599.992607 4026414.492937 0.000000 0.008863
352600.047327 4026414.513042 0.000000 0.008996
352600.102035 4026414.533175 0.000000 0.009131
352600.156733 4026414.553337 0.000000 0.009267
352600.211419 4026414.573529 0.000000 0.009405
352600.266093 4026414.593750 0.000000 0.009544
352600.320755 4026414.614001 0.000000 0.009684
352600.375406 4026414.634283 0.000000 0.009825
352600.430044 4026414.654596 0.000000 0.009968
352600.484670 4026414.674941 0.000000 0.010111
352600.539284 4026414.695317 0.000000 0.010256
352600.593885 4026414.715726 0.000000 0.010402
352600.648472 4026414.736168 0.000000 0.010548
352600.703047 4026414.756643 0.000000 0.010696
352600.757608 4026414.777152 0.000000 0.010844
352600.812155 4026414.797695 0.000000 0.010993
352600.866689 4026414.818273 0.000000 0.011142
352600.921209 4026414.838887 0.000000 0.011292
352600.975714 4026414.859536 0.000000 0.011443
352601.030205 4026414.880221 0.000000 0.011594
352601.084681 4026414.900943 0.000000 0.011746
352601.139142 4026414.921702 0.000000 0.011898
352601.193589 4026414.942499 0.000000 0.012050
352601.248019 4026414.963334 0.000000 0.012203
352601.302434 4026414.984207 0.000000 0.012356
352601.356834 4026415.005119 0.000000 0.012510
352601.411217 4026415.026071 0.000000 0.012663
352601.465583 4026415.047063 0.000000 0.012817
352601.519934 4026415.068096 0.000000 0.012971
352601.574267 4026415.089169 0.000000 0.013126
352601.628583 4026415.110284 0.000000 0.013280
352601.682883 4026415.131440 0.000000 0.013436
352601.737164 4026415.152639 0.000000 0.013591
352601.791428 4026415.173881 0.000000 0.013747
352601.845674 4026415.195165 0.000000 0.013903
352601.899901 4026415.216494 0.000000 0.014060
352601.954110 4026415.237867 0.000000 0.014217
352602.008300 4026415.259284 0.000000 0.014375
352602.062471 4026415.280746 0.000000 0.014534
352602.116623 4026415.302254 0.000000 0.014694
352602.170756 4026415.323808 0.000000 0.014854
352602.224869 4026415.345409 0.000000 0.015016
352602.278962 4026415.367056 0.000000 0.015179
352602.333035 4026415.388751 0.000000 0.015343
352602.387087 4026415.410494 0.000000 0.015509
352602.441119 4026415.432285 0.000000 0.015677
352602.495130 4026415.454125 0.000000 0.015846
352602.549121 4026415.476014 0.000000 0.016018
352602.603090 4026415.497954 0.000000 0.016192
352602.657037 4026415.519944 0.000000 0.016368
352602.710963 4026415.541985 0.000000 0.016547
352602.764868 4026415.564077 0.000000 0.016729
352602.818750 4026415.586222 0.000000 0.016914
352602.872611 4026415.608419 0.000000 0.017102
352602.926449 4026415.630670 0.000000 0.017294
352602.980265 4026415.652974 0.000000 0.017489
352603.034058 4026415.675333 0.000000 0.017689
352603.087829 4026415.697747 0.000000 0.017893
352603.141578 4026415.720217 0.000000 0.018101
352603.195303 4026415.742744 0.000000 0.018315
352603.249006 4026415.765328 0.000000 0.018533
352603.302686 4026415.787969 0.000000 0.018757
352603.356343 4026415.810670 0.000000 0.018987
352603.409977 4026415.833430 0.000000 0.019223
352603.463588 4026415.856250 0.000000 0.019464
352603.517177 4026415.879132 0.000000 0.019712
352603.570742 4026415.902076 0.000000 0.019967
352603.624285 4026415.925083 0.000000 0.020228
352603.677806 4026415.948154 0.000000 0.020497
352603.731303 4026415.971290 0.000000 0.020773
352603.784779 4026415.994492 0.000000 0.021057
352603.838232 4026416.017762 0.000000 0.021348
352603.891663 4026416.041100 0.000000 0.021647
352603.945072 4026416.064507 0.000000 0.021954
352603.998459 4026416.087986 0.000000 0.022269
352604.051826 4026416.111537 0.000000 0.022592
352604.105171 4026416.135161 0.000000 0.022923
352604.158495 4026416.158860 0.000000 0.023263
352604.211800 4026416.182636 0.000000 0.023611
352604.265084 4026416.206490 0.000000 0.023967
352604.318349 4026416.230424 0.000000 0.024331
352604.371595 4026416.254438 0.000000 0.024703
352604.424823 4026416.278536 0.000000 0.025084
352604.478033 4026416.302719 0.000000 0.025472
352604.531225 4026416.326988 0.000000 0.025867
352604.584401 4026416.351346 0.000000 0.026270
352604.637561 4026416.375795 0.000000 0.026680
352604.690705 4026416.400336 0.000000 0.027097
352604.743835 4026416.424972 0.000000 0.027520
352604.796951 4026416.449704 0.000000 0.027949
352604.850054 4026416.474536 0.000000 0.028384
352604.903145 4026416.499470 0.000000 0.028824
352604.956225 4026416.524507 0.000000 0.029269
352605.009295 4026416.549650 0.000000 0.029717
352605.062355 4026416.574902 0.000000 0.030169
352605.115407 4026416.600266 0.000000 0.030624
352605.168452 4026416.625743 0.000000 0.031081
352605.221491 4026416.651337 0.000000 0.031540
352605.274526 4026416.677050 0.000000 0.032000
352605.327557 4026416.702886 0.000000 0.032459
352605.380585 4026416.728846 0.000000 0.032918
352605.433613 4026416.754934 0.000000 0.033375
352605.486641 4026416.781154 0.000000 0.033830
352605.539671 4026416.807507 0.000000 0.034282
352605.592704 4026416.833997 0.000000 0.034730
352605.645741 4026416.860627 0.000000 0.035173
352605.698785 4026416.887400 0.000000 0.035610
352605.751837 4026416.914320 0.000000 0.036040
352605.804899 4026416.941389 0.000000 0.036462
352605.857971 4026416.968612 0.000000 0.036876
352605.911057 4026416.995991 0.000000 0.037280
352605.964157 4026417.023529 0.000000 0.037673
352606.017274 4026417.051230 0.000000 0.038055
352606.070410 4026417.079098 0.000000 0.038424
352606.123566 4026417.107135 0.000000 0.038780
352606.176744 4026417.135346 0.000000 0.039121
352606.229947 4026417.163734 0.000000 0.039448
352606.283176 4026417.192302 0.000000 0.039758
352606.336433 4026417.221054 0.000000 0.040052
352606.389721 4026417.249993 0.000000 0.040328
352606.443043 4026417.279123 0.000000 0.040585
352606.496399 4026417.308447 0.000000 0.040823
352606.549793 4026417.337969 0.000000 0.041042
352606.603227 4026417.367692 0.000000 0.041240
352606.656703 4026417.397620 0.000000 0.041416
352606.710224 4026417.427757 0.000000 0.041572
352606.763791 4026417.458105 0.000000 0.041705
352606.817409 4026417.488668 0.000000 0.041816
352606.871079 4026417.519450 0.000000 0.041905
352606.924803 4026417.550453 0.000000 0.041970
352606.978585 4026417.581682 0.000000 0.042012
352607.032428 4026417.613140 0.000000 0.042031
352607.086333 4026417.644830 0.000000 0.042026
352607.140304 4026417.676754 0.000000 0.041998
352607.194344 4026417.708917 0.000000 0.041946
352607.248455 4026417.741322 0.000000 0.041871
352607.302641 4026417.773971 0.000000 0.041773
352607.356904 4026417.806869 0.000000 0.041652
352607.411247 4026417.840017 0.000000 0.041509
352607.465674 4026417.873419 0.000000 0.041343
352607.520187 4026417.907078 0.000000 0.041156
352607.574790 4026417.940996 0.000000 0.040947
352607.629486 4026417.975178 0.000000 0.040718
352607.684279 4026418.009625 0.000000 0.040468
352607.739170 4026418.044341 0.000000 0.040199
352607.794165 4026418.079329 0.000000 0.039911
352607.849265 4026418.114590 0.000000 0.039605
352607.904475 4026418.150128 0.000000 0.039281
352607.959799 4026418.185946 0.000000 0.038941
352608.015239 4026418.222046 0.000000 0.038585
352608.070799 4026418.258431 0.000000 0.038214
352608.126483 4026418.295104 0.000000 0.037829
352608.182294 4026418.332067 0.000000 0.037431
352608.238236 4026418.369323 0.000000 0.037021
352608.294314 4026418.406874 0.000000 0.036599
352608.350530 4026418.444723 0.000000 0.036168
352608.406889 4026418.482872 0.000000 0.035726
352608.463394 4026418.521325 0.000000 0.035277
352608.520050 4026418.560083 0.000000 0.034820
352608.576860 4026418.599149 0.000000 0.034356
352608.633829 4026418.638526 0.000000 0.033888
352608.690961 4026418.678216 0.000000 0.033414
352608.748259 4026418.718222 0.000000 0.032937
352608.805729 4026418.758547 0.000000 0.032458
352608.863374 4026418.799193 0.000000 0.031976
352608.921199 4026418.840162 0.000000 0.031494
352608.979209 4026418.881459 0.000000 0.031012
352609.037407 4026418.923084 0.000000 0.030531
352609.095798 4026418.965041 0.000000 0.030052
352609.154387 4026419.007334 0.000000 0.029574
352609.213178 4026419.049964 0.000000 0.029101
352609.272177 4026419.092935 0.000000 0.028631
352609.331387 4026419.136249 0.000000 0.028165
352609.390815 4026419.179911 0.000000 0.027705
352609.450464 4026419.223923 0.000000 0.027250
352609.510339 4026419.268289 0.000000 0.026801
352609.570446 4026419.313011 0.000000 0.026359
352609.630791 4026419.358095 0.000000 0.025924
352609.691377 4026419.403542 0.000000 0.025497
352609.752210 4026419.449358 0.000000 0.025077
352609.813296 4026419.495545 0.000000 0.024665
352609.874640 4026419.542109 0.000000 0.024261
352609.936248 4026419.589053 0.000000 0.023865
352609.998125 4026419.636381 0.000000 0.023478
352610.060278 4026419.684099 0.000000 0.023099
352610.122711 4026419.732212 0.000000 0.022728
352610.185432 4026419.780723 0.000000 0.022365
352610.248447 4026419.829638 0.000000 0.022011
352610.311761 4026419.878963 0.000000 0.021665
352610.375382 4026419.928704 0.000000 0.021327
352610.439316 4026419.978865 0.000000 0.020996
352610.503571 4026420.029454 0.000000 0.020672
352610.568152 4026420.080476 0.000000 0.020356
352610.633069 4026420.131939 0.000000 0.020046
352610.698327 4026420.183849 0.000000 0.019742
352610.763936 4026420.236213 0.000000 0.019444
352610.829903 4026420.289039 0.000000 0.019151
352610.896236 4026420.342334 0.000000 0.018863
352610.962945 4026420.396107 0.000000 0.018580
352611.030038 4026420.450367 0.000000 0.018301
352611.097524 4026420.505122 0.000000 0.018025
352611.165414 4026420.560382 0.000000 0.017751
352611.233716 4026420.616155 0.000000 0.017481
352611.302443 4026420.672453 0.000000 0.017212
352611.371603 4026420.729285 0.000000 0.016944
352611.441210 4026420.786662 0.000000 0.016677
352611.511273 4026420.844596 0.000000 0.016410
352611.581806 4026420.903098 0.000000 0.016143
352611.652821 4026420.962181 0.000000 0.015876
352611.724330 4026421.021857 0.000000 0.015607
352611.796349 4026421.082139 0.000000 0.015337
352611.868890 4026421.143041 0.000000 0.015065
352611.941969 4026421.204578 0.000000 0.014791
352612.015600 4026421.266763 0.000000 0.014514
352612.089801 4026421.329613 0.000000 0.014234
352612.164587 4026421.393143 0.000000 0.013952
352612.239976 4026421.457370 0.000000 0.013666
352612.315986 4026421.522310 0.000000 0.013376
352612.392635 4026421.587982 0.000000 0.013084
352612.469944 4026421.654404 0.000000 0.012787
352612.547932 4026421.721595 0.000000 0.012487
352612.626620 4026421.789574 0.000000 0.012184
352612.706031 4026421.858362 0.000000 0.011877
352612.786187 4026421.927980 0.000000 0.011566
352612.867112 4026421.998450 0.000000 0.011252
352612.948832 4026422.069795 0.000000 0.010936
352613.031373 4026422.142040 0.000000 0.010616
352613.114764 4026422.215210 0.000000 0.010293
352613.199034 4026422.289332 0.000000 0.009968
352613.284216 4026422.364437 0.000000 0.009642
352613.370345 4026422.440555 0.000000 0.009313
352613.457460 4026422.517720 0.000000 0.008983
352613.545600 4026422.595970 0.000000 0.008653
352613.634811 4026422.675345 0.000000 0.008322
352613.725143 4026422.755889 0.000000 0.007992
352613.816649 4026422.837652 0.000000 0.007662
352613.909389 4026422.920686 0.000000 0.007333
352614.003427 4026423.005051 0.000000 0.007006
352614.098837 4026423.090811 0.000000 0.006682
352614.195695 4026423.178038 0.000000 0.006361
352614.294091 4026423.266811 0.000000 0.006044
352614.394118 4026423.357216 0.000000 0.005732
352614.495882 4026423.449349 0.000000 0.005425
352614.599498 4026423.543315 0.000000 0.005124
352614.705092 4026423.639230 0.000000 0.004829
352614.812802 4026423.737218 0.000000 0.004542
352614.922780 4026423.837420 0.000000 0.004263
352615.035189 4026423.939986 0.000000 0.004077
352615.150209 4026424.045080 0.000000 0.003892
352615.268036 4026424.152884 0.000000 0.003707
352615.388881 4026424.263591 0.000000 0.003521
352615.512975 4026424.377415 0.000000 0.003336
352615.640567 4026424.494586 0.000000 0.003151
352615.771927 4026424.615354 0.000000 0.002965
352615.907344 4026424.739987 0.000000 0.002780
352616.047133 4026424.868776 0.000000 0.002595
352616.191631 4026425.002036 0.000000 0.002409
352616.341200 4026425.140103 0.000000 0.002224
352616.496232 4026425.283339 0.000000 0.002039
352616.657141 4026425.432133 0.000000 0.001853
352616.824377 4026425.586902 0.000000 0.001668
352616.998415 4026425.748092 0.000000 0.001483
352617.179767 4026425.916178 0.000000 0.001297
352617.368976 4026426.091669 0.000000 0.001112
352617.566622 4026426.275107 0.000000 0.000927
352617.773320 4026426.467069 0.000000 0.000741
352617.989728 4026426.668168 0.000000 0.000556
352618.216539 4026426.879056 0.000000 0.000371
352618.454492 4026427.100425 0.000000 0.000185
