352618.704369 4026427.333007 0.000000 0.000000
352618.920876 4026427.552021 0.000000 -0.001533
352619.126893 4026427.760635 0.000000 -0.003066
352619.323134 4026427.959497 0.000000 -0.004599
352619.510276 4026428.149220 0.000000 -0.006131
352619.688957 4026428.330385 0.000000 -0.007664
352619.859782 4026428.503535 0.000000 -0.009197
352620.023320 4026428.669185 0.000000 -0.010730
352620.180108 4026428.827818 0.000000 -0.012263
352620.330651 4026428.979887 0.000000 -0.013796
352620.475426 4026429.125818 0.000000 -0.015329
352620.614878 4026429.266009 0.000000 -0.016862
352620.749428 4026429.400834 0.000000 -0.018394
352620.879467 4026429.530640 0.000000 -0.019927
352621.005366 4026429.655755 0.000000 -0.021460
352621.127467 4026429.776479 0.000000 -0.022993
352621.246092 4026429.893096 0.000000 -0.024526
352621.361542 4026430.005866 0.000000 -0.026059
352621.474095 4026430.115033 0.000000 -0.027592
352621.584013 4026430.220820 0.000000 -0.029125
352621.691536 4026430.323437 0.000000 -0.030657
352621.796889 4026430.423073 0.000000 -0.032190
352621.900280 4026430.519905 0.000000 -0.033723
352622.001902 4026430.614094 0.000000 -0.035256
352622.101931 4026430.705789 0.000000 -0.036789
352622.200532 4026430.795125 0.000000 -0.038322
352622.297856 4026430.882226 0.000000 -0.039855
352622.394042 4026430.967204 0.000000 -0.041388
352622.489218 4026431.050161 0.000000 -0.044388
352622.583501 4026431.131190 0.000000 -0.047430
352622.676999 4026431.210375 0.000000 -0.050502
352622.769810 4026431.287790 0.000000 -0.053591
352622.862024 4026431.363504 0.000000 -0.056686
352622.953723 4026431.437576 0.000000 -0.059776
352623.044981 4026431.510061 0.000000 -0.062850
352623.135868 4026431.581007 0.000000 -0.065900
352623.226446 4026431.650457 0.000000 -0.068916
352623.316770 4026431.718449 0.000000 -0.071891
352623.406894 4026431.785015 0.000000 -0.074817
352623.496862 4026431.850185 0.000000 -0.077689
352623.586720 4026431.913985 0.000000 -0.080502
352623.676504 4026431.976437 0.000000 -0.083251
352623.766252 4026432.037561 0.000000 -0.085933
352623.855994 4026432.097374 0.000000 -0.088546
352623.945761 4026432.155891 0.000000 -0.091087
352624.035580 4026432.213124 0.000000 -0.093555
352624.125476 4026432.269085 0.000000 -0.095950
352624.215471 4026432.323782 0.000000 -0.098271
352624.305585 4026432.377225 0.000000 -0.100518
352624.395839 4026432.429419 0.000000 -0.102692
352624.486250 4026432.480371 0.000000 -0.104793
352624.576832 4026432.530085 0.000000 -0.106822
352624.667602 4026432.578566 0.000000 -0.108780
352624.758571 4026432.625817 0.000000 -0.110667
352624.849752 4026432.671839 0.000000 -0.112486
352624.941155 4026432.716635 0.000000 -0.114237
352625.032789 4026432.760204 0.000000 -0.115921
352625.124662 4026432.802548 0.000000 -0.117539
352625.216781 4026432.843665 0.000000 -0.119092
352625.309151 4026432.883555 0.000000 -0.120582
352625.401777 4026432.922216 0.000000 -0.122009
352625.494663 4026432.959647 0.000000 -0.123374
352625.587811 4026432.995845 0.000000 -0.124677
352625.681222 4026433.030806 0.000000 -0.125919
352625.774899 4026433.064529 0.000000 -0.127101
352625.868841 4026433.097009 0.000000 -0.128223
352625.963047 4026433.128243 0.000000 -0.129284
352626.057517 4026433.158227 0.000000 -0.130286
352626.152248 4026433.186957 0.000000 -0.131228
352626.247237 4026433.214428 0.000000 -0.132109
352626.342483 4026433.240636 0.000000 -0.132930
352626.437982 4026433.265577 0.000000 -0.133690
352626.533729 4026433.289245 0.000000 -0.134388
352626.629721 4026433.311637 0.000000 -0.135022
352626.725953 4026433.332747 0.000000 -0.135593
352626.822422 4026433.352571 0.000000 -0.136098
352626.919121 4026433.371104 0.000000 -0.136535
352627.016048 4026433.388341 0.000000 -0.136904
352627.113196 4026433.404277 0.000000 -0.137203
352627.210561 4026433.418909 0.000000 -0.137428
352627.308139 4026433.432231 0.000000 -0.137578
352627.405924 4026433.444239 0.000000 -0.137650
352627.503914 4026433.454929 0.000000 -0.137642
352627.602104 4026433.464297 0.000000 -0.137550
352627.700490 4026433.472339 0.000000 -0.137374
352627.799070 4026433.479050 0.000000 -0.137108
352627.897840 4026433.484427 0.000000 -0.136752
352627.996800 4026433.488466 0.000000 -0.136301
352628.095947 4026433.491165 0.000000 -0.135754
352628.195282 4026433.492519 0.000000 -0.135108
352628.294804 4026433.492525 0.000000 -0.134360
352628.394514 4026433.491181 0.000000 -0.133509
352628.494414 4026433.488484 0.000000 -0.132552
352628.594508 4026433.484431 0.000000 -0.131488
352628.694799 4026433.479019 0.000000 -0.130315
352628.795292 4026433.472246 0.000000 -0.129032
352628.895994 4026433.464110 0.000000 -0.127637
352628.996913 4026433.454609 0.000000 -0.126132
352629.098057 4026433.443740 0.000000 -0.124515
352629.199437 4026433.431502 0.000000 -0.122786
352629.301065 4026433.417893 0.000000 -0.120947
352629.402954 4026433.402911 0.000000 -0.118998
352629.505120 4026433.386554 0.000000 -0.116942
352629.607580 4026433.368821 0.000000 -0.114779
352629.710352 4026433.349710 0.000000 -0.112514
352629.813457 4026433.329219 0.000000 -0.110148
352629.916919 4026433.307346 0.000000 -0.107687
352630.020763 4026433.284088 0.000000 -0.105133
352630.125018 4026433.259443 0.000000 -0.102491
352630.229715 4026433.233406 0.000000 -0.099768
352630.334888 4026433.205973 0.000000 -0.096968
352630.440576 4026433.177138 0.000000 -0.094099
352630.546821 4026433.146894 0.000000 -0.091167
352630.653671 4026433.115231 0.000000 -0.088179
352630.761177 4026433.082139 0.000000 -0.085144
352630.869396 4026433.047602 0.000000 -0.082069
352630.978391 4026433.011605 0.000000 -0.078964
352631.088234 4026432.974128 0.000000 -0.075837
352631.198999 4026432.935147 0.000000 -0.072698
352631.310772 4026432.894635 0.000000 -0.069556
352631.423646 4026432.852559 0.000000 -0.066422
352631.537723 4026432.808881 0.000000 -0.063305
352631.653114 4026432.763559 0.000000 -0.060215
352631.769942 4026432.716543 0.000000 -0.057162
352631.888340 4026432.667776 0.000000 -0.054154
352632.008453 4026432.617194 0.000000 -0.052071
352632.130441 4026432.564726 0.000000 -0.049988
352632.254475 4026432.510290 0.000000 -0.047906
352632.380743 4026432.453797 0.000000 -0.045823
352632.509447 4026432.395144 0.000000 -0.043740
352632.640808 4026432.334221 0.000000 -0.041657
352632.775061 4026432.270903 0.000000 -0.039574
352632.912463 4026432.205055 0.000000 -0.037491
352633.053290 4026432.136527 0.000000 -0.035408
352633.197837 4026432.065154 0.000000 -0.033326
352633.346424 4026431.990758 0.000000 -0.031243
352633.499392 4026431.913142 0.000000 -0.029160
352633.657107 4026431.832093 0.000000 -0.027077
352633.819961 4026431.747382 0.000000 -0.024994
352633.988374 4026431.658758 0.000000 -0.022911
352634.162791 4026431.565951 0.000000 -0.020828
352634.343689 4026431.468670 0.000000 -0.018746
352634.531577 4026431.366600 0.000000 -0.016663
352634.726993 4026431.259407 0.000000 -0.014580
352634.930511 4026431.146726 0.000000 -0.012497
352635.142741 4026431.028173 0.000000 -0.010414
352635.364327 4026430.903331 0.000000 -0.008331
352635.595955 4026430.771760 0.000000 -0.006249
352635.838347 4026430.632987 0.000000 -0.004166
352636.092268 4026430.486511 0.000000 -0.002083
