352634.590250 4026427.802660 0.000000 0.000000
352634.894047 4026427.644449 0.000000 0.000137
352635.183282 4026427.493831 0.000000 0.000274
352635.458910 4026427.350313 0.000000 0.000411
352635.721835 4026427.213434 0.000000 0.000548
352635.972907 4026427.082756 0.000000 0.000685
352636.212928 4026426.957867 0.000000 0.000822
352636.442650 4026426.838382 0.000000 0.000959
352636.662783 4026426.723935 0.000000 0.001096
352636.873990 4026426.614186 0.000000 0.001233
352637.076895 4026426.508814 0.000000 0.001370
352637.272079 4026426.407520 0.000000 0.001507
352637.460089 4026426.310023 0.000000 0.001644
352637.641434 4026426.216060 0.000000 0.001781
352637.816587 4026426.125389 0.000000 0.001918
352637.985990 4026426.037779 0.000000 0.002055
352638.150056 4026425.953021 0.000000 0.002192
352638.309164 4026425.870916 0.000000 0.002329
352638.463668 4026425.791282 0.000000 0.002466
352638.613896 4026425.713951 0.000000 0.002603
352638.760151 4026425.638764 0.000000 0.002740
352638.902711 4026425.565579 0.000000 0.002877
352639.041833 4026425.494260 0.000000 0.003014
352639.177754 4026425.424686 0.000000 0.003151
352639.310692 4026425.356744 0.000000 0.003350
352639.440844 4026425.290329 0.000000 0.003546
352639.568394 4026425.225346 0.000000 0.003739
352639.693507 4026425.161709 0.000000 0.003927
352639.816337 4026425.099338 0.000000 0.004109
352639.937021 4026425.038160 0.000000 0.004284
352640.055685 4026424.978108 0.000000 0.004452
352640.172445 4026424.919122 0.000000 0.004611
352640.287403 4026424.861146 0.000000 0.004763
352640.400656 4026424.804131 0.000000 0.004905
352640.512287 4026424.748030 0.000000 0.005038
352640.622377 4026424.692801 0.000000 0.005161
352640.730994 4026424.638407 0.000000 0.005275
352640.838203 4026424.584812 0.000000 0.005379
352640.944063 4026424.531985 0.000000 0.005474
352641.048628 4026424.479897 0.000000 0.005559
352641.151945 4026424.428519 0.000000 0.005635
352641.254061 4026424.377828 0.000000 0.005702
352641.355015 4026424.327801 0.000000 0.005761
352641.454848 4026424.278415 0.000000 0.005811
352641.553593 4026424.229650 0.000000 0.005853
352641.651286 4026424.181488 0.000000 0.005887
352641.747957 4026424.133910 0.000000 0.005913
352641.843636 4026424.086899 0.000000 0.005932
352641.938352 4026424.040439 0.000000 0.005944
352642.032132 4026423.994513 0.000000 0.005950
352642.125002 4026423.949108 0.000000 0.005949
352642.216988 4026423.904207 0.000000 0.005942
352642.308113 4026423.859797 0.000000 0.005929
352642.398400 4026423.815863 0.000000 0.005911
352642.487874 4026423.772394 0.000000 0.005888
352642.576554 4026423.729375 0.000000 0.005859
352642.664461 4026423.686795 0.000000 0.005826
352642.751616 4026423.644641 0.000000 0.005788
352642.838039 4026423.602903 0.000000 0.005746
352642.923746 4026423.561569 0.000000 0.005699
352643.008757 4026423.520628 0.000000 0.005650
352643.093088 4026423.480070 0.000000 0.005596
352643.176756 4026423.439885 0.000000 0.005540
352643.259777 4026423.400063 0.000000 0.005480
352643.342166 4026423.360596 0.000000 0.005418
352643.423937 4026423.321474 0.000000 0.005354
352643.505105 4026423.282688 0.000000 0.005287
352643.585683 4026423.244231 0.000000 0.005219
352643.665685 4026423.206095 0.000000 0.005149
352643.745123 4026423.168270 0.000000 0.005078
352643.824009 4026423.130752 0.000000 0.005006
352643.902355 4026423.093531 0.000000 0.004934
352643.980172 4026423.056601 0.000000 0.004861
352644.057470 4026423.019956 0.000000 0.004788
352644.134262 4026422.983589 0.000000 0.004715
352644.210556 4026422.947494 0.000000 0.004642
352644.286362 4026422.911664 0.000000 0.004570
352644.361690 4026422.876095 0.000000 0.004499
352644.436549 4026422.840780 0.000000 0.004429
352644.510947 4026422.805715 0.000000 0.004360
352644.584894 4026422.770894 0.000000 0.004293
352644.658397 4026422.736311 0.000000 0.004227
352644.731465 4026422.701963 0.000000 0.004164
352644.804105 4026422.667845 0.000000 0.004102
352644.876325 4026422.633951 0.000000 0.004042
352644.948131 4026422.600278 0.000000 0.003985
352645.019533 4026422.566822 0.000000 0.003930
352645.090535 4026422.533578 0.000000 0.003878
352645.161145 4026422.500543 0.000000 0.003829
352645.231371 4026422.467712 0.000000 0.003782
352645.301217 4026422.435081 0.000000 0.003738
352645.370690 4026422.402649 0.000000 0.003696
352645.439797 4026422.370409 0.000000 0.003658
352645.508544 4026422.338361 0.000000 0.003622
352645.576936 4026422.306499 0.000000 0.003589
352645.644979 4026422.274821 0.000000 0.003560
352645.712680 4026422.243323 0.000000 0.003533
352645.780043 4026422.212003 0.000000 0.003508
352645.847074 4026422.180858 0.000000 0.003487
352645.913778 4026422.149885 0.000000 0.003468
352645.980162 4026422.119080 0.000000 0.003452
352646.046229 4026422.088442 0.000000 0.003439
352646.111986 4026422.057966 0.000000 0.003428
352646.177437 4026422.027652 0.000000 0.003419
352646.242588 4026421.997496 0.000000 0.003412
352646.307443 4026421.967495 0.000000 0.003408
352646.372007 4026421.937647 0.000000 0.003405
352646.436285 4026421.907950 0.000000 0.003405
352646.500282 4026421.878401 0.000000 0.003406
352646.564003 4026421.848998 0.000000 0.003409
352646.627452 4026421.819738 0.000000 0.003413
352646.690634 4026421.790620 0.000000 0.003418
352646.753553 4026421.761640 0.000000 0.003424
352646.816215 4026421.732797 0.000000 0.003431
352646.878622 4026421.704089 0.000000 0.003439
352646.940781 4026421.675513 0.000000 0.003448
352647.002695 4026421.647067 0.000000 0.003456
352647.064368 4026421.618749 0.000000 0.003465
352647.125805 4026421.590557 0.000000 0.003474
352647.187011 4026421.562489 0.000000 0.003483
352647.247988 4026421.534543 0.000000 0.003492
352647.308743 4026421.506717 0.000000 0.003500
352647.369278 4026421.479008 0.000000 0.003508
352647.429598 4026421.451415 0.000000 0.003514
352647.489707 4026421.423936 0.000000 0.003520
352647.549609 4026421.396568 0.000000 0.003525
352647.609309 4026421.369310 0.000000 0.003528
352647.668810 4026421.342159 0.000000 0.003530
352647.728115 4026421.315115 0.000000 0.003531
352647.787231 4026421.288174 0.000000 0.003530
352647.846159 4026421.261335 0.000000 0.003527
352647.904904 4026421.234596 0.000000 0.003522
352647.963470 4026421.207955 0.000000 0.003516
352648.021862 4026421.181410 0.000000 0.003507
352648.080081 4026421.154959 0.000000 0.003497
352648.138134 4026421.128600 0.000000 0.003484
352648.196023 4026421.102331 0.000000 0.003468
352648.253752 4026421.076151 0.000000 0.003451
352648.311325 4026421.050057 0.000000 0.003431
352648.368745 4026421.024047 0.000000 0.003409
352648.426017 4026420.998120 0.000000 0.003384
352648.483144 4026420.972274 0.000000 0.003357
352648.540130 4026420.946506 0.000000 0.003328
352648.596978 4026420.920815 0.000000 0.003296
352648.653692 4026420.895200 0.000000 0.003262
352648.710275 4026420.869657 0.000000 0.003226
352648.766732 4026420.844185 0.000000 0.003187
352648.823065 4026420.818783 0.000000 0.003146
352648.879278 4026420.793449 0.000000 0.003103
352648.935375 4026420.768180 0.000000 0.003058
352648.991359 4026420.742975 0.000000 0.003010
352649.047232 4026420.717832 0.000000 0.002961
352649.103000 4026420.692749 0.000000 0.002910
352649.158664 4026420.667725 0.000000 0.002857
352649.214229 4026420.642758 0.000000 0.002803
352649.269697 4026420.617845 0.000000 0.002747
352649.325071 4026420.592986 0.000000 0.002690
352649.380355 4026420.568178 0.000000 0.002631
352649.435552 4026420.543419 0.000000 0.002571
352649.490665 4026420.518709 0.000000 0.002510
352649.545696 4026420.494046 0.000000 0.002449
352649.600649 4026420.469427 0.000000 0.002386
352649.655527 4026420.444851 0.000000 0.002323
352649.710332 4026420.420317 0.000000 0.002259
352649.765067 4026420.395824 0.000000 0.002195
352649.819734 4026420.371369 0.000000 0.002131
352649.874337 4026420.346951 0.000000 0.002066
352649.928879 4026420.322568 0.000000 0.002001
352649.983360 4026420.298220 0.000000 0.001937
352650.037785 4026420.273905 0.000000 0.001872
352650.092155 4026420.249621 0.000000 0.001808
352650.146473 4026420.225367 0.000000 0.001744
352650.200742 4026420.201142 0.000000 0.001681
352650.254962 4026420.176945 0.000000 0.001619
352650.309137 4026420.152774 0.000000 0.001557
352650.363269 4026420.128628 0.000000 0.001495
352650.417359 4026420.104505 0.000000 0.001435
352650.471411 4026420.080406 0.000000 0.001376
352650.525424 4026420.056328 0.000000 0.001318
352650.579403 4026420.032271 0.000000 0.001260
352650.633348 4026420.008233 0.000000 0.001204
352650.687260 4026419.984214 0.000000 0.001149
352650.741143 4026419.960212 0.000000 0.001096
352650.794997 4026419.936227 0.000000 0.001043
352650.848824 4026419.912258 0.000000 0.000992
352650.902626 4026419.888303 0.000000 0.000943
352650.956404 4026419.864362 0.000000 0.000895
352651.010159 4026419.840435 0.000000 0.000848
352651.063893 4026419.816519 0.000000 0.000803
352651.117606 4026419.792616 0.000000 0.000759
352651.171302 4026419.768723 0.000000 0.000717
352651.224979 4026419.744840 0.000000 0.000676
352651.278641 4026419.720967 0.000000 0.000637
352651.332286 4026419.697103 0.000000 0.000599
352651.385918 4026419.673247 0.000000 0.000563
352651.439536 4026419.649399 0.000000 0.000529
352651.493142 4026419.625558 0.000000 0.000496
352651.546737 4026419.601724 0.000000 0.000464
352651.600320 4026419.577896 0.000000 0.000434
352651.653894 4026419.554074 0.000000 0.000405
352651.707459 4026419.530257 0.000000 0.000377
352651.761015 4026419.506445 0.000000 0.000351
352651.814563 4026419.482637 0.000000 0.000327
352651.868104 4026419.458834 0.000000 0.000303
352651.921638 4026419.435035 0.000000 0.000281
352651.975167 4026419.411239 0.000000 0.000260
352652.028690 4026419.387446 0.000000 0.000240
352652.082207 4026419.363657 0.000000 0.000222
352652.135720 4026419.339870 0.000000 0.000204
352652.189229 4026419.316085 0.000000 0.000188
352652.242734 4026419.292303 0.000000 0.000172
352652.296236 4026419.268523 0.000000 0.000158
352652.349734 4026419.244744 0.000000 0.000144
352652.403230 4026419.220968 0.000000 0.000132
352652.456723 4026419.197192 0.000000 0.000120
352652.510214 4026419.173418 0.000000 0.000109
352652.563703 4026419.149645 0.000000 0.000099
352652.617190 4026419.125874 0.000000 0.000090
352652.670675 4026419.102103 0.000000 0.000081
352652.724159 4026419.078333 0.000000 0.000073
352652.777641 4026419.054564 0.000000 0.000066
352652.831123 4026419.030795 0.000000 0.000059
352652.884604 4026419.007027 0.000000 0.000053
352652.938083 4026418.983259 0.000000 0.000047
352652.991562 4026418.959492 0.000000 0.000042
352653.045041 4026418.935725 0.000000 0.000037
352653.098519 4026418.911959 0.000000 0.000033
352653.151996 4026418.888193 0.000000 0.000029
352653.205473 4026418.864427 0.000000 0.000026
352653.258950 4026418.840661 0.000000 0.000023
352653.312426 4026418.816895 0.000000 0.000020
352653.365903 4026418.793130 0.000000 0.000017
352653.419379 4026418.769364 0.000000 0.000015
352653.472855 4026418.745599 0.000000 0.000013
352653.526331 4026418.721834 0.000000 0.000011
352653.579806 4026418.698069 0.000000 0.000010
352653.633282 4026418.674303 0.000000 0.000008
352653.686758 4026418.650538 0.000000 0.000007
352653.740233 4026418.626773 0.000000 0.000006
352653.793709 4026418.603008 0.000000 0.000005
352653.847184 4026418.579243 0.000000 0.000004
352653.900660 4026418.555478 0.000000 0.000003
352653.954135 4026418.531713 0.000000 0.000003
352654.007611 4026418.507948 0.000000 0.000002
352654.061086 4026418.484182 0.000000 0.000002
352654.114562 4026418.460417 0.000000 0.000002
352654.168037 4026418.436652 0.000000 0.000001
352654.221513 4026418.412887 0.000000 0.000001
352654.274988 4026418.389122 0.000000 0.000001
352654.328464 4026418.365357 0.000000 0.000001
352654.381939 4026418.341592 0.000000 0.000000
352654.435415 4026418.317827 0.000000 0.000000
352654.488890 4026418.294062 0.000000 0.000000
352654.542366 4026418.270297 0.000000 0.000000
352654.595841 4026418.246532 0.000000 0.000000
352654.649317 4026418.222767 0.000000 0.000000
352654.702792 4026418.199001 0.000000 0.000000
352654.756268 4026418.175236 0.000000 0.000000
352654.809743 4026418.151471 0.000000 0.000000
352654.863219 4026418.127706 0.000000 0.000000
352654.916694 4026418.103941 0.000000 0.000000
352654.970170 4026418.080176 0.000000 0.000000
352655.023645 4026418.056411 0.000000 0.000000
352655.077121 4026418.032646 0.000000 0.000000
352655.130596 4026418.008881 0.000000 0.000000
352655.184072 4026417.985116 0.000000 -0.000000
352655.237547 4026417.961351 0.000000 0.000000
352655.291022 4026417.937585 0.000000 0.000000
352655.344498 4026417.913820 0.000000 0.000000
352655.397973 4026417.890055 0.000000 -0.000000
352655.451449 4026417.866290 0.000000 0.000000
352655.504924 4026417.842525 0.000000 -0.000000
352655.558400 4026417.818760 0.000000 -0.000000
352655.611875 4026417.794995 0.000000 0.000000
352655.665351 4026417.771230 0.000000 -0.000000
352655.718826 4026417.747465 0.000000 0.000000
352655.772302 4026417.723700 0.000000 0.000000
352655.825777 4026417.699935 0.000000 0.000000
352655.879253 4026417.676170 0.000000 -0.000000
352655.932728 4026417.652404 0.000000 -0.000000
352655.986204 4026417.628639 0.000000 -0.000000
352656.039679 4026417.604874 0.000000 -0.000000
352656.093155 4026417.581109 0.000000 0.000000
352656.146630 4026417.557344 0.000000 0.000000
352656.200106 4026417.533579 0.000000 -0.000000
352656.253581 4026417.509814 0.000000 -0.000000
352656.307057 4026417.486049 0.000000 -0.000000
352656.360532 4026417.462284 0.000000 0.000000
352656.414008 4026417.438519 0.000000 0.000000
352656.467483 4026417.414754 0.000000 0.000000
352656.520959 4026417.390989 0.000000 -0.000000
352656.574434 4026417.367223 0.000000 0.000000
352656.627910 4026417.343458 0.000000 0.000000
352656.681385 4026417.319693 0.000000 0.000000
352656.734861 4026417.295928 0.000000 0.000000
352656.788336 4026417.272163 0.000000 0.000000
352656.841812 4026417.248398 0.000000 -0.000000
352656.895287 4026417.224633 0.000000 0.000000
352656.948763 4026417.200868 0.000000 -0.000000
352657.002238 4026417.177103 0.000000 -0.000000
352657.055714 4026417.153338 0.000000 -0.000000
352657.109189 4026417.129573 0.000000 0.000000
352657.162665 4026417.105807 0.000000 -0.000000
352657.216140 4026417.082042 0.000000 0.000000
352657.269616 4026417.058277 0.000000 -0.000000
352657.323091 4026417.034512 0.000000 -0.000000
352657.376567 4026417.010747 0.000000 0.000000
352657.430042 4026416.986982 0.000000 0.000000
352657.483518 4026416.963217 0.000000 -0.000000
352657.536993 4026416.939452 0.000000 0.000000
352657.590469 4026416.915687 0.000000 -0.000000
352657.643944 4026416.891922 0.000000 -0.000000
352657.697420 4026416.868157 0.000000 -0.000000
352657.750895 4026416.844392 0.000000 0.000000
352657.804371 4026416.820626 0.000000 0.000000
352657.857846 4026416.796861 0.000000 0.000000
352657.911322 4026416.773096 0.000000 -0.000000
352657.964797 4026416.749331 0.000000 -0.000000
352658.018273 4026416.725566 0.000000 0.000000
352658.071748 4026416.701801 0.000000 -0.000000
352658.125224 4026416.678036 0.000000 0.000000
352658.178699 4026416.654271 0.000000 -0.000000
352658.232175 4026416.630506 0.000000 -0.000000
352658.285650 4026416.606741 0.000000 0.000000
352658.339125 4026416.582976 0.000000 -0.000000
352658.392601 4026416.559211 0.000000 0.000000
352658.446076 4026416.535445 0.000000 0.000000
352658.499552 4026416.511680 0.000000 0.000000
352658.553027 4026416.487915 0.000000 0.000000
352658.606503 4026416.464150 0.000000 -0.000000
352658.659978 4026416.440385 0.000000 0.000000
352658.713454 4026416.416620 0.000000 0.000000
352658.766929 4026416.392855 0.000000 -0.000000
352658.820405 4026416.369090 0.000000 0.000000
352658.873880 4026416.345325 0.000000 0.000000
352658.927356 4026416.321560 0.000000 -0.000000
352658.980831 4026416.297795 0.000000 0.000000
352659.034307 4026416.274029 0.000000 -0.000000
352659.087782 4026416.250264 0.000000 0.000000
352659.141258 4026416.226499 0.000000 0.000000
352659.194733 4026416.202734 0.000000 -0.000000
352659.248209 4026416.178969 0.000000 0.000000
352659.301684 4026416.155204 0.000000 -0.000000
352659.355160 4026416.131439 0.000000 0.000000
352659.408635 4026416.107674 0.000000 0.000000
352659.462111 4026416.083909 0.000000 0.000000
352659.515586 4026416.060144 0.000000 -0.000000
352659.569062 4026416.036379 0.000000 0.000000
352659.622537 4026416.012614 0.000000 0.000000
352659.676013 4026415.988848 0.000000 0.000000
352659.729488 4026415.965083 0.000000 -0.000000
352659.782964 4026415.941318 0.000000 -0.000000
352659.836439 4026415.917553 0.000000 -0.000000
352659.889915 4026415.893788 0.000000 -0.000000
352659.943390 4026415.870023 0.000000 0.000000
352659.996866 4026415.846258 0.000000 -0.000000
352660.050341 4026415.822493 0.000000 0.000000
352660.103817 4026415.798728 0.000000 0.000000
352660.157292 4026415.774963 0.000000 0.000000
352660.210768 4026415.751198 0.000000 0.000000
352660.264243 4026415.727432 0.000000 -0.000000
352660.317719 4026415.703667 0.000000 -0.000000
352660.371194 4026415.679902 0.000000 0.000000
352660.424670 4026415.656137 0.000000 0.000000
352660.478146 4026415.632372 0.000000 -0.000000
352660.531621 4026415.608607 0.000000 -0.000000
352660.585097 4026415.584842 0.000000 0.000000
352660.638573 4026415.561076 0.000000 -0.000000
352660.692049 4026415.537311 0.000000 0.000000
352660.745525 4026415.513546 0.000000 -0.000000
352660.799001 4026415.489780 0.000000 -0.000000
352660.852478 4026415.466015 0.000000 -0.000000
352660.905954 4026415.442249 0.000000 -0.000000
352660.959432 4026415.418483 0.000000 0.000000
352661.012909 4026415.394717 0.000000 0.000000
352661.066387 4026415.370951 0.000000 0.000000
352661.119866 4026415.347185 0.000000 0.000000
352661.173345 4026415.323418 0.000000 0.000000
352661.226825 4026415.299651 0.000000 0.000000
352661.280306 4026415.275883 0.000000 -0.000000
352661.333788 4026415.252115 0.000000 -0.000000
352661.387271 4026415.228347 0.000000 -0.000000
352661.440755 4026415.204578 0.000000 -0.000000
352661.494241 4026415.180808 0.000000 0.000000
352661.547728 4026415.157038 0.000000 0.000000
352661.601218 4026415.133267 0.000000 -0.000000
352661.654709 4026415.109494 0.000000 -0.000000
352661.708203 4026415.085721 0.000000 -0.000000
352661.761700 4026415.061947 0.000000 0.000000
352661.815200 4026415.038171 0.000000 -0.000000
352661.868703 4026415.014393 0.000000 -0.000000
352661.922209 4026414.990615 0.000000 -0.000000
352661.975720 4026414.966834 0.000000 -0.000000
352662.029235 4026414.943051 0.000000 0.000000
352662.082755 4026414.919266 0.000000 0.000000
352662.136280 4026414.895479 0.000000 0.000000
352662.189811 4026414.871689 0.000000 -0.000000
352662.243349 4026414.847897 0.000000 -0.000000
352662.296893 4026414.824101 0.000000 -0.000000
352662.350445 4026414.800302 0.000000 0.000000
352662.404006 4026414.776499 0.000000 0.000000
352662.457575 4026414.752692 0.000000 0.000000
352662.511154 4026414.728881 0.000000 0.000000
352662.564743 4026414.705066 0.000000 -0.000000
352662.618343 4026414.681245 0.000000 0.000000
352662.671956 4026414.657419 0.000000 0.000000
352662.725582 4026414.633587 0.000000 -0.000000
352662.779221 4026414.609749 0.000000 0.000000
352662.832876 4026414.585904 0.000000 0.000000
352662.886547 4026414.562052 0.000000 0.000000
352662.940235 4026414.538193 0.000000 0.000000
352662.993942 4026414.514325 0.000000 0.000000
352663.047668 4026414.490448 0.000000 0.000000
352663.101415 4026414.466563 0.000000 0.000000
352663.155185 4026414.442667 0.000000 -0.000000
352663.208978 4026414.418760 0.000000 0.000000
352663.262797 4026414.394843 0.000000 0.000000
352663.316642 4026414.370913 0.000000 -0.000000
352663.370516 4026414.346971 0.000000 -0.000000
352663.424420 4026414.323016 0.000000 0.000000
352663.478355 4026414.299046 0.000000 0.000000
352663.532324 4026414.275062 0.000000 -0.000000
352663.586329 4026414.251062 0.000000 0.000000
352663.640371 4026414.227045 0.000000 -0.000000
352663.694452 4026414.203011 0.000000 -0.000000
352663.748574 4026414.178958 0.000000 0.000000
352663.802739 4026414.154887 0.000000 0.000000
352663.856951 4026414.130795 0.000000 -0.000000
352663.911210 4026414.106681 0.000000 0.000000
352663.965519 4026414.082546 0.000000 0.000000
352664.019880 4026414.058387 0.000000 -0.000000
352664.074296 4026414.034204 0.000000 -0.000000
352664.128770 4026414.009995 0.000000 -0.000000
352664.183303 4026413.985760 0.000000 0.000000
352664.237899 4026413.961497 0.000000 -0.000000
352664.292559 4026413.937205 0.000000 -0.000000
352664.347288 4026413.912883 0.000000 0.000000
352664.402087 4026413.888530 0.000000 -0.000000
352664.456959 4026413.864144 0.000000 -0.000000
352664.511908 4026413.839725 0.000000 0.000000
352664.566935 4026413.815270 0.000000 0.000000
352664.622045 4026413.790778 0.000000 0.000000
352664.677240 4026413.766249 0.000000 -0.000000
352664.732524 4026413.741680 0.000000 0.000000
352664.787899 4026413.717071 0.000000 -0.000000
352664.843368 4026413.692420 0.000000 0.000000
352664.898936 4026413.667725 0.000000 0.000000
352664.954604 4026413.642986 0.000000 -0.000000
352665.010377 4026413.618199 0.000000 -0.000000
352665.066258 4026413.593365 0.000000 0.000000
352665.122250 4026413.568482 0.000000 0.000000
352665.178357 4026413.543547 0.000000 -0.000000
352665.234582 4026413.518560 0.000000 0.000000
352665.290929 4026413.493519 0.000000 0.000000
352665.347402 4026413.468422 0.000000 0.000000
352665.404003 4026413.443268 0.000000 0.000000
352665.460737 4026413.418055 0.000000 -0.000000
352665.517607 4026413.392781 0.000000 0.000000
352665.574617 4026413.367445 0.000000 -0.000000
352665.631770 4026413.342046 0.000000 0.000000
352665.689071 4026413.316580 0.000000 0.000000
352665.746523 4026413.291048 0.000000 0.000000
352665.804130 4026413.265447 0.000000 0.000000
352665.861896 4026413.239775 0.000000 -0.000000
352665.919824 4026413.214031 0.000000 -0.000000
352665.977918 4026413.188214 0.000000 0.000000
352666.036183 4026413.162320 0.000000 -0.000000
352666.094622 4026413.136349 0.000000 0.000000
352666.153239 4026413.110299 0.000000 -0.000000
352666.212038 4026413.084168 0.000000 0.000000
352666.271023 4026413.057955 0.000000 0.000000
352666.330198 4026413.031657 0.000000 -0.000000
352666.389567 4026413.005272 0.000000 -0.000000
352666.449134 4026412.978800 0.000000 -0.000000
352666.508903 4026412.952238 0.000000 -0.000000
352666.568879 4026412.925584 0.000000 -0.000000
352666.629064 4026412.898837 0.000000 0.000000
352666.689464 4026412.871995 0.000000 -0.000000
352666.750082 4026412.845056 0.000000 -0.000000
352666.810923 4026412.818017 0.000000 -0.000000
352666.871991 4026412.790878 0.000000 -0.000000
352666.933291 4026412.763636 0.000000 -0.000000
352666.994825 4026412.736289 0.000000 0.000000
352667.056600 4026412.708836 0.000000 0.000000
352667.118618 4026412.681274 0.000000 0.000000
352667.180885 4026412.653602 0.000000 -0.000000
352667.243405 4026412.625818 0.000000 0.000000
352667.306182 4026412.597919 0.000000 0.000000
352667.369222 4026412.569903 0.000000 0.000000
352667.432527 4026412.541770 0.000000 0.000000
352667.496104 4026412.513515 0.000000 -0.000000
352667.559957 4026412.485139 0.000000 0.000000
352667.624089 4026412.456637 0.000000 -0.000000
352667.688508 4026412.428009 0.000000 0.000000
352667.753216 4026412.399252 0.000000 0.000000
352667.818219 4026412.370364 0.000000 0.000000
352667.883522 4026412.341343 0.000000 0.000000
352667.949130 4026412.312186 0.000000 -0.000000
352668.015048 4026412.282891 0.000000 0.000000
352668.081281 4026412.253457 0.000000 0.000000
352668.147834 4026412.223879 0.000000 0.000000
352668.214714 4026412.194157 0.000000 0.000000
352668.281925 4026412.164288 0.000000 0.000000
352668.349472 4026412.134270 0.000000 -0.000000
352668.417362 4026412.104099 0.000000 -0.000000
352668.485600 4026412.073773 0.000000 0.000000
352668.554192 4026412.043290 0.000000 -0.000000
352668.623143 4026412.012647 0.000000 0.000000
352668.692461 4026411.981841 0.000000 0.000000
352668.762151 4026411.950870 0.000000 -0.000000
352668.832220 4026411.919731 0.000000 -0.000000
352668.902673 4026411.888421 0.000000 0.000000
352668.973518 4026411.856937 0.000000 0.000000
352669.044761 4026411.825276 0.000000 -0.000000
352669.116410 4026411.793434 0.000000 0.000000
352669.188471 4026411.761409 0.000000 0.000000
352669.260952 4026411.729198 0.000000 -0.000000
352669.333861 4026411.696796 0.000000 0.000000
352669.407205 4026411.664202 0.000000 -0.000000
352669.480992 4026411.631410 0.000000 0.000000
352669.555231 4026411.598417 0.000000 -0.000000
352669.629929 4026411.565220 0.000000 -0.000000
352669.705097 4026411.531815 0.000000 0.000000
352669.780742 4026411.498197 0.000000 -0.000000
352669.856875 4026411.464363 0.000000 0.000000
352669.933505 4026411.430308 0.000000 -0.000000
352670.010642 4026411.396027 0.000000 0.000000
352670.088297 4026411.361517 0.000000 -0.000000
352670.166480 4026411.326772 0.000000 0.000000
352670.245203 4026411.291786 0.000000 0.000000
352670.324476 4026411.256556 0.000000 -0.000000
352670.404313 4026411.221076 0.000000 -0.000000
352670.484726 4026411.185340 0.000000 0.000000
352670.565727 4026411.149342 0.000000 -0.000000
352670.647330 4026411.113077 0.000000 -0.000000
352670.729550 4026411.076537 0.000000 0.000000
352670.812399 4026411.039718 0.000000 -0.000000
352670.895895 4026411.002612 0.000000 0.000000
352670.980052 4026410.965212 0.000000 -0.000000
352671.064886 4026410.927510 0.000000 -0.000000
352671.150414 4026410.889500 0.000000 0.000000
352671.236655 4026410.851174 0.000000 0.000000
352671.323626 4026410.812524 0.000000 0.000000
352671.411345 4026410.773540 0.000000 0.000000
352671.499834 4026410.734215 0.000000 -0.000000
352671.589112 4026410.694539 0.000000 -0.000000
352671.679200 4026410.654502 0.000000 -0.000000
352671.770121 4026410.614096 0.000000 -0.000000
352671.861897 4026410.573310 0.000000 -0.000000
352671.954552 4026410.532133 0.000000 -0.000000
352672.048110 4026410.490555 0.000000 0.000000
352672.142598 4026410.448563 0.000000 -0.000000
352672.238042 4026410.406147 0.000000 0.000000
352672.334470 4026410.363293 0.000000 -0.000000
352672.431910 4026410.319990 0.000000 0.000000
352672.530392 4026410.276224 0.000000 0.000000
352672.629947 4026410.231980 0.000000 0.000000
352672.730610 4026410.187245 0.000000 -0.000000
352672.832414 4026410.142002 0.000000 -0.000000
352672.935399 4026410.096234 0.000000 -0.000000
352673.039602 4026410.049925 0.000000 -0.000000
352673.145069 4026410.003054 0.000000 -0.000000
352673.251846 4026409.955602 0.000000 -0.000000
352673.359983 4026409.907544 0.000000 -0.000000
352673.469537 4026409.858858 0.000000 -0.000000
352673.580568 4026409.809514 0.000000 0.000000
352673.693143 4026409.759485 0.000000 -0.000000
352673.807335 4026409.708736 0.000000 0.000000
352673.923226 4026409.657233 0.000000 -0.000000
352674.040903 4026409.604936 0.000000 0.000000
352674.160466 4026409.551801 0.000000 -0.000000
352674.282021 4026409.497781 0.000000 -0.000000
352674.405687 4026409.442822 0.000000 0.000000
352674.531594 4026409.386868 0.000000 -0.000000
352674.659886 4026409.329854 0.000000 0.000000
352674.790718 4026409.271710 0.000000 0.000000
352674.924263 4026409.212361 0.000000 0.000000
352675.060709 4026409.151723 0.000000 -0.000000
352675.200261 4026409.089705 0.000000 0.000000
352675.343142 4026409.026207 0.000000 0.000000
352675.489596 4026408.961121 0.000000 0.000000
352675.639888 4026408.894330 0.000000 0.000000
352675.794304 4026408.825706 0.000000 0.000000
352675.953157 4026408.755110 0.000000 0.000000
352676.116783 4026408.682393 0.000000 0.000000
352676.285546 4026408.607393 0.000000 0.000000
352676.459837 4026408.529936 0.000000 0.000000
352676.640080 4026408.449834 0.000000 0.000000
352676.826729 4026408.366885 0.000000 0.000000
352677.020271 4026408.280873 0.000000 0.000000
352677.221230 4026408.191565 0.000000 0.000000
352677.430165 4026408.098711 0.000000 0.000000
352677.647677 4026408.002047 0.000000 0.000000
352677.874405 4026407.901287 0.000000 0.000000
352678.111032 4026407.796127 0.000000 0.000000
352678.358285 4026407.686245 0.000000 0.000000
352678.616938 4026407.571297 0.000000 0.000000
352678.887815 4026407.450916 0.000000 0.000000
352679.171790 4026407.324714 0.000000 0.000000
352679.469790 4026407.192280 0.000000 0.000000
