352680.702272 4026410.074308 0.000000 0.000000
352681.016540 4026409.976760 0.000000 0.000000
352681.315741 4026409.883889 0.000000 0.000000
352681.600864 4026409.795387 0.000000 0.000000
352681.872847 4026409.710965 0.000000 0.000000
352682.132572 4026409.630346 0.000000 0.000000
352682.380875 4026409.553274 0.000000 0.000000
352682.618543 4026409.479502 0.000000 0.000000
352682.846316 4026409.408802 0.000000 0.000000
352683.064894 4026409.340956 0.000000 0.000000
352683.274932 4026409.275761 0.000000 0.000000
352683.477045 4026409.213025 0.000000 0.000000
352683.671812 4026409.152570 0.000000 0.000000
352683.859774 4026409.094227 0.000000 0.000000
352684.041437 4026409.037840 0.000000 0.000000
352684.217274 4026408.983260 0.000000 0.000000
352684.387729 4026408.930351 0.000000 0.000000
352684.553211 4026408.878986 0.000000 0.000000
352684.714106 4026408.829044 0.000000 0.000000
352684.870770 4026408.780416 0.000000 0.000000
352685.023534 4026408.732999 0.000000 0.000000
352685.172705 4026408.686696 0.000000 0.000000
352685.318568 4026408.641421 0.000000 0.000000
352685.461386 4026408.597091 0.000000 0.000000
352685.601402 4026408.553630 0.000000 0.000000
352685.738840 4026408.510970 0.000000 0.000000
352685.873907 4026408.469045 0.000000 -0.000000
352686.006792 4026408.427798 0.000000 0.000000
352686.137671 4026408.387174 0.000000 -0.000000
352686.266703 4026408.347122 0.000000 0.000000
352686.394036 4026408.307599 0.000000 0.000000
352686.519803 4026408.268561 0.000000 0.000000
352686.644129 4026408.229970 0.000000 -0.000000
352686.767126 4026408.191792 0.000000 0.000000
352686.888897 4026408.153995 0.000000 0.000000
352687.009535 4026408.116549 0.000000 0.000000
352687.129128 4026408.079428 0.000000 -0.000000
352687.247753 4026408.042607 0.000000 0.000000
352687.365483 4026408.006064 0.000000 0.000000
352687.482383 4026407.969778 0.000000 0.000000
352687.598515 4026407.933731 0.000000 -0.000000
352687.713933 4026407.897906 0.000000 0.000000
352687.828689 4026407.862286 0.000000 -0.000000
352687.942830 4026407.826857 0.000000 0.000000
352688.056399 4026407.791605 0.000000 -0.000000
352688.169439 4026407.756518 0.000000 -0.000000
352688.281985 4026407.721584 0.000000 -0.000000
352688.394075 4026407.686791 0.000000 0.000000
352688.505741 4026407.652130 0.000000 0.000000
352688.617014 4026407.617592 0.000000 -0.000000
352688.727923 4026407.583166 0.000000 0.000000
352688.838497 4026407.548844 0.000000 -0.000000
352688.948761 4026407.514618 0.000000 -0.000000
352689.058740 4026407.480481 0.000000 0.000000
352689.168457 4026407.446425 0.000000 -0.000000
352689.277934 4026407.412444 0.000000 -0.000000
352689.387190 4026407.378531 0.000000 0.000000
352689.496245 4026407.344680 0.000000 -0.000000
352689.605116 4026407.310887 0.000000 -0.000000
352689.713821 4026407.277145 0.000000 0.000000
352689.822374 4026407.243451 0.000000 -0.000000
352689.930790 4026407.209799 0.000000 -0.000000
352690.039082 4026407.176185 0.000000 0.000000
352690.147264 4026407.142606 0.000000 -0.000000
352690.255346 4026407.109057 0.000000 -0.000000
352690.363341 4026407.075536 0.000000 0.000000
352690.471257 4026407.042039 0.000000 -0.000000
352690.579105 4026407.008563 0.000000 0.000000
352690.686894 4026406.975106 0.000000 0.000000
352690.794632 4026406.941664 0.000000 0.000000
352690.902328 4026406.908236 0.000000 0.000000
352691.009988 4026406.874818 0.000000 0.000000
352691.117621 4026406.841409 0.000000 0.000000
352691.225234 4026406.808006 0.000000 0.000000
352691.332833 4026406.774608 0.000000 0.000000
352691.440425 4026406.741212 0.000000 0.000000
352691.548018 4026406.707815 0.000000 -0.000000
352691.655617 4026406.674417 0.000000 0.000000
352691.763229 4026406.641014 0.000000 -0.000000
352691.870863 4026406.607605 0.000000 -0.000000
352691.978523 4026406.574187 0.000000 0.000000
352692.086219 4026406.540759 0.000000 0.000000
352692.193957 4026406.507317 0.000000 -0.000000
352692.301746 4026406.473860 0.000000 0.000000
352692.409594 4026406.440384 0.000000 0.000000
352692.517510 4026406.406887 0.000000 -0.000000
352692.625504 4026406.373366 0.000000 0.000000
352692.733587 4026406.339817 0.000000 0.000000
352692.841769 4026406.306238 0.000000 0.000000
352692.950061 4026406.272624 0.000000 -0.000000
352693.058477 4026406.238972 0.000000 0.000000
352693.167030 4026406.205278 0.000000 -0.000000
352693.275735 4026406.171536 0.000000 -0.000000
352693.384606 4026406.137743 0.000000 0.000000
352693.493661 4026406.103892 0.000000 -0.000000
352693.602917 4026406.069979 0.000000 -0.000000
352693.712394 4026406.035998 0.000000 -0.000000
352693.822110 4026406.001942 0.000000 0.000000
352693.932090 4026405.967805 0.000000 -0.000000
352694.042354 4026405.933579 0.000000 -0.000000
352694.152928 4026405.899258 0.000000 0.000000
352694.263837 4026405.864831 0.000000 0.000000
352694.375110 4026405.830293 0.000000 -0.000000
352694.486776 4026405.795632 0.000000 0.000000
352694.598865 4026405.760840 0.000000 0.000000
352694.711412 4026405.725905 0.000000 -0.000000
352694.824451 4026405.690818 0.000000 0.000000
352694.938021 4026405.655566 0.000000 0.000000
352695.052162 4026405.620137 0.000000 -0.000000
352695.166918 4026405.584517 0.000000 0.000000
352695.282336 4026405.548692 0.000000 0.000000
352695.398467 4026405.512645 0.000000 -0.000000
352695.515368 4026405.476359 0.000000 0.000000
352695.633098 4026405.439816 0.000000 0.000000
352695.751723 4026405.402995 0.000000 -0.000000
352695.871315 4026405.365874 0.000000 0.000000
352695.991954 4026405.328428 0.000000 -0.000000
352696.113725 4026405.290631 0.000000 0.000000
352696.236721 4026405.252453 0.000000 -0.000000
352696.361047 4026405.213863 0.000000 -0.000000
352696.486815 4026405.174825 0.000000 0.000000
352696.614148 4026405.135301 0.000000 -0.000000
352696.743180 4026405.095250 0.000000 -0.000000
352696.874059 4026405.054625 0.000000 0.000000
352697.006944 4026405.013378 0.000000 0.000000
352697.142011 4026404.971453 0.000000 -0.000000
352697.279449 4026404.928793 0.000000 0.000000
352697.419464 4026404.885332 0.000000 0.000000
352697.562282 4026404.841002 0.000000 0.000000
352697.708145 4026404.795727 0.000000 0.000000
352697.857317 4026404.749424 0.000000 0.000000
352698.010080 4026404.702007 0.000000 0.000000
352698.166744 4026404.653379 0.000000 0.000000
352698.327639 4026404.603437 0.000000 0.000000
352698.493122 4026404.552072 0.000000 0.000000
352698.663576 4026404.499163 0.000000 0.000000
352698.839414 4026404.444584 0.000000 0.000000
352699.021077 4026404.388196 0.000000 0.000000
352699.209039 4026404.329853 0.000000 0.000000
352699.403806 4026404.269398 0.000000 0.000000
352699.605919 4026404.206662 0.000000 0.000000
352699.815957 4026404.141467 0.000000 0.000000
352700.034534 4026404.073621 0.000000 0.000000
352700.262308 4026404.002921 0.000000 0.000000
352700.499976 4026403.929149 0.000000 0.000000
352700.748279 4026403.852077 0.000000 0.000000
352701.008004 4026403.771459 0.000000 0.000000
352701.279986 4026403.687036 0.000000 0.000000
352701.565110 4026403.598534 0.000000 0.000000
352701.864311 4026403.505663 0.000000 0.000000
