352679.782797 4026407.053176 0.000000 0.000000
352680.098507 4026406.954667 0.000000 0.000000
352680.399080 4026406.860881 0.000000 0.000000
352680.685512 4026406.771507 0.000000 0.000000
352680.958742 4026406.686253 0.000000 0.000000
352681.219658 4026406.604841 0.000000 0.000000
352681.469100 4026406.527009 0.000000 0.000000
352681.707858 4026406.452510 0.000000 0.000000
352681.936677 4026406.381114 0.000000 0.000000
352682.156257 4026406.312599 0.000000 0.000000
352682.367258 4026406.246762 0.000000 0.000000
352682.570298 4026406.183408 0.000000 0.000000
352682.765959 4026406.122357 0.000000 0.000000
352682.954783 4026406.063440 0.000000 0.000000
352683.137279 4026406.006496 0.000000 0.000000
352683.313923 4026405.951379 0.000000 0.000000
352683.485159 4026405.897949 0.000000 0.000000
352683.651401 4026405.846078 0.000000 0.000000
352683.813034 4026405.795644 0.000000 0.000000
352683.970417 4026405.746537 0.000000 0.000000
352684.123882 4026405.698652 0.000000 0.000000
352684.273737 4026405.651894 0.000000 0.000000
352684.420269 4026405.606172 0.000000 0.000000
352684.563742 4026405.561405 0.000000 0.000000
352684.704400 4026405.517516 0.000000 0.000000
352684.842469 4026405.474436 0.000000 -0.000000
352684.978155 4026405.432098 0.000000 -0.000000
352685.111650 4026405.390444 0.000000 -0.000000
352685.243129 4026405.349420 0.000000 0.000000
352685.372753 4026405.308974 0.000000 0.000000
352685.500670 4026405.269061 0.000000 0.000000
352685.627014 4026405.229638 0.000000 0.000000
352685.751911 4026405.190668 0.000000 0.000000
352685.875472 4026405.152114 0.000000 0.000000
352685.997801 4026405.113944 0.000000 0.000000
352686.118993 4026405.076129 0.000000 0.000000
352686.239134 4026405.038642 0.000000 -0.000000
352686.358303 4026405.001458 0.000000 -0.000000
352686.476573 4026404.964555 0.000000 0.000000
352686.594010 4026404.927912 0.000000 0.000000
352686.710674 4026404.891510 0.000000 -0.000000
352686.826621 4026404.855332 0.000000 0.000000
352686.941904 4026404.819361 0.000000 -0.000000
352687.056568 4026404.783583 0.000000 -0.000000
352687.170659 4026404.747984 0.000000 0.000000
352687.284217 4026404.712551 0.000000 -0.000000
352687.397280 4026404.677272 0.000000 -0.000000
352687.509884 4026404.642137 0.000000 0.000000
352687.622062 4026404.607135 0.000000 -0.000000
352687.733845 4026404.572256 0.000000 -0.000000
352687.845263 4026404.537491 0.000000 0.000000
352687.956344 4026404.502831 0.000000 -0.000000
352688.067114 4026404.468268 0.000000 -0.000000
352688.177598 4026404.433794 0.000000 0.000000
352688.287818 4026404.399403 0.000000 -0.000000
352688.397797 4026404.365087 0.000000 -0.000000
352688.507554 4026404.330840 0.000000 0.000000
352688.617109 4026404.296656 0.000000 -0.000000
352688.726480 4026404.262529 0.000000 -0.000000
352688.835683 4026404.228455 0.000000 0.000000
352688.944734 4026404.194429 0.000000 0.000000
352689.053647 4026404.160445 0.000000 -0.000000
352689.162437 4026404.126500 0.000000 -0.000000
352689.271115 4026404.092590 0.000000 -0.000000
352689.379693 4026404.058711 0.000000 -0.000000
352689.488182 4026404.024860 0.000000 0.000000
352689.596594 4026403.991033 0.000000 0.000000
352689.704937 4026403.957227 0.000000 -0.000000
352689.813220 4026403.923440 0.000000 0.000000
352689.921452 4026403.889669 0.000000 0.000000
352690.029642 4026403.855911 0.000000 -0.000000
352690.137796 4026403.822164 0.000000 0.000000
352690.245923 4026403.788426 0.000000 0.000000
352690.354029 4026403.754694 0.000000 0.000000
352690.462122 4026403.720967 0.000000 -0.000000
352690.570208 4026403.687241 0.000000 0.000000
352690.678294 4026403.653516 0.000000 -0.000000
352690.786387 4026403.619788 0.000000 0.000000
352690.894493 4026403.586057 0.000000 -0.000000
352691.002620 4026403.552318 0.000000 0.000000
352691.110774 4026403.518572 0.000000 0.000000
352691.218964 4026403.484814 0.000000 0.000000
352691.327196 4026403.451043 0.000000 -0.000000
352691.435479 4026403.417256 0.000000 -0.000000
352691.543822 4026403.383450 0.000000 0.000000
352691.652234 4026403.349623 0.000000 0.000000
352691.760723 4026403.315772 0.000000 -0.000000
352691.869302 4026403.281893 0.000000 0.000000
352691.977979 4026403.247982 0.000000 0.000000
352692.086769 4026403.214038 0.000000 -0.000000
352692.195682 4026403.180054 0.000000 0.000000
352692.304733 4026403.146027 0.000000 0.000000
352692.413936 4026403.111953 0.000000 -0.000000
352692.523307 4026403.077827 0.000000 0.000000
352692.632862 4026403.043643 0.000000 -0.000000
352692.742620 4026403.009396 0.000000 -0.000000
352692.852598 4026402.975080 0.000000 -0.000000
352692.962818 4026402.940689 0.000000 0.000000
352693.073302 4026402.906215 0.000000 0.000000
352693.184072 4026402.871652 0.000000 -0.000000
352693.295153 4026402.836992 0.000000 0.000000
352693.406571 4026402.802227 0.000000 -0.000000
352693.518355 4026402.767348 0.000000 -0.000000
352693.630532 4026402.732346 0.000000 0.000000
352693.743136 4026402.697211 0.000000 0.000000
352693.856199 4026402.661932 0.000000 -0.000000
352693.969757 4026402.626499 0.000000 0.000000
352694.083848 4026402.590900 0.000000 -0.000000
352694.198512 4026402.555122 0.000000 -0.000000
352694.313795 4026402.519151 0.000000 -0.000000
352694.429742 4026402.482973 0.000000 0.000000
352694.546406 4026402.446571 0.000000 -0.000000
352694.663843 4026402.409928 0.000000 0.000000
352694.782113 4026402.373025 0.000000 0.000000
352694.901282 4026402.335841 0.000000 -0.000000
352695.021423 4026402.298354 0.000000 0.000000
352695.142615 4026402.260539 0.000000 0.000000
352695.264944 4026402.222369 0.000000 -0.000000
352695.388505 4026402.183815 0.000000 0.000000
352695.513402 4026402.144845 0.000000 0.000000
352695.639746 4026402.105422 0.000000 0.000000
352695.767663 4026402.065509 0.000000 -0.000000
352695.897287 4026402.025063 0.000000 -0.000000
352696.028766 4026401.984038 0.000000 0.000000
352696.162261 4026401.942385 0.000000 0.000000
352696.297947 4026401.900047 0.000000 0.000000
352696.436016 4026401.856967 0.000000 0.000000
352696.576674 4026401.813078 0.000000 -0.000000
352696.720147 4026401.768311 0.000000 -0.000000
352696.866679 4026401.722589 0.000000 -0.000000
352697.016534 4026401.675831 0.000000 -0.000000
352697.169999 4026401.627946 0.000000 -0.000000
352697.327382 4026401.578839 0.000000 -0.000000
352697.489015 4026401.528405 0.000000 -0.000000
352697.655257 4026401.476534 0.000000 -0.000000
352697.826493 4026401.423104 0.000000 -0.000000
352698.003137 4026401.367987 0.000000 -0.000000
352698.185633 4026401.311043 0.000000 -0.000000
352698.374457 4026401.252126 0.000000 -0.000000
352698.570118 4026401.191075 0.000000 -0.000000
352698.773158 4026401.127721 0.000000 -0.000000
352698.984159 4026401.061884 0.000000 -0.000000
352699.203740 4026400.993369 0.000000 -0.000000
352699.432558 4026400.921972 0.000000 -0.000000
352699.671316 4026400.847474 0.000000 -0.000000
352699.920758 4026400.769642 0.000000 -0.000000
352700.181675 4026400.688230 0.000000 -0.000000
352700.454905 4026400.602975 0.000000 -0.000000
352700.741336 4026400.513602 0.000000 -0.000000
352701.041909 4026400.419816 0.000000 -0.000000
