352701.357619 4026400.321307 0.000000 0.000000
352701.676491 4026400.211949 0.000000 -0.000010
352701.980075 4026400.107834 0.000000 -0.000020
352702.269371 4026400.008619 0.000000 -0.000030
352702.545323 4026399.913980 0.000000 -0.000040
352702.808823 4026399.823612 0.000000 -0.000049
352703.060709 4026399.737227 0.000000 -0.000059
352703.301769 4026399.654555 0.000000 -0.000069
352703.532745 4026399.575341 0.000000 -0.000079
352703.754333 4026399.499347 0.000000 -0.000089
352703.967183 4026399.426348 0.000000 -0.000099
352704.171907 4026399.356137 0.000000 -0.000109
352704.369075 4026399.288516 0.000000 -0.000119
352704.559221 4026399.223303 0.000000 -0.000129
352704.742840 4026399.160327 0.000000 -0.000138
352704.920396 4026399.099430 0.000000 -0.000148
352705.092320 4026399.040464 0.000000 -0.000158
352705.259010 4026398.983291 0.000000 -0.000168
352705.420837 4026398.927784 0.000000 -0.000178
352705.578145 4026398.873825 0.000000 -0.000188
352705.731249 4026398.821306 0.000000 -0.000198
352705.880444 4026398.770125 0.000000 -0.000208
352706.025998 4026398.720190 0.000000 -0.000218
352706.168160 4026398.671415 0.000000 -0.000228
352706.307156 4026398.623722 0.000000 -0.000237
352706.443197 4026398.577038 0.000000 -0.000271
352706.576474 4026398.531299 0.000000 -0.000307
352706.707161 4026398.486442 0.000000 -0.000347
352706.835418 4026398.442413 0.000000 -0.000391
352706.961391 4026398.399162 0.000000 -0.000438
352707.085212 4026398.356641 0.000000 -0.000489
352707.207002 4026398.314810 0.000000 -0.000544
352707.326870 4026398.273631 0.000000 -0.000603
352707.444917 4026398.233067 0.000000 -0.000667
352707.561232 4026398.193088 0.000000 -0.000734
352707.675899 4026398.153665 0.000000 -0.000806
352707.788991 4026398.114771 0.000000 -0.000883
352707.900577 4026398.076382 0.000000 -0.000963
352708.010719 4026398.038476 0.000000 -0.001048
352708.119474 4026398.001033 0.000000 -0.001138
352708.226893 4026397.964035 0.000000 -0.001232
352708.333024 4026397.927463 0.000000 -0.001330
352708.437912 4026397.891303 0.000000 -0.001432
352708.541598 4026397.855539 0.000000 -0.001539
352708.644119 4026397.820156 0.000000 -0.001649
352708.745512 4026397.785143 0.000000 -0.001764
352708.845812 4026397.750486 0.000000 -0.001883
352708.945049 4026397.716173 0.000000 -0.002005
352709.043256 4026397.682193 0.000000 -0.002131
352709.140462 4026397.648535 0.000000 -0.002261
352709.236694 4026397.615188 0.000000 -0.002394
352709.331982 4026397.582142 0.000000 -0.002530
352709.426350 4026397.549386 0.000000 -0.002669
352709.519826 4026397.516911 0.000000 -0.002811
352709.612433 4026397.484709 0.000000 -0.002955
352709.704195 4026397.452768 0.000000 -0.003101
352709.795136 4026397.421082 0.000000 -0.003249
352709.885278 4026397.389641 0.000000 -0.003399
352709.974643 4026397.358437 0.000000 -0.003550
352710.063251 4026397.327462 0.000000 -0.003702
352710.151122 4026397.296709 0.000000 -0.003855
352710.238277 4026397.266169 0.000000 -0.004008
352710.324733 4026397.235836 0.000000 -0.004162
352710.410510 4026397.205703 0.000000 -0.004315
352710.495625 4026397.175763 0.000000 -0.004467
352710.580095 4026397.146009 0.000000 -0.004618
352710.663936 4026397.116435 0.000000 -0.004768
352710.747166 4026397.087035 0.000000 -0.004917
352710.829799 4026397.057803 0.000000 -0.005063
352710.911851 4026397.028733 0.000000 -0.005207
352710.993337 4026396.999820 0.000000 -0.005348
352711.074270 4026396.971057 0.000000 -0.005485
352711.154666 4026396.942441 0.000000 -0.005620
352711.234537 4026396.913966 0.000000 -0.005750
352711.313897 4026396.885627 0.000000 -0.005876
352711.392759 4026396.857418 0.000000 -0.005998
352711.471135 4026396.829337 0.000000 -0.006115
352711.549039 4026396.801377 0.000000 -0.006226
352711.626481 4026396.773535 0.000000 -0.006332
352711.703474 4026396.745807 0.000000 -0.006433
352711.780029 4026396.718187 0.000000 -0.006528
352711.856159 4026396.690674 0.000000 -0.006616
352711.931873 4026396.663261 0.000000 -0.006698
352712.007184 4026396.635946 0.000000 -0.006773
352712.082101 4026396.608725 0.000000 -0.006841
352712.156635 4026396.581595 0.000000 -0.006902
352712.230798 4026396.554551 0.000000 -0.006956
352712.304599 4026396.527590 0.000000 -0.007003
352712.378048 4026396.500710 0.000000 -0.007042
352712.451156 4026396.473906 0.000000 -0.007073
352712.523933 4026396.447176 0.000000 -0.007097
352712.596388 4026396.420516 0.000000 -0.007113
352712.668531 4026396.393923 0.000000 -0.007122
352712.740373 4026396.367395 0.000000 -0.007123
352712.811922 4026396.340928 0.000000 -0.007116
352712.883188 4026396.314520 0.000000 -0.007101
352712.954181 4026396.288167 0.000000 -0.007079
352713.024910 4026396.261867 0.000000 -0.007049
352713.095384 4026396.235618 0.000000 -0.007012
352713.165614 4026396.209415 0.000000 -0.006968
352713.235607 4026396.183257 0.000000 -0.006917
352713.305374 4026396.157141 0.000000 -0.006858
352713.374923 4026396.131065 0.000000 -0.006793
352713.444264 4026396.105025 0.000000 -0.006722
352713.513406 4026396.079019 0.000000 -0.006644
352713.582357 4026396.053045 0.000000 -0.006561
352713.651127 4026396.027100 0.000000 -0.006472
352713.719725 4026396.001182 0.000000 -0.006377
352713.788160 4026395.975288 0.000000 -0.006277
352713.856440 4026395.949416 0.000000 -0.006172
352713.924574 4026395.923564 0.000000 -0.006063
352713.992572 4026395.897728 0.000000 -0.005950
352714.060442 4026395.871906 0.000000 -0.005832
352714.128192 4026395.846097 0.000000 -0.005711
352714.195833 4026395.820297 0.000000 -0.005587
352714.263371 4026395.794504 0.000000 -0.005460
352714.330816 4026395.768716 0.000000 -0.005331
352714.398177 4026395.742931 0.000000 -0.005199
352714.465463 4026395.717145 0.000000 -0.005065
352714.532681 4026395.691358 0.000000 -0.004930
352714.599840 4026395.665565 0.000000 -0.004794
352714.666950 4026395.639765 0.000000 -0.004656
352714.734018 4026395.613956 0.000000 -0.004518
352714.801054 4026395.588135 0.000000 -0.004380
352714.868065 4026395.562299 0.000000 -0.004242
352714.935061 4026395.536446 0.000000 -0.004104
352715.002050 4026395.510574 0.000000 -0.003967
352715.069040 4026395.484679 0.000000 -0.003830
352715.136040 4026395.458761 0.000000 -0.003695
352715.203058 4026395.432815 0.000000 -0.003561
352715.270103 4026395.406840 0.000000 -0.003428
352715.337184 4026395.380833 0.000000 -0.003298
352715.404309 4026395.354791 0.000000 -0.003169
352715.471486 4026395.328712 0.000000 -0.003042
352715.538725 4026395.302593 0.000000 -0.002918
352715.606033 4026395.276432 0.000000 -0.002796
352715.673419 4026395.250226 0.000000 -0.002677
352715.740892 4026395.223971 0.000000 -0.002561
352715.808460 4026395.197666 0.000000 -0.002448
352715.876133 4026395.171308 0.000000 -0.002338
352715.943918 4026395.144894 0.000000 -0.002231
352716.011824 4026395.118420 0.000000 -0.002127
352716.079861 4026395.091885 0.000000 -0.002026
352716.148036 4026395.065285 0.000000 -0.001929
352716.216358 4026395.038617 0.000000 -0.001835
352716.284836 4026395.011879 0.000000 -0.001744
352716.353480 4026394.985067 0.000000 -0.001657
352716.422297 4026394.958178 0.000000 -0.001573
352716.491296 4026394.931210 0.000000 -0.001493
352716.560487 4026394.904160 0.000000 -0.001416
352716.629879 4026394.877023 0.000000 -0.001342
352716.699480 4026394.849797 0.000000 -0.001272
352716.769299 4026394.822479 0.000000 -0.001206
352716.839346 4026394.795066 0.000000 -0.001142
352716.909630 4026394.767554 0.000000 -0.001083
352716.980159 4026394.739940 0.000000 -0.001026
352717.050943 4026394.712221 0.000000 -0.000973
352717.121992 4026394.684393 0.000000 -0.000923
352717.193314 4026394.656453 0.000000 -0.000876
352717.264919 4026394.628397 0.000000 -0.000832
352717.336817 4026394.600222 0.000000 -0.000792
352717.409018 4026394.571924 0.000000 -0.000754
352717.481530 4026394.543500 0.000000 -0.000720
352717.554364 4026394.514946 0.000000 -0.000688
352717.627530 4026394.486258 0.000000 -0.000660
352717.701037 4026394.457432 0.000000 -0.000635
352717.774897 4026394.428466 0.000000 -0.000613
352717.849118 4026394.399353 0.000000 -0.000593
352717.923713 4026394.370091 0.000000 -0.000577
352717.998691 4026394.340676 0.000000 -0.000563
352718.074063 4026394.311103 0.000000 -0.000552
352718.149840 4026394.281368 0.000000 -0.000545
352718.226034 4026394.251466 0.000000 -0.000539
352718.302656 4026394.221393 0.000000 -0.000537
352718.379718 4026394.191145 0.000000 -0.000538
352718.457231 4026394.160716 0.000000 -0.000541
352718.535208 4026394.130102 0.000000 -0.000547
352718.613661 4026394.099298 0.000000 -0.000556
352718.692604 4026394.068299 0.000000 -0.000567
352718.772049 4026394.037099 0.000000 -0.000581
352718.852010 4026394.005693 0.000000 -0.000597
352718.932501 4026393.974075 0.000000 -0.000617
352719.013535 4026393.942239 0.000000 -0.000638
352719.095128 4026393.910180 0.000000 -0.000663
352719.177295 4026393.877891 0.000000 -0.000689
352719.260050 4026393.845365 0.000000 -0.000718
352719.343411 4026393.812597 0.000000 -0.000750
352719.427393 4026393.779580 0.000000 -0.000783
352719.512013 4026393.746305 0.000000 -0.000819
352719.597290 4026393.712767 0.000000 -0.000857
352719.683240 4026393.678957 0.000000 -0.000897
352719.769883 4026393.644867 0.000000 -0.000939
352719.857238 4026393.610489 0.000000 -0.000983
352719.945324 4026393.575816 0.000000 -0.001029
352720.034163 4026393.540837 0.000000 -0.001076
352720.123775 4026393.505545 0.000000 -0.001124
352720.214183 4026393.469929 0.000000 -0.001174
352720.305409 4026393.433979 0.000000 -0.001225
352720.397477 4026393.397687 0.000000 -0.001277
352720.490411 4026393.361040 0.000000 -0.001329
352720.584236 4026393.324029 0.000000 -0.001382
352720.678978 4026393.286642 0.000000 -0.001435
352720.774664 4026393.248867 0.000000 -0.001488
352720.871323 4026393.210692 0.000000 -0.001540
352720.968982 4026393.172104 0.000000 -0.001592
352721.067673 4026393.133090 0.000000 -0.001642
352721.167426 4026393.093637 0.000000 -0.001691
352721.268275 4026393.053730 0.000000 -0.001737
352721.370255 4026393.013352 0.000000 -0.001781
352721.473404 4026392.972489 0.000000 -0.001823
352721.577762 4026392.931121 0.000000 -0.001861
352721.683371 4026392.889232 0.000000 -0.001895
352721.790278 4026392.846799 0.000000 -0.001924
352721.898535 4026392.803802 0.000000 -0.001949
352722.008196 4026392.760216 0.000000 -0.001969
352722.119321 4026392.716016 0.000000 -0.001982
352722.231978 4026392.671172 0.000000 -0.001990
352722.346239 4026392.625654 0.000000 -0.001991
352722.462185 4026392.579427 0.000000 -0.001985
352722.579903 4026392.532455 0.000000 -0.001972
352722.699491 4026392.484695 0.000000 -0.001952
352722.821056 4026392.436103 0.000000 -0.001925
352722.944716 4026392.386630 0.000000 -0.001890
352723.070600 4026392.336221 0.000000 -0.001848
352723.198851 4026392.284817 0.000000 -0.001799
352723.329625 4026392.232353 0.000000 -0.001743
352723.463092 4026392.178759 0.000000 -0.001681
352723.599440 4026392.123956 0.000000 -0.001614
352723.738873 4026392.067861 0.000000 -0.001543
352723.881613 4026392.010381 0.000000 -0.001473
352724.027904 4026391.951418 0.000000 -0.001403
352724.178010 4026391.890862 0.000000 -0.001333
352724.332216 4026391.828597 0.000000 -0.001263
352724.490833 4026391.764496 0.000000 -0.001193
352724.654197 4026391.698421 0.000000 -0.001122
352724.822670 4026391.630226 0.000000 -0.001052
352724.996645 4026391.559749 0.000000 -0.000982
352725.176541 4026391.486821 0.000000 -0.000912
352725.362814 4026391.411257 0.000000 -0.000842
352725.555949 4026391.332860 0.000000 -0.000772
352725.756469 4026391.251418 0.000000 -0.000702
352725.964933 4026391.166704 0.000000 -0.000631
352726.181939 4026391.078477 0.000000 -0.000561
352726.408126 4026390.986479 0.000000 -0.000491
352726.644177 4026390.890435 0.000000 -0.000421
352726.890817 4026390.790050 0.000000 -0.000351
352727.148821 4026390.685014 0.000000 -0.000281
352727.419010 4026390.574995 0.000000 -0.000210
352727.702258 4026390.459641 0.000000 -0.000140
352727.999491 4026390.338581 0.000000 -0.000070
