352728.311690 4026390.211419 0.000000 0.000000
352728.622889 4026390.087551 0.000000 -0.000045
352728.919169 4026389.969622 0.000000 -0.000091
352729.201508 4026389.857240 0.000000 -0.000136
352729.470835 4026389.750038 0.000000 -0.000182
352729.728023 4026389.647666 0.000000 -0.000227
352729.973901 4026389.549795 0.000000 -0.000273
352730.209246 4026389.456114 0.000000 -0.000318
352730.434792 4026389.366330 0.000000 -0.000364
352730.651231 4026389.280167 0.000000 -0.000409
352730.859212 4026389.197367 0.000000 -0.000455
352731.059343 4026389.117684 0.000000 -0.000500
352731.252198 4026389.040892 0.000000 -0.000546
352731.438311 4026388.966775 0.000000 -0.000591
352731.618183 4026388.895132 0.000000 -0.000637
352731.792283 4026388.825777 0.000000 -0.000682
352731.961048 4026388.758533 0.000000 -0.000728
352732.124886 4026388.693238 0.000000 -0.000773
352732.284175 4026388.629738 0.000000 -0.000819
352732.439268 4026388.567893 0.000000 -0.000864
352732.590493 4026388.507569 0.000000 -0.000910
352732.738154 4026388.448646 0.000000 -0.000955
352732.882532 4026388.391008 0.000000 -0.001001
352733.023886 4026388.334552 0.000000 -0.001046
352733.162456 4026388.279179 0.000000 -0.001092
352733.298465 4026388.224801 0.000000 -0.001198
352733.432116 4026388.171335 0.000000 -0.001309
352733.563597 4026388.118704 0.000000 -0.001424
352733.693080 4026388.066837 0.000000 -0.001542
352733.820722 4026388.015671 0.000000 -0.001664
352733.946670 4026387.965147 0.000000 -0.001788
352734.071055 4026387.915209 0.000000 -0.001914
352734.194000 4026387.865808 0.000000 -0.002042
352734.315614 4026387.816898 0.000000 -0.002171
352734.436000 4026387.768437 0.000000 -0.002300
352734.555250 4026387.720387 0.000000 -0.002428
352734.673448 4026387.672713 0.000000 -0.002556
352734.790673 4026387.625382 0.000000 -0.002683
352734.906995 4026387.578364 0.000000 -0.002808
352735.022478 4026387.531633 0.000000 -0.002931
352735.137183 4026387.485163 0.000000 -0.003052
352735.251162 4026387.438932 0.000000 -0.003169
352735.364468 4026387.392918 0.000000 -0.003283
352735.477146 4026387.347101 0.000000 -0.003394
352735.589239 4026387.301463 0.000000 -0.003501
352735.700786 4026387.255987 0.000000 -0.003603
352735.811826 4026387.210658 0.000000 -0.003702
352735.922393 4026387.165459 0.000000 -0.003796
352736.032518 4026387.120378 0.000000 -0.003885
352736.142233 4026387.075401 0.000000 -0.003969
352736.251567 4026387.030515 0.000000 -0.004049
352736.360547 4026386.985710 0.000000 -0.004123
352736.469197 4026386.940974 0.000000 -0.004192
352736.577543 4026386.896296 0.000000 -0.004257
352736.685606 4026386.851668 0.000000 -0.004315
352736.793408 4026386.807079 0.000000 -0.004369
352736.900969 4026386.762523 0.000000 -0.004418
352737.008307 4026386.717989 0.000000 -0.004461
352737.115439 4026386.673472 0.000000 -0.004499
352737.222383 4026386.628965 0.000000 -0.004532
352737.329152 4026386.584460 0.000000 -0.004560
352737.435762 4026386.539952 0.000000 -0.004583
352737.542226 4026386.495436 0.000000 -0.004600
352737.648555 4026386.450906 0.000000 -0.004613
352737.754762 4026386.406357 0.000000 -0.004620
352737.860858 4026386.361786 0.000000 -0.004623
352737.966852 4026386.317188 0.000000 -0.004621
352738.072755 4026386.272559 0.000000 -0.004615
352738.178574 4026386.227896 0.000000 -0.004603
352738.284320 4026386.183196 0.000000 -0.004588
352738.389999 4026386.138456 0.000000 -0.004567
352738.495619 4026386.093672 0.000000 -0.004543
352738.601188 4026386.048843 0.000000 -0.004514
352738.706714 4026386.003965 0.000000 -0.004481
352738.812202 4026385.959037 0.000000 -0.004444
352738.917661 4026385.914055 0.000000 -0.004403
352739.023096 4026385.869019 0.000000 -0.004358
352739.128514 4026385.823925 0.000000 -0.004310
352739.233923 4026385.778771 0.000000 -0.004257
352739.339330 4026385.733555 0.000000 -0.004201
352739.444742 4026385.688275 0.000000 -0.004142
352739.550166 4026385.642928 0.000000 -0.004079
352739.655610 4026385.597513 0.000000 -0.004013
352739.761082 4026385.552025 0.000000 -0.003944
352739.866592 4026385.506463 0.000000 -0.003872
352739.972148 4026385.460824 0.000000 -0.003797
352740.077760 4026385.415104 0.000000 -0.003719
352740.183438 4026385.369300 0.000000 -0.003639
352740.289194 4026385.323408 0.000000 -0.003556
352740.395040 4026385.277424 0.000000 -0.003471
352740.500988 4026385.231343 0.000000 -0.003383
352740.607052 4026385.185162 0.000000 -0.003293
352740.713246 4026385.138874 0.000000 -0.003202
352740.819586 4026385.092475 0.000000 -0.003108
352740.926089 4026385.045958 0.000000 -0.003013
352741.032772 4026384.999316 0.000000 -0.002917
352741.139655 4026384.952544 0.000000 -0.002820
352741.246757 4026384.905632 0.000000 -0.002721
352741.354100 4026384.858573 0.000000 -0.002622
352741.461707 4026384.811359 0.000000 -0.002522
352741.569603 4026384.763979 0.000000 -0.002421
352741.677813 4026384.716423 0.000000 -0.002321
352741.786365 4026384.668682 0.000000 -0.002220
352741.895288 4026384.620743 0.000000 -0.002120
352742.004612 4026384.572595 0.000000 -0.002020
352742.114371 4026384.524223 0.000000 -0.001920
352742.224600 4026384.475614 0.000000 -0.001822
352742.335336 4026384.426753 0.000000 -0.001725
352742.446619 4026384.377622 0.000000 -0.001629
352742.558492 4026384.328206 0.000000 -0.001534
352742.671002 4026384.278483 0.000000 -0.001442
352742.784200 4026384.228432 0.000000 -0.001351
352742.898138 4026384.178032 0.000000 -0.001263
352743.012878 4026384.127257 0.000000 -0.001177
352743.128484 4026384.076079 0.000000 -0.001093
352743.245025 4026384.024468 0.000000 -0.001012
352743.362580 4026383.972391 0.000000 -0.000935
352743.481232 4026383.919812 0.000000 -0.000860
352743.601074 4026383.866691 0.000000 -0.000788
352743.722206 4026383.812984 0.000000 -0.000720
352743.844738 4026383.758643 0.000000 -0.000655
352743.968790 4026383.703616 0.000000 -0.000594
352744.094494 4026383.647845 0.000000 -0.000536
352744.221994 4026383.591268 0.000000 -0.000482
352744.351445 4026383.533816 0.000000 -0.000432
352744.483019 4026383.475413 0.000000 -0.000385
352744.616899 4026383.415979 0.000000 -0.000341
352744.753288 4026383.355425 0.000000 -0.000301
352744.892405 4026383.293653 0.000000 -0.000288
352745.034486 4026383.230560 0.000000 -0.000275
352745.179788 4026383.166032 0.000000 -0.000262
352745.328587 4026383.099947 0.000000 -0.000249
352745.481185 4026383.032171 0.000000 -0.000236
352745.637902 4026382.962562 0.000000 -0.000223
352745.799087 4026382.890966 0.000000 -0.000210
352745.965114 4026382.817218 0.000000 -0.000197
352746.136384 4026382.741138 0.000000 -0.000184
352746.313327 4026382.662537 0.000000 -0.000170
352746.496404 4026382.581210 0.000000 -0.000157
352746.686110 4026382.496937 0.000000 -0.000144
352746.882971 4026382.409485 0.000000 -0.000131
352747.087550 4026382.318604 0.000000 -0.000118
352747.300447 4026382.224027 0.000000 -0.000105
352747.522301 4026382.125471 0.000000 -0.000092
352747.753792 4026382.022633 0.000000 -0.000079
352747.995641 4026381.915194 0.000000 -0.000066
352748.248617 4026381.802812 0.000000 -0.000052
352748.513530 4026381.685127 0.000000 -0.000039
352748.791243 4026381.561755 0.000000 -0.000026
352749.082668 4026381.432292 0.000000 -0.000013
