352750.654493 4026384.268013 0.000000 0.000000
352750.963496 4026384.113454 0.000000 -0.000087
352751.257680 4026383.966300 0.000000 -0.000175
352751.538013 4026383.826059 0.000000 -0.000262
352751.805408 4026383.692269 0.000000 -0.000350
352752.060724 4026383.564494 0.000000 -0.000437
352752.304772 4026383.442323 0.000000 -0.000525
352752.538316 4026383.325370 0.000000 -0.000612
352752.762071 4026383.213274 0.000000 -0.000700
352752.976711 4026383.105694 0.000000 -0.000787
352753.182865 4026383.002312 0.000000 -0.000874
352753.381125 4026382.902831 0.000000 -0.000962
352753.572043 4026382.806971 0.000000 -0.001049
352753.756134 4026382.714474 0.000000 -0.001137
352753.933880 4026382.625099 0.000000 -0.001224
352754.105729 4026382.538619 0.000000 -0.001312
352754.272097 4026382.454825 0.000000 -0.001399
352754.433373 4026382.373525 0.000000 -0.001486
352754.589914 4026382.294539 0.000000 -0.001574
352754.742055 4026382.217700 0.000000 -0.001661
352754.890101 4026382.142855 0.000000 -0.001749
352755.034337 4026382.069864 0.000000 -0.001836
352755.175025 4026381.998596 0.000000 -0.001924
352755.312406 4026381.928932 0.000000 -0.002011
352755.446701 4026381.860763 0.000000 -0.002101
352755.578113 4026381.793988 0.000000 -0.002183
352755.706828 4026381.728515 0.000000 -0.002258
352755.833017 4026381.664263 0.000000 -0.002325
352755.956835 4026381.601154 0.000000 -0.002383
352756.078424 4026381.539119 0.000000 -0.002432
352756.197913 4026381.478096 0.000000 -0.002472
352756.315421 4026381.418028 0.000000 -0.002503
352756.431053 4026381.358862 0.000000 -0.002525
352756.544907 4026381.300553 0.000000 -0.002538
352756.657073 4026381.243058 0.000000 -0.002542
352756.767631 4026381.186338 0.000000 -0.002538
352756.876653 4026381.130359 0.000000 -0.002527
352756.984206 4026381.075090 0.000000 -0.002508
352757.090352 4026381.020502 0.000000 -0.002482
352757.195145 4026380.966568 0.000000 -0.002450
352757.298638 4026380.913266 0.000000 -0.002413
352757.400877 4026380.860573 0.000000 -0.002371
352757.501905 4026380.808470 0.000000 -0.002325
352757.601763 4026380.756938 0.000000 -0.002275
352757.700487 4026380.705959 0.000000 -0.002221
352757.798115 4026380.655517 0.000000 -0.002166
352757.894678 4026380.605598 0.000000 -0.002108
352757.990209 4026380.556186 0.000000 -0.002049
352758.084738 4026380.507268 0.000000 -0.001988
352758.178293 4026380.458830 0.000000 -0.001927
352758.270902 4026380.410861 0.000000 -0.001866
352758.362592 4026380.363346 0.000000 -0.001805
352758.453388 4026380.316275 0.000000 -0.001744
352758.543315 4026380.269636 0.000000 -0.001684
352758.632398 4026380.223419 0.000000 -0.001625
352758.720658 4026380.177611 0.000000 -0.001567
352758.808117 4026380.132203 0.000000 -0.001510
352758.894798 4026380.087186 0.000000 -0.001455
352758.980721 4026380.042548 0.000000 -0.001402
352759.065904 4026379.998282 0.000000 -0.001350
352759.150367 4026379.954378 0.000000 -0.001301
352759.234129 4026379.910827 0.000000 -0.001253
352759.317205 4026379.867621 0.000000 -0.001207
352759.399615 4026379.824752 0.000000 -0.001164
352759.481373 4026379.782212 0.000000 -0.001122
352759.562495 4026379.739994 0.000000 -0.001083
352759.642996 4026379.698091 0.000000 -0.001046
352759.722890 4026379.656495 0.000000 -0.001012
352759.802192 4026379.615199 0.000000 -0.000979
352759.880914 4026379.574198 0.000000 -0.000949
352759.959070 4026379.533485 0.000000 -0.000921
352760.036672 4026379.493053 0.000000 -0.000895
352760.113732 4026379.452897 0.000000 -0.000871
352760.190261 4026379.413012 0.000000 -0.000849
352760.266270 4026379.373391 0.000000 -0.000829
352760.341770 4026379.334030 0.000000 -0.000811
352760.416771 4026379.294922 0.000000 -0.000794
352760.491284 4026379.256064 0.000000 -0.000780
352760.565317 4026379.217451 0.000000 -0.000767
352760.638881 4026379.179077 0.000000 -0.000756
352760.711983 4026379.140938 0.000000 -0.000746
352760.784633 4026379.103031 0.000000 -0.000738
352760.856839 4026379.065349 0.000000 -0.000731
352760.928609 4026379.027890 0.000000 -0.000725
352760.999952 4026378.990650 0.000000 -0.000721
352761.070874 4026378.953624 0.000000 -0.000717
352761.141383 4026378.916809 0.000000 -0.000715
352761.211487 4026378.880200 0.000000 -0.000713
352761.281191 4026378.843795 0.000000 -0.000712
352761.350505 4026378.807590 0.000000 -0.000712
352761.419433 4026378.771581 0.000000 -0.000713
352761.487982 4026378.735765 0.000000 -0.000714
352761.556160 4026378.700139 0.000000 -0.000715
352761.623971 4026378.664700 0.000000 -0.000717
352761.691422 4026378.629444 0.000000 -0.000719
352761.758519 4026378.594368 0.000000 -0.000722
352761.825269 4026378.559470 0.000000 -0.000724
352761.891676 4026378.524746 0.000000 -0.000727
352761.957745 4026378.490194 0.000000 -0.000730
352762.023484 4026378.455810 0.000000 -0.000733
352762.088897 4026378.421592 0.000000 -0.000735
352762.153989 4026378.387537 0.000000 -0.000738
352762.218766 4026378.353643 0.000000 -0.000741
352762.283233 4026378.319906 0.000000 -0.000743
352762.347395 4026378.286324 0.000000 -0.000746
352762.411257 4026378.252896 0.000000 -0.000748
352762.474823 4026378.219617 0.000000 -0.000750
352762.538100 4026378.186485 0.000000 -0.000752
352762.601091 4026378.153499 0.000000 -0.000754
352762.663801 4026378.120655 0.000000 -0.000755
352762.726236 4026378.087952 0.000000 -0.000756
352762.788399 4026378.055386 0.000000 -0.000757
352762.850295 4026378.022956 0.000000 -0.000758
352762.911929 4026377.990659 0.000000 -0.000759
352762.973305 4026377.958494 0.000000 -0.000759
352763.034428 4026377.926456 0.000000 -0.000760
352763.095302 4026377.894545 0.000000 -0.000760
352763.155931 4026377.862759 0.000000 -0.000760
352763.216320 4026377.831094 0.000000 -0.000760
352763.276473 4026377.799549 0.000000 -0.000760
352763.336394 4026377.768121 0.000000 -0.000759
352763.396087 4026377.736809 0.000000 -0.000759
352763.455558 4026377.705611 0.000000 -0.000759
352763.514808 4026377.674523 0.000000 -0.000758
352763.573844 4026377.643545 0.000000 -0.000758
352763.632669 4026377.612673 0.000000 -0.000758
352763.691286 4026377.581907 0.000000 -0.000758
352763.749701 4026377.551243 0.000000 -0.000758
352763.807917 4026377.520680 0.000000 -0.000759
352763.865937 4026377.490216 0.000000 -0.000759
352763.923767 4026377.459849 0.000000 -0.000760
352763.981409 4026377.429576 0.000000 -0.000762
352764.038868 4026377.399396 0.000000 -0.000763
352764.096148 4026377.369306 0.000000 -0.000766
352764.153253 4026377.339306 0.000000 -0.000769
352764.210185 4026377.309392 0.000000 -0.000772
352764.266950 4026377.279562 0.000000 -0.000776
352764.323551 4026377.249816 0.000000 -0.000781
352764.379992 4026377.220150 0.000000 -0.000787
352764.436276 4026377.190563 0.000000 -0.000793
352764.492408 4026377.161052 0.000000 -0.000800
352764.548390 4026377.131617 0.000000 -0.000809
352764.604227 4026377.102255 0.000000 -0.000818
352764.659922 4026377.072963 0.000000 -0.000829
352764.715479 4026377.043741 0.000000 -0.000841
352764.770902 4026377.014586 0.000000 -0.000854
352764.826194 4026376.985497 0.000000 -0.000869
352764.881358 4026376.956471 0.000000 -0.000885
352764.936398 4026376.927506 0.000000 -0.000902
352764.991318 4026376.898601 0.000000 -0.000922
352765.046121 4026376.869754 0.000000 -0.000942
352765.100810 4026376.840964 0.000000 -0.000965
352765.155388 4026376.812227 0.000000 -0.000989
352765.209860 4026376.783543 0.000000 -0.001016
352765.264228 4026376.754909 0.000000 -0.001044
352765.318495 4026376.726324 0.000000 -0.001074
352765.372665 4026376.697786 0.000000 -0.001106
352765.426741 4026376.669294 0.000000 -0.001141
352765.480726 4026376.640845 0.000000 -0.001177
352765.534622 4026376.612438 0.000000 -0.001216
352765.588434 4026376.584071 0.000000 -0.001257
352765.642163 4026376.555742 0.000000 -0.001300
352765.695812 4026376.527450 0.000000 -0.001345
352765.749385 4026376.499194 0.000000 -0.001393
352765.802884 4026376.470971 0.000000 -0.001443
352765.856312 4026376.442780 0.000000 -0.001496
352765.909671 4026376.414619 0.000000 -0.001550
352765.962965 4026376.386487 0.000000 -0.001607
352766.016194 4026376.358383 0.000000 -0.001667
352766.069363 4026376.330304 0.000000 -0.001728
352766.122473 4026376.302249 0.000000 -0.001792
352766.175526 4026376.274217 0.000000 -0.001858
352766.228525 4026376.246207 0.000000 -0.001927
352766.281472 4026376.218216 0.000000 -0.001997
352766.334369 4026376.190244 0.000000 -0.002070
352766.387218 4026376.162290 0.000000 -0.002145
352766.440022 4026376.134351 0.000000 -0.002221
352766.492781 4026376.106426 0.000000 -0.002300
352766.545499 4026376.078515 0.000000 -0.002380
352766.598175 4026376.050616 0.000000 -0.002462
352766.650814 4026376.022727 0.000000 -0.002546
352766.703415 4026375.994848 0.000000 -0.002631
352766.755981 4026375.966978 0.000000 -0.002718
352766.808513 4026375.939114 0.000000 -0.002806
352766.861013 4026375.911257 0.000000 -0.002895
352766.913482 4026375.883404 0.000000 -0.002985
352766.965921 4026375.855555 0.000000 -0.003076
352767.018332 4026375.827709 0.000000 -0.003168
352767.070715 4026375.799865 0.000000 -0.003261
352767.123073 4026375.772022 0.000000 -0.003354
352767.175406 4026375.744178 0.000000 -0.003447
352767.227715 4026375.716333 0.000000 -0.003541
352767.280001 4026375.688487 0.000000 -0.003634
352767.332266 4026375.660637 0.000000 -0.003728
352767.384509 4026375.632783 0.000000 -0.003821
352767.436732 4026375.604925 0.000000 -0.003914
352767.488936 4026375.577062 0.000000 -0.004006
352767.541121 4026375.549192 0.000000 -0.004097
352767.593288 4026375.521315 0.000000 -0.004187
352767.645438 4026375.493431 0.000000 -0.004276
352767.697571 4026375.465538 0.000000 -0.004364
352767.749689 4026375.437636 0.000000 -0.004450
352767.801790 4026375.409724 0.000000 -0.004534
352767.853876 4026375.381802 0.000000 -0.004617
352767.905948 4026375.353870 0.000000 -0.004697
352767.958005 4026375.325925 0.000000 -0.004776
352768.010048 4026375.297969 0.000000 -0.004851
352768.062078 4026375.270000 0.000000 -0.004925
352768.114095 4026375.242019 0.000000 -0.004995
352768.166098 4026375.214024 0.000000 -0.005063
352768.218089 4026375.186015 0.000000 -0.005128
352768.270068 4026375.157991 0.000000 -0.005190
352768.322034 4026375.129953 0.000000 -0.005248
352768.373989 4026375.101900 0.000000 -0.005303
352768.425932 4026375.073832 0.000000 -0.005355
352768.477863 4026375.045748 0.000000 -0.005403
352768.529783 4026375.017648 0.000000 -0.005448
352768.581691 4026374.989532 0.000000 -0.005488
352768.633589 4026374.961399 0.000000 -0.005525
352768.685475 4026374.933250 0.000000 -0.005558
352768.737350 4026374.905084 0.000000 -0.005587
352768.789215 4026374.876901 0.000000 -0.005611
352768.841069 4026374.848700 0.000000 -0.005632
352768.892913 4026374.820482 0.000000 -0.005649
352768.944746 4026374.792247 0.000000 -0.005661
352768.996568 4026374.763994 0.000000 -0.005669
352769.048381 4026374.735724 0.000000 -0.005673
352769.100183 4026374.707436 0.000000 -0.005673
352769.151975 4026374.679130 0.000000 -0.005669
352769.203756 4026374.650807 0.000000 -0.005660
352769.255528 4026374.622466 0.000000 -0.005647
352769.307290 4026374.594107 0.000000 -0.005631
352769.359042 4026374.565730 0.000000 -0.005610
352769.410784 4026374.537336 0.000000 -0.005585
352769.462516 4026374.508925 0.000000 -0.005556
352769.514239 4026374.480496 0.000000 -0.005523
352769.565952 4026374.452049 0.000000 -0.005487
352769.617656 4026374.423586 0.000000 -0.005446
352769.669350 4026374.395105 0.000000 -0.005402
352769.721035 4026374.366608 0.000000 -0.005355
352769.772711 4026374.338093 0.000000 -0.005304
352769.824378 4026374.309562 0.000000 -0.005250
352769.876036 4026374.281015 0.000000 -0.005192
352769.927685 4026374.252451 0.000000 -0.005132
352769.979325 4026374.223872 0.000000 -0.005068
352770.030956 4026374.195276 0.000000 -0.005002
352770.082579 4026374.166665 0.000000 -0.004933
352770.134194 4026374.138039 0.000000 -0.004862
352770.185800 4026374.109398 0.000000 -0.004788
352770.237399 4026374.080741 0.000000 -0.004712
352770.288989 4026374.052071 0.000000 -0.004635
352770.340571 4026374.023385 0.000000 -0.004555
352770.392146 4026373.994686 0.000000 -0.004474
352770.443713 4026373.965973 0.000000 -0.004391
352770.495273 4026373.937247 0.000000 -0.004306
352770.546826 4026373.908507 0.000000 -0.004221
352770.598371 4026373.879754 0.000000 -0.004135
352770.649910 4026373.850989 0.000000 -0.004047
352770.701442 4026373.822211 0.000000 -0.003959
352770.752967 4026373.793422 0.000000 -0.003871
352770.804486 4026373.764620 0.000000 -0.003782
352770.855999 4026373.735807 0.000000 -0.003693
352770.907505 4026373.706983 0.000000 -0.003604
352770.959006 4026373.678148 0.000000 -0.003515
352771.010501 4026373.649303 0.000000 -0.003426
352771.061990 4026373.620447 0.000000 -0.003338
352771.113473 4026373.591581 0.000000 -0.003250
352771.164951 4026373.562705 0.000000 -0.003163
352771.216425 4026373.533820 0.000000 -0.003077
352771.267893 4026373.504925 0.000000 -0.002991
352771.319356 4026373.476022 0.000000 -0.002907
352771.370814 4026373.447110 0.000000 -0.002823
352771.422268 4026373.418190 0.000000 -0.002741
352771.473718 4026373.389262 0.000000 -0.002661
352771.525163 4026373.360326 0.000000 -0.002581
352771.576604 4026373.331382 0.000000 -0.002503
352771.628041 4026373.302431 0.000000 -0.002427
352771.679474 4026373.273473 0.000000 -0.002352
352771.730903 4026373.244507 0.000000 -0.002279
352771.782329 4026373.215536 0.000000 -0.002208
352771.833751 4026373.186558 0.000000 -0.002139
352771.885170 4026373.157573 0.000000 -0.002071
352771.936585 4026373.128583 0.000000 -0.002006
352771.987998 4026373.099587 0.000000 -0.001942
352772.039407 4026373.070585 0.000000 -0.001881
352772.090813 4026373.041578 0.000000 -0.001821
352772.142217 4026373.012566 0.000000 -0.001764
352772.193617 4026372.983548 0.000000 -0.001708
352772.245015 4026372.954526 0.000000 -0.001655
352772.296411 4026372.925499 0.000000 -0.001604
352772.347803 4026372.896468 0.000000 -0.001555
352772.399194 4026372.867432 0.000000 -0.001507
352772.450582 4026372.838391 0.000000 -0.001462
352772.501968 4026372.809347 0.000000 -0.001419
352772.553351 4026372.780299 0.000000 -0.001378
352772.604732 4026372.751246 0.000000 -0.001339
352772.656112 4026372.722190 0.000000 -0.001302
352772.707489 4026372.693131 0.000000 -0.001267
352772.758864 4026372.664067 0.000000 -0.001234
352772.810238 4026372.635001 0.000000 -0.001203
352772.861609 4026372.605931 0.000000 -0.001173
352772.912979 4026372.576857 0.000000 -0.001145
352772.964347 4026372.547780 0.000000 -0.001119
352773.015713 4026372.518701 0.000000 -0.001095
352773.067077 4026372.489618 0.000000 -0.001072
352773.118440 4026372.460532 0.000000 -0.001051
352773.169801 4026372.431443 0.000000 -0.001032
352773.221160 4026372.402351 0.000000 -0.001014
352773.272518 4026372.373256 0.000000 -0.000997
352773.323874 4026372.344158 0.000000 -0.000981
352773.375228 4026372.315058 0.000000 -0.000967
352773.426581 4026372.285955 0.000000 -0.000955
352773.477933 4026372.256849 0.000000 -0.000943
352773.529283 4026372.227740 0.000000 -0.000932
352773.580631 4026372.198629 0.000000 -0.000923
352773.631978 4026372.169515 0.000000 -0.000915
352773.683324 4026372.140398 0.000000 -0.000907
352773.734668 4026372.111279 0.000000 -0.000901
352773.786010 4026372.082157 0.000000 -0.000895
352773.837351 4026372.053032 0.000000 -0.000890
352773.888691 4026372.023905 0.000000 -0.000886
352773.940029 4026371.994775 0.000000 -0.000882
352773.991365 4026371.965643 0.000000 -0.000880
352774.042701 4026371.936508 0.000000 -0.000877
352774.094034 4026371.907370 0.000000 -0.000876
352774.145367 4026371.878230 0.000000 -0.000875
352774.196697 4026371.849088 0.000000 -0.000874
352774.248027 4026371.819942 0.000000 -0.000874
352774.299354 4026371.790794 0.000000 -0.000874
352774.350681 4026371.761644 0.000000 -0.000875
352774.402005 4026371.732491 0.000000 -0.000875
352774.453329 4026371.703335 0.000000 -0.000877
352774.504651 4026371.674176 0.000000 -0.000878
352774.555971 4026371.645015 0.000000 -0.000879
352774.607290 4026371.615852 0.000000 -0.000881
352774.658607 4026371.586685 0.000000 -0.000883
352774.709923 4026371.557516 0.000000 -0.000885
352774.761237 4026371.528344 0.000000 -0.000887
352774.812550 4026371.499170 0.000000 -0.000889
352774.863861 4026371.469993 0.000000 -0.000891
352774.915171 4026371.440813 0.000000 -0.000893
352774.966479 4026371.411631 0.000000 -0.000895
352775.017786 4026371.382445 0.000000 -0.000897
352775.069091 4026371.353257 0.000000 -0.000899
352775.120394 4026371.324067 0.000000 -0.000901
352775.171696 4026371.294873 0.000000 -0.000902
352775.222997 4026371.265677 0.000000 -0.000904
352775.274295 4026371.236478 0.000000 -0.000905
352775.325593 4026371.207276 0.000000 -0.000906
352775.376888 4026371.178071 0.000000 -0.000907
352775.428182 4026371.148864 0.000000 -0.000908
352775.479475 4026371.119654 0.000000 -0.000909
352775.530766 4026371.090441 0.000000 -0.000909
352775.582055 4026371.061225 0.000000 -0.000909
352775.633343 4026371.032007 0.000000 -0.000909
352775.684629 4026371.002786 0.000000 -0.000909
352775.735913 4026370.973562 0.000000 -0.000908
352775.787196 4026370.944335 0.000000 -0.000907
352775.838478 4026370.915105 0.000000 -0.000906
352775.889757 4026370.885873 0.000000 -0.000904
352775.941036 4026370.856638 0.000000 -0.000902
352775.992312 4026370.827400 0.000000 -0.000900
352776.043587 4026370.798159 0.000000 -0.000898
352776.094861 4026370.768915 0.000000 -0.000895
352776.146133 4026370.739669 0.000000 -0.000893
352776.197403 4026370.710420 0.000000 -0.000889
352776.248672 4026370.681169 0.000000 -0.000886
352776.299939 4026370.651914 0.000000 -0.000882
352776.351205 4026370.622657 0.000000 -0.000879
352776.402469 4026370.593397 0.000000 -0.000874
352776.453731 4026370.564135 0.000000 -0.000870
352776.504993 4026370.534870 0.000000 -0.000866
352776.556252 4026370.505602 0.000000 -0.000861
352776.607510 4026370.476331 0.000000 -0.000856
352776.658767 4026370.447058 0.000000 -0.000851
352776.710022 4026370.417783 0.000000 -0.000846
352776.761276 4026370.388505 0.000000 -0.000841
352776.812528 4026370.359224 0.000000 -0.000835
352776.863779 4026370.329941 0.000000 -0.000830
352776.915028 4026370.300655 0.000000 -0.000824
352776.966276 4026370.271367 0.000000 -0.000819
352777.017523 4026370.242076 0.000000 -0.000813
352777.068768 4026370.212783 0.000000 -0.000807
352777.120012 4026370.183487 0.000000 -0.000802
352777.171254 4026370.154189 0.000000 -0.000797
352777.222495 4026370.124889 0.000000 -0.000791
352777.273735 4026370.095586 0.000000 -0.000786
352777.324973 4026370.066281 0.000000 -0.000781
352777.376210 4026370.036973 0.000000 -0.000776
352777.427446 4026370.007663 0.000000 -0.000772
352777.478680 4026369.978351 0.000000 -0.000768
352777.529913 4026369.949037 0.000000 -0.000764
352777.581145 4026369.919720 0.000000 -0.000760
352777.632375 4026369.890401 0.000000 -0.000757
352777.683604 4026369.861080 0.000000 -0.000754
352777.734832 4026369.831757 0.000000 -0.000752
352777.786059 4026369.802431 0.000000 -0.000750
352777.837284 4026369.773103 0.000000 -0.000749
352777.888508 4026369.743773 0.000000 -0.000749
352777.939731 4026369.714441 0.000000 -0.000749
352777.990953 4026369.685107 0.000000 -0.000749
352778.042173 4026369.655770 0.000000 -0.000751
352778.093393 4026369.626432 0.000000 -0.000753
352778.144610 4026369.597091 0.000000 -0.000756
352778.195827 4026369.567748 0.000000 -0.000759
352778.247042 4026369.538403 0.000000 -0.000764
352778.298257 4026369.509055 0.000000 -0.000769
352778.349469 4026369.479706 0.000000 -0.000776
352778.400681 4026369.450354 0.000000 -0.000783
352778.451891 4026369.421000 0.000000 -0.000791
352778.503100 4026369.391644 0.000000 -0.000800
352778.554308 4026369.362285 0.000000 -0.000811
352778.605514 4026369.332924 0.000000 -0.000822
352778.656719 4026369.303561 0.000000 -0.000834
352778.707923 4026369.274195 0.000000 -0.000847
352778.759125 4026369.244827 0.000000 -0.000862
352778.810326 4026369.215457 0.000000 -0.000878
352778.861525 4026369.186084 0.000000 -0.000894
352778.912723 4026369.156708 0.000000 -0.000912
352778.963919 4026369.127330 0.000000 -0.000931
352779.015114 4026369.097949 0.000000 -0.000951
352779.066307 4026369.068565 0.000000 -0.000972
352779.117499 4026369.039179 0.000000 -0.000994
352779.168689 4026369.009789 0.000000 -0.001017
352779.219877 4026368.980397 0.000000 -0.001042
352779.271063 4026368.951002 0.000000 -0.001067
352779.322248 4026368.921603 0.000000 -0.001094
352779.373431 4026368.892202 0.000000 -0.001121
352779.424612 4026368.862797 0.000000 -0.001150
352779.475790 4026368.833389 0.000000 -0.001179
352779.526967 4026368.803977 0.000000 -0.001210
352779.578142 4026368.774562 0.000000 -0.001241
352779.629315 4026368.745143 0.000000 -0.001273
352779.680485 4026368.715721 0.000000 -0.001306
352779.731654 4026368.686294 0.000000 -0.001340
352779.782820 4026368.656864 0.000000 -0.001375
352779.833983 4026368.627429 0.000000 -0.001411
352779.885144 4026368.597991 0.000000 -0.001447
352779.936303 4026368.568548 0.000000 -0.001483
352779.987459 4026368.539100 0.000000 -0.001521
352780.038612 4026368.509649 0.000000 -0.001559
352780.089763 4026368.480192 0.000000 -0.001597
352780.140911 4026368.450731 0.000000 -0.001636
352780.192056 4026368.421264 0.000000 -0.001675
352780.243198 4026368.391793 0.000000 -0.001714
352780.294337 4026368.362317 0.000000 -0.001754
352780.345473 4026368.332835 0.000000 -0.001794
352780.396606 4026368.303348 0.000000 -0.001834
352780.447735 4026368.273855 0.000000 -0.001873
352780.498861 4026368.244356 0.000000 -0.001913
352780.549984 4026368.214852 0.000000 -0.001953
352780.601103 4026368.185342 0.000000 -0.001992
352780.652219 4026368.155826 0.000000 -0.002032
352780.703331 4026368.126303 0.000000 -0.002071
352780.754440 4026368.096775 0.000000 -0.002109
352780.805544 4026368.067239 0.000000 -0.002147
352780.856645 4026368.037698 0.000000 -0.002185
352780.907742 4026368.008149 0.000000 -0.002222
352780.958835 4026367.978594 0.000000 -0.002258
352781.009924 4026367.949032 0.000000 -0.002294
352781.061009 4026367.919463 0.000000 -0.002329
352781.112089 4026367.889886 0.000000 -0.002363
352781.163166 4026367.860303 0.000000 -0.002396
352781.214238 4026367.830712 0.000000 -0.002428
352781.265305 4026367.801113 0.000000 -0.002459
352781.316369 4026367.771507 0.000000 -0.002489
352781.367427 4026367.741893 0.000000 -0.002518
352781.418482 4026367.712272 0.000000 -0.002546
352781.469531 4026367.682642 0.000000 -0.002572
352781.520576 4026367.653005 0.000000 -0.002598
352781.571616 4026367.623360 0.000000 -0.002622
352781.622652 4026367.593707 0.000000 -0.002645
352781.673683 4026367.564045 0.000000 -0.002666
352781.724709 4026367.534375 0.000000 -0.002686
352781.775730 4026367.504697 0.000000 -0.002704
352781.826746 4026367.475011 0.000000 -0.002722
352781.877757 4026367.445316 0.000000 -0.002737
352781.928764 4026367.415613 0.000000 -0.002752
352781.979765 4026367.385901 0.000000 -0.002764
352782.030762 4026367.356181 0.000000 -0.002775
352782.081753 4026367.326453 0.000000 -0.002785
352782.132739 4026367.296715 0.000000 -0.002793
352782.183721 4026367.266969 0.000000 -0.002800
352782.234697 4026367.237215 0.000000 -0.002805
352782.285668 4026367.207451 0.000000 -0.002809
352782.336634 4026367.177680 0.000000 -0.002811
352782.387596 4026367.147899 0.000000 -0.002811
352782.438552 4026367.118110 0.000000 -0.002810
352782.489503 4026367.088312 0.000000 -0.002808
352782.540449 4026367.058506 0.000000 -0.002804
352782.591389 4026367.028691 0.000000 -0.002798
352782.642325 4026366.998867 0.000000 -0.002791
352782.693256 4026366.969035 0.000000 -0.002783
352782.744182 4026366.939194 0.000000 -0.002773
352782.795103 4026366.909345 0.000000 -0.002762
352782.846019 4026366.879487 0.000000 -0.002750
352782.896930 4026366.849621 0.000000 -0.002736
352782.947836 4026366.819746 0.000000 -0.002721
352782.998737 4026366.789863 0.000000 -0.002705
352783.049633 4026366.759972 0.000000 -0.002687
352783.100525 4026366.730073 0.000000 -0.002668
352783.151412 4026366.700165 0.000000 -0.002649
352783.202294 4026366.670249 0.000000 -0.002628
352783.253171 4026366.640326 0.000000 -0.002606
352783.304044 4026366.610394 0.000000 -0.002583
352783.354912 4026366.580455 0.000000 -0.002559
352783.405775 4026366.550508 0.000000 -0.002534
352783.456634 4026366.520553 0.000000 -0.002509
352783.507489 4026366.490590 0.000000 -0.002482
352783.558339 4026366.460620 0.000000 -0.002455
352783.609185 4026366.430642 0.000000 -0.002427
352783.660026 4026366.400658 0.000000 -0.002399
352783.710864 4026366.370665 0.000000 -0.002370
352783.761697 4026366.340666 0.000000 -0.002340
352783.812526 4026366.310660 0.000000 -0.002310
352783.863351 4026366.280647 0.000000 -0.002279
352783.914171 4026366.250626 0.000000 -0.002249
352783.964988 4026366.220599 0.000000 -0.002217
352784.015801 4026366.190566 0.000000 -0.002186
352784.066610 4026366.160526 0.000000 -0.002154
352784.117416 4026366.130479 0.000000 -0.002123
352784.168217 4026366.100426 0.000000 -0.002091
352784.219015 4026366.070367 0.000000 -0.002059
352784.269810 4026366.040301 0.000000 -0.002027
352784.320601 4026366.010230 0.000000 -0.001995
352784.371388 4026365.980152 0.000000 -0.001964
352784.422172 4026365.950069 0.000000 -0.001933
352784.472952 4026365.919980 0.000000 -0.001902
352784.523730 4026365.889885 0.000000 -0.001871
352784.574504 4026365.859785 0.000000 -0.001841
352784.625274 4026365.829680 0.000000 -0.001811
352784.676042 4026365.799569 0.000000 -0.001782
352784.726807 4026365.769452 0.000000 -0.001753
352784.777568 4026365.739331 0.000000 -0.001726
352784.828327 4026365.709205 0.000000 -0.001698
352784.879083 4026365.679073 0.000000 -0.001672
352784.929836 4026365.648937 0.000000 -0.001647
352784.980586 4026365.618796 0.000000 -0.001622
352785.031333 4026365.588650 0.000000 -0.001599
352785.082077 4026365.558500 0.000000 -0.001576
352785.132819 4026365.528345 0.000000 -0.001555
352785.183558 4026365.498185 0.000000 -0.001535
352785.234295 4026365.468021 0.000000 -0.001516
352785.285029 4026365.437853 0.000000 -0.001498
352785.335760 4026365.407680 0.000000 -0.001482
352785.386489 4026365.377503 0.000000 -0.001467
352785.437216 4026365.347322 0.000000 -0.001454
352785.487940 4026365.317137 0.000000 -0.001442
352785.538661 4026365.286948 0.000000 -0.001432
352785.589381 4026365.256754 0.000000 -0.001424
352785.640098 4026365.226557 0.000000 -0.001417
352785.690812 4026365.196355 0.000000 -0.001413
352785.741524 4026365.166150 0.000000 -0.001410
352785.792234 4026365.135941 0.000000 -0.001409
352785.842941 4026365.105727 0.000000 -0.001410
352785.893646 4026365.075510 0.000000 -0.001413
352785.944349 4026365.045289 0.000000 -0.001418
352785.995049 4026365.015064 0.000000 -0.001425
352786.045747 4026364.984834 0.000000 -0.001434
352786.096442 4026364.954601 0.000000 -0.001445
352786.147135 4026364.924364 0.000000 -0.001459
352786.197826 4026364.894123 0.000000 -0.001474
352786.248514 4026364.863877 0.000000 -0.001492
352786.299200 4026364.833628 0.000000 -0.001512
352786.349883 4026364.803374 0.000000 -0.001535
352786.400563 4026364.773116 0.000000 -0.001559
352786.451241 4026364.742853 0.000000 -0.001586
352786.501916 4026364.712586 0.000000 -0.001615
352786.552588 4026364.682314 0.000000 -0.001647
352786.603258 4026364.652038 0.000000 -0.001680
352786.653925 4026364.621757 0.000000 -0.001716
352786.704588 4026364.591472 0.000000 -0.001755
352786.755249 4026364.561181 0.000000 -0.001795
352786.805906 4026364.530885 0.000000 -0.001837
352786.856561 4026364.500584 0.000000 -0.001882
352786.907212 4026364.470278 0.000000 -0.001929
352786.957859 4026364.439966 0.000000 -0.001978
352787.008504 4026364.409648 0.000000 -0.002029
352787.059144 4026364.379325 0.000000 -0.002081
352787.109781 4026364.348995 0.000000 -0.002136
352787.160414 4026364.318660 0.000000 -0.002193
352787.211044 4026364.288318 0.000000 -0.002251
352787.261669 4026364.257969 0.000000 -0.002311
352787.312290 4026364.227614 0.000000 -0.002373
352787.362907 4026364.197252 0.000000 -0.002437
352787.413520 4026364.166883 0.000000 -0.002501
352787.464128 4026364.136507 0.000000 -0.002568
352787.514731 4026364.106123 0.000000 -0.002635
352787.565330 4026364.075732 0.000000 -0.002704
352787.615923 4026364.045332 0.000000 -0.002774
352787.666512 4026364.014924 0.000000 -0.002845
352787.717096 4026363.984508 0.000000 -0.002917
352787.767674 4026363.954084 0.000000 -0.002990
352787.818247 4026363.923650 0.000000 -0.003063
352787.868814 4026363.893208 0.000000 -0.003137
352787.919375 4026363.862756 0.000000 -0.003211
352787.969931 4026363.832294 0.000000 -0.003286
352788.020480 4026363.801823 0.000000 -0.003361
352788.071023 4026363.771342 0.000000 -0.003436
352788.121560 4026363.740851 0.000000 -0.003511
352788.172091 4026363.710349 0.000000 -0.003586
352788.222614 4026363.679836 0.000000 -0.003661
352788.273131 4026363.649312 0.000000 -0.003735
352788.323641 4026363.618777 0.000000 -0.003809
352788.374144 4026363.588231 0.000000 -0.003882
352788.424640 4026363.557673 0.000000 -0.003954
352788.475128 4026363.527103 0.000000 -0.004026
352788.525609 4026363.496521 0.000000 -0.004096
352788.576082 4026363.465927 0.000000 -0.004165
352788.626548 4026363.435320 0.000000 -0.004233
352788.677005 4026363.404700 0.000000 -0.004300
352788.727454 4026363.374067 0.000000 -0.004366
352788.777896 4026363.343421 0.000000 -0.004429
352788.828329 4026363.312762 0.000000 -0.004491
352788.878753 4026363.282089 0.000000 -0.004552
352788.929169 4026363.251402 0.000000 -0.004610
352788.979576 4026363.220702 0.000000 -0.004667
352789.029975 4026363.189987 0.000000 -0.004721
352789.080364 4026363.159258 0.000000 -0.004774
352789.130745 4026363.128514 0.000000 -0.004824
352789.181117 4026363.097756 0.000000 -0.004872
352789.231479 4026363.066983 0.000000 -0.004918
352789.281832 4026363.036195 0.000000 -0.004962
352789.332176 4026363.005392 0.000000 -0.005003
352789.382511 4026362.974574 0.000000 -0.005041
352789.432836 4026362.943740 0.000000 -0.005077
352789.483151 4026362.912892 0.000000 -0.005111
352789.533457 4026362.882027 0.000000 -0.005142
352789.583753 4026362.851147 0.000000 -0.005170
352789.634040 4026362.820252 0.000000 -0.005196
352789.684316 4026362.789340 0.000000 -0.005219
352789.734583 4026362.758413 0.000000 -0.005240
352789.784840 4026362.727470 0.000000 -0.005257
352789.835087 4026362.696511 0.000000 -0.005272
352789.885325 4026362.665536 0.000000 -0.005285
352789.935552 4026362.634545 0.000000 -0.005295
352789.985769 4026362.603538 0.000000 -0.005302
352790.035977 4026362.572515 0.000000 -0.005306
352790.086174 4026362.541476 0.000000 -0.005308
352790.136362 4026362.510421 0.000000 -0.005307
352790.186539 4026362.479350 0.000000 -0.005304
352790.236707 4026362.448262 0.000000 -0.005298
352790.286865 4026362.417159 0.000000 -0.005290
352790.337013 4026362.386040 0.000000 -0.005279
352790.387151 4026362.354905 0.000000 -0.005266
352790.437279 4026362.323754 0.000000 -0.005251
352790.487397 4026362.292587 0.000000 -0.005233
352790.537506 4026362.261404 0.000000 -0.005213
352790.587605 4026362.230206 0.000000 -0.005191
352790.637694 4026362.198992 0.000000 -0.005166
352790.687773 4026362.167763 0.000000 -0.005140
352790.737843 4026362.136518 0.000000 -0.005112
352790.787904 4026362.105258 0.000000 -0.005081
352790.837954 4026362.073982 0.000000 -0.005049
352790.887996 4026362.042692 0.000000 -0.005015
352790.938028 4026362.011386 0.000000 -0.004980
352790.988051 4026361.980066 0.000000 -0.004943
352791.038065 4026361.948730 0.000000 -0.004904
352791.088070 4026361.917381 0.000000 -0.004864
352791.138066 4026361.886016 0.000000 -0.004822
352791.188052 4026361.854637 0.000000 -0.004779
352791.238030 4026361.823244 0.000000 -0.004735
352791.288000 4026361.791837 0.000000 -0.004690
352791.337960 4026361.760416 0.000000 -0.004644
352791.387912 4026361.728981 0.000000 -0.004597
352791.437856 4026361.697532 0.000000 -0.004549
352791.487791 4026361.666070 0.000000 -0.004500
352791.537718 4026361.634595 0.000000 -0.004450
352791.587636 4026361.603106 0.000000 -0.004400
352791.637547 4026361.571604 0.000000 -0.004349
352791.687449 4026361.540089 0.000000 -0.004298
352791.737344 4026361.508562 0.000000 -0.004246
352791.787231 4026361.477022 0.000000 -0.004194
352791.837110 4026361.445470 0.000000 -0.004142
352791.886981 4026361.413906 0.000000 -0.004089
352791.936845 4026361.382329 0.000000 -0.004037
352791.986702 4026361.350741 0.000000 -0.003984
352792.036551 4026361.319140 0.000000 -0.003931
352792.086394 4026361.287529 0.000000 -0.003879
352792.136229 4026361.255906 0.000000 -0.003827
352792.186057 4026361.224271 0.000000 -0.003774
352792.235878 4026361.192626 0.000000 -0.003723
352792.285692 4026361.160970 0.000000 -0.003671
352792.335500 4026361.129303 0.000000 -0.003621
352792.385301 4026361.097625 0.000000 -0.003570
352792.435096 4026361.065937 0.000000 -0.003521
352792.484884 4026361.034239 0.000000 -0.003472
352792.534666 4026361.002530 0.000000 -0.003423
352792.584441 4026360.970812 0.000000 -0.003376
352792.634211 4026360.939084 0.000000 -0.003329
352792.683975 4026360.907346 0.000000 -0.003283
352792.733732 4026360.875598 0.000000 -0.003239
352792.783484 4026360.843841 0.000000 -0.003195
352792.833230 4026360.812075 0.000000 -0.003152
352792.882970 4026360.780300 0.000000 -0.003111
352792.932704 4026360.748516 0.000000 -0.003071
352792.982433 4026360.716723 0.000000 -0.003032
352793.032157 4026360.684921 0.000000 -0.002995
352793.081875 4026360.653111 0.000000 -0.002958
352793.131588 4026360.621292 0.000000 -0.002924
352793.181295 4026360.589465 0.000000 -0.002890
352793.230997 4026360.557629 0.000000 -0.002859
352793.280694 4026360.525786 0.000000 -0.002829
352793.330386 4026360.493934 0.000000 -0.002800
352793.380073 4026360.462074 0.000000 -0.002773
352793.429755 4026360.430206 0.000000 -0.002748
352793.479432 4026360.398330 0.000000 -0.002725
352793.529104 4026360.366447 0.000000 -0.002703
352793.578771 4026360.334556 0.000000 -0.002683
352793.628434 4026360.302657 0.000000 -0.002665
352793.678091 4026360.270751 0.000000 -0.002649
352793.727744 4026360.238837 0.000000 -0.002635
352793.777392 4026360.206916 0.000000 -0.002622
352793.827035 4026360.174987 0.000000 -0.002611
352793.876674 4026360.143050 0.000000 -0.002603
352793.926308 4026360.111107 0.000000 -0.002596
352793.975937 4026360.079156 0.000000 -0.002591
352794.025562 4026360.047197 0.000000 -0.002588
352794.075182 4026360.015231 0.000000 -0.002586
352794.124798 4026359.983258 0.000000 -0.002587
352794.174409 4026359.951277 0.000000 -0.002589
352794.224015 4026359.919288 0.000000 -0.002594
352794.273617 4026359.887293 0.000000 -0.002600
352794.323215 4026359.855289 0.000000 -0.002608
352794.372808 4026359.823278 0.000000 -0.002617
352794.422396 4026359.791259 0.000000 -0.002629
352794.471981 4026359.759232 0.000000 -0.002642
352794.521561 4026359.727198 0.000000 -0.002656
352794.571137 4026359.695155 0.000000 -0.002672
352794.620709 4026359.663104 0.000000 -0.002690
352794.670277 4026359.631045 0.000000 -0.002709
352794.719841 4026359.598978 0.000000 -0.002730
352794.769401 4026359.566901 0.000000 -0.002752
352794.818957 4026359.534816 0.000000 -0.002775
352794.868509 4026359.502722 0.000000 -0.002799
352794.918059 4026359.470619 0.000000 -0.002825
352794.967604 4026359.438507 0.000000 -0.002852
352795.017147 4026359.406384 0.000000 -0.002879
352795.066687 4026359.374252 0.000000 -0.002907
352795.116224 4026359.342110 0.000000 -0.002937
352795.165758 4026359.309957 0.000000 -0.002966
352795.215291 4026359.277793 0.000000 -0.002997
352795.264821 4026359.245619 0.000000 -0.003028
352795.314350 4026359.213432 0.000000 -0.003059
352795.363877 4026359.181234 0.000000 -0.003090
352795.413403 4026359.149024 0.000000 -0.003122
352795.462929 4026359.116801 0.000000 -0.003154
352795.512455 4026359.084564 0.000000 -0.003185
352795.561981 4026359.052315 0.000000 -0.003217
352795.611508 4026359.020051 0.000000 -0.003248
352795.661036 4026358.987773 0.000000 -0.003279
352795.710566 4026358.955479 0.000000 -0.003309
352795.760098 4026358.923170 0.000000 -0.003338
352795.809634 4026358.890845 0.000000 -0.003367
352795.859173 4026358.858503 0.000000 -0.003395
352795.908717 4026358.826144 0.000000 -0.003422
352795.958267 4026358.793767 0.000000 -0.003448
352796.007823 4026358.761370 0.000000 -0.003472
352796.057385 4026358.728955 0.000000 -0.003496
352796.106956 4026358.696519 0.000000 -0.003518
352796.156536 4026358.664062 0.000000 -0.003538
352796.206126 4026358.631584 0.000000 -0.003557
352796.255727 4026358.599083 0.000000 -0.003575
352796.305340 4026358.566558 0.000000 -0.003590
352796.354967 4026358.534009 0.000000 -0.003604
352796.404608 4026358.501435 0.000000 -0.003616
352796.454266 4026358.468834 0.000000 -0.003627
352796.503941 4026358.436207 0.000000 -0.003635
352796.553635 4026358.403551 0.000000 -0.003641
352796.603350 4026358.370866 0.000000 -0.003645
352796.653087 4026358.338151 0.000000 -0.003647
352796.702847 4026358.305404 0.000000 -0.003647
352796.752632 4026358.272624 0.000000 -0.003645
352796.802445 4026358.239811 0.000000 -0.003641
352796.852286 4026358.206963 0.000000 -0.003635
352796.902158 4026358.174079 0.000000 -0.003627
352796.952063 4026358.141157 0.000000 -0.003616
352797.002003 4026358.108197 0.000000 -0.003604
352797.051979 4026358.075196 0.000000 -0.003589
352797.101994 4026358.042154 0.000000 -0.003573
352797.152050 4026358.009069 0.000000 -0.003554
352797.202150 4026357.975940 0.000000 -0.003534
352797.252295 4026357.942764 0.000000 -0.003512
352797.302487 4026357.909542 0.000000 -0.003488
352797.352731 4026357.876271 0.000000 -0.003462
352797.403027 4026357.842949 0.000000 -0.003435
352797.453378 4026357.809576 0.000000 -0.003406
352797.503787 4026357.776149 0.000000 -0.003376
352797.554257 4026357.742666 0.000000 -0.003345
352797.604790 4026357.709127 0.000000 -0.003312
352797.655389 4026357.675529 0.000000 -0.003278
352797.706057 4026357.641871 0.000000 -0.003243
352797.756796 4026357.608150 0.000000 -0.003208
352797.807610 4026357.574366 0.000000 -0.003172
352797.858502 4026357.540515 0.000000 -0.003135
352797.909473 4026357.506597 0.000000 -0.003097
352797.960529 4026357.472610 0.000000 -0.003059
352798.011671 4026357.438550 0.000000 -0.003021
352798.062903 4026357.404418 0.000000 -0.002983
352798.114227 4026357.370209 0.000000 -0.002946
352798.165648 4026357.335924 0.000000 -0.002908
352798.217168 4026357.301558 0.000000 -0.002870
352798.268790 4026357.267112 0.000000 -0.002833
352798.320519 4026357.232581 0.000000 -0.002797
352798.372356 4026357.197965 0.000000 -0.002762
352798.424306 4026357.163261 0.000000 -0.002727
352798.476372 4026357.128467 0.000000 -0.002693
352798.528557 4026357.093581 0.000000 -0.002660
352798.580865 4026357.058600 0.000000 -0.002629
352798.633299 4026357.023523 0.000000 -0.002599
352798.685862 4026356.988347 0.000000 -0.002570
352798.738559 4026356.953070 0.000000 -0.002543
352798.791392 4026356.917689 0.000000 -0.002517
352798.844365 4026356.882203 0.000000 -0.002493
352798.897482 4026356.846609 0.000000 -0.002471
352798.950746 4026356.810904 0.000000 -0.002451
352799.004160 4026356.775086 0.000000 -0.002432
352799.057729 4026356.739154 0.000000 -0.002415
352799.111456 4026356.703103 0.000000 -0.002400
352799.165344 4026356.666933 0.000000 -0.002387
352799.219397 4026356.630640 0.000000 -0.002376
352799.273618 4026356.594222 0.000000 -0.002367
352799.328013 4026356.557677 0.000000 -0.002360
352799.382583 4026356.521002 0.000000 -0.002356
352799.437332 4026356.484194 0.000000 -0.002352
352799.492265 4026356.447251 0.000000 -0.002351
352799.547385 4026356.410170 0.000000 -0.002352
352799.602696 4026356.372949 0.000000 -0.002355
352799.658201 4026356.335585 0.000000 -0.002360
352799.713904 4026356.298075 0.000000 -0.002366
352799.769809 4026356.260417 0.000000 -0.002374
352799.825920 4026356.222607 0.000000 -0.002384
352799.882240 4026356.184643 0.000000 -0.002396
352799.938774 4026356.146523 0.000000 -0.002409
352799.995525 4026356.108242 0.000000 -0.002423
352800.052498 4026356.069800 0.000000 -0.002439
352800.109695 4026356.031191 0.000000 -0.002457
352800.167121 4026355.992415 0.000000 -0.002475
352800.224780 4026355.953466 0.000000 -0.002495
352800.282677 4026355.914344 0.000000 -0.002516
352800.340814 4026355.875044 0.000000 -0.002537
352800.399197 4026355.835563 0.000000 -0.002560
352800.457829 4026355.795898 0.000000 -0.002583
352800.516714 4026355.756047 0.000000 -0.002607
352800.575857 4026355.716005 0.000000 -0.002631
352800.635262 4026355.675770 0.000000 -0.002656
352800.694933 4026355.635338 0.000000 -0.002681
352800.754876 4026355.594705 0.000000 -0.002707
352800.815093 4026355.553869 0.000000 -0.002732
352800.875590 4026355.512825 0.000000 -0.002757
352800.936371 4026355.471571 0.000000 -0.002783
352800.997442 4026355.430102 0.000000 -0.002807
352801.058806 4026355.388415 0.000000 -0.002832
352801.120469 4026355.346506 0.000000 -0.002856
352801.182435 4026355.304372 0.000000 -0.002880
352801.244709 4026355.262008 0.000000 -0.002903
352801.307297 4026355.219410 0.000000 -0.002925
352801.370204 4026355.176575 0.000000 -0.002946
352801.433435 4026355.133498 0.000000 -0.002966
352801.496995 4026355.090175 0.000000 -0.002985
352801.560890 4026355.046602 0.000000 -0.003003
352801.625126 4026355.002775 0.000000 -0.003020
352801.689709 4026354.958688 0.000000 -0.003035
352801.754643 4026354.914338 0.000000 -0.003049
352801.819936 4026354.869720 0.000000 -0.003061
352801.885594 4026354.824828 0.000000 -0.003072
352801.951623 4026354.779658 0.000000 -0.003081
352802.018030 4026354.734205 0.000000 -0.003088
352802.084822 4026354.688464 0.000000 -0.003094
352802.152006 4026354.642429 0.000000 -0.003098
352802.219588 4026354.596095 0.000000 -0.003100
352802.287577 4026354.549456 0.000000 -0.003100
352802.355981 4026354.502506 0.000000 -0.003098
352802.424807 4026354.455240 0.000000 -0.003094
352802.494063 4026354.407650 0.000000 -0.003087
352802.563759 4026354.359731 0.000000 -0.003079
352802.633904 4026354.311476 0.000000 -0.003068
352802.704505 4026354.262878 0.000000 -0.003056
352802.775574 4026354.213930 0.000000 -0.003041
352802.847120 4026354.164625 0.000000 -0.003024
352802.919153 4026354.114955 0.000000 -0.003004
352802.991684 4026354.064913 0.000000 -0.002982
352803.064725 4026354.014489 0.000000 -0.002958
352803.138286 4026353.963676 0.000000 -0.002932
352803.212380 4026353.912466 0.000000 -0.002904
352803.287019 4026353.860848 0.000000 -0.002873
352803.362217 4026353.808814 0.000000 -0.002840
352803.437987 4026353.756353 0.000000 -0.002804
352803.514342 4026353.703457 0.000000 -0.002767
352803.591297 4026353.650114 0.000000 -0.002727
352803.668869 4026353.596313 0.000000 -0.002685
352803.747071 4026353.542044 0.000000 -0.002641
352803.825922 4026353.487294 0.000000 -0.002595
352803.905437 4026353.432052 0.000000 -0.002547
352803.985634 4026353.376305 0.000000 -0.002497
352804.066532 4026353.320040 0.000000 -0.002446
352804.148151 4026353.263243 0.000000 -0.002392
352804.230509 4026353.205901 0.000000 -0.002337
352804.313628 4026353.147998 0.000000 -0.002280
352804.397529 4026353.089520 0.000000 -0.002221
352804.482234 4026353.030452 0.000000 -0.002162
352804.567766 4026352.970776 0.000000 -0.002100
352804.654150 4026352.910476 0.000000 -0.002038
352804.741410 4026352.849535 0.000000 -0.001974
352804.829573 4026352.787935 0.000000 -0.001909
352804.918665 4026352.725656 0.000000 -0.001844
352805.008715 4026352.662679 0.000000 -0.001777
352805.099753 4026352.598982 0.000000 -0.001710
352805.191811 4026352.534545 0.000000 -0.001643
352805.284924 4026352.469342 0.000000 -0.001575
352805.379126 4026352.403348 0.000000 -0.001506
352805.474458 4026352.336538 0.000000 -0.001438
352805.570962 4026352.268880 0.000000 -0.001370
352805.668684 4026352.200342 0.000000 -0.001301
352805.767674 4026352.130891 0.000000 -0.001233
352805.867988 4026352.060486 0.000000 -0.001166
352805.969687 4026351.989087 0.000000 -0.001099
352806.072836 4026351.916647 0.000000 -0.001034
352806.177508 4026351.843114 0.000000 -0.000969
352806.283785 4026351.768434 0.000000 -0.000905
352806.391754 4026351.692543 0.000000 -0.000843
352806.501514 4026351.615374 0.000000 -0.000783
352806.613171 4026351.536852 0.000000 -0.000724
352806.726843 4026351.456894 0.000000 -0.000667
352806.842659 4026351.375411 0.000000 -0.000613
352806.960761 4026351.292302 0.000000 -0.000560
352807.081305 4026351.207460 0.000000 -0.000510
352807.204460 4026351.120764 0.000000 -0.000463
352807.330412 4026351.032086 0.000000 -0.000418
352807.459362 4026350.941283 0.000000 -0.000399
352807.591532 4026350.848201 0.000000 -0.000380
352807.727159 4026350.752672 0.000000 -0.000361
352807.866504 4026350.654513 0.000000 -0.000342
352808.009848 4026350.553529 0.000000 -0.000323
352808.157494 4026350.449503 0.000000 -0.000304
352808.309772 4026350.342207 0.000000 -0.000285
352808.467035 4026350.231391 0.000000 -0.000266
352808.629665 4026350.116786 0.000000 -0.000247
352808.798072 4026349.998105 0.000000 -0.000228
352808.972696 4026349.875036 0.000000 -0.000209
352809.154011 4026349.747249 0.000000 -0.000190
352809.342521 4026349.614387 0.000000 -0.000171
352809.538767 4026349.476070 0.000000 -0.000152
352809.743327 4026349.331891 0.000000 -0.000133
352809.956818 4026349.181415 0.000000 -0.000114
352810.179895 4026349.024181 0.000000 -0.000095
352810.413257 4026348.859697 0.000000 -0.000076
352810.657648 4026348.687439 0.000000 -0.000057
352810.913855 4026348.506851 0.000000 -0.000038
352811.182716 4026348.317345 0.000000 -0.000019
