352749.388768 4026381.296310 0.000000 0.000000
352749.695445 4026381.145169 0.000000 -0.000026
352749.987418 4026381.001274 0.000000 -0.000052
352750.265649 4026380.864151 0.000000 -0.000078
352750.531048 4026380.733352 0.000000 -0.000104
352750.784470 4026380.608455 0.000000 -0.000130
352751.026721 4026380.489062 0.000000 -0.000155
352751.258560 4026380.374798 0.000000 -0.000181
352751.480700 4026380.265313 0.000000 -0.000207
352751.693809 4026380.160276 0.000000 -0.000233
352751.898514 4026380.059377 0.000000 -0.000259
352752.095402 4026379.962326 0.000000 -0.000285
352752.285021 4026379.868853 0.000000 -0.000311
352752.467883 4026379.778704 0.000000 -0.000337
352752.644467 4026379.691642 0.000000 -0.000363
352752.815217 4026379.607449 0.000000 -0.000389
352752.980546 4026379.525919 0.000000 -0.000415
352753.140839 4026379.446862 0.000000 -0.000441
352753.296452 4026379.370102 0.000000 -0.000466
352753.447714 4026379.295475 0.000000 -0.000492
352753.594929 4026379.222831 0.000000 -0.000518
352753.738380 4026379.152030 0.000000 -0.000544
352753.878324 4026379.082944 0.000000 -0.000570
352754.015001 4026379.015454 0.000000 -0.000596
352754.148628 4026378.949452 0.000000 -0.000656
352754.279408 4026378.884838 0.000000 -0.000718
352754.407523 4026378.821521 0.000000 -0.000783
352754.533141 4026378.759417 0.000000 -0.000850
352754.656416 4026378.698450 0.000000 -0.000918
352754.777488 4026378.638550 0.000000 -0.000989
352754.896483 4026378.579654 0.000000 -0.001060
352755.013519 4026378.521704 0.000000 -0.001133
352755.128699 4026378.464649 0.000000 -0.001206
352755.242120 4026378.408439 0.000000 -0.001280
352755.353869 4026378.353032 0.000000 -0.001354
352755.464024 4026378.298389 0.000000 -0.001427
352755.572658 4026378.244474 0.000000 -0.001500
352755.679835 4026378.191253 0.000000 -0.001572
352755.785615 4026378.138699 0.000000 -0.001642
352755.890052 4026378.086783 0.000000 -0.001711
352755.993197 4026378.035480 0.000000 -0.001779
352756.095094 4026377.984769 0.000000 -0.001844
352756.195788 4026377.934628 0.000000 -0.001908
352756.295316 4026377.885037 0.000000 -0.001969
352756.393715 4026377.835979 0.000000 -0.002027
352756.491021 4026377.787436 0.000000 -0.002083
352756.587265 4026377.739393 0.000000 -0.002136
352756.682478 4026377.691834 0.000000 -0.002186
352756.776690 4026377.644745 0.000000 -0.002233
352756.869929 4026377.598112 0.000000 -0.002277
352756.962222 4026377.551923 0.000000 -0.002317
352757.053596 4026377.506164 0.000000 -0.002354
352757.144075 4026377.460824 0.000000 -0.002387
352757.233684 4026377.415890 0.000000 -0.002417
352757.322446 4026377.371352 0.000000 -0.002444
352757.410384 4026377.327199 0.000000 -0.002466
352757.497519 4026377.283420 0.000000 -0.002486
352757.583873 4026377.240006 0.000000 -0.002502
352757.669465 4026377.196947 0.000000 -0.002514
352757.754316 4026377.154234 0.000000 -0.002522
352757.838444 4026377.111859 0.000000 -0.002528
352757.921866 4026377.069812 0.000000 -0.002530
352758.004601 4026377.028086 0.000000 -0.002528
352758.086665 4026376.986673 0.000000 -0.002523
352758.168075 4026376.945566 0.000000 -0.002515
352758.248845 4026376.904758 0.000000 -0.002504
352758.328991 4026376.864241 0.000000 -0.002490
352758.408527 4026376.824009 0.000000 -0.002474
352758.487467 4026376.784056 0.000000 -0.002454
352758.565825 4026376.744376 0.000000 -0.002432
352758.643613 4026376.704963 0.000000 -0.002408
352758.720844 4026376.665812 0.000000 -0.002381
352758.797530 4026376.626916 0.000000 -0.002352
352758.873683 4026376.588272 0.000000 -0.002321
352758.949314 4026376.549874 0.000000 -0.002288
352759.024433 4026376.511716 0.000000 -0.002253
352759.099051 4026376.473796 0.000000 -0.002217
352759.173178 4026376.436107 0.000000 -0.002180
352759.246823 4026376.398647 0.000000 -0.002141
352759.319997 4026376.361410 0.000000 -0.002102
352759.392709 4026376.324394 0.000000 -0.002061
352759.464966 4026376.287593 0.000000 -0.002020
352759.536778 4026376.251005 0.000000 -0.001978
352759.608153 4026376.214625 0.000000 -0.001936
352759.679099 4026376.178450 0.000000 -0.001894
352759.749625 4026376.142477 0.000000 -0.001851
352759.819736 4026376.106703 0.000000 -0.001809
352759.889441 4026376.071123 0.000000 -0.001766
352759.958747 4026376.035736 0.000000 -0.001724
352760.027662 4026376.000538 0.000000 -0.001683
352760.096191 4026375.965526 0.000000 -0.001642
352760.164341 4026375.930697 0.000000 -0.001601
352760.232119 4026375.896049 0.000000 -0.001562
352760.299532 4026375.861577 0.000000 -0.001524
352760.366585 4026375.827281 0.000000 -0.001486
352760.433284 4026375.793157 0.000000 -0.001450
352760.499636 4026375.759202 0.000000 -0.001415
352760.565647 4026375.725413 0.000000 -0.001382
352760.631321 4026375.691789 0.000000 -0.001350
352760.696664 4026375.658327 0.000000 -0.001319
352760.761683 4026375.625023 0.000000 -0.001291
352760.826382 4026375.591877 0.000000 -0.001264
352760.890767 4026375.558884 0.000000 -0.001238
352760.954843 4026375.526043 0.000000 -0.001215
352761.018614 4026375.493352 0.000000 -0.001193
352761.082087 4026375.460808 0.000000 -0.001174
352761.145266 4026375.428408 0.000000 -0.001156
352761.208156 4026375.396151 0.000000 -0.001141
352761.270762 4026375.364033 0.000000 -0.001128
352761.333088 4026375.332053 0.000000 -0.001117
352761.395140 4026375.300209 0.000000 -0.001107
352761.456921 4026375.268498 0.000000 -0.001101
352761.518437 4026375.236918 0.000000 -0.001096
352761.579692 4026375.205467 0.000000 -0.001094
352761.640690 4026375.174142 0.000000 -0.001094
352761.701435 4026375.142941 0.000000 -0.001096
352761.761933 4026375.111863 0.000000 -0.001100
352761.822188 4026375.080904 0.000000 -0.001107
352761.882203 4026375.050063 0.000000 -0.001115
352761.941983 4026375.019338 0.000000 -0.001126
352762.001532 4026374.988726 0.000000 -0.001140
352762.060854 4026374.958225 0.000000 -0.001155
352762.119954 4026374.927834 0.000000 -0.001173
352762.178835 4026374.897549 0.000000 -0.001192
352762.237502 4026374.867370 0.000000 -0.001214
352762.295958 4026374.837293 0.000000 -0.001238
352762.354208 4026374.807316 0.000000 -0.001264
352762.412255 4026374.777438 0.000000 -0.001292
352762.470104 4026374.747657 0.000000 -0.001321
352762.527758 4026374.717969 0.000000 -0.001353
352762.585220 4026374.688374 0.000000 -0.001386
352762.642496 4026374.658869 0.000000 -0.001421
352762.699589 4026374.629452 0.000000 -0.001458
352762.756502 4026374.600121 0.000000 -0.001496
352762.813239 4026374.570874 0.000000 -0.001536
352762.869805 4026374.541708 0.000000 -0.001577
352762.926202 4026374.512623 0.000000 -0.001619
352762.982435 4026374.483614 0.000000 -0.001663
352763.038507 4026374.454682 0.000000 -0.001707
352763.094422 4026374.425823 0.000000 -0.001753
352763.150183 4026374.397035 0.000000 -0.001800
352763.205795 4026374.368317 0.000000 -0.001847
352763.261260 4026374.339666 0.000000 -0.001896
352763.316582 4026374.311081 0.000000 -0.001944
352763.371765 4026374.282559 0.000000 -0.001994
352763.426812 4026374.254099 0.000000 -0.002043
352763.481727 4026374.225698 0.000000 -0.002093
352763.536513 4026374.197355 0.000000 -0.002143
352763.591174 4026374.169067 0.000000 -0.002193
352763.645713 4026374.140833 0.000000 -0.002243
352763.700133 4026374.112651 0.000000 -0.002293
352763.754437 4026374.084519 0.000000 -0.002342
352763.808630 4026374.056434 0.000000 -0.002391
352763.862713 4026374.028396 0.000000 -0.002439
352763.916691 4026374.000402 0.000000 -0.002486
352763.970567 4026373.972451 0.000000 -0.002533
352764.024343 4026373.944540 0.000000 -0.002579
352764.078023 4026373.916669 0.000000 -0.002623
352764.131610 4026373.888835 0.000000 -0.002667
352764.185106 4026373.861036 0.000000 -0.002709
352764.238515 4026373.833271 0.000000 -0.002750
352764.291840 4026373.805539 0.000000 -0.002789
352764.345083 4026373.777837 0.000000 -0.002827
352764.398248 4026373.750165 0.000000 -0.002863
352764.451336 4026373.722520 0.000000 -0.002897
352764.504352 4026373.694901 0.000000 -0.002930
352764.557296 4026373.667306 0.000000 -0.002961
352764.610173 4026373.639735 0.000000 -0.002989
352764.662984 4026373.612186 0.000000 -0.003016
352764.715732 4026373.584657 0.000000 -0.003041
352764.768419 4026373.557147 0.000000 -0.003063
352764.821048 4026373.529655 0.000000 -0.003083
352764.873621 4026373.502180 0.000000 -0.003101
352764.926140 4026373.474720 0.000000 -0.003117
352764.978608 4026373.447274 0.000000 -0.003130
352765.031026 4026373.419841 0.000000 -0.003141
352765.083398 4026373.392420 0.000000 -0.003150
352765.135724 4026373.365009 0.000000 -0.003157
352765.188006 4026373.337609 0.000000 -0.003161
352765.240248 4026373.310218 0.000000 -0.003162
352765.292450 4026373.282834 0.000000 -0.003162
352765.344614 4026373.255457 0.000000 -0.003159
352765.396742 4026373.228087 0.000000 -0.003153
352765.448836 4026373.200721 0.000000 -0.003146
352765.500897 4026373.173360 0.000000 -0.003136
352765.552927 4026373.146003 0.000000 -0.003124
352765.604928 4026373.118649 0.000000 -0.003109
352765.656901 4026373.091297 0.000000 -0.003093
352765.708847 4026373.063947 0.000000 -0.003074
352765.760767 4026373.036598 0.000000 -0.003054
352765.812664 4026373.009250 0.000000 -0.003031
352765.864537 4026372.981901 0.000000 -0.003006
352765.916389 4026372.954552 0.000000 -0.002980
352765.968221 4026372.927201 0.000000 -0.002951
352766.020033 4026372.899849 0.000000 -0.002921
352766.071827 4026372.872496 0.000000 -0.002889
352766.123604 4026372.845140 0.000000 -0.002856
352766.175365 4026372.817781 0.000000 -0.002821
352766.227109 4026372.790419 0.000000 -0.002784
352766.278840 4026372.763054 0.000000 -0.002746
352766.330556 4026372.735686 0.000000 -0.002707
352766.382260 4026372.708314 0.000000 -0.002667
352766.433951 4026372.680938 0.000000 -0.002626
352766.485631 4026372.653557 0.000000 -0.002584
352766.537300 4026372.626173 0.000000 -0.002540
352766.588959 4026372.598784 0.000000 -0.002496
352766.640608 4026372.571390 0.000000 -0.002451
352766.692248 4026372.543992 0.000000 -0.002406
352766.743880 4026372.516588 0.000000 -0.002360
352766.795503 4026372.489180 0.000000 -0.002314
352766.847119 4026372.461767 0.000000 -0.002267
352766.898728 4026372.434349 0.000000 -0.002220
352766.950330 4026372.406926 0.000000 -0.002173
352767.001926 4026372.379498 0.000000 -0.002125
352767.053516 4026372.352065 0.000000 -0.002078
352767.105101 4026372.324627 0.000000 -0.002031
352767.156680 4026372.297185 0.000000 -0.001984
352767.208254 4026372.269737 0.000000 -0.001937
352767.259823 4026372.242284 0.000000 -0.001890
352767.311389 4026372.214826 0.000000 -0.001844
352767.362950 4026372.187364 0.000000 -0.001799
352767.414507 4026372.159897 0.000000 -0.001754
352767.466060 4026372.132425 0.000000 -0.001710
352767.517610 4026372.104949 0.000000 -0.001666
352767.569157 4026372.077468 0.000000 -0.001623
352767.620700 4026372.049983 0.000000 -0.001581
352767.672241 4026372.022494 0.000000 -0.001540
352767.723779 4026371.995000 0.000000 -0.001500
352767.775314 4026371.967502 0.000000 -0.001462
352767.826846 4026371.940000 0.000000 -0.001424
352767.878376 4026371.912494 0.000000 -0.001388
352767.929904 4026371.884985 0.000000 -0.001352
352767.981430 4026371.857471 0.000000 -0.001319
352768.032953 4026371.829954 0.000000 -0.001286
352768.084475 4026371.802433 0.000000 -0.001255
352768.135994 4026371.774909 0.000000 -0.001226
352768.187512 4026371.747381 0.000000 -0.001198
352768.239027 4026371.719850 0.000000 -0.001172
352768.290541 4026371.692316 0.000000 -0.001147
352768.342054 4026371.664778 0.000000 -0.001125
352768.393564 4026371.637238 0.000000 -0.001104
352768.445073 4026371.609694 0.000000 -0.001085
352768.496580 4026371.582147 0.000000 -0.001068
352768.548086 4026371.554598 0.000000 -0.001053
352768.599590 4026371.527045 0.000000 -0.001039
352768.651093 4026371.499490 0.000000 -0.001028
352768.702594 4026371.471931 0.000000 -0.001019
352768.754094 4026371.444370 0.000000 -0.001012
352768.805592 4026371.416807 0.000000 -0.001008
352768.857089 4026371.389240 0.000000 -0.001005
352768.908584 4026371.361671 0.000000 -0.001005
352768.960078 4026371.334099 0.000000 -0.001007
352769.011570 4026371.306524 0.000000 -0.001011
352769.063061 4026371.278947 0.000000 -0.001018
352769.114551 4026371.251367 0.000000 -0.001027
352769.166039 4026371.223784 0.000000 -0.001038
352769.217525 4026371.196198 0.000000 -0.001052
352769.269010 4026371.168609 0.000000 -0.001068
352769.320493 4026371.141018 0.000000 -0.001086
352769.371975 4026371.113423 0.000000 -0.001107
352769.423455 4026371.085826 0.000000 -0.001130
352769.474933 4026371.058225 0.000000 -0.001156
352769.526410 4026371.030621 0.000000 -0.001184
352769.577884 4026371.003014 0.000000 -0.001215
352769.629357 4026370.975404 0.000000 -0.001248
352769.680828 4026370.947790 0.000000 -0.001283
352769.732298 4026370.920173 0.000000 -0.001321
352769.783765 4026370.892552 0.000000 -0.001361
352769.835230 4026370.864927 0.000000 -0.001404
352769.886692 4026370.837298 0.000000 -0.001448
352769.938153 4026370.809665 0.000000 -0.001496
352769.989611 4026370.782028 0.000000 -0.001545
352770.041067 4026370.754386 0.000000 -0.001596
352770.092520 4026370.726740 0.000000 -0.001650
352770.143971 4026370.699090 0.000000 -0.001706
352770.195419 4026370.671434 0.000000 -0.001764
352770.246864 4026370.643773 0.000000 -0.001823
352770.298306 4026370.616107 0.000000 -0.001885
352770.349746 4026370.588436 0.000000 -0.001949
352770.401182 4026370.560759 0.000000 -0.002014
352770.452615 4026370.533076 0.000000 -0.002081
352770.504044 4026370.505387 0.000000 -0.002150
352770.555470 4026370.477692 0.000000 -0.002221
352770.606892 4026370.449990 0.000000 -0.002293
352770.658311 4026370.422282 0.000000 -0.002366
352770.709726 4026370.394567 0.000000 -0.002441
352770.761137 4026370.366844 0.000000 -0.002517
352770.812543 4026370.339114 0.000000 -0.002594
352770.863946 4026370.311377 0.000000 -0.002672
352770.915344 4026370.283631 0.000000 -0.002751
352770.966737 4026370.255878 0.000000 -0.002831
352771.018126 4026370.228115 0.000000 -0.002912
352771.069510 4026370.200345 0.000000 -0.002993
352771.120888 4026370.172565 0.000000 -0.003075
352771.172262 4026370.144776 0.000000 -0.003157
352771.223631 4026370.116978 0.000000 -0.003240
352771.274994 4026370.089170 0.000000 -0.003322
352771.326351 4026370.061351 0.000000 -0.003405
352771.377703 4026370.033523 0.000000 -0.003487
352771.429049 4026370.005684 0.000000 -0.003569
352771.480389 4026369.977835 0.000000 -0.003651
352771.531723 4026369.949974 0.000000 -0.003733
352771.583050 4026369.922102 0.000000 -0.003814
352771.634371 4026369.894219 0.000000 -0.003894
352771.685686 4026369.866324 0.000000 -0.003973
352771.736993 4026369.838417 0.000000 -0.004051
352771.788294 4026369.810497 0.000000 -0.004128
352771.839588 4026369.782565 0.000000 -0.004204
352771.890875 4026369.754620 0.000000 -0.004279
352771.942154 4026369.726662 0.000000 -0.004352
352771.993427 4026369.698691 0.000000 -0.004424
352772.044691 4026369.670706 0.000000 -0.004494
352772.095948 4026369.642708 0.000000 -0.004562
352772.147197 4026369.614696 0.000000 -0.004629
352772.198439 4026369.586670 0.000000 -0.004693
352772.249672 4026369.558629 0.000000 -0.004756
352772.300897 4026369.530574 0.000000 -0.004816
352772.352114 4026369.502504 0.000000 -0.004875
352772.403323 4026369.474419 0.000000 -0.004931
352772.454523 4026369.446320 0.000000 -0.004984
352772.505715 4026369.418205 0.000000 -0.005035
352772.556898 4026369.390074 0.000000 -0.005084
352772.608072 4026369.361929 0.000000 -0.005130
352772.659238 4026369.333767 0.000000 -0.005174
352772.710395 4026369.305590 0.000000 -0.005215
352772.761543 4026369.277396 0.000000 -0.005253
352772.812682 4026369.249187 0.000000 -0.005288
352772.863813 4026369.220962 0.000000 -0.005321
352772.914934 4026369.192720 0.000000 -0.005351
352772.966045 4026369.164462 0.000000 -0.005378
352773.017148 4026369.136188 0.000000 -0.005403
352773.068242 4026369.107897 0.000000 -0.005424
352773.119326 4026369.079589 0.000000 -0.005442
352773.170401 4026369.051265 0.000000 -0.005458
352773.221467 4026369.022924 0.000000 -0.005471
352773.272523 4026368.994567 0.000000 -0.005481
352773.323570 4026368.966193 0.000000 -0.005488
352773.374608 4026368.937802 0.000000 -0.005492
352773.425637 4026368.909395 0.000000 -0.005493
352773.476656 4026368.880970 0.000000 -0.005492
352773.527665 4026368.852529 0.000000 -0.005487
352773.578666 4026368.824072 0.000000 -0.005480
352773.629657 4026368.795597 0.000000 -0.005471
352773.680639 4026368.767106 0.000000 -0.005458
352773.731611 4026368.738599 0.000000 -0.005443
352773.782575 4026368.710075 0.000000 -0.005425
352773.833529 4026368.681534 0.000000 -0.005405
352773.884474 4026368.652977 0.000000 -0.005382
352773.935410 4026368.624404 0.000000 -0.005357
352773.986337 4026368.595814 0.000000 -0.005329
352774.037255 4026368.567209 0.000000 -0.005299
352774.088163 4026368.538587 0.000000 -0.005267
352774.139063 4026368.509949 0.000000 -0.005232
352774.189955 4026368.481296 0.000000 -0.005195
352774.240837 4026368.452627 0.000000 -0.005157
352774.291711 4026368.423942 0.000000 -0.005116
352774.342576 4026368.395242 0.000000 -0.005073
352774.393432 4026368.366526 0.000000 -0.005029
352774.444280 4026368.337796 0.000000 -0.004982
352774.495120 4026368.309050 0.000000 -0.004935
352774.545951 4026368.280290 0.000000 -0.004885
352774.596774 4026368.251514 0.000000 -0.004834
352774.647590 4026368.222725 0.000000 -0.004781
352774.698397 4026368.193921 0.000000 -0.004727
352774.749196 4026368.165102 0.000000 -0.004672
352774.799987 4026368.136270 0.000000 -0.004616
352774.850771 4026368.107424 0.000000 -0.004558
352774.901547 4026368.078564 0.000000 -0.004499
352774.952315 4026368.049691 0.000000 -0.004440
352775.003076 4026368.020805 0.000000 -0.004379
352775.053830 4026367.991905 0.000000 -0.004318
352775.104577 4026367.962993 0.000000 -0.004256
352775.155316 4026367.934068 0.000000 -0.004193
352775.206049 4026367.905130 0.000000 -0.004130
352775.256774 4026367.876180 0.000000 -0.004066
352775.307493 4026367.847218 0.000000 -0.004002
352775.358205 4026367.818244 0.000000 -0.003938
352775.408911 4026367.789259 0.000000 -0.003873
352775.459610 4026367.760262 0.000000 -0.003808
352775.510303 4026367.731254 0.000000 -0.003743
352775.560990 4026367.702234 0.000000 -0.003678
352775.611671 4026367.673204 0.000000 -0.003613
352775.662346 4026367.644163 0.000000 -0.003549
352775.713014 4026367.615111 0.000000 -0.003484
352775.763678 4026367.586050 0.000000 -0.003420
352775.814335 4026367.556978 0.000000 -0.003356
352775.864987 4026367.527896 0.000000 -0.003293
352775.915634 4026367.498805 0.000000 -0.003231
352775.966275 4026367.469704 0.000000 -0.003169
352776.016911 4026367.440594 0.000000 -0.003107
352776.067542 4026367.411475 0.000000 -0.003047
352776.118168 4026367.382347 0.000000 -0.002987
352776.168790 4026367.353210 0.000000 -0.002929
352776.219406 4026367.324065 0.000000 -0.002871
352776.270018 4026367.294911 0.000000 -0.002815
352776.320625 4026367.265749 0.000000 -0.002759
352776.371228 4026367.236580 0.000000 -0.002705
352776.421826 4026367.207402 0.000000 -0.002653
352776.472420 4026367.178217 0.000000 -0.002601
352776.523010 4026367.149024 0.000000 -0.002551
352776.573596 4026367.119824 0.000000 -0.002503
352776.624177 4026367.090617 0.000000 -0.002456
352776.674755 4026367.061402 0.000000 -0.002411
352776.725329 4026367.032181 0.000000 -0.002368
352776.775899 4026367.002953 0.000000 -0.002326
352776.826465 4026366.973718 0.000000 -0.002286
352776.877028 4026366.944477 0.000000 -0.002249
352776.927587 4026366.915229 0.000000 -0.002213
352776.978142 4026366.885976 0.000000 -0.002179
352777.028694 4026366.856716 0.000000 -0.002147
352777.079242 4026366.827450 0.000000 -0.002117
352777.129788 4026366.798177 0.000000 -0.002089
352777.180329 4026366.768899 0.000000 -0.002064
352777.230868 4026366.739616 0.000000 -0.002040
352777.281403 4026366.710326 0.000000 -0.002019
352777.331935 4026366.681031 0.000000 -0.002000
352777.382464 4026366.651730 0.000000 -0.001983
352777.432989 4026366.622424 0.000000 -0.001969
352777.483512 4026366.593112 0.000000 -0.001957
352777.534031 4026366.563795 0.000000 -0.001947
352777.584547 4026366.534472 0.000000 -0.001939
352777.635060 4026366.505144 0.000000 -0.001934
352777.685570 4026366.475810 0.000000 -0.001931
352777.736077 4026366.446471 0.000000 -0.001930
352777.786581 4026366.417126 0.000000 -0.001932
352777.837081 4026366.387776 0.000000 -0.001936
352777.887579 4026366.358421 0.000000 -0.001942
352777.938073 4026366.329060 0.000000 -0.001950
352777.988564 4026366.299694 0.000000 -0.001960
352778.039052 4026366.270322 0.000000 -0.001973
352778.089536 4026366.240945 0.000000 -0.001988
352778.140017 4026366.211562 0.000000 -0.002005
352778.190495 4026366.182174 0.000000 -0.002024
352778.240970 4026366.152779 0.000000 -0.002045
352778.291441 4026366.123379 0.000000 -0.002067
352778.341909 4026366.093973 0.000000 -0.002092
352778.392373 4026366.064562 0.000000 -0.002119
352778.442834 4026366.035144 0.000000 -0.002147
352778.493291 4026366.005720 0.000000 -0.002177
352778.543745 4026365.976289 0.000000 -0.002209
352778.594194 4026365.946853 0.000000 -0.002242
352778.644640 4026365.917410 0.000000 -0.002277
352778.695082 4026365.887960 0.000000 -0.002313
352778.745521 4026365.858504 0.000000 -0.002351
352778.795955 4026365.829041 0.000000 -0.002389
352778.846385 4026365.799572 0.000000 -0.002429
352778.896810 4026365.770095 0.000000 -0.002470
352778.947232 4026365.740611 0.000000 -0.002512
352778.997649 4026365.711119 0.000000 -0.002555
352779.048062 4026365.681621 0.000000 -0.002599
352779.098470 4026365.652114 0.000000 -0.002643
352779.148874 4026365.622600 0.000000 -0.002688
352779.199273 4026365.593079 0.000000 -0.002734
352779.249667 4026365.563549 0.000000 -0.002780
352779.300057 4026365.534011 0.000000 -0.002826
352779.350441 4026365.504464 0.000000 -0.002872
352779.400820 4026365.474910 0.000000 -0.002919
352779.451195 4026365.445346 0.000000 -0.002966
352779.501564 4026365.415774 0.000000 -0.003012
352779.551927 4026365.386193 0.000000 -0.003059
352779.602286 4026365.356603 0.000000 -0.003105
352779.652638 4026365.327004 0.000000 -0.003151
352779.702986 4026365.297395 0.000000 -0.003196
352779.753327 4026365.267777 0.000000 -0.003241
352779.803663 4026365.238149 0.000000 -0.003285
352779.853993 4026365.208512 0.000000 -0.003329
352779.904317 4026365.178865 0.000000 -0.003372
352779.954635 4026365.149207 0.000000 -0.003414
352780.004947 4026365.119540 0.000000 -0.003455
352780.055253 4026365.089862 0.000000 -0.003496
352780.105552 4026365.060174 0.000000 -0.003535
352780.155846 4026365.030475 0.000000 -0.003573
352780.206133 4026365.000765 0.000000 -0.003610
352780.256413 4026364.971045 0.000000 -0.003646
352780.306687 4026364.941314 0.000000 -0.003680
352780.356954 4026364.911572 0.000000 -0.003713
352780.407215 4026364.881819 0.000000 -0.003745
352780.457469 4026364.852055 0.000000 -0.003775
352780.507717 4026364.822279 0.000000 -0.003804
352780.557957 4026364.792492 0.000000 -0.003832
352780.608191 4026364.762694 0.000000 -0.003857
352780.658418 4026364.732884 0.000000 -0.003882
352780.708637 4026364.703063 0.000000 -0.003904
352780.758850 4026364.673229 0.000000 -0.003925
352780.809056 4026364.643385 0.000000 -0.003944
352780.859255 4026364.613528 0.000000 -0.003962
352780.909447 4026364.583659 0.000000 -0.003978
352780.959631 4026364.553779 0.000000 -0.003992
352781.009809 4026364.523887 0.000000 -0.004004
352781.059979 4026364.493983 0.000000 -0.004015
352781.110142 4026364.464066 0.000000 -0.004024
352781.160298 4026364.434138 0.000000 -0.004031
352781.210447 4026364.404198 0.000000 -0.004036
352781.260588 4026364.374246 0.000000 -0.004039
352781.310723 4026364.344281 0.000000 -0.004041
352781.360850 4026364.314305 0.000000 -0.004041
352781.410970 4026364.284316 0.000000 -0.004039
352781.461082 4026364.254316 0.000000 -0.004035
352781.511188 4026364.224303 0.000000 -0.004030
352781.561286 4026364.194279 0.000000 -0.004023
352781.611377 4026364.164242 0.000000 -0.004014
352781.661461 4026364.134194 0.000000 -0.004003
352781.711538 4026364.104133 0.000000 -0.003991
352781.761608 4026364.074061 0.000000 -0.003977
352781.811670 4026364.043977 0.000000 -0.003961
352781.861726 4026364.013881 0.000000 -0.003944
352781.911774 4026363.983773 0.000000 -0.003925
352781.961816 4026363.953654 0.000000 -0.003905
352782.011850 4026363.923523 0.000000 -0.003883
352782.061878 4026363.893380 0.000000 -0.003859
352782.111899 4026363.863226 0.000000 -0.003834
352782.161913 4026363.833061 0.000000 -0.003807
352782.211920 4026363.802884 0.000000 -0.003779
352782.261921 4026363.772697 0.000000 -0.003750
352782.311915 4026363.742498 0.000000 -0.003719
352782.361902 4026363.712288 0.000000 -0.003686
352782.411883 4026363.682067 0.000000 -0.003653
352782.461857 4026363.651835 0.000000 -0.003618
352782.511825 4026363.621593 0.000000 -0.003582
352782.561787 4026363.591340 0.000000 -0.003544
352782.611742 4026363.561076 0.000000 -0.003506
352782.661691 4026363.530802 0.000000 -0.003466
352782.711634 4026363.500518 0.000000 -0.003425
352782.761571 4026363.470224 0.000000 -0.003383
352782.811502 4026363.439920 0.000000 -0.003339
352782.861427 4026363.409606 0.000000 -0.003295
352782.911346 4026363.379282 0.000000 -0.003250
352782.961259 4026363.348949 0.000000 -0.003204
352783.011167 4026363.318606 0.000000 -0.003157
352783.061069 4026363.288254 0.000000 -0.003109
352783.110966 4026363.257892 0.000000 -0.003060
352783.160857 4026363.227522 0.000000 -0.003010
352783.210743 4026363.197143 0.000000 -0.002959
352783.260624 4026363.166755 0.000000 -0.002908
352783.310500 4026363.136358 0.000000 -0.002856
352783.360370 4026363.105954 0.000000 -0.002803
352783.410236 4026363.075541 0.000000 -0.002750
352783.460097 4026363.045119 0.000000 -0.002696
352783.509953 4026363.014690 0.000000 -0.002642
352783.559805 4026362.984254 0.000000 -0.002587
352783.609652 4026362.953809 0.000000 -0.002531
352783.659494 4026362.923357 0.000000 -0.002475
352783.709332 4026362.892898 0.000000 -0.002419
352783.759166 4026362.862432 0.000000 -0.002362
352783.808996 4026362.831959 0.000000 -0.002305
352783.858822 4026362.801480 0.000000 -0.002247
352783.908644 4026362.770993 0.000000 -0.002190
352783.958462 4026362.740501 0.000000 -0.002132
352784.008276 4026362.710002 0.000000 -0.002074
352784.058087 4026362.679497 0.000000 -0.002016
352784.107895 4026362.648986 0.000000 -0.001957
352784.157698 4026362.618470 0.000000 -0.001899
352784.207499 4026362.587948 0.000000 -0.001841
352784.257296 4026362.557420 0.000000 -0.001782
352784.307091 4026362.526888 0.000000 -0.001724
352784.356882 4026362.496351 0.000000 -0.001666
352784.406671 4026362.465808 0.000000 -0.001607
352784.456456 4026362.435262 0.000000 -0.001549
352784.506239 4026362.404710 0.000000 -0.001492
352784.556020 4026362.374155 0.000000 -0.001434
352784.605798 4026362.343595 0.000000 -0.001377
352784.655573 4026362.313032 0.000000 -0.001320
352784.705347 4026362.282464 0.000000 -0.001263
352784.755118 4026362.251893 0.000000 -0.001207
352784.804887 4026362.221319 0.000000 -0.001151
352784.854655 4026362.190741 0.000000 -0.001095
352784.904420 4026362.160160 0.000000 -0.001040
352784.954184 4026362.129577 0.000000 -0.000986
352785.003946 4026362.098990 0.000000 -0.000932
352785.053706 4026362.068401 0.000000 -0.000878
352785.103465 4026362.037810 0.000000 -0.000825
352785.153223 4026362.007216 0.000000 -0.000773
352785.202979 4026361.976620 0.000000 -0.000721
352785.252735 4026361.946022 0.000000 -0.000669
352785.302489 4026361.915422 0.000000 -0.000619
352785.352242 4026361.884821 0.000000 -0.000569
352785.401994 4026361.854218 0.000000 -0.000520
352785.451746 4026361.823613 0.000000 -0.000471
352785.501496 4026361.793008 0.000000 -0.000423
352785.551246 4026361.762401 0.000000 -0.000376
352785.600996 4026361.731793 0.000000 -0.000330
352785.650745 4026361.701185 0.000000 -0.000284
352785.700493 4026361.670576 0.000000 -0.000240
352785.750241 4026361.639966 0.000000 -0.000196
352785.799989 4026361.609356 0.000000 -0.000153
352785.849737 4026361.578745 0.000000 -0.000110
352785.899485 4026361.548135 0.000000 -0.000069
352785.949233 4026361.517524 0.000000 -0.000028
352785.998980 4026361.486913 0.000000 0.000012
352786.048728 4026361.456303 0.000000 0.000051
352786.098476 4026361.425692 0.000000 0.000089
352786.148225 4026361.395082 0.000000 0.000126
352786.197973 4026361.364473 0.000000 0.000163
352786.247722 4026361.333864 0.000000 0.000198
352786.297472 4026361.303256 0.000000 0.000233
352786.347222 4026361.272649 0.000000 0.000267
352786.396973 4026361.242043 0.000000 0.000300
352786.446724 4026361.211438 0.000000 0.000332
352786.496476 4026361.180833 0.000000 0.000363
352786.546228 4026361.150230 0.000000 0.000394
352786.595982 4026361.119629 0.000000 0.000423
352786.645736 4026361.089028 0.000000 0.000452
352786.695491 4026361.058430 0.000000 0.000479
352786.745247 4026361.027832 0.000000 0.000506
352786.795004 4026360.997236 0.000000 0.000532
352786.844762 4026360.966642 0.000000 0.000557
352786.894521 4026360.936050 0.000000 0.000582
352786.944282 4026360.905460 0.000000 0.000605
352786.994043 4026360.874871 0.000000 0.000628
352787.043806 4026360.844284 0.000000 0.000649
352787.093570 4026360.813700 0.000000 0.000670
352787.143335 4026360.783117 0.000000 0.000690
352787.193101 4026360.752537 0.000000 0.000710
352787.242869 4026360.721958 0.000000 0.000728
352787.292638 4026360.691382 0.000000 0.000746
352787.342409 4026360.660808 0.000000 0.000763
352787.392181 4026360.630237 0.000000 0.000779
352787.441954 4026360.599668 0.000000 0.000794
352787.491729 4026360.569101 0.000000 0.000809
352787.541506 4026360.538537 0.000000 0.000823
352787.591284 4026360.507975 0.000000 0.000836
352787.641063 4026360.477416 0.000000 0.000848
352787.690844 4026360.446860 0.000000 0.000859
352787.740627 4026360.416306 0.000000 0.000870
352787.790411 4026360.385754 0.000000 0.000880
352787.840197 4026360.355206 0.000000 0.000890
352787.889985 4026360.324660 0.000000 0.000899
352787.939774 4026360.294116 0.000000 0.000907
352787.989565 4026360.263576 0.000000 0.000914
352788.039357 4026360.233038 0.000000 0.000921
352788.089152 4026360.202503 0.000000 0.000927
352788.138948 4026360.171971 0.000000 0.000932
352788.188745 4026360.141441 0.000000 0.000937
352788.238545 4026360.110914 0.000000 0.000941
352788.288346 4026360.080391 0.000000 0.000944
352788.338149 4026360.049870 0.000000 0.000947
352788.387953 4026360.019351 0.000000 0.000949
352788.437760 4026359.988836 0.000000 0.000951
352788.487568 4026359.958323 0.000000 0.000952
352788.537378 4026359.927814 0.000000 0.000953
352788.587189 4026359.897307 0.000000 0.000953
352788.637002 4026359.866803 0.000000 0.000952
352788.686817 4026359.836302 0.000000 0.000951
352788.736634 4026359.805803 0.000000 0.000949
352788.786453 4026359.775308 0.000000 0.000947
352788.836273 4026359.744815 0.000000 0.000945
352788.886095 4026359.714325 0.000000 0.000942
352788.935918 4026359.683838 0.000000 0.000938
352788.985744 4026359.653354 0.000000 0.000934
352789.035571 4026359.622872 0.000000 0.000930
352789.085400 4026359.592393 0.000000 0.000925
352789.135230 4026359.561917 0.000000 0.000919
352789.185062 4026359.531444 0.000000 0.000913
352789.234896 4026359.500973 0.000000 0.000907
352789.284731 4026359.470505 0.000000 0.000900
352789.334568 4026359.440040 0.000000 0.000893
352789.384407 4026359.409577 0.000000 0.000885
352789.434247 4026359.379117 0.000000 0.000877
352789.484089 4026359.348660 0.000000 0.000868
352789.533932 4026359.318205 0.000000 0.000859
352789.583777 4026359.287753 0.000000 0.000850
352789.633623 4026359.257303 0.000000 0.000840
352789.683471 4026359.226856 0.000000 0.000829
352789.733321 4026359.196411 0.000000 0.000818
352789.783172 4026359.165968 0.000000 0.000807
352789.833024 4026359.135528 0.000000 0.000795
352789.882878 4026359.105090 0.000000 0.000782
352789.932733 4026359.074655 0.000000 0.000769
352789.982590 4026359.044222 0.000000 0.000755
352790.032448 4026359.013791 0.000000 0.000741
352790.082308 4026358.983363 0.000000 0.000726
352790.132168 4026358.952936 0.000000 0.000710
352790.182031 4026358.922512 0.000000 0.000694
352790.231894 4026358.892090 0.000000 0.000677
352790.281759 4026358.861670 0.000000 0.000659
352790.331624 4026358.831251 0.000000 0.000640
352790.381491 4026358.800835 0.000000 0.000620
352790.431360 4026358.770421 0.000000 0.000600
352790.481229 4026358.740008 0.000000 0.000578
352790.531099 4026358.709598 0.000000 0.000556
352790.580971 4026358.679189 0.000000 0.000532
352790.630843 4026358.648781 0.000000 0.000507
352790.680716 4026358.618376 0.000000 0.000482
352790.730591 4026358.587971 0.000000 0.000455
352790.780466 4026358.557569 0.000000 0.000426
352790.830342 4026358.527167 0.000000 0.000396
352790.880219 4026358.496767 0.000000 0.000365
352790.930096 4026358.466368 0.000000 0.000333
352790.979975 4026358.435971 0.000000 0.000299
352791.029853 4026358.405574 0.000000 0.000263
352791.079733 4026358.375178 0.000000 0.000225
352791.129613 4026358.344783 0.000000 0.000186
352791.179493 4026358.314389 0.000000 0.000145
352791.229373 4026358.283996 0.000000 0.000102
352791.279254 4026358.253603 0.000000 0.000058
352791.329135 4026358.223210 0.000000 0.000011
352791.379017 4026358.192818 0.000000 -0.000038
352791.428898 4026358.162425 0.000000 -0.000090
352791.478779 4026358.132033 0.000000 -0.000143
352791.528660 4026358.101641 0.000000 -0.000199
352791.578541 4026358.071248 0.000000 -0.000257
352791.628421 4026358.040855 0.000000 -0.000318
352791.678301 4026358.010461 0.000000 -0.000381
352791.728181 4026357.980067 0.000000 -0.000447
352791.778059 4026357.949671 0.000000 -0.000516
352791.827937 4026357.919274 0.000000 -0.000587
352791.877814 4026357.888876 0.000000 -0.000662
352791.927690 4026357.858476 0.000000 -0.000739
352791.977565 4026357.828075 0.000000 -0.000819
352792.027438 4026357.797671 0.000000 -0.000901
352792.077310 4026357.767265 0.000000 -0.000987
352792.127180 4026357.736857 0.000000 -0.001076
352792.177048 4026357.706446 0.000000 -0.001168
352792.226915 4026357.676032 0.000000 -0.001263
352792.276779 4026357.645614 0.000000 -0.001362
352792.326641 4026357.615193 0.000000 -0.001463
352792.376500 4026357.584768 0.000000 -0.001567
352792.426357 4026357.554339 0.000000 -0.001675
352792.476211 4026357.523905 0.000000 -0.001786
352792.526061 4026357.493467 0.000000 -0.001900
352792.575909 4026357.463023 0.000000 -0.002017
352792.625753 4026357.432573 0.000000 -0.002137
352792.675594 4026357.402118 0.000000 -0.002260
352792.725431 4026357.371656 0.000000 -0.002386
352792.775264 4026357.341188 0.000000 -0.002515
352792.825093 4026357.310712 0.000000 -0.002648
352792.874917 4026357.280228 0.000000 -0.002783
352792.924737 4026357.249737 0.000000 -0.002921
352792.974553 4026357.219237 0.000000 -0.003061
352793.024363 4026357.188728 0.000000 -0.003205
352793.074169 4026357.158209 0.000000 -0.003350
352793.123970 4026357.127681 0.000000 -0.003499
352793.173765 4026357.097141 0.000000 -0.003650
352793.223555 4026357.066591 0.000000 -0.003803
352793.273340 4026357.036029 0.000000 -0.003958
352793.323119 4026357.005455 0.000000 -0.004116
352793.372893 4026356.974868 0.000000 -0.004275
352793.422660 4026356.944267 0.000000 -0.004436
352793.472422 4026356.913652 0.000000 -0.004599
352793.522179 4026356.883023 0.000000 -0.004763
352793.571929 4026356.852378 0.000000 -0.004929
352793.621673 4026356.821716 0.000000 -0.005096
352793.671412 4026356.791038 0.000000 -0.005264
352793.721145 4026356.760343 0.000000 -0.005432
352793.770872 4026356.729628 0.000000 -0.005602
352793.820594 4026356.698895 0.000000 -0.005772
352793.870310 4026356.668142 0.000000 -0.005942
352793.920021 4026356.637368 0.000000 -0.006112
352793.969727 4026356.606572 0.000000 -0.006282
352794.019428 4026356.575754 0.000000 -0.006452
352794.069124 4026356.544912 0.000000 -0.006621
352794.118817 4026356.514047 0.000000 -0.006790
352794.168505 4026356.483155 0.000000 -0.006958
352794.218189 4026356.452238 0.000000 -0.007124
352794.267871 4026356.421293 0.000000 -0.007289
352794.317549 4026356.390320 0.000000 -0.007453
352794.367226 4026356.359318 0.000000 -0.007614
352794.416901 4026356.328285 0.000000 -0.007774
352794.466575 4026356.297221 0.000000 -0.007931
352794.516249 4026356.266125 0.000000 -0.008086
352794.565923 4026356.234995 0.000000 -0.008238
352794.615598 4026356.203829 0.000000 -0.008387
352794.665276 4026356.172628 0.000000 -0.008533
352794.714956 4026356.141389 0.000000 -0.008676
352794.764640 4026356.110112 0.000000 -0.008815
352794.814330 4026356.078795 0.000000 -0.008950
352794.864025 4026356.047437 0.000000 -0.009081
352794.913727 4026356.016037 0.000000 -0.009209
352794.963438 4026355.984592 0.000000 -0.009331
352795.013158 4026355.953102 0.000000 -0.009450
352795.062889 4026355.921566 0.000000 -0.009563
352795.112632 4026355.889982 0.000000 -0.009672
352795.162390 4026355.858348 0.000000 -0.009776
352795.212162 4026355.826663 0.000000 -0.009874
352795.261951 4026355.794925 0.000000 -0.009968
352795.311759 4026355.763134 0.000000 -0.010055
352795.361586 4026355.731286 0.000000 -0.010138
352795.411436 4026355.699382 0.000000 -0.010214
352795.461309 4026355.667418 0.000000 -0.010285
352795.511209 4026355.635394 0.000000 -0.010349
352795.561135 4026355.603308 0.000000 -0.010408
352795.611092 4026355.571158 0.000000 -0.010461
352795.661080 4026355.538943 0.000000 -0.010507
352795.711102 4026355.506660 0.000000 -0.010547
352795.761161 4026355.474308 0.000000 -0.010581
352795.811258 4026355.441885 0.000000 -0.010608
352795.861395 4026355.409389 0.000000 -0.010629
352795.911576 4026355.376819 0.000000 -0.010644
352795.961803 4026355.344172 0.000000 -0.010652
352796.012077 4026355.311447 0.000000 -0.010654
352796.062403 4026355.278643 0.000000 -0.010650
352796.112782 4026355.245756 0.000000 -0.010639
352796.163218 4026355.212785 0.000000 -0.010621
352796.213712 4026355.179728 0.000000 -0.010598
352796.264268 4026355.146583 0.000000 -0.010568
352796.314889 4026355.113348 0.000000 -0.010532
352796.365577 4026355.080022 0.000000 -0.010490
352796.416336 4026355.046602 0.000000 -0.010442
352796.467168 4026355.013086 0.000000 -0.010388
352796.518078 4026354.979472 0.000000 -0.010329
352796.569066 4026354.945758 0.000000 -0.010263
352796.620138 4026354.911942 0.000000 -0.010192
352796.671296 4026354.878022 0.000000 -0.010116
352796.722544 4026354.843995 0.000000 -0.010035
352796.773884 4026354.809861 0.000000 -0.009948
352796.825320 4026354.775616 0.000000 -0.009856
352796.876855 4026354.741259 0.000000 -0.009760
352796.928493 4026354.706787 0.000000 -0.009659
352796.980238 4026354.672198 0.000000 -0.009554
352797.032092 4026354.637491 0.000000 -0.009445
352797.084059 4026354.602663 0.000000 -0.009331
352797.136142 4026354.567711 0.000000 -0.009214
352797.188346 4026354.532635 0.000000 -0.009093
352797.240674 4026354.497431 0.000000 -0.008969
352797.293128 4026354.462098 0.000000 -0.008841
352797.345714 4026354.426633 0.000000 -0.008711
352797.398434 4026354.391034 0.000000 -0.008578
352797.451293 4026354.355299 0.000000 -0.008442
352797.504293 4026354.319426 0.000000 -0.008304
352797.557439 4026354.283413 0.000000 -0.008163
352797.610735 4026354.247257 0.000000 -0.008021
352797.664183 4026354.210957 0.000000 -0.007878
352797.717789 4026354.174510 0.000000 -0.007732
352797.771555 4026354.137913 0.000000 -0.007586
352797.825486 4026354.101165 0.000000 -0.007438
352797.879585 4026354.064264 0.000000 -0.007290
352797.933857 4026354.027207 0.000000 -0.007141
352797.988305 4026353.989992 0.000000 -0.006992
352798.042933 4026353.952616 0.000000 -0.006842
352798.097745 4026353.915078 0.000000 -0.006693
352798.152745 4026353.877375 0.000000 -0.006543
352798.207938 4026353.839505 0.000000 -0.006394
352798.263327 4026353.801465 0.000000 -0.006246
352798.318916 4026353.763253 0.000000 -0.006098
352798.374709 4026353.724868 0.000000 -0.005952
352798.430711 4026353.686305 0.000000 -0.005807
352798.486926 4026353.647563 0.000000 -0.005662
352798.543357 4026353.608640 0.000000 -0.005520
352798.600010 4026353.569533 0.000000 -0.005379
352798.656889 4026353.530239 0.000000 -0.005240
352798.713997 4026353.490756 0.000000 -0.005103
352798.771339 4026353.451081 0.000000 -0.004968
352798.828921 4026353.411212 0.000000 -0.004835
352798.886745 4026353.371146 0.000000 -0.004704
352798.944817 4026353.330881 0.000000 -0.004576
352799.003141 4026353.290413 0.000000 -0.004451
352799.061723 4026353.249740 0.000000 -0.004328
352799.120565 4026353.208858 0.000000 -0.004209
352799.179675 4026353.167766 0.000000 -0.004092
352799.239055 4026353.126460 0.000000 -0.003978
352799.298712 4026353.084937 0.000000 -0.003868
352799.358649 4026353.043194 0.000000 -0.003760
352799.418873 4026353.001228 0.000000 -0.003656
352799.479387 4026352.959036 0.000000 -0.003555
352799.540199 4026352.916614 0.000000 -0.003458
352799.601311 4026352.873959 0.000000 -0.003364
352799.662731 4026352.831068 0.000000 -0.003273
352799.724463 4026352.787937 0.000000 -0.003187
352799.786513 4026352.744562 0.000000 -0.003103
352799.848887 4026352.700940 0.000000 -0.003023
352799.911590 4026352.657067 0.000000 -0.002947
352799.974628 4026352.612940 0.000000 -0.002874
352800.038008 4026352.568553 0.000000 -0.002805
352800.101735 4026352.523903 0.000000 -0.002740
352800.165815 4026352.478986 0.000000 -0.002678
352800.230256 4026352.433798 0.000000 -0.002619
352800.295064 4026352.388333 0.000000 -0.002564
352800.360246 4026352.342587 0.000000 -0.002513
352800.425808 4026352.296556 0.000000 -0.002465
352800.491757 4026352.250233 0.000000 -0.002420
352800.558102 4026352.203615 0.000000 -0.002379
352800.624850 4026352.156696 0.000000 -0.002340
352800.692008 4026352.109470 0.000000 -0.002305
352800.759585 4026352.061931 0.000000 -0.002273
352800.827589 4026352.014073 0.000000 -0.002244
352800.896028 4026351.965891 0.000000 -0.002217
352800.964912 4026351.917378 0.000000 -0.002194
352801.034249 4026351.868527 0.000000 -0.002173
352801.104050 4026351.819331 0.000000 -0.002155
352801.174324 4026351.769783 0.000000 -0.002139
352801.245081 4026351.719876 0.000000 -0.002125
352801.316333 4026351.669601 0.000000 -0.002114
352801.388089 4026351.618951 0.000000 -0.002105
352801.460361 4026351.567918 0.000000 -0.002097
352801.533161 4026351.516492 0.000000 -0.002092
352801.606502 4026351.464664 0.000000 -0.002088
352801.680396 4026351.412426 0.000000 -0.002086
352801.754856 4026351.359767 0.000000 -0.002085
352801.829895 4026351.306677 0.000000 -0.002085
352801.905529 4026351.253145 0.000000 -0.002087
352801.981772 4026351.199160 0.000000 -0.002089
352802.058639 4026351.144711 0.000000 -0.002092
352802.136146 4026351.089787 0.000000 -0.002096
352802.214310 4026351.034373 0.000000 -0.002100
352802.293148 4026350.978459 0.000000 -0.002105
352802.372677 4026350.922029 0.000000 -0.002109
352802.452917 4026350.865071 0.000000 -0.002114
352802.533886 4026350.807569 0.000000 -0.002119
352802.615604 4026350.749510 0.000000 -0.002123
352802.698093 4026350.690876 0.000000 -0.002127
352802.781373 4026350.631653 0.000000 -0.002130
352802.865468 4026350.571822 0.000000 -0.002133
352802.950399 4026350.511367 0.000000 -0.002134
352803.036192 4026350.450270 0.000000 -0.002134
352803.122872 4026350.388512 0.000000 -0.002133
352803.210463 4026350.326072 0.000000 -0.002131
352803.298995 4026350.262931 0.000000 -0.002126
352803.388496 4026350.199066 0.000000 -0.002119
352803.478997 4026350.134455 0.000000 -0.002111
352803.570530 4026350.069072 0.000000 -0.002099
352803.663131 4026350.002893 0.000000 -0.002085
352803.756837 4026349.935887 0.000000 -0.002068
352803.851690 4026349.868026 0.000000 -0.002048
352803.947734 4026349.799275 0.000000 -0.002025
352804.045019 4026349.729598 0.000000 -0.001998
352804.143596 4026349.658956 0.000000 -0.001968
352804.243526 4026349.587305 0.000000 -0.001934
352804.344872 4026349.514598 0.000000 -0.001896
352804.447706 4026349.440783 0.000000 -0.001854
352804.552106 4026349.365801 0.000000 -0.001808
352804.658158 4026349.289591 0.000000 -0.001758
352804.765956 4026349.212081 0.000000 -0.001704
352804.875606 4026349.133196 0.000000 -0.001646
352804.987221 4026349.052851 0.000000 -0.001585
352805.100929 4026348.970955 0.000000 -0.001520
352805.216867 4026348.887407 0.000000 -0.001453
352805.335187 4026348.802095 0.000000 -0.001383
352805.456055 4026348.714900 0.000000 -0.001311
352805.579652 4026348.625689 0.000000 -0.001237
352805.706176 4026348.534319 0.000000 -0.001180
352805.835841 4026348.440633 0.000000 -0.001124
352805.968883 4026348.344461 0.000000 -0.001068
352806.105554 4026348.245619 0.000000 -0.001012
352806.246129 4026348.143907 0.000000 -0.000956
352806.390908 4026348.039109 0.000000 -0.000899
352806.540210 4026347.930993 0.000000 -0.000843
352806.694384 4026347.819306 0.000000 -0.000787
352806.853803 4026347.703778 0.000000 -0.000731
352807.018869 4026347.584118 0.000000 -0.000675
352807.190013 4026347.460014 0.000000 -0.000618
352807.367698 4026347.331130 0.000000 -0.000562
352807.552421 4026347.197108 0.000000 -0.000506
352807.744711 4026347.057564 0.000000 -0.000450
352807.945135 4026346.912089 0.000000 -0.000393
352808.154298 4026346.760246 0.000000 -0.000337
352808.372843 4026346.601569 0.000000 -0.000281
352808.601456 4026346.435563 0.000000 -0.000225
352808.840865 4026346.261702 0.000000 -0.000169
352809.091845 4026346.079426 0.000000 -0.000112
352809.355216 4026345.888142 0.000000 -0.000056
