352811.465117 4026348.118294 0.000000 0.000000
352811.735755 4026347.911664 0.000000 -0.000000
352811.993417 4026347.714941 0.000000 -0.000000
352812.238952 4026347.527476 0.000000 -0.000000
352812.473162 4026347.348658 0.000000 -0.000000
352812.696804 4026347.177909 0.000000 -0.000000
352812.910588 4026347.014687 0.000000 -0.000000
352813.115184 4026346.858479 0.000000 -0.000000
352813.311221 4026346.708806 0.000000 -0.000000
352813.499290 4026346.565216 0.000000 -0.000000
352813.679943 4026346.427289 0.000000 -0.000000
352813.853700 4026346.294627 0.000000 -0.000000
352814.021043 4026346.166861 0.000000 -0.000000
352814.182427 4026346.043646 0.000000 -0.000000
352814.338271 4026345.924659 0.000000 -0.000000
352814.488970 4026345.809602 0.000000 -0.000000
352814.634889 4026345.698194 0.000000 -0.000000
352814.776366 4026345.590177 0.000000 -0.000000
352814.913716 4026345.485311 0.000000 -0.000000
352815.047230 4026345.383374 0.000000 -0.000000
352815.177178 4026345.284160 0.000000 -0.000000
352815.303807 4026345.187479 0.000000 -0.000000
352815.427348 4026345.093156 0.000000 -0.000000
352815.548009 4026345.001032 0.000000 -0.000000
352815.665985 4026344.910958 0.000000 -0.000000
352815.781453 4026344.822799 0.000000 0.000000
352815.894576 4026344.736431 0.000000 -0.000000
352816.005502 4026344.651740 0.000000 0.000000
352816.114366 4026344.568623 0.000000 -0.000000
352816.221292 4026344.486985 0.000000 0.000000
352816.326393 4026344.406741 0.000000 -0.000000
352816.429771 4026344.327813 0.000000 0.000000
352816.531519 4026344.250128 0.000000 0.000000
352816.631723 4026344.173624 0.000000 0.000000
352816.730458 4026344.098240 0.000000 0.000000
352816.827794 4026344.023925 0.000000 0.000000
352816.923796 4026343.950628 0.000000 -0.000000
352817.018520 4026343.878307 0.000000 -0.000000
352817.112019 4026343.806920 0.000000 0.000000
352817.204342 4026343.736432 0.000000 -0.000000
352817.295533 4026343.666809 0.000000 -0.000000
352817.385631 4026343.598019 0.000000 0.000000
352817.474675 4026343.530035 0.000000 0.000000
352817.562699 4026343.462829 0.000000 -0.000000
352817.649736 4026343.396377 0.000000 0.000000
352817.735815 4026343.330656 0.000000 -0.000000
352817.820966 4026343.265644 0.000000 -0.000000
352817.905216 4026343.201320 0.000000 0.000000
352817.988591 4026343.137663 0.000000 0.000000
352818.071116 4026343.074657 0.000000 -0.000000
352818.152813 4026343.012281 0.000000 -0.000000
352818.233708 4026342.950518 0.000000 -0.000000
352818.313821 4026342.889353 0.000000 -0.000000
352818.393174 4026342.828767 0.000000 0.000000
352818.471787 4026342.768747 0.000000 -0.000000
352818.549680 4026342.709275 0.000000 -0.000000
352818.626873 4026342.650339 0.000000 0.000000
352818.703384 4026342.591924 0.000000 -0.000000
352818.779230 4026342.534016 0.000000 -0.000000
352818.854428 4026342.476603 0.000000 0.000000
352818.928994 4026342.419672 0.000000 0.000000
352819.002946 4026342.363210 0.000000 -0.000000
352819.076297 4026342.307207 0.000000 -0.000000
352819.149062 4026342.251652 0.000000 0.000000
352819.221255 4026342.196533 0.000000 0.000000
352819.292890 4026342.141840 0.000000 -0.000000
352819.363980 4026342.087563 0.000000 0.000000
352819.434537 4026342.033693 0.000000 -0.000000
352819.504573 4026341.980221 0.000000 -0.000000
352819.574101 4026341.927137 0.000000 0.000000
352819.643131 4026341.874433 0.000000 0.000000
352819.711674 4026341.822101 0.000000 -0.000000
352819.779741 4026341.770132 0.000000 0.000000
352819.847340 4026341.718520 0.000000 0.000000
352819.914484 4026341.667257 0.000000 -0.000000
352819.981179 4026341.616335 0.000000 -0.000000
352820.047436 4026341.565748 0.000000 0.000000
352820.113263 4026341.515490 0.000000 0.000000
352820.178669 4026341.465553 0.000000 0.000000
352820.243662 4026341.415931 0.000000 0.000000
352820.308249 4026341.366619 0.000000 0.000000
352820.372439 4026341.317611 0.000000 0.000000
352820.436238 4026341.268901 0.000000 -0.000000
352820.499654 4026341.220483 0.000000 -0.000000
352820.562693 4026341.172353 0.000000 -0.000000
352820.625363 4026341.124505 0.000000 0.000000
352820.687670 4026341.076934 0.000000 -0.000000
352820.749620 4026341.029635 0.000000 0.000000
352820.811220 4026340.982605 0.000000 0.000000
352820.872475 4026340.935837 0.000000 0.000000
352820.933391 4026340.889327 0.000000 -0.000000
352820.993975 4026340.843072 0.000000 0.000000
352821.054232 4026340.797066 0.000000 -0.000000
352821.114166 4026340.751307 0.000000 0.000000
352821.173785 4026340.705789 0.000000 -0.000000
352821.233092 4026340.660508 0.000000 0.000000
352821.292093 4026340.615461 0.000000 -0.000000
352821.350793 4026340.570644 0.000000 -0.000000
352821.409197 4026340.526053 0.000000 -0.000000
352821.467310 4026340.481684 0.000000 -0.000000
352821.525136 4026340.437534 0.000000 0.000000
352821.582681 4026340.393599 0.000000 -0.000000
352821.639948 4026340.349875 0.000000 -0.000000
352821.696944 4026340.306360 0.000000 -0.000000
352821.753671 4026340.263049 0.000000 -0.000000
352821.810134 4026340.219940 0.000000 -0.000000
352821.866338 4026340.177028 0.000000 0.000000
352821.922287 4026340.134312 0.000000 -0.000000
352821.977985 4026340.091786 0.000000 -0.000000
352822.033437 4026340.049449 0.000000 0.000000
352822.088646 4026340.007298 0.000000 -0.000000
352822.143617 4026339.965328 0.000000 -0.000000
352822.198353 4026339.923537 0.000000 0.000000
352822.252860 4026339.881922 0.000000 -0.000000
352822.307139 4026339.840480 0.000000 -0.000000
352822.361196 4026339.799207 0.000000 0.000000
352822.415035 4026339.758102 0.000000 -0.000000
352822.468658 4026339.717161 0.000000 -0.000000
352822.522070 4026339.676381 0.000000 0.000000
352822.575276 4026339.635759 0.000000 -0.000000
352822.628277 4026339.595293 0.000000 0.000000
352822.681079 4026339.554979 0.000000 -0.000000
352822.733684 4026339.514815 0.000000 0.000000
352822.786097 4026339.474798 0.000000 0.000000
352822.838321 4026339.434926 0.000000 -0.000000
352822.890360 4026339.395194 0.000000 0.000000
352822.942216 4026339.355602 0.000000 0.000000
352822.993895 4026339.316146 0.000000 0.000000
352823.045399 4026339.276823 0.000000 0.000000
352823.096731 4026339.237631 0.000000 0.000000
352823.147896 4026339.198567 0.000000 0.000000
352823.198897 4026339.159628 0.000000 -0.000000
352823.249737 4026339.120812 0.000000 -0.000000
352823.300419 4026339.082116 0.000000 -0.000000
352823.350948 4026339.043538 0.000000 0.000000
352823.401326 4026339.005075 0.000000 -0.000000
352823.451556 4026338.966724 0.000000 -0.000000
352823.501643 4026338.928483 0.000000 0.000000
352823.551590 4026338.890350 0.000000 -0.000000
352823.601399 4026338.852321 0.000000 -0.000000
352823.651074 4026338.814394 0.000000 -0.000000
352823.700618 4026338.776567 0.000000 0.000000
352823.750035 4026338.738838 0.000000 0.000000
352823.799328 4026338.701203 0.000000 -0.000000
352823.848500 4026338.663660 0.000000 0.000000
352823.897554 4026338.626208 0.000000 0.000000
352823.946494 4026338.588843 0.000000 0.000000
352823.995322 4026338.551563 0.000000 -0.000000
352824.044042 4026338.514366 0.000000 -0.000000
352824.092656 4026338.477249 0.000000 -0.000000
352824.141168 4026338.440210 0.000000 0.000000
352824.189581 4026338.403247 0.000000 -0.000000
352824.237898 4026338.366358 0.000000 -0.000000
352824.286121 4026338.329540 0.000000 -0.000000
352824.334254 4026338.292790 0.000000 -0.000000
352824.382300 4026338.256108 0.000000 -0.000000
352824.430261 4026338.219490 0.000000 0.000000
352824.478140 4026338.182934 0.000000 0.000000
352824.525940 4026338.146439 0.000000 0.000000
352824.573664 4026338.110003 0.000000 0.000000
352824.621314 4026338.073622 0.000000 0.000000
352824.668893 4026338.037296 0.000000 -0.000000
352824.716403 4026338.001022 0.000000 0.000000
352824.763848 4026337.964798 0.000000 0.000000
352824.811229 4026337.928623 0.000000 0.000000
352824.858549 4026337.892494 0.000000 -0.000000
352824.905811 4026337.856410 0.000000 -0.000000
352824.953017 4026337.820369 0.000000 0.000000
352825.000168 4026337.784369 0.000000 -0.000000
352825.047268 4026337.748409 0.000000 -0.000000
352825.094318 4026337.712486 0.000000 0.000000
352825.141321 4026337.676600 0.000000 -0.000000
352825.188279 4026337.640748 0.000000 0.000000
352825.235193 4026337.604929 0.000000 0.000000
352825.282066 4026337.569142 0.000000 0.000000
352825.328899 4026337.533385 0.000000 0.000000
352825.375696 4026337.497656 0.000000 0.000000
352825.422456 4026337.461955 0.000000 0.000000
352825.469182 4026337.426280 0.000000 0.000000
352825.515877 4026337.390629 0.000000 0.000000
352825.562540 4026337.355002 0.000000 -0.000000
352825.609175 4026337.319396 0.000000 -0.000000
352825.655782 4026337.283812 0.000000 -0.000000
352825.702363 4026337.248248 0.000000 -0.000000
352825.748920 4026337.212702 0.000000 0.000000
352825.795454 4026337.177174 0.000000 -0.000000
352825.841965 4026337.141662 0.000000 0.000000
352825.888456 4026337.106167 0.000000 -0.000000
352825.934928 4026337.070686 0.000000 -0.000000
352825.981382 4026337.035219 0.000000 0.000000
352826.027819 4026336.999764 0.000000 -0.000000
352826.074240 4026336.964323 0.000000 0.000000
352826.120645 4026336.928892 0.000000 0.000000
352826.167037 4026336.893472 0.000000 0.000000
352826.213416 4026336.858062 0.000000 0.000000
352826.259783 4026336.822661 0.000000 0.000000
352826.306138 4026336.787269 0.000000 -0.000000
352826.352483 4026336.751885 0.000000 0.000000
352826.398819 4026336.716508 0.000000 -0.000000
352826.445145 4026336.681139 0.000000 0.000000
352826.491463 4026336.645775 0.000000 -0.000000
352826.537773 4026336.610418 0.000000 -0.000000
352826.584076 4026336.575066 0.000000 -0.000000
352826.630373 4026336.539718 0.000000 -0.000000
352826.676663 4026336.504376 0.000000 -0.000000
352826.722948 4026336.469038 0.000000 0.000000
352826.769228 4026336.433703 0.000000 0.000000
352826.815503 4026336.398372 0.000000 -0.000000
352826.861775 4026336.363045 0.000000 -0.000000
352826.908042 4026336.327720 0.000000 0.000000
352826.954306 4026336.292398 0.000000 -0.000000
352827.000566 4026336.257078 0.000000 0.000000
352827.046824 4026336.221761 0.000000 0.000000
352827.093079 4026336.186445 0.000000 0.000000
352827.139332 4026336.151131 0.000000 -0.000000
352827.185583 4026336.115819 0.000000 -0.000000
352827.231832 4026336.080508 0.000000 -0.000000
352827.278079 4026336.045199 0.000000 0.000000
352827.324325 4026336.009890 0.000000 -0.000000
352827.370569 4026335.974583 0.000000 -0.000000
352827.416813 4026335.939276 0.000000 -0.000000
352827.463055 4026335.903971 0.000000 -0.000000
352827.509297 4026335.868665 0.000000 -0.000000
352827.555537 4026335.833361 0.000000 0.000000
352827.601778 4026335.798057 0.000000 -0.000000
352827.648017 4026335.762753 0.000000 -0.000000
352827.694256 4026335.727450 0.000000 0.000000
352827.740495 4026335.692147 0.000000 0.000000
352827.786733 4026335.656845 0.000000 0.000000
352827.832971 4026335.621542 0.000000 0.000000
352827.879209 4026335.586240 0.000000 0.000000
352827.925447 4026335.550938 0.000000 -0.000000
352827.971684 4026335.515636 0.000000 0.000000
352828.017921 4026335.480334 0.000000 -0.000000
352828.064158 4026335.445032 0.000000 -0.000000
352828.110396 4026335.409730 0.000000 -0.000000
352828.156633 4026335.374429 0.000000 -0.000000
352828.202870 4026335.339127 0.000000 -0.000000
352828.249107 4026335.303825 0.000000 -0.000000
352828.295344 4026335.268524 0.000000 -0.000000
352828.341580 4026335.233222 0.000000 -0.000000
352828.387817 4026335.197921 0.000000 -0.000000
352828.434054 4026335.162619 0.000000 -0.000000
352828.480291 4026335.127317 0.000000 -0.000000
352828.526528 4026335.092016 0.000000 -0.000000
352828.572765 4026335.056714 0.000000 -0.000000
352828.619002 4026335.021413 0.000000 -0.000000
352828.665239 4026334.986111 0.000000 -0.000000
352828.711476 4026334.950810 0.000000 -0.000000
352828.757712 4026334.915508 0.000000 -0.000000
352828.803949 4026334.880206 0.000000 -0.000001
352828.850186 4026334.844905 0.000000 -0.000001
352828.896423 4026334.809603 0.000000 -0.000001
352828.942660 4026334.774302 0.000000 -0.000001
352828.988897 4026334.739000 0.000000 -0.000002
352829.035134 4026334.703699 0.000000 -0.000002
352829.081371 4026334.668397 0.000000 -0.000002
352829.127608 4026334.633096 0.000000 -0.000003
352829.173844 4026334.597794 0.000000 -0.000004
352829.220081 4026334.562492 0.000000 -0.000004
352829.266318 4026334.527191 0.000000 -0.000005
352829.312555 4026334.491889 0.000000 -0.000006
352829.358792 4026334.456588 0.000000 -0.000007
352829.405029 4026334.421286 0.000000 -0.000009
352829.451266 4026334.385984 0.000000 -0.000010
352829.497503 4026334.350683 0.000000 -0.000012
352829.543739 4026334.315381 0.000000 -0.000014
352829.589976 4026334.280080 0.000000 -0.000016
352829.636213 4026334.244778 0.000000 -0.000019
352829.682450 4026334.209476 0.000000 -0.000022
352829.728687 4026334.174175 0.000000 -0.000025
352829.774924 4026334.138873 0.000000 -0.000028
352829.821160 4026334.103571 0.000000 -0.000032
352829.867397 4026334.068270 0.000000 -0.000037
352829.913634 4026334.032968 0.000000 -0.000042
352829.959870 4026333.997666 0.000000 -0.000047
352830.006107 4026333.962364 0.000000 -0.000053
352830.052343 4026333.927062 0.000000 -0.000060
352830.098580 4026333.891760 0.000000 -0.000067
352830.144816 4026333.856458 0.000000 -0.000075
352830.191053 4026333.821155 0.000000 -0.000083
352830.237289 4026333.785853 0.000000 -0.000092
352830.283525 4026333.750550 0.000000 -0.000103
352830.329761 4026333.715247 0.000000 -0.000114
352830.375996 4026333.679944 0.000000 -0.000125
352830.422232 4026333.644641 0.000000 -0.000138
352830.468467 4026333.609338 0.000000 -0.000152
352830.514702 4026333.574034 0.000000 -0.000167
352830.560937 4026333.538730 0.000000 -0.000183
352830.607172 4026333.503425 0.000000 -0.000200
352830.653406 4026333.468120 0.000000 -0.000219
352830.699640 4026333.432815 0.000000 -0.000238
352830.745873 4026333.397509 0.000000 -0.000259
352830.792106 4026333.362203 0.000000 -0.000282
352830.838339 4026333.326896 0.000000 -0.000306
352830.884571 4026333.291589 0.000000 -0.000331
352830.930802 4026333.256280 0.000000 -0.000358
352830.977033 4026333.220971 0.000000 -0.000387
352831.023263 4026333.185661 0.000000 -0.000417
352831.069493 4026333.150351 0.000000 -0.000449
352831.115721 4026333.115039 0.000000 -0.000483
352831.161949 4026333.079726 0.000000 -0.000519
352831.208176 4026333.044412 0.000000 -0.000556
352831.254402 4026333.009097 0.000000 -0.000596
352831.300627 4026332.973780 0.000000 -0.000638
352831.346850 4026332.938462 0.000000 -0.000681
352831.393073 4026332.903143 0.000000 -0.000727
352831.439293 4026332.867822 0.000000 -0.000775
352831.485513 4026332.832498 0.000000 -0.000825
352831.531731 4026332.797173 0.000000 -0.000878
352831.577947 4026332.761846 0.000000 -0.000932
352831.624161 4026332.726517 0.000000 -0.000989
352831.670374 4026332.691185 0.000000 -0.001049
352831.716585 4026332.655851 0.000000 -0.001110
352831.762793 4026332.620514 0.000000 -0.001174
352831.808999 4026332.585175 0.000000 -0.001241
352831.855202 4026332.549832 0.000000 -0.001309
352831.901403 4026332.514486 0.000000 -0.001381
352831.947602 4026332.479137 0.000000 -0.001454
352831.993797 4026332.443784 0.000000 -0.001530
352832.039989 4026332.408427 0.000000 -0.001608
352832.086178 4026332.373067 0.000000 -0.001689
352832.132364 4026332.337702 0.000000 -0.001772
352832.178546 4026332.302332 0.000000 -0.001857
352832.224724 4026332.266958 0.000000 -0.001945
352832.270898 4026332.231580 0.000000 -0.002035
352832.317068 4026332.196196 0.000000 -0.002127
352832.363234 4026332.160806 0.000000 -0.002222
352832.409395 4026332.125411 0.000000 -0.002318
352832.455552 4026332.090010 0.000000 -0.002417
352832.501703 4026332.054603 0.000000 -0.002518
352832.547849 4026332.019189 0.000000 -0.002620
352832.593990 4026331.983769 0.000000 -0.002725
352832.640125 4026331.948341 0.000000 -0.002832
352832.686254 4026331.912907 0.000000 -0.002940
352832.732377 4026331.877464 0.000000 -0.003050
352832.778493 4026331.842014 0.000000 -0.003162
352832.824603 4026331.806556 0.000000 -0.003275
352832.870706 4026331.771089 0.000000 -0.003390
352832.916802 4026331.735613 0.000000 -0.003506
352832.962890 4026331.700128 0.000000 -0.003624
352833.008971 4026331.664634 0.000000 -0.003743
352833.055044 4026331.629129 0.000000 -0.003862
352833.101108 4026331.593615 0.000000 -0.003983
352833.147164 4026331.558090 0.000000 -0.004105
352833.193212 4026331.522554 0.000000 -0.004227
352833.239250 4026331.487008 0.000000 -0.004350
352833.285279 4026331.451449 0.000000 -0.004474
352833.331298 4026331.415879 0.000000 -0.004598
352833.377308 4026331.380297 0.000000 -0.004722
352833.423307 4026331.344702 0.000000 -0.004847
352833.469296 4026331.309095 0.000000 -0.004971
352833.515275 4026331.273474 0.000000 -0.005096
352833.561242 4026331.237840 0.000000 -0.005220
352833.607198 4026331.202191 0.000000 -0.005344
352833.653143 4026331.166529 0.000000 -0.005467
352833.699076 4026331.130852 0.000000 -0.005590
352833.744996 4026331.095160 0.000000 -0.005712
352833.790905 4026331.059453 0.000000 -0.005834
352833.836801 4026331.023730 0.000000 -0.005954
352833.882684 4026330.987992 0.000000 -0.006073
352833.928553 4026330.952237 0.000000 -0.006191
352833.974410 4026330.916465 0.000000 -0.006308
352834.020252 4026330.880677 0.000000 -0.006423
352834.066081 4026330.844872 0.000000 -0.006537
352834.111896 4026330.809049 0.000000 -0.006649
352834.157696 4026330.773208 0.000000 -0.006760
352834.203482 4026330.737349 0.000000 -0.006868
352834.249252 4026330.701472 0.000000 -0.006975
352834.295008 4026330.665576 0.000000 -0.007079
352834.340748 4026330.629661 0.000000 -0.007181
352834.386473 4026330.593727 0.000000 -0.007281
352834.432181 4026330.557773 0.000000 -0.007379
352834.477874 4026330.521800 0.000000 -0.007474
352834.523551 4026330.485806 0.000000 -0.007566
352834.569211 4026330.449792 0.000000 -0.007656
352834.614854 4026330.413758 0.000000 -0.007743
352834.660481 4026330.377703 0.000000 -0.007828
352834.706090 4026330.341627 0.000000 -0.007909
352834.751683 4026330.305529 0.000000 -0.007988
352834.797258 4026330.269410 0.000000 -0.008063
352834.842815 4026330.233270 0.000000 -0.008136
352834.888355 4026330.197108 0.000000 -0.008205
352834.933877 4026330.160923 0.000000 -0.008271
352834.979381 4026330.124717 0.000000 -0.008334
352835.024867 4026330.088488 0.000000 -0.008393
352835.070334 4026330.052237 0.000000 -0.008449
352835.115784 4026330.015962 0.000000 -0.008502
352835.161214 4026329.979666 0.000000 -0.008551
352835.206627 4026329.943346 0.000000 -0.008596
352835.252020 4026329.907003 0.000000 -0.008638
352835.297395 4026329.870637 0.000000 -0.008677
352835.342751 4026329.834247 0.000000 -0.008711
352835.388088 4026329.797835 0.000000 -0.008742
352835.433406 4026329.761398 0.000000 -0.008770
352835.478705 4026329.724939 0.000000 -0.008793
352835.523985 4026329.688455 0.000000 -0.008813
352835.569245 4026329.651948 0.000000 -0.008830
352835.614487 4026329.615418 0.000000 -0.008842
352835.659709 4026329.578864 0.000000 -0.008851
352835.704912 4026329.542285 0.000000 -0.008855
352835.750096 4026329.505684 0.000000 -0.008856
352835.795261 4026329.469058 0.000000 -0.008854
352835.840406 4026329.432409 0.000000 -0.008847
352835.885532 4026329.395736 0.000000 -0.008837
352835.930639 4026329.359039 0.000000 -0.008822
352835.975727 4026329.322319 0.000000 -0.008804
352836.020796 4026329.285575 0.000000 -0.008783
352836.065846 4026329.248808 0.000000 -0.008757
352836.110877 4026329.212017 0.000000 -0.008728
352836.155889 4026329.175203 0.000000 -0.008695
352836.200882 4026329.138365 0.000000 -0.008658
352836.245856 4026329.101505 0.000000 -0.008618
352836.290811 4026329.064621 0.000000 -0.008574
352836.335748 4026329.027714 0.000000 -0.008527
352836.380667 4026328.990785 0.000000 -0.008476
352836.425567 4026328.953833 0.000000 -0.008421
352836.470449 4026328.916858 0.000000 -0.008363
352836.515313 4026328.879861 0.000000 -0.008302
352836.560159 4026328.842842 0.000000 -0.008237
352836.604987 4026328.805801 0.000000 -0.008169
352836.649797 4026328.768738 0.000000 -0.008097
352836.694590 4026328.731654 0.000000 -0.008023
352836.739366 4026328.694548 0.000000 -0.007945
352836.784124 4026328.657421 0.000000 -0.007865
352836.828866 4026328.620273 0.000000 -0.007781
352836.873590 4026328.583104 0.000000 -0.007695
352836.918299 4026328.545914 0.000000 -0.007605
352836.962990 4026328.508705 0.000000 -0.007513
352837.007666 4026328.471475 0.000000 -0.007418
352837.052325 4026328.434226 0.000000 -0.007321
352837.096969 4026328.396957 0.000000 -0.007222
352837.141597 4026328.359669 0.000000 -0.007119
352837.186210 4026328.322363 0.000000 -0.007015
352837.230808 4026328.285037 0.000000 -0.006908
352837.275391 4026328.247693 0.000000 -0.006800
352837.319959 4026328.210332 0.000000 -0.006689
352837.364513 4026328.172952 0.000000 -0.006577
352837.409053 4026328.135555 0.000000 -0.006463
352837.453579 4026328.098141 0.000000 -0.006347
352837.498092 4026328.060710 0.000000 -0.006230
352837.542591 4026328.023263 0.000000 -0.006111
352837.587077 4026327.985800 0.000000 -0.005991
352837.631550 4026327.948321 0.000000 -0.005870
352837.676011 4026327.910826 0.000000 -0.005748
352837.720460 4026327.873317 0.000000 -0.005625
352837.764897 4026327.835792 0.000000 -0.005501
352837.809322 4026327.798253 0.000000 -0.005377
352837.853735 4026327.760700 0.000000 -0.005252
352837.898137 4026327.723133 0.000000 -0.005127
352837.942529 4026327.685553 0.000000 -0.005002
352837.986910 4026327.647960 0.000000 -0.004876
352838.031281 4026327.610354 0.000000 -0.004751
352838.075641 4026327.572736 0.000000 -0.004625
352838.119992 4026327.535106 0.000000 -0.004500
352838.164334 4026327.497464 0.000000 -0.004376
352838.208666 4026327.459811 0.000000 -0.004252
352838.252990 4026327.422147 0.000000 -0.004128
352838.297305 4026327.384472 0.000000 -0.004005
352838.341611 4026327.346787 0.000000 -0.003883
352838.385910 4026327.309091 0.000000 -0.003763
352838.430200 4026327.271387 0.000000 -0.003643
352838.474483 4026327.233673 0.000000 -0.003524
352838.518759 4026327.195950 0.000000 -0.003407
352838.563028 4026327.158218 0.000000 -0.003291
352838.607290 4026327.120478 0.000000 -0.003177
352838.651545 4026327.082730 0.000000 -0.003064
352838.695794 4026327.044974 0.000000 -0.002953
352838.740038 4026327.007210 0.000000 -0.002843
352838.784275 4026326.969440 0.000000 -0.002736
352838.828507 4026326.931663 0.000000 -0.002630
352838.872733 4026326.893879 0.000000 -0.002527
352838.916955 4026326.856089 0.000000 -0.002425
352838.961171 4026326.818292 0.000000 -0.002326
352839.005383 4026326.780490 0.000000 -0.002228
352839.049591 4026326.742683 0.000000 -0.002133
352839.093794 4026326.704870 0.000000 -0.002040
352839.137993 4026326.667053 0.000000 -0.001949
352839.182189 4026326.629230 0.000000 -0.001861
352839.226380 4026326.591403 0.000000 -0.001775
352839.270568 4026326.553572 0.000000 -0.001692
352839.314753 4026326.515737 0.000000 -0.001610
352839.358935 4026326.477898 0.000000 -0.001532
352839.403114 4026326.440055 0.000000 -0.001455
352839.447290 4026326.402208 0.000000 -0.001381
352839.491463 4026326.364359 0.000000 -0.001310
352839.535634 4026326.326506 0.000000 -0.001241
352839.579803 4026326.288651 0.000000 -0.001174
352839.623969 4026326.250793 0.000000 -0.001110
352839.668133 4026326.212932 0.000000 -0.001048
352839.712295 4026326.175069 0.000000 -0.000988
352839.756456 4026326.137203 0.000000 -0.000931
352839.800615 4026326.099336 0.000000 -0.000876
352839.844772 4026326.061466 0.000000 -0.000824
352839.888928 4026326.023595 0.000000 -0.000773
352839.933082 4026325.985722 0.000000 -0.000725
352839.977235 4026325.947847 0.000000 -0.000679
352840.021387 4026325.909971 0.000000 -0.000635
352840.065537 4026325.872093 0.000000 -0.000594
352840.109687 4026325.834214 0.000000 -0.000554
352840.153836 4026325.796334 0.000000 -0.000516
352840.197984 4026325.758453 0.000000 -0.000481
352840.242131 4026325.720571 0.000000 -0.000447
352840.286277 4026325.682688 0.000000 -0.000415
352840.330422 4026325.644804 0.000000 -0.000384
352840.374567 4026325.606920 0.000000 -0.000356
352840.418712 4026325.569034 0.000000 -0.000329
352840.462855 4026325.531148 0.000000 -0.000303
352840.506999 4026325.493262 0.000000 -0.000280
352840.551142 4026325.455375 0.000000 -0.000257
352840.595284 4026325.417487 0.000000 -0.000236
352840.639426 4026325.379599 0.000000 -0.000217
352840.683568 4026325.341710 0.000000 -0.000198
352840.727710 4026325.303822 0.000000 -0.000181
352840.771851 4026325.265932 0.000000 -0.000165
352840.815992 4026325.228043 0.000000 -0.000150
352840.860133 4026325.190153 0.000000 -0.000137
352840.904273 4026325.152263 0.000000 -0.000124
352840.948414 4026325.114373 0.000000 -0.000112
352840.992554 4026325.076483 0.000000 -0.000101
352841.036694 4026325.038592 0.000000 -0.000091
352841.080834 4026325.000702 0.000000 -0.000082
352841.124974 4026324.962811 0.000000 -0.000074
352841.169114 4026324.924920 0.000000 -0.000066
352841.213254 4026324.887029 0.000000 -0.000059
352841.257394 4026324.849138 0.000000 -0.000052
352841.301534 4026324.811247 0.000000 -0.000046
352841.345673 4026324.773356 0.000000 -0.000041
352841.389813 4026324.735464 0.000000 -0.000036
352841.433952 4026324.697573 0.000000 -0.000032
352841.478092 4026324.659682 0.000000 -0.000028
352841.522231 4026324.621790 0.000000 -0.000024
352841.566371 4026324.583899 0.000000 -0.000021
352841.610510 4026324.546008 0.000000 -0.000018
352841.654650 4026324.508116 0.000000 -0.000016
352841.698789 4026324.470225 0.000000 -0.000014
352841.742929 4026324.432333 0.000000 -0.000012
352841.787068 4026324.394442 0.000000 -0.000010
352841.831208 4026324.356551 0.000000 -0.000008
352841.875347 4026324.318659 0.000000 -0.000007
352841.919486 4026324.280768 0.000000 -0.000006
352841.963626 4026324.242876 0.000000 -0.000005
352842.007765 4026324.204985 0.000000 -0.000004
352842.051905 4026324.167093 0.000000 -0.000003
352842.096044 4026324.129202 0.000000 -0.000003
352842.140184 4026324.091311 0.000000 -0.000002
352842.184323 4026324.053419 0.000000 -0.000002
352842.228462 4026324.015528 0.000000 -0.000002
352842.272602 4026323.977636 0.000000 -0.000001
352842.316741 4026323.939745 0.000000 -0.000001
352842.360881 4026323.901853 0.000000 -0.000001
352842.405020 4026323.863962 0.000000 -0.000001
352842.449160 4026323.826070 0.000000 -0.000000
352842.493299 4026323.788179 0.000000 -0.000000
352842.537438 4026323.750288 0.000000 -0.000000
352842.581578 4026323.712396 0.000000 -0.000000
352842.625717 4026323.674505 0.000000 -0.000000
352842.669857 4026323.636613 0.000000 -0.000000
352842.713996 4026323.598722 0.000000 -0.000000
352842.758136 4026323.560830 0.000000 -0.000000
352842.802275 4026323.522939 0.000000 -0.000000
352842.846415 4026323.485047 0.000000 -0.000000
352842.890554 4026323.447156 0.000000 -0.000000
352842.934694 4026323.409264 0.000000 -0.000000
352842.978833 4026323.371373 0.000000 -0.000000
352843.022973 4026323.333481 0.000000 -0.000000
352843.067112 4026323.295590 0.000000 -0.000000
352843.111252 4026323.257698 0.000000 -0.000000
352843.155392 4026323.219806 0.000000 -0.000000
352843.199532 4026323.181914 0.000000 0.000000
352843.243672 4026323.144022 0.000000 -0.000000
352843.287812 4026323.106130 0.000000 0.000000
352843.331953 4026323.068238 0.000000 0.000000
352843.376093 4026323.030345 0.000000 -0.000000
352843.420235 4026322.992452 0.000000 -0.000000
352843.464376 4026322.954559 0.000000 0.000000
352843.508518 4026322.916666 0.000000 -0.000000
352843.552661 4026322.878771 0.000000 -0.000000
352843.596804 4026322.840877 0.000000 0.000000
352843.640948 4026322.802982 0.000000 -0.000000
352843.685092 4026322.765086 0.000000 0.000000
352843.729238 4026322.727189 0.000000 -0.000000
352843.773385 4026322.689291 0.000000 -0.000000
352843.817533 4026322.651392 0.000000 -0.000000
352843.861682 4026322.613492 0.000000 -0.000000
352843.905833 4026322.575591 0.000000 -0.000000
352843.949986 4026322.537688 0.000000 -0.000000
352843.994140 4026322.499784 0.000000 -0.000000
352844.038297 4026322.461877 0.000000 0.000000
352844.082457 4026322.423969 0.000000 0.000000
352844.126619 4026322.386058 0.000000 -0.000000
352844.170784 4026322.348144 0.000000 0.000000
352844.214952 4026322.310228 0.000000 0.000000
352844.259124 4026322.272309 0.000000 0.000000
352844.303300 4026322.234386 0.000000 -0.000000
352844.347481 4026322.196459 0.000000 0.000000
352844.391666 4026322.158528 0.000000 -0.000000
352844.435857 4026322.120593 0.000000 0.000000
352844.480053 4026322.082652 0.000000 -0.000000
352844.524256 4026322.044707 0.000000 -0.000000
352844.568465 4026322.006755 0.000000 0.000000
352844.612682 4026321.968797 0.000000 0.000000
352844.656907 4026321.930833 0.000000 -0.000000
352844.701140 4026321.892861 0.000000 -0.000000
352844.745383 4026321.854881 0.000000 -0.000000
352844.789635 4026321.816892 0.000000 0.000000
352844.833899 4026321.778894 0.000000 -0.000000
352844.878174 4026321.740886 0.000000 0.000000
352844.922461 4026321.702868 0.000000 0.000000
352844.966762 4026321.664838 0.000000 0.000000
352845.011077 4026321.626796 0.000000 -0.000000
352845.055407 4026321.588741 0.000000 0.000000
352845.099754 4026321.550671 0.000000 -0.000000
352845.144117 4026321.512587 0.000000 -0.000000
352845.188500 4026321.474488 0.000000 -0.000000
352845.232901 4026321.436371 0.000000 -0.000000
352845.277324 4026321.398236 0.000000 -0.000000
352845.321769 4026321.360083 0.000000 0.000000
352845.366237 4026321.321909 0.000000 0.000000
352845.410730 4026321.283714 0.000000 0.000000
352845.455249 4026321.245497 0.000000 -0.000000
352845.499796 4026321.207256 0.000000 0.000000
352845.544372 4026321.168990 0.000000 0.000000
352845.588979 4026321.130697 0.000000 0.000000
352845.633618 4026321.092376 0.000000 0.000000
352845.678291 4026321.054027 0.000000 0.000000
352845.723000 4026321.015646 0.000000 0.000000
352845.767747 4026320.977234 0.000000 -0.000000
352845.812533 4026320.938787 0.000000 0.000000
352845.857360 4026320.900305 0.000000 -0.000000
352845.902231 4026320.861786 0.000000 -0.000000
352845.947147 4026320.823228 0.000000 -0.000000
352845.992110 4026320.784629 0.000000 -0.000000
352846.037123 4026320.745988 0.000000 0.000000
352846.082187 4026320.707303 0.000000 -0.000000
352846.127304 4026320.668572 0.000000 -0.000000
352846.172478 4026320.629793 0.000000 -0.000000
352846.217710 4026320.590963 0.000000 -0.000000
352846.263002 4026320.552082 0.000000 -0.000000
352846.308358 4026320.513147 0.000000 -0.000000
352846.353778 4026320.474156 0.000000 -0.000000
352846.399267 4026320.435106 0.000000 0.000000
352846.444826 4026320.395996 0.000000 -0.000000
352846.490457 4026320.356824 0.000000 -0.000000
352846.536165 4026320.317586 0.000000 -0.000000
352846.581950 4026320.278282 0.000000 0.000000
352846.627816 4026320.238908 0.000000 -0.000000
352846.673766 4026320.199463 0.000000 -0.000000
352846.719801 4026320.159944 0.000000 -0.000000
352846.765926 4026320.120348 0.000000 -0.000000
352846.812143 4026320.080673 0.000000 0.000000
352846.858455 4026320.040917 0.000000 0.000000
352846.904864 4026320.001077 0.000000 0.000000
352846.951373 4026319.961151 0.000000 0.000000
352846.997986 4026319.921136 0.000000 0.000000
352847.044706 4026319.881030 0.000000 0.000000
352847.091535 4026319.840830 0.000000 -0.000000
352847.138476 4026319.800533 0.000000 0.000000
352847.185533 4026319.760137 0.000000 0.000000
352847.232708 4026319.719639 0.000000 0.000000
352847.280005 4026319.679037 0.000000 0.000000
352847.327427 4026319.638328 0.000000 0.000000
352847.374976 4026319.597509 0.000000 0.000000
352847.422657 4026319.556578 0.000000 0.000000
352847.470472 4026319.515532 0.000000 0.000000
352847.518424 4026319.474367 0.000000 0.000000
352847.566516 4026319.433082 0.000000 0.000000
352847.614753 4026319.391674 0.000000 -0.000000
352847.663136 4026319.350139 0.000000 0.000000
352847.711670 4026319.308476 0.000000 0.000000
352847.760357 4026319.266680 0.000000 -0.000000
352847.809201 4026319.224750 0.000000 -0.000000
352847.858205 4026319.182683 0.000000 0.000000
352847.907372 4026319.140475 0.000000 -0.000000
352847.956706 4026319.098124 0.000000 0.000000
352848.006211 4026319.055627 0.000000 -0.000000
352848.055889 4026319.012981 0.000000 -0.000000
352848.105744 4026318.970183 0.000000 -0.000000
352848.155779 4026318.927231 0.000000 -0.000000
352848.205998 4026318.884120 0.000000 -0.000000
352848.256404 4026318.840849 0.000000 -0.000000
352848.307002 4026318.797414 0.000000 -0.000000
352848.357793 4026318.753812 0.000000 -0.000000
352848.408783 4026318.710040 0.000000 0.000000
352848.459974 4026318.666095 0.000000 -0.000000
352848.511370 4026318.621974 0.000000 -0.000000
352848.562974 4026318.577674 0.000000 -0.000000
352848.614792 4026318.533191 0.000000 -0.000000
352848.666825 4026318.488523 0.000000 -0.000000
352848.719079 4026318.443667 0.000000 -0.000000
352848.771556 4026318.398618 0.000000 -0.000000
352848.824261 4026318.353373 0.000000 -0.000000
352848.877197 4026318.307930 0.000000 -0.000000
352848.930368 4026318.262285 0.000000 0.000000
352848.983779 4026318.216435 0.000000 0.000000
352849.037434 4026318.170375 0.000000 0.000000
352849.091336 4026318.124103 0.000000 -0.000000
352849.145490 4026318.077615 0.000000 -0.000000
352849.199899 4026318.030907 0.000000 0.000000
352849.254569 4026317.983976 0.000000 0.000000
352849.309503 4026317.936817 0.000000 0.000000
352849.364707 4026317.889428 0.000000 0.000000
352849.420183 4026317.841804 0.000000 0.000000
352849.475938 4026317.793942 0.000000 -0.000000
352849.531975 4026317.745837 0.000000 -0.000000
352849.588300 4026317.697485 0.000000 -0.000000
352849.644916 4026317.648882 0.000000 0.000000
352849.701830 4026317.600025 0.000000 0.000000
352849.759046 4026317.550908 0.000000 -0.000000
352849.816569 4026317.501527 0.000000 -0.000000
352849.874404 4026317.451879 0.000000 -0.000000
352849.932558 4026317.401957 0.000000 0.000000
352849.991034 4026317.351758 0.000000 -0.000000
352850.049839 4026317.301277 0.000000 0.000000
352850.108979 4026317.250508 0.000000 0.000000
352850.168460 4026317.199447 0.000000 0.000000
352850.228287 4026317.148089 0.000000 -0.000000
352850.288466 4026317.096428 0.000000 -0.000000
352850.349006 4026317.044458 0.000000 -0.000000
352850.409910 4026316.992174 0.000000 -0.000000
352850.471188 4026316.939570 0.000000 -0.000000
352850.532846 4026316.886641 0.000000 -0.000000
352850.594890 4026316.833379 0.000000 0.000000
352850.657329 4026316.779778 0.000000 0.000000
352850.720170 4026316.725832 0.000000 -0.000000
352850.783421 4026316.671534 0.000000 -0.000000
352850.847091 4026316.616877 0.000000 -0.000000
352850.911189 4026316.561853 0.000000 -0.000000
352850.975722 4026316.506454 0.000000 0.000000
352851.040701 4026316.450673 0.000000 -0.000000
352851.106134 4026316.394502 0.000000 -0.000000
352851.172033 4026316.337931 0.000000 -0.000000
352851.238407 4026316.280953 0.000000 0.000000
352851.305266 4026316.223557 0.000000 0.000000
352851.372623 4026316.165735 0.000000 -0.000000
352851.440488 4026316.107477 0.000000 0.000000
352851.508873 4026316.048771 0.000000 -0.000000
352851.577791 4026315.989608 0.000000 -0.000000
352851.647256 4026315.929977 0.000000 0.000000
352851.717279 4026315.869865 0.000000 -0.000000
352851.787875 4026315.809262 0.000000 0.000000
352851.859060 4026315.748154 0.000000 0.000000
352851.930846 4026315.686529 0.000000 -0.000000
352852.003252 4026315.624372 0.000000 0.000000
352852.076291 4026315.561672 0.000000 -0.000000
352852.149983 4026315.498412 0.000000 0.000000
352852.224343 4026315.434577 0.000000 -0.000000
352852.299390 4026315.370153 0.000000 0.000000
352852.375143 4026315.305123 0.000000 0.000000
352852.451622 4026315.239470 0.000000 -0.000000
352852.528846 4026315.173176 0.000000 0.000000
352852.606838 4026315.106224 0.000000 -0.000000
352852.685619 4026315.038595 0.000000 -0.000000
352852.765212 4026314.970269 0.000000 0.000000
352852.845640 4026314.901225 0.000000 0.000000
352852.926928 4026314.831443 0.000000 0.000000
352853.009103 4026314.760901 0.000000 -0.000000
352853.092191 4026314.689574 0.000000 -0.000000
352853.176222 4026314.617437 0.000000 -0.000000
352853.261227 4026314.544465 0.000000 -0.000000
352853.347238 4026314.470629 0.000000 0.000000
352853.434292 4026314.395898 0.000000 -0.000000
352853.522427 4026314.320239 0.000000 0.000000
352853.611685 4026314.243615 0.000000 -0.000000
352853.702112 4026314.165988 0.000000 -0.000000
352853.793758 4026314.087314 0.000000 0.000000
352853.886679 4026314.007546 0.000000 -0.000000
352853.980936 4026313.926632 0.000000 -0.000000
352854.076593 4026313.844515 0.000000 -0.000000
352854.173726 4026313.761131 0.000000 0.000000
352854.272415 4026313.676412 0.000000 -0.000000
352854.372748 4026313.590281 0.000000 -0.000000
352854.474824 4026313.502655 0.000000 0.000000
352854.578749 4026313.413440 0.000000 -0.000000
352854.684643 4026313.322536 0.000000 -0.000000
352854.792634 4026313.229831 0.000000 0.000000
352854.902864 4026313.135204 0.000000 0.000000
352855.015488 4026313.038522 0.000000 0.000000
352855.130676 4026312.939639 0.000000 0.000000
352855.248612 4026312.838397 0.000000 0.000000
352855.369497 4026312.734623 0.000000 0.000000
352855.493550 4026312.628130 0.000000 0.000000
352855.621008 4026312.518714 0.000000 0.000000
352855.752128 4026312.406155 0.000000 0.000000
352855.887187 4026312.290213 0.000000 0.000000
352856.026486 4026312.170632 0.000000 0.000000
352856.170348 4026312.047134 0.000000 0.000000
352856.319123 4026311.919418 0.000000 0.000000
352856.473186 4026311.787163 0.000000 0.000000
352856.632938 4026311.650024 0.000000 0.000000
352856.798812 4026311.507629 0.000000 0.000000
352856.971271 4026311.359583 0.000000 0.000000
352857.150808 4026311.205459 0.000000 0.000000
352857.337953 4026311.044805 0.000000 0.000000
352857.533268 4026310.877137 0.000000 0.000000
352857.737354 4026310.701940 0.000000 0.000000
352857.950850 4026310.518664 0.000000 0.000000
352858.174436 4026310.326727 0.000000 0.000000
352858.408833 4026310.125509 0.000000 0.000000
352858.654806 4026309.914354 0.000000 0.000000
