352858.913167 4026309.692564 0.000000 -0.000000
352859.013189 4026309.604953 0.000000 -0.000000
352859.113212 4026309.517342 0.000000 -0.000000
352859.213234 4026309.429730 0.000000 -0.000000
352859.313256 4026309.342119 0.000000 -0.000000
352859.413279 4026309.254507 0.000000 -0.000000
352859.513301 4026309.166896 0.000000 -0.000000
352859.613324 4026309.079284 0.000000 -0.000000
352859.713346 4026308.991673 0.000000 -0.000000
352859.813368 4026308.904062 0.000000 -0.000000
352859.913391 4026308.816450 0.000000 -0.000000
352860.013413 4026308.728839 0.000000 -0.000000
352860.113435 4026308.641227 0.000000 -0.000000
352860.213458 4026308.553616 0.000000 -0.000000
352860.313480 4026308.466004 0.000000 -0.000000
352860.413502 4026308.378393 0.000000 -0.000000
352860.513525 4026308.290782 0.000000 -0.000000
352860.613547 4026308.203170 0.000000 -0.000000
352860.713569 4026308.115559 0.000000 -0.000000
352860.813592 4026308.027947 0.000000 -0.000000
352860.913614 4026307.940336 0.000000 -0.000000
352861.013636 4026307.852724 0.000000 -0.000000
352861.113659 4026307.765113 0.000000 -0.000000
352861.213681 4026307.677502 0.000000 -0.000000
352861.313703 4026307.589890 0.000000 -0.000000
352861.413726 4026307.502279 0.000000 -0.000000
352861.513748 4026307.414667 0.000000 -0.000000
352861.613770 4026307.327056 0.000000 -0.000000
352861.713793 4026307.239444 0.000000 -0.000000
352861.813815 4026307.151833 0.000000 -0.000000
352861.913838 4026307.064222 0.000000 -0.000000
352862.013860 4026306.976610 0.000000 0.000000
352862.113882 4026306.888999 0.000000 0.000000
352862.213905 4026306.801387 0.000000 0.000000
352862.313927 4026306.713776 0.000000 0.000000
352862.413949 4026306.626164 0.000000 0.000000
352862.513972 4026306.538553 0.000000 0.000000
352862.613994 4026306.450942 0.000000 0.000000
352862.714016 4026306.363330 0.000000 0.000000
352862.814039 4026306.275719 0.000000 0.000000
352862.914061 4026306.188107 0.000000 0.000000
352863.014083 4026306.100496 0.000000 0.000000
352863.114106 4026306.012884 0.000000 0.000000
352863.214128 4026305.925273 0.000000 0.000000
352863.314150 4026305.837662 0.000000 0.000000
352863.414173 4026305.750050 0.000000 0.000000
352863.514195 4026305.662439 0.000000 0.000000
352863.614217 4026305.574827 0.000000 0.000000
352863.714240 4026305.487216 0.000000 0.000000
352863.814262 4026305.399604 0.000000 0.000000
