352889.061842 4026283.359310 0.000000 0.000000
352889.219789 4026283.207994 0.000000 0.000000
352889.377736 4026283.056678 0.000000 0.000000
352889.535684 4026282.905362 0.000000 0.000000
352889.693631 4026282.754046 0.000000 0.000000
352889.851578 4026282.602730 0.000000 0.000000
352890.009525 4026282.451414 0.000000 0.000000
352890.167472 4026282.300098 0.000000 0.000000
352890.325419 4026282.148782 0.000000 0.000000
352890.483367 4026281.997466 0.000000 0.000000
352890.641314 4026281.846150 0.000000 0.000000
352890.799261 4026281.694834 0.000000 0.000000
352890.957208 4026281.543518 0.000000 0.000000
352891.115155 4026281.392202 0.000000 0.000000
352891.273103 4026281.240886 0.000000 0.000000
352891.431050 4026281.089570 0.000000 0.000000
352891.588997 4026280.938254 0.000000 0.000000
352891.746944 4026280.786938 0.000000 0.000000
352891.904891 4026280.635622 0.000000 0.000000
352892.062838 4026280.484306 0.000000 0.000000
352892.220786 4026280.332990 0.000000 0.000000
352892.378733 4026280.181674 0.000000 0.000000
352892.536680 4026280.030358 0.000000 0.000000
352892.694627 4026279.879042 0.000000 0.000000
352892.852574 4026279.727726 0.000000 0.000000
352893.010521 4026279.576410 0.000000 -0.000000
352893.168469 4026279.425094 0.000000 -0.000000
352893.326416 4026279.273778 0.000000 -0.000000
352893.484363 4026279.122462 0.000000 -0.000000
352893.642310 4026278.971146 0.000000 -0.000000
352893.800257 4026278.819830 0.000000 -0.000000
352893.958204 4026278.668514 0.000000 -0.000000
352894.116152 4026278.517198 0.000000 -0.000000
352894.274099 4026278.365882 0.000000 -0.000000
352894.432046 4026278.214566 0.000000 -0.000000
352894.589993 4026278.063250 0.000000 -0.000000
352894.747940 4026277.911934 0.000000 -0.000000
352894.905887 4026277.760618 0.000000 -0.000000
352895.063835 4026277.609302 0.000000 -0.000000
352895.221782 4026277.457986 0.000000 -0.000000
352895.379729 4026277.306670 0.000000 -0.000000
352895.537676 4026277.155354 0.000000 -0.000000
352895.695623 4026277.004038 0.000000 -0.000000
352895.853570 4026276.852722 0.000000 -0.000000
352896.011518 4026276.701406 0.000000 -0.000000
352896.169465 4026276.550090 0.000000 -0.000000
352896.327412 4026276.398774 0.000000 -0.000000
352896.485359 4026276.247458 0.000000 -0.000000
352896.643306 4026276.096142 0.000000 -0.000000
352896.801253 4026275.944826 0.000000 -0.000000
