352886.691832 4026280.989299 0.000000 0.000000
352886.855158 4026280.846545 0.000000 -0.000000
352887.018484 4026280.703790 0.000000 -0.000000
352887.181810 4026280.561035 0.000000 -0.000000
352887.345136 4026280.418280 0.000000 -0.000000
352887.508462 4026280.275525 0.000000 -0.000000
352887.671788 4026280.132770 0.000000 -0.000000
352887.835114 4026279.990015 0.000000 -0.000000
352887.998440 4026279.847260 0.000000 -0.000000
352888.161766 4026279.704505 0.000000 -0.000000
352888.325092 4026279.561750 0.000000 -0.000000
352888.488418 4026279.418995 0.000000 -0.000000
352888.651744 4026279.276241 0.000000 -0.000000
352888.815070 4026279.133486 0.000000 -0.000000
352888.978396 4026278.990731 0.000000 -0.000000
352889.141722 4026278.847976 0.000000 -0.000000
352889.305047 4026278.705221 0.000000 -0.000000
352889.468373 4026278.562466 0.000000 -0.000000
352889.631699 4026278.419711 0.000000 -0.000000
352889.795025 4026278.276956 0.000000 -0.000000
352889.958351 4026278.134201 0.000000 -0.000000
352890.121677 4026277.991446 0.000000 -0.000000
352890.285003 4026277.848691 0.000000 -0.000000
352890.448329 4026277.705937 0.000000 -0.000000
352890.611655 4026277.563182 0.000000 -0.000000
352890.774981 4026277.420427 0.000000 -0.000000
352890.938307 4026277.277672 0.000000 -0.000000
352891.101633 4026277.134917 0.000000 -0.000000
352891.264959 4026276.992162 0.000000 -0.000000
352891.428285 4026276.849407 0.000000 -0.000000
352891.591611 4026276.706652 0.000000 -0.000000
352891.754937 4026276.563897 0.000000 -0.000000
352891.918263 4026276.421142 0.000000 -0.000000
352892.081589 4026276.278387 0.000000 -0.000000
352892.244915 4026276.135632 0.000000 -0.000000
352892.408241 4026275.992878 0.000000 -0.000000
352892.571567 4026275.850123 0.000000 -0.000000
352892.734893 4026275.707368 0.000000 -0.000000
352892.898219 4026275.564613 0.000000 -0.000000
352893.061545 4026275.421858 0.000000 -0.000000
352893.224871 4026275.279103 0.000000 -0.000000
352893.388197 4026275.136348 0.000000 -0.000000
352893.551523 4026274.993593 0.000000 -0.000000
352893.714849 4026274.850838 0.000000 -0.000000
352893.878175 4026274.708083 0.000000 -0.000000
352894.041501 4026274.565328 0.000000 -0.000000
352894.204827 4026274.422574 0.000000 -0.000000
352894.368153 4026274.279819 0.000000 -0.000000
352894.531479 4026274.137064 0.000000 -0.000000
352894.694805 4026273.994309 0.000000 -0.000000
