352896.959201 4026275.793510 0.000000 0.000000
352897.201220 4026275.560354 0.000000 -0.000011
352897.431635 4026275.338376 0.000000 -0.000022
352897.651205 4026275.126846 0.000000 -0.000034
352897.860649 4026274.925072 0.000000 -0.000045
352898.060641 4026274.732404 0.000000 -0.000056
352898.251818 4026274.548227 0.000000 -0.000067
352898.434779 4026274.371966 0.000000 -0.000078
352898.610086 4026274.203078 0.000000 -0.000089
352898.778267 4026274.041056 0.000000 -0.000101
352898.939817 4026273.885421 0.000000 -0.000112
352899.095198 4026273.735728 0.000000 -0.000123
352899.244845 4026273.591559 0.000000 -0.000134
352899.389161 4026273.452524 0.000000 -0.000145
352899.528523 4026273.318261 0.000000 -0.000156
352899.663284 4026273.188430 0.000000 -0.000168
352899.793768 4026273.062717 0.000000 -0.000179
352899.920280 4026272.940829 0.000000 -0.000190
352900.043100 4026272.822495 0.000000 -0.000201
352900.162488 4026272.707464 0.000000 -0.000212
352900.278685 4026272.595504 0.000000 -0.000224
352900.391914 4026272.486402 0.000000 -0.000235
352900.502377 4026272.379958 0.000000 -0.000246
352900.610264 4026272.275992 0.000000 -0.000257
352900.715746 4026272.174337 0.000000 -0.000268
352900.818983 4026272.074840 0.000000 -0.000306
352900.920119 4026271.977359 0.000000 -0.000347
352901.019286 4026271.881768 0.000000 -0.000392
352901.116606 4026271.787949 0.000000 -0.000441
352901.212188 4026271.695795 0.000000 -0.000494
352901.306133 4026271.605208 0.000000 -0.000552
352901.398532 4026271.516100 0.000000 -0.000614
352901.489467 4026271.428391 0.000000 -0.000680
352901.579014 4026271.342006 0.000000 -0.000751
352901.667242 4026271.256879 0.000000 -0.000827
352901.754211 4026271.172949 0.000000 -0.000908
352901.839978 4026271.090162 0.000000 -0.000994
352901.924595 4026271.008467 0.000000 -0.001084
352902.008107 4026270.927817 0.000000 -0.001179
352902.090558 4026270.848172 0.000000 -0.001280
352902.171985 4026270.769492 0.000000 -0.001385
352902.252425 4026270.691743 0.000000 -0.001494
352902.331910 4026270.614890 0.000000 -0.001609
352902.410471 4026270.538903 0.000000 -0.001728
352902.488136 4026270.463755 0.000000 -0.001852
352902.564931 4026270.389418 0.000000 -0.001980
352902.640883 4026270.315867 0.000000 -0.002113
352902.716013 4026270.243077 0.000000 -0.002249
352902.790345 4026270.171026 0.000000 -0.002390
352902.863901 4026270.099691 0.000000 -0.002535
352902.936701 4026270.029052 0.000000 -0.002683
352903.008764 4026269.959088 0.000000 -0.002835
352903.080111 4026269.889779 0.000000 -0.002990
352903.150759 4026269.821107 0.000000 -0.003147
352903.220726 4026269.753052 0.000000 -0.003308
352903.290030 4026269.685597 0.000000 -0.003471
352903.358686 4026269.618726 0.000000 -0.003636
352903.426710 4026269.552421 0.000000 -0.003803
352903.494118 4026269.486667 0.000000 -0.003971
352903.560925 4026269.421449 0.000000 -0.004141
352903.627143 4026269.356752 0.000000 -0.004311
352903.692788 4026269.292562 0.000000 -0.004482
352903.757871 4026269.228865 0.000000 -0.004653
352903.822406 4026269.165648 0.000000 -0.004824
352903.886404 4026269.102900 0.000000 -0.004995
352903.949878 4026269.040607 0.000000 -0.005164
352904.012838 4026268.978757 0.000000 -0.005332
352904.075295 4026268.917341 0.000000 -0.005498
352904.137260 4026268.856346 0.000000 -0.005663
352904.198742 4026268.795764 0.000000 -0.005824
352904.259752 4026268.735582 0.000000 -0.005983
352904.320299 4026268.675793 0.000000 -0.006139
352904.380391 4026268.616387 0.000000 -0.006292
352904.440038 4026268.557354 0.000000 -0.006440
352904.499248 4026268.498687 0.000000 -0.006584
352904.558029 4026268.440377 0.000000 -0.006724
352904.616389 4026268.382417 0.000000 -0.006859
352904.674335 4026268.324798 0.000000 -0.006989
352904.731876 4026268.267513 0.000000 -0.007113
352904.789018 4026268.210556 0.000000 -0.007231
352904.845769 4026268.153919 0.000000 -0.007344
352904.902134 4026268.097596 0.000000 -0.007450
352904.958122 4026268.041581 0.000000 -0.007550
352905.013738 4026267.985868 0.000000 -0.007643
352905.068988 4026267.930450 0.000000 -0.007729
352905.123880 4026267.875322 0.000000 -0.007808
352905.178418 4026267.820479 0.000000 -0.007879
352905.232608 4026267.765915 0.000000 -0.007943
352905.286457 4026267.711625 0.000000 -0.008000
352905.339971 4026267.657604 0.000000 -0.008049
352905.393153 4026267.603848 0.000000 -0.008090
352905.446011 4026267.550352 0.000000 -0.008123
352905.498549 4026267.497111 0.000000 -0.008149
352905.550773 4026267.444121 0.000000 -0.008166
352905.602688 4026267.391378 0.000000 -0.008176
352905.654299 4026267.338877 0.000000 -0.008177
352905.705610 4026267.286615 0.000000 -0.008171
352905.756627 4026267.234587 0.000000 -0.008157
352905.807356 4026267.182790 0.000000 -0.008136
352905.857800 4026267.131221 0.000000 -0.008107
352905.907964 4026267.079875 0.000000 -0.008070
352905.957853 4026267.028749 0.000000 -0.008026
352906.007473 4026266.977840 0.000000 -0.007975
352906.056826 4026266.927144 0.000000 -0.007917
352906.105919 4026266.876658 0.000000 -0.007852
352906.154755 4026266.826378 0.000000 -0.007780
352906.203339 4026266.776302 0.000000 -0.007702
352906.251676 4026266.726427 0.000000 -0.007618
352906.299769 4026266.676748 0.000000 -0.007528
352906.347623 4026266.627264 0.000000 -0.007433
352906.395243 4026266.577971 0.000000 -0.007332
352906.442632 4026266.528867 0.000000 -0.007225
352906.489795 4026266.479948 0.000000 -0.007115
352906.536736 4026266.431212 0.000000 -0.006999
352906.583459 4026266.382655 0.000000 -0.006879
352906.629969 4026266.334276 0.000000 -0.006756
352906.676269 4026266.286071 0.000000 -0.006629
352906.722362 4026266.238037 0.000000 -0.006498
352906.768255 4026266.190173 0.000000 -0.006365
352906.813949 4026266.142474 0.000000 -0.006229
352906.859450 4026266.094939 0.000000 -0.006090
352906.904760 4026266.047565 0.000000 -0.005949
352906.949885 4026266.000348 0.000000 -0.005807
352906.994827 4026265.953288 0.000000 -0.005663
352907.039591 4026265.906380 0.000000 -0.005518
352907.084180 4026265.859622 0.000000 -0.005372
352907.128599 4026265.813012 0.000000 -0.005225
352907.172850 4026265.766546 0.000000 -0.005078
352907.216938 4026265.720223 0.000000 -0.004931
352907.260866 4026265.674040 0.000000 -0.004784
352907.304638 4026265.627994 0.000000 -0.004637
352907.348257 4026265.582081 0.000000 -0.004491
352907.391728 4026265.536301 0.000000 -0.004346
352907.435053 4026265.490649 0.000000 -0.004202
352907.478237 4026265.445124 0.000000 -0.004060
352907.521283 4026265.399722 0.000000 -0.003919
352907.564194 4026265.354441 0.000000 -0.003780
352907.606974 4026265.309278 0.000000 -0.003643
352907.649627 4026265.264230 0.000000 -0.003508
352907.692156 4026265.219295 0.000000 -0.003375
352907.734565 4026265.174469 0.000000 -0.003245
352907.776857 4026265.129751 0.000000 -0.003117
352907.819035 4026265.085136 0.000000 -0.002992
352907.861103 4026265.040623 0.000000 -0.002869
352907.903065 4026264.996209 0.000000 -0.002750
352907.944923 4026264.951890 0.000000 -0.002633
352907.986682 4026264.907663 0.000000 -0.002520
352908.028344 4026264.863526 0.000000 -0.002409
352908.069914 4026264.819476 0.000000 -0.002302
352908.111393 4026264.775510 0.000000 -0.002198
352908.152787 4026264.731625 0.000000 -0.002097
352908.194098 4026264.687818 0.000000 -0.001999
352908.235329 4026264.644085 0.000000 -0.001904
352908.276485 4026264.600424 0.000000 -0.001813
352908.317567 4026264.556832 0.000000 -0.001725
352908.358580 4026264.513306 0.000000 -0.001640
352908.399527 4026264.469842 0.000000 -0.001558
352908.440411 4026264.426438 0.000000 -0.001479
352908.481236 4026264.383091 0.000000 -0.001404
352908.522004 4026264.339797 0.000000 -0.001331
352908.562720 4026264.296553 0.000000 -0.001262
352908.603385 4026264.253356 0.000000 -0.001195
352908.644005 4026264.210203 0.000000 -0.001131
352908.684581 4026264.167091 0.000000 -0.001070
352908.725118 4026264.124017 0.000000 -0.001011
352908.765618 4026264.080977 0.000000 -0.000956
352908.806084 4026264.037968 0.000000 -0.000902
352908.846521 4026263.994987 0.000000 -0.000852
352908.886931 4026263.952031 0.000000 -0.000803
352908.927317 4026263.909097 0.000000 -0.000757
352908.967683 4026263.866181 0.000000 -0.000714
352909.008032 4026263.823280 0.000000 -0.000672
352909.048366 4026263.780391 0.000000 -0.000633
352909.088690 4026263.737511 0.000000 -0.000595
352909.129007 4026263.694637 0.000000 -0.000560
352909.169319 4026263.651764 0.000000 -0.000526
352909.209631 4026263.608891 0.000000 -0.000494
352909.249944 4026263.566013 0.000000 -0.000464
352909.290263 4026263.523128 0.000000 -0.000435
352909.330590 4026263.480231 0.000000 -0.000408
352909.370929 4026263.437321 0.000000 -0.000383
352909.411283 4026263.394393 0.000000 -0.000359
352909.451654 4026263.351445 0.000000 -0.000336
352909.492048 4026263.308472 0.000000 -0.000315
352909.532465 4026263.265472 0.000000 -0.000295
352909.572910 4026263.222442 0.000000 -0.000275
352909.613386 4026263.179378 0.000000 -0.000258
352909.653895 4026263.136277 0.000000 -0.000241
352909.694442 4026263.093135 0.000000 -0.000225
352909.735028 4026263.049950 0.000000 -0.000210
352909.775658 4026263.006718 0.000000 -0.000196
352909.816335 4026262.963435 0.000000 -0.000182
352909.857061 4026262.920099 0.000000 -0.000170
352909.897840 4026262.876707 0.000000 -0.000158
352909.938674 4026262.833254 0.000000 -0.000147
352909.979568 4026262.789738 0.000000 -0.000137
352910.020524 4026262.746155 0.000000 -0.000127
352910.061544 4026262.702502 0.000000 -0.000118
352910.102634 4026262.658776 0.000000 -0.000109
352910.143794 4026262.614973 0.000000 -0.000101
352910.185029 4026262.571091 0.000000 -0.000094
352910.226342 4026262.527126 0.000000 -0.000087
352910.267736 4026262.483075 0.000000 -0.000080
352910.309213 4026262.438934 0.000000 -0.000074
352910.350777 4026262.394700 0.000000 -0.000068
352910.392431 4026262.350370 0.000000 -0.000063
352910.434178 4026262.305941 0.000000 -0.000058
352910.476022 4026262.261410 0.000000 -0.000053
352910.517964 4026262.216772 0.000000 -0.000049
352910.560009 4026262.172026 0.000000 -0.000044
352910.602159 4026262.127168 0.000000 -0.000041
352910.644417 4026262.082194 0.000000 -0.000037
352910.686786 4026262.037101 0.000000 -0.000034
352910.729271 4026261.991887 0.000000 -0.000031
352910.771872 4026261.946547 0.000000 -0.000028
352910.814594 4026261.901079 0.000000 -0.000025
352910.857440 4026261.855479 0.000000 -0.000023
352910.900412 4026261.809745 0.000000 -0.000021
352910.943514 4026261.763872 0.000000 -0.000019
352910.986748 4026261.717859 0.000000 -0.000017
352911.030119 4026261.671700 0.000000 -0.000015
352911.073628 4026261.625394 0.000000 -0.000013
352911.117278 4026261.578937 0.000000 -0.000012
352911.161074 4026261.532326 0.000000 -0.000011
352911.205018 4026261.485557 0.000000 -0.000009
352911.249113 4026261.438627 0.000000 -0.000008
352911.293362 4026261.391534 0.000000 -0.000007
352911.337768 4026261.344272 0.000000 -0.000006
352911.382335 4026261.296841 0.000000 -0.000006
352911.427065 4026261.249235 0.000000 -0.000005
352911.471961 4026261.201452 0.000000 -0.000004
352911.517028 4026261.153488 0.000000 -0.000004
352911.562267 4026261.105340 0.000000 -0.000003
352911.607683 4026261.057004 0.000000 -0.000003
352911.653278 4026261.008478 0.000000 -0.000002
352911.699056 4026260.959757 0.000000 -0.000002
352911.745019 4026260.910839 0.000000 -0.000002
352911.791172 4026260.861719 0.000000 -0.000001
352911.837517 4026260.812394 0.000000 -0.000001
352911.884058 4026260.762861 0.000000 -0.000001
352911.930798 4026260.713116 0.000000 -0.000001
352911.977741 4026260.663154 0.000000 -0.000001
352912.024890 4026260.612974 0.000000 -0.000001
352912.072249 4026260.562570 0.000000 -0.000000
352912.119821 4026260.511940 0.000000 -0.000000
352912.167610 4026260.461078 0.000000 -0.000000
352912.215620 4026260.409982 0.000000 -0.000000
352912.263853 4026260.358648 0.000000 -0.000000
352912.312315 4026260.307071 0.000000 -0.000000
352912.361008 4026260.255247 0.000000 -0.000000
352912.409937 4026260.203172 0.000000 -0.000000
352912.459105 4026260.150843 0.000000 -0.000000
352912.508517 4026260.098254 0.000000 -0.000000
352912.558176 4026260.045402 0.000000 -0.000000
352912.608087 4026259.992282 0.000000 -0.000000
352912.658255 4026259.938890 0.000000 -0.000000
352912.708682 4026259.885220 0.000000 -0.000000
352912.759374 4026259.831269 0.000000 -0.000000
352912.810335 4026259.777032 0.000000 -0.000000
352912.861569 4026259.722503 0.000000 -0.000000
352912.913082 4026259.667679 0.000000 -0.000000
352912.964878 4026259.612553 0.000000 -0.000000
352913.016962 4026259.557121 0.000000 -0.000000
352913.069338 4026259.501377 0.000000 -0.000000
352913.122013 4026259.445315 0.000000 -0.000000
352913.174991 4026259.388931 0.000000 -0.000000
352913.228277 4026259.332219 0.000000 -0.000000
352913.281878 4026259.275172 0.000000 -0.000000
352913.335799 4026259.217784 0.000000 0.000000
352913.390046 4026259.160050 0.000000 -0.000000
352913.444625 4026259.101962 0.000000 -0.000000
352913.499541 4026259.043515 0.000000 -0.000000
352913.554803 4026258.984700 0.000000 0.000000
352913.610416 4026258.925512 0.000000 0.000000
352913.666387 4026258.865942 0.000000 0.000000
352913.722724 4026258.805983 0.000000 -0.000000
352913.779434 4026258.745628 0.000000 0.000000
352913.836524 4026258.684867 0.000000 0.000000
352913.894002 4026258.623693 0.000000 0.000000
352913.951877 4026258.562097 0.000000 -0.000000
352914.010158 4026258.500070 0.000000 -0.000000
352914.068852 4026258.437602 0.000000 0.000000
352914.127970 4026258.374683 0.000000 0.000000
352914.187520 4026258.311304 0.000000 0.000000
352914.247513 4026258.247454 0.000000 0.000000
352914.307959 4026258.183122 0.000000 -0.000000
352914.368868 4026258.118297 0.000000 0.000000
352914.430252 4026258.052966 0.000000 0.000000
352914.492123 4026257.987118 0.000000 0.000000
352914.554491 4026257.920740 0.000000 0.000000
352914.617370 4026257.853819 0.000000 -0.000000
352914.680772 4026257.786340 0.000000 0.000000
352914.744711 4026257.718290 0.000000 -0.000000
352914.809201 4026257.649655 0.000000 0.000000
352914.874256 4026257.580417 0.000000 0.000000
352914.939891 4026257.510562 0.000000 0.000000
352915.006122 4026257.440073 0.000000 -0.000000
352915.072965 4026257.368933 0.000000 -0.000000
352915.140436 4026257.297123 0.000000 0.000000
352915.208554 4026257.224626 0.000000 0.000000
352915.277337 4026257.151421 0.000000 0.000000
352915.346802 4026257.077489 0.000000 0.000000
352915.416971 4026257.002810 0.000000 -0.000000
352915.487862 4026256.927360 0.000000 -0.000000
352915.559498 4026256.851119 0.000000 0.000000
352915.631900 4026256.774062 0.000000 -0.000000
352915.705091 4026256.696166 0.000000 -0.000000
352915.779096 4026256.617403 0.000000 -0.000000
352915.853941 4026256.537746 0.000000 -0.000000
352915.929652 4026256.457167 0.000000 0.000000
352916.006261 4026256.375633 0.000000 -0.000000
352916.083798 4026256.293111 0.000000 -0.000000
352916.162298 4026256.209564 0.000000 0.000000
352916.241798 4026256.124953 0.000000 -0.000000
352916.322339 4026256.039233 0.000000 -0.000000
352916.403967 4026255.952358 0.000000 -0.000000
352916.486730 4026255.864274 0.000000 -0.000000
352916.570682 4026255.774924 0.000000 -0.000000
352916.655882 4026255.684246 0.000000 0.000000
352916.742396 4026255.592170 0.000000 -0.000000
352916.830296 4026255.498619 0.000000 -0.000000
352916.919661 4026255.403509 0.000000 -0.000000
352917.010577 4026255.306747 0.000000 -0.000000
352917.103142 4026255.208232 0.000000 -0.000000
352917.197459 4026255.107851 0.000000 -0.000000
352917.293644 4026255.005481 0.000000 -0.000000
352917.391824 4026254.900990 0.000000 0.000000
352917.492136 4026254.794228 0.000000 -0.000000
352917.594731 4026254.685037 0.000000 -0.000000
352917.699774 4026254.573240 0.000000 -0.000000
352917.807444 4026254.458648 0.000000 -0.000000
352917.917936 4026254.341053 0.000000 -0.000000
352918.031459 4026254.220230 0.000000 -0.000000
352918.148245 4026254.095937 0.000000 -0.000000
352918.268539 4026253.967908 0.000000 -0.000000
352918.392610 4026253.835861 0.000000 -0.000000
352918.520745 4026253.699488 0.000000 -0.000000
352918.653256 4026253.558457 0.000000 -0.000000
352918.790476 4026253.412415 0.000000 -0.000000
352918.932764 4026253.260979 0.000000 -0.000000
352919.080505 4026253.103740 0.000000 -0.000000
352919.234110 4026252.940259 0.000000 -0.000000
352919.394020 4026252.770068 0.000000 -0.000000
352919.560705 4026252.592666 0.000000 -0.000000
352919.734668 4026252.407519 0.000000 -0.000000
352919.916443 4026252.214057 0.000000 -0.000000
352920.106600 4026252.011675 0.000000 -0.000000
352920.305743 4026251.799728 0.000000 -0.000000
352920.514516 4026251.577533 0.000000 -0.000000
352920.733599 4026251.344365 0.000000 -0.000000
