352894.858131 4026273.851554 0.000000 0.000000
352895.101830 4026273.620472 0.000000 -0.000014
352895.333844 4026273.400469 0.000000 -0.000027
352895.554939 4026273.190821 0.000000 -0.000041
352895.765836 4026272.990842 0.000000 -0.000055
352895.967216 4026272.799887 0.000000 -0.000068
352896.159720 4026272.617349 0.000000 -0.000082
352896.343951 4026272.442656 0.000000 -0.000095
352896.520474 4026272.275271 0.000000 -0.000109
352896.689822 4026272.114689 0.000000 -0.000123
352896.852493 4026271.960439 0.000000 -0.000136
352897.008953 4026271.812077 0.000000 -0.000150
352897.159638 4026271.669191 0.000000 -0.000164
352897.304955 4026271.531393 0.000000 -0.000177
352897.445285 4026271.398323 0.000000 -0.000191
352897.580979 4026271.269647 0.000000 -0.000205
352897.712369 4026271.145051 0.000000 -0.000218
352897.839757 4026271.024246 0.000000 -0.000232
352897.963428 4026270.906964 0.000000 -0.000245
352898.083644 4026270.792955 0.000000 -0.000259
352898.200646 4026270.681989 0.000000 -0.000273
352898.314658 4026270.573855 0.000000 -0.000286
352898.425885 4026270.468355 0.000000 -0.000300
352898.534517 4026270.365311 0.000000 -0.000314
352898.640728 4026270.264556 0.000000 -0.000327
352898.744677 4026270.165939 0.000000 -0.000373
352898.846510 4026270.069321 0.000000 -0.000423
352898.946359 4026269.974574 0.000000 -0.000478
352899.044347 4026269.881582 0.000000 -0.000538
352899.140585 4026269.790239 0.000000 -0.000604
352899.235173 4026269.700449 0.000000 -0.000674
352899.328203 4026269.612124 0.000000 -0.000750
352899.419758 4026269.525182 0.000000 -0.000832
352899.509915 4026269.439553 0.000000 -0.000919
352899.598740 4026269.355168 0.000000 -0.001012
352899.686297 4026269.271969 0.000000 -0.001111
352899.772642 4026269.189900 0.000000 -0.001217
352899.857827 4026269.108911 0.000000 -0.001328
352899.941897 4026269.028957 0.000000 -0.001445
352900.024897 4026268.949996 0.000000 -0.001568
352900.106863 4026268.871989 0.000000 -0.001698
352900.187834 4026268.794902 0.000000 -0.001833
352900.267840 4026268.718701 0.000000 -0.001974
352900.346913 4026268.643356 0.000000 -0.002121
352900.425081 4026268.568838 0.000000 -0.002274
352900.502370 4026268.495122 0.000000 -0.002433
352900.578807 4026268.422181 0.000000 -0.002597
352900.654413 4026268.349991 0.000000 -0.002766
352900.729213 4026268.278530 0.000000 -0.002941
352900.803226 4026268.207776 0.000000 -0.003121
352900.876475 4026268.137707 0.000000 -0.003305
352900.948979 4026268.068302 0.000000 -0.003494
352901.020757 4026267.999543 0.000000 -0.003687
352901.091827 4026267.931410 0.000000 -0.003884
352901.162207 4026267.863885 0.000000 -0.004085
352901.231914 4026267.796950 0.000000 -0.004289
352901.300965 4026267.730588 0.000000 -0.004496
352901.369374 4026267.664782 0.000000 -0.004705
352901.437159 4026267.599518 0.000000 -0.004917
352901.504332 4026267.534779 0.000000 -0.005131
352901.570908 4026267.470551 0.000000 -0.005347
352901.636900 4026267.406820 0.000000 -0.005563
352901.702322 4026267.343571 0.000000 -0.005781
352901.767185 4026267.280793 0.000000 -0.005998
352901.831503 4026267.218473 0.000000 -0.006216
352901.895286 4026267.156597 0.000000 -0.006432
352901.958546 4026267.095155 0.000000 -0.006648
352902.021293 4026267.034136 0.000000 -0.006863
352902.083538 4026266.973528 0.000000 -0.007075
352902.145290 4026266.913321 0.000000 -0.007285
352902.206561 4026266.853506 0.000000 -0.007492
352902.267357 4026266.794071 0.000000 -0.007696
352902.327690 4026266.735010 0.000000 -0.007897
352902.387567 4026266.676311 0.000000 -0.008093
352902.446997 4026266.617967 0.000000 -0.008285
352902.505988 4026266.559970 0.000000 -0.008472
352902.564547 4026266.502312 0.000000 -0.008654
352902.622683 4026266.444984 0.000000 -0.008830
352902.680403 4026266.387980 0.000000 -0.009000
352902.737714 4026266.331293 0.000000 -0.009164
352902.794623 4026266.274916 0.000000 -0.009321
352902.851137 4026266.218842 0.000000 -0.009471
352902.907263 4026266.163064 0.000000 -0.009614
352902.963006 4026266.107578 0.000000 -0.009749
352903.018374 4026266.052377 0.000000 -0.009876
352903.073372 4026265.997455 0.000000 -0.009996
352903.128006 4026265.942807 0.000000 -0.010107
352903.182283 4026265.888427 0.000000 -0.010209
352903.236208 4026265.834311 0.000000 -0.010303
352903.289786 4026265.780454 0.000000 -0.010388
352903.343024 4026265.726851 0.000000 -0.010464
352903.395927 4026265.673496 0.000000 -0.010531
352903.448500 4026265.620387 0.000000 -0.010588
352903.500748 4026265.567518 0.000000 -0.010637
352903.552677 4026265.514885 0.000000 -0.010676
352903.604292 4026265.462485 0.000000 -0.010706
352903.655597 4026265.410313 0.000000 -0.010726
352903.706599 4026265.358365 0.000000 -0.010737
352903.757301 4026265.306638 0.000000 -0.010739
352903.807709 4026265.255129 0.000000 -0.010732
352903.857828 4026265.203832 0.000000 -0.010716
352903.907662 4026265.152746 0.000000 -0.010691
352903.957217 4026265.101866 0.000000 -0.010657
352904.006496 4026265.051190 0.000000 -0.010615
352904.055505 4026265.000714 0.000000 -0.010564
352904.104247 4026264.950435 0.000000 -0.010505
352904.152729 4026264.900351 0.000000 -0.010438
352904.200953 4026264.850457 0.000000 -0.010364
352904.248925 4026264.800751 0.000000 -0.010281
352904.296650 4026264.751230 0.000000 -0.010192
352904.344130 4026264.701891 0.000000 -0.010095
352904.391372 4026264.652731 0.000000 -0.009992
352904.438378 4026264.603749 0.000000 -0.009882
352904.485154 4026264.554940 0.000000 -0.009767
352904.531704 4026264.506302 0.000000 -0.009645
352904.578031 4026264.457833 0.000000 -0.009518
352904.624140 4026264.409529 0.000000 -0.009385
352904.670036 4026264.361389 0.000000 -0.009248
352904.715722 4026264.313409 0.000000 -0.009106
352904.761202 4026264.265588 0.000000 -0.008960
352904.806480 4026264.217922 0.000000 -0.008810
352904.851561 4026264.170409 0.000000 -0.008657
352904.896448 4026264.123046 0.000000 -0.008500
352904.941145 4026264.075831 0.000000 -0.008340
352904.985657 4026264.028762 0.000000 -0.008178
352905.029987 4026263.981836 0.000000 -0.008013
352905.074139 4026263.935049 0.000000 -0.007847
352905.118117 4026263.888401 0.000000 -0.007678
352905.161925 4026263.841888 0.000000 -0.007508
352905.205566 4026263.795508 0.000000 -0.007338
352905.249045 4026263.749258 0.000000 -0.007166
352905.292365 4026263.703136 0.000000 -0.006994
352905.335529 4026263.657139 0.000000 -0.006821
352905.378543 4026263.611265 0.000000 -0.006648
352905.421409 4026263.565511 0.000000 -0.006476
352905.464131 4026263.519874 0.000000 -0.006304
352905.506712 4026263.474353 0.000000 -0.006133
352905.549157 4026263.428943 0.000000 -0.005963
352905.591470 4026263.383644 0.000000 -0.005794
352905.633653 4026263.338451 0.000000 -0.005626
352905.675710 4026263.293363 0.000000 -0.005460
352905.717645 4026263.248376 0.000000 -0.005296
352905.759462 4026263.203489 0.000000 -0.005133
352905.801164 4026263.158698 0.000000 -0.004973
352905.842754 4026263.114000 0.000000 -0.004814
352905.884237 4026263.069393 0.000000 -0.004658
352905.925615 4026263.024875 0.000000 -0.004505
352905.966893 4026262.980441 0.000000 -0.004354
352906.008074 4026262.936090 0.000000 -0.004205
352906.049161 4026262.891819 0.000000 -0.004060
352906.090157 4026262.847624 0.000000 -0.003917
352906.131067 4026262.803503 0.000000 -0.003777
352906.171894 4026262.759453 0.000000 -0.003640
352906.212641 4026262.715471 0.000000 -0.003506
352906.253311 4026262.671555 0.000000 -0.003375
352906.293908 4026262.627700 0.000000 -0.003247
352906.334436 4026262.583905 0.000000 -0.003122
352906.374898 4026262.540166 0.000000 -0.003000
352906.415297 4026262.496480 0.000000 -0.002881
352906.455637 4026262.452844 0.000000 -0.002765
352906.495921 4026262.409256 0.000000 -0.002653
352906.536152 4026262.365711 0.000000 -0.002543
352906.576335 4026262.322208 0.000000 -0.002437
352906.616471 4026262.278743 0.000000 -0.002334
352906.656565 4026262.235312 0.000000 -0.002233
352906.696620 4026262.191914 0.000000 -0.002136
352906.736639 4026262.148544 0.000000 -0.002042
352906.776625 4026262.105200 0.000000 -0.001951
352906.816582 4026262.061879 0.000000 -0.001862
352906.856514 4026262.018576 0.000000 -0.001777
352906.896423 4026261.975290 0.000000 -0.001694
352906.936312 4026261.932017 0.000000 -0.001614
352906.976186 4026261.888754 0.000000 -0.001537
352907.016047 4026261.845498 0.000000 -0.001462
352907.055898 4026261.802245 0.000000 -0.001390
352907.095744 4026261.758992 0.000000 -0.001321
352907.135586 4026261.715737 0.000000 -0.001254
352907.175429 4026261.672475 0.000000 -0.001190
352907.215275 4026261.629204 0.000000 -0.001128
352907.255128 4026261.585921 0.000000 -0.001069
352907.294992 4026261.542622 0.000000 -0.001012
352907.334868 4026261.499304 0.000000 -0.000957
352907.374761 4026261.455964 0.000000 -0.000905
352907.414673 4026261.412598 0.000000 -0.000854
352907.454609 4026261.369204 0.000000 -0.000806
352907.494570 4026261.325778 0.000000 -0.000760
352907.534561 4026261.282316 0.000000 -0.000716
352907.574584 4026261.238816 0.000000 -0.000674
352907.614643 4026261.195275 0.000000 -0.000634
352907.654741 4026261.151688 0.000000 -0.000595
352907.694880 4026261.108053 0.000000 -0.000558
352907.735065 4026261.064367 0.000000 -0.000524
352907.775298 4026261.020626 0.000000 -0.000490
352907.815582 4026260.976827 0.000000 -0.000459
352907.855921 4026260.932967 0.000000 -0.000429
352907.896317 4026260.889042 0.000000 -0.000400
352907.936774 4026260.845049 0.000000 -0.000373
352907.977295 4026260.800985 0.000000 -0.000348
352908.017883 4026260.756847 0.000000 -0.000323
352908.058542 4026260.712632 0.000000 -0.000300
352908.099273 4026260.668335 0.000000 -0.000279
352908.140081 4026260.623954 0.000000 -0.000258
352908.180968 4026260.579486 0.000000 -0.000239
352908.221937 4026260.534927 0.000000 -0.000221
352908.262992 4026260.490274 0.000000 -0.000204
352908.304136 4026260.445524 0.000000 -0.000188
352908.345371 4026260.400674 0.000000 -0.000173
352908.386701 4026260.355719 0.000000 -0.000159
352908.428128 4026260.310658 0.000000 -0.000146
352908.469657 4026260.265487 0.000000 -0.000134
352908.511289 4026260.220202 0.000000 -0.000122
352908.553028 4026260.174800 0.000000 -0.000111
352908.594877 4026260.129279 0.000000 -0.000101
352908.636839 4026260.083634 0.000000 -0.000092
352908.678916 4026260.037863 0.000000 -0.000084
352908.721113 4026259.991962 0.000000 -0.000076
352908.763431 4026259.945928 0.000000 -0.000069
352908.805875 4026259.899758 0.000000 -0.000062
352908.848446 4026259.853449 0.000000 -0.000056
352908.891149 4026259.806997 0.000000 -0.000050
352908.933985 4026259.760399 0.000000 -0.000045
352908.976959 4026259.713652 0.000000 -0.000040
352909.020073 4026259.666752 0.000000 -0.000036
352909.063329 4026259.619696 0.000000 -0.000032
352909.106732 4026259.572482 0.000000 -0.000028
352909.150284 4026259.525105 0.000000 -0.000025
352909.193988 4026259.477562 0.000000 -0.000022
352909.237848 4026259.429851 0.000000 -0.000019
352909.281866 4026259.381967 0.000000 -0.000017
352909.326045 4026259.333907 0.000000 -0.000015
352909.370389 4026259.285668 0.000000 -0.000013
352909.414900 4026259.237247 0.000000 -0.000011
352909.459583 4026259.188640 0.000000 -0.000010
352909.504439 4026259.139844 0.000000 -0.000008
352909.549472 4026259.090855 0.000000 -0.000007
352909.594686 4026259.041670 0.000000 -0.000006
352909.640084 4026258.992285 0.000000 -0.000005
352909.685668 4026258.942697 0.000000 -0.000004
352909.731443 4026258.892902 0.000000 -0.000004
352909.777410 4026258.842897 0.000000 -0.000003
352909.823575 4026258.792677 0.000000 -0.000003
352909.869940 4026258.742240 0.000000 -0.000002
352909.916509 4026258.691581 0.000000 -0.000002
352909.963284 4026258.640697 0.000000 -0.000001
352910.010271 4026258.589583 0.000000 -0.000001
352910.057471 4026258.538237 0.000000 -0.000001
352910.104889 4026258.486654 0.000000 -0.000001
352910.152529 4026258.434830 0.000000 -0.000001
352910.200393 4026258.382761 0.000000 -0.000000
352910.248487 4026258.330443 0.000000 -0.000000
352910.296813 4026258.277872 0.000000 -0.000000
352910.345376 4026258.225044 0.000000 -0.000000
352910.394180 4026258.171954 0.000000 -0.000000
352910.443227 4026258.118598 0.000000 -0.000000
352910.492524 4026258.064971 0.000000 -0.000000
352910.542073 4026258.011070 0.000000 -0.000000
352910.591880 4026257.956889 0.000000 -0.000000
352910.641947 4026257.902423 0.000000 -0.000000
352910.692281 4026257.847669 0.000000 -0.000000
352910.742884 4026257.792621 0.000000 -0.000000
352910.793763 4026257.737273 0.000000 -0.000000
352910.844921 4026257.681622 0.000000 -0.000000
352910.896363 4026257.625661 0.000000 -0.000000
352910.948095 4026257.569386 0.000000 -0.000000
352911.000121 4026257.512790 0.000000 -0.000000
352911.052446 4026257.455869 0.000000 -0.000000
352911.105077 4026257.398615 0.000000 -0.000000
352911.158017 4026257.341025 0.000000 -0.000000
352911.211274 4026257.283090 0.000000 -0.000000
352911.264853 4026257.224805 0.000000 0.000000
352911.318760 4026257.166164 0.000000 0.000000
352911.373000 4026257.107159 0.000000 -0.000000
352911.427581 4026257.047784 0.000000 -0.000000
352911.482509 4026256.988031 0.000000 0.000000
352911.537791 4026256.927893 0.000000 0.000000
352911.593434 4026256.867363 0.000000 0.000000
352911.649446 4026256.806432 0.000000 0.000000
352911.705833 4026256.745092 0.000000 0.000000
352911.762603 4026256.683335 0.000000 0.000000
352911.819766 4026256.621152 0.000000 -0.000000
352911.877328 4026256.558533 0.000000 0.000000
352911.935300 4026256.495470 0.000000 -0.000000
352911.993690 4026256.431951 0.000000 0.000000
352912.052507 4026256.367968 0.000000 0.000000
352912.111761 4026256.303509 0.000000 0.000000
352912.171462 4026256.238564 0.000000 -0.000000
352912.231622 4026256.173121 0.000000 0.000000
352912.292250 4026256.107167 0.000000 0.000000
352912.353358 4026256.040691 0.000000 -0.000000
352912.414959 4026255.973680 0.000000 0.000000
352912.477063 4026255.906121 0.000000 -0.000000
352912.539685 4026255.837999 0.000000 0.000000
352912.602836 4026255.769301 0.000000 -0.000000
352912.666532 4026255.700010 0.000000 0.000000
352912.730786 4026255.630113 0.000000 0.000000
352912.795612 4026255.559592 0.000000 -0.000000
352912.861028 4026255.488431 0.000000 -0.000000
352912.927048 4026255.416612 0.000000 -0.000000
352912.993688 4026255.344118 0.000000 -0.000000
352913.060968 4026255.270930 0.000000 0.000000
352913.128903 4026255.197027 0.000000 0.000000
352913.197513 4026255.122390 0.000000 -0.000000
352913.266817 4026255.046999 0.000000 -0.000000
352913.336836 4026254.970830 0.000000 -0.000000
352913.407589 4026254.893862 0.000000 0.000000
352913.479100 4026254.816071 0.000000 -0.000000
352913.551390 4026254.737431 0.000000 -0.000000
352913.624483 4026254.657918 0.000000 -0.000000
352913.698406 4026254.577502 0.000000 -0.000000
352913.773186 4026254.496154 0.000000 0.000000
352913.848851 4026254.413843 0.000000 0.000000
352913.925433 4026254.330534 0.000000 -0.000000
352914.002966 4026254.246191 0.000000 0.000000
352914.081487 4026254.160773 0.000000 -0.000000
352914.161037 4026254.074236 0.000000 -0.000000
352914.241659 4026253.986532 0.000000 -0.000000
352914.323403 4026253.897609 0.000000 0.000000
352914.406321 4026253.807408 0.000000 -0.000000
352914.490472 4026253.715865 0.000000 -0.000000
352914.575921 4026253.622911 0.000000 -0.000000
352914.662738 4026253.528468 0.000000 -0.000000
352914.751002 4026253.432451 0.000000 -0.000000
352914.840799 4026253.334767 0.000000 0.000000
352914.932224 4026253.235312 0.000000 -0.000000
352915.025380 4026253.133974 0.000000 0.000000
352915.120380 4026253.030629 0.000000 0.000000
352915.217351 4026252.925141 0.000000 0.000000
352915.316428 4026252.817362 0.000000 -0.000000
352915.417760 4026252.707129 0.000000 -0.000000
352915.521509 4026252.594267 0.000000 -0.000000
352915.627853 4026252.478582 0.000000 -0.000000
352915.736984 4026252.359866 0.000000 -0.000000
352915.849110 4026252.237892 0.000000 -0.000000
352915.964457 4026252.112413 0.000000 -0.000000
352916.083270 4026251.983164 0.000000 -0.000000
352916.205813 4026251.849858 0.000000 -0.000000
352916.332370 4026251.712185 0.000000 -0.000000
352916.463249 4026251.569810 0.000000 -0.000000
352916.598779 4026251.422375 0.000000 -0.000000
352916.739315 4026251.269496 0.000000 -0.000000
352916.885237 4026251.110757 0.000000 -0.000000
352917.036950 4026250.945718 0.000000 -0.000000
352917.194891 4026250.773904 0.000000 -0.000000
352917.359524 4026250.594811 0.000000 -0.000000
352917.531345 4026250.407899 0.000000 -0.000000
352917.710881 4026250.212592 0.000000 -0.000000
352917.898696 4026250.008281 0.000000 -0.000000
352918.095387 4026249.794314 0.000000 -0.000000
352918.301589 4026249.570001 0.000000 -0.000000
352918.517974 4026249.334609 0.000000 -0.000000
