352920.963715 4026251.099454 0.000000 0.000000
352921.184490 4026250.849294 0.000000 0.000000
352921.394679 4026250.611129 0.000000 0.000000
352921.594976 4026250.384172 0.000000 0.000000
352921.786035 4026250.167684 0.000000 0.000000
352921.968472 4026249.960965 0.000000 0.000000
352922.142868 4026249.763357 0.000000 0.000000
352922.309769 4026249.574242 0.000000 0.000000
352922.469687 4026249.393038 0.000000 0.000000
352922.623106 4026249.219200 0.000000 0.000000
352922.770475 4026249.052215 0.000000 0.000000
352922.912218 4026248.891607 0.000000 0.000000
352923.048730 4026248.736925 0.000000 0.000000
352923.180380 4026248.587753 0.000000 0.000000
352923.307511 4026248.443701 0.000000 0.000000
352923.430445 4026248.304405 0.000000 0.000000
352923.549478 4026248.169527 0.000000 0.000000
352923.664889 4026248.038756 0.000000 0.000000
352923.776934 4026247.911798 0.000000 0.000000
352923.885849 4026247.788386 0.000000 0.000000
352923.991855 4026247.668271 0.000000 0.000000
352924.095154 4026247.551223 0.000000 0.000000
352924.195932 4026247.437031 0.000000 0.000000
352924.294363 4026247.325499 0.000000 0.000000
352924.390603 4026247.216450 0.000000 0.000000
352924.484797 4026247.109719 0.000000 0.000000
352924.577077 4026247.005156 0.000000 0.000000
352924.667566 4026246.902624 0.000000 -0.000000
352924.756372 4026246.801997 0.000000 0.000000
352924.843598 4026246.703162 0.000000 0.000000
352924.929335 4026246.606013 0.000000 -0.000000
352925.013666 4026246.510457 0.000000 0.000000
352925.096668 4026246.416408 0.000000 0.000000
352925.178410 4026246.323787 0.000000 0.000000
352925.258953 4026246.232523 0.000000 0.000000
352925.338356 4026246.142551 0.000000 0.000000
352925.416670 4026246.053814 0.000000 -0.000000
352925.493942 4026245.966257 0.000000 -0.000000
352925.570215 4026245.879832 0.000000 0.000000
352925.645528 4026245.794495 0.000000 0.000000
352925.719917 4026245.710205 0.000000 -0.000000
352925.793416 4026245.626924 0.000000 0.000000
352925.866054 4026245.544617 0.000000 0.000000
352925.937860 4026245.463254 0.000000 -0.000000
352926.008861 4026245.382803 0.000000 0.000000
352926.079081 4026245.303237 0.000000 -0.000000
352926.148544 4026245.224529 0.000000 0.000000
352926.217271 4026245.146654 0.000000 0.000000
352926.285285 4026245.069588 0.000000 -0.000000
352926.352604 4026244.993307 0.000000 0.000000
352926.419250 4026244.917791 0.000000 -0.000000
352926.485240 4026244.843018 0.000000 -0.000000
352926.550593 4026244.768967 0.000000 -0.000000
352926.615326 4026244.695618 0.000000 0.000000
352926.679455 4026244.622953 0.000000 -0.000000
352926.742997 4026244.550954 0.000000 -0.000000
352926.805968 4026244.479602 0.000000 0.000000
352926.868382 4026244.408881 0.000000 -0.000000
352926.930253 4026244.338774 0.000000 -0.000000
352926.991597 4026244.269266 0.000000 0.000000
352927.052425 4026244.200341 0.000000 0.000000
352927.112751 4026244.131985 0.000000 -0.000000
352927.172588 4026244.064185 0.000000 -0.000000
352927.231947 4026243.996926 0.000000 0.000000
352927.290839 4026243.930195 0.000000 -0.000000
352927.349276 4026243.863980 0.000000 -0.000000
352927.407268 4026243.798269 0.000000 0.000000
352927.464826 4026243.733050 0.000000 -0.000000
352927.521959 4026243.668313 0.000000 0.000000
352927.578677 4026243.604046 0.000000 0.000000
352927.634989 4026243.540238 0.000000 0.000000
352927.690904 4026243.476881 0.000000 -0.000000
352927.746431 4026243.413964 0.000000 -0.000000
352927.801577 4026243.351478 0.000000 0.000000
352927.856351 4026243.289413 0.000000 -0.000000
352927.910760 4026243.227762 0.000000 0.000000
352927.964812 4026243.166516 0.000000 0.000000
352928.018514 4026243.105667 0.000000 0.000000
352928.071872 4026243.045206 0.000000 0.000000
352928.124894 4026242.985127 0.000000 -0.000000
352928.177586 4026242.925422 0.000000 -0.000000
352928.229955 4026242.866083 0.000000 0.000000
352928.282005 4026242.807105 0.000000 0.000000
352928.333745 4026242.748479 0.000000 -0.000000
352928.385178 4026242.690200 0.000000 -0.000000
352928.436311 4026242.632261 0.000000 -0.000000
352928.487150 4026242.574656 0.000000 -0.000000
352928.537699 4026242.517378 0.000000 -0.000000
352928.587964 4026242.460423 0.000000 0.000000
352928.637951 4026242.403783 0.000000 0.000000
352928.687663 4026242.347454 0.000000 -0.000000
352928.737107 4026242.291430 0.000000 0.000000
352928.786286 4026242.235705 0.000000 -0.000000
352928.835206 4026242.180273 0.000000 0.000000
352928.883872 4026242.125131 0.000000 -0.000000
352928.932287 4026242.070271 0.000000 0.000000
352928.980457 4026242.015690 0.000000 -0.000000
352929.028385 4026241.961382 0.000000 0.000000
352929.076078 4026241.907342 0.000000 -0.000000
352929.123538 4026241.853565 0.000000 -0.000000
352929.170770 4026241.800047 0.000000 -0.000000
352929.217778 4026241.746781 0.000000 -0.000000
352929.264568 4026241.693764 0.000000 -0.000000
352929.311142 4026241.640991 0.000000 0.000000
352929.357506 4026241.588456 0.000000 -0.000000
352929.403663 4026241.536156 0.000000 -0.000000
352929.449618 4026241.484084 0.000000 0.000000
352929.495374 4026241.432237 0.000000 -0.000000
352929.540937 4026241.380610 0.000000 0.000000
352929.586310 4026241.329198 0.000000 0.000000
352929.631497 4026241.277997 0.000000 -0.000000
352929.676503 4026241.227000 0.000000 -0.000000
352929.721332 4026241.176205 0.000000 0.000000
352929.765987 4026241.125606 0.000000 0.000000
352929.810473 4026241.075199 0.000000 -0.000000
352929.854795 4026241.024978 0.000000 0.000000
352929.898956 4026240.974939 0.000000 0.000000
352929.942961 4026240.925078 0.000000 -0.000000
352929.986813 4026240.875388 0.000000 -0.000000
352930.030518 4026240.825867 0.000000 -0.000000
352930.074078 4026240.776508 0.000000 0.000000
352930.117500 4026240.727307 0.000000 -0.000000
352930.160786 4026240.678260 0.000000 0.000000
352930.203942 4026240.629360 0.000000 0.000000
352930.246971 4026240.580604 0.000000 0.000000
352930.289878 4026240.531986 0.000000 0.000000
352930.332667 4026240.483501 0.000000 0.000000
352930.375343 4026240.435145 0.000000 0.000000
352930.417911 4026240.386912 0.000000 -0.000000
352930.460373 4026240.338798 0.000000 0.000000
352930.502736 4026240.290796 0.000000 -0.000000
352930.545004 4026240.242903 0.000000 -0.000000
352930.587181 4026240.195112 0.000000 -0.000000
352930.629272 4026240.147419 0.000000 -0.000000
352930.671281 4026240.099819 0.000000 0.000000
352930.713213 4026240.052306 0.000000 -0.000000
352930.755073 4026240.004874 0.000000 -0.000000
352930.796865 4026239.957520 0.000000 0.000000
352930.838594 4026239.910236 0.000000 0.000000
352930.880265 4026239.863019 0.000000 0.000000
352930.921883 4026239.815862 0.000000 0.000000
352930.963452 4026239.768760 0.000000 0.000000
352931.004977 4026239.721708 0.000000 0.000000
352931.046463 4026239.674700 0.000000 -0.000000
352931.087915 4026239.627730 0.000000 0.000000
352931.129338 4026239.580794 0.000000 0.000000
352931.170736 4026239.533886 0.000000 0.000000
352931.212115 4026239.487000 0.000000 -0.000000
352931.253479 4026239.440131 0.000000 -0.000000
352931.294833 4026239.393272 0.000000 0.000000
352931.336182 4026239.346419 0.000000 -0.000000
352931.377531 4026239.299567 0.000000 -0.000000
352931.418886 4026239.252708 0.000000 -0.000000
352931.460249 4026239.205839 0.000000 0.000000
352931.501628 4026239.158953 0.000000 -0.000000
352931.543026 4026239.112044 0.000000 0.000000
352931.584449 4026239.065108 0.000000 0.000000
352931.625901 4026239.018139 0.000000 -0.000000
352931.667387 4026238.971131 0.000000 0.000000
352931.708913 4026238.924079 0.000000 0.000000
352931.750482 4026238.876977 0.000000 -0.000000
352931.792099 4026238.829820 0.000000 -0.000000
352931.833770 4026238.782603 0.000000 0.000000
352931.875500 4026238.735319 0.000000 0.000000
352931.917292 4026238.687964 0.000000 0.000000
352931.959152 4026238.640533 0.000000 -0.000000
352932.001084 4026238.593020 0.000000 0.000000
352932.043093 4026238.545419 0.000000 0.000000
352932.085183 4026238.497727 0.000000 -0.000000
352932.127360 4026238.449936 0.000000 -0.000000
352932.169628 4026238.402043 0.000000 0.000000
352932.211991 4026238.354041 0.000000 0.000000
352932.254454 4026238.305926 0.000000 0.000000
352932.297021 4026238.257694 0.000000 0.000000
352932.339697 4026238.209337 0.000000 -0.000000
352932.382486 4026238.160853 0.000000 -0.000000
352932.425393 4026238.112235 0.000000 0.000000
352932.468422 4026238.063479 0.000000 0.000000
352932.511578 4026238.014579 0.000000 0.000000
352932.554864 4026237.965531 0.000000 -0.000000
352932.598286 4026237.916331 0.000000 0.000000
352932.641847 4026237.866972 0.000000 0.000000
352932.685551 4026237.817450 0.000000 -0.000000
352932.729404 4026237.767761 0.000000 -0.000000
352932.773408 4026237.717899 0.000000 0.000000
352932.817569 4026237.667861 0.000000 -0.000000
352932.861891 4026237.617640 0.000000 -0.000000
352932.906377 4026237.567232 0.000000 0.000000
352932.951033 4026237.516633 0.000000 -0.000000
352932.995861 4026237.465838 0.000000 -0.000000
352933.040867 4026237.414842 0.000000 -0.000000
352933.086054 4026237.363640 0.000000 0.000000
352933.131427 4026237.312228 0.000000 -0.000000
352933.176990 4026237.260601 0.000000 0.000000
352933.222747 4026237.208754 0.000000 0.000000
352933.268702 4026237.156683 0.000000 -0.000000
352933.314859 4026237.104382 0.000000 -0.000000
352933.361222 4026237.051848 0.000000 0.000000
352933.407797 4026236.999074 0.000000 0.000000
352933.454586 4026236.946057 0.000000 -0.000000
352933.501595 4026236.892792 0.000000 -0.000000
352933.548827 4026236.839273 0.000000 -0.000000
352933.596287 4026236.785497 0.000000 -0.000000
352933.643979 4026236.731457 0.000000 -0.000000
352933.691908 4026236.677149 0.000000 -0.000000
352933.740077 4026236.622567 0.000000 -0.000000
352933.788493 4026236.567708 0.000000 0.000000
352933.837158 4026236.512565 0.000000 -0.000000
352933.886078 4026236.457134 0.000000 -0.000000
352933.935257 4026236.401409 0.000000 0.000000
352933.984701 4026236.345385 0.000000 -0.000000
352934.034413 4026236.289055 0.000000 0.000000
352934.084400 4026236.232416 0.000000 0.000000
352934.134665 4026236.175460 0.000000 0.000000
352934.185214 4026236.118183 0.000000 -0.000000
352934.236053 4026236.060578 0.000000 -0.000000
352934.287186 4026236.002639 0.000000 -0.000000
352934.338620 4026235.944360 0.000000 0.000000
352934.390359 4026235.885734 0.000000 0.000000
352934.442410 4026235.826755 0.000000 0.000000
352934.494778 4026235.767417 0.000000 -0.000000
352934.547470 4026235.707712 0.000000 -0.000000
352934.600492 4026235.647632 0.000000 -0.000000
352934.653850 4026235.587172 0.000000 0.000000
352934.707552 4026235.526323 0.000000 0.000000
352934.761604 4026235.465076 0.000000 0.000000
352934.816013 4026235.403425 0.000000 -0.000000
352934.870787 4026235.341361 0.000000 0.000000
352934.925933 4026235.278875 0.000000 0.000000
352934.981460 4026235.215958 0.000000 -0.000000
352935.037375 4026235.152600 0.000000 -0.000000
352935.093687 4026235.088793 0.000000 -0.000000
352935.150405 4026235.024526 0.000000 0.000000
352935.207539 4026234.959788 0.000000 0.000000
352935.265096 4026234.894570 0.000000 0.000000
352935.323089 4026234.828859 0.000000 -0.000000
352935.381526 4026234.762644 0.000000 0.000000
352935.440418 4026234.695913 0.000000 -0.000000
352935.499776 4026234.628654 0.000000 0.000000
352935.559613 4026234.560853 0.000000 0.000000
352935.619939 4026234.492498 0.000000 -0.000000
352935.680767 4026234.423573 0.000000 0.000000
352935.742111 4026234.354065 0.000000 -0.000000
352935.803983 4026234.283958 0.000000 0.000000
352935.866397 4026234.213237 0.000000 0.000000
352935.929367 4026234.141885 0.000000 -0.000000
352935.992909 4026234.069885 0.000000 -0.000000
352936.057039 4026233.997220 0.000000 -0.000000
352936.121771 4026233.923872 0.000000 0.000000
352936.187124 4026233.849821 0.000000 0.000000
352936.253114 4026233.775047 0.000000 0.000000
352936.319760 4026233.699531 0.000000 0.000000
352936.387080 4026233.623251 0.000000 -0.000000
352936.455093 4026233.546185 0.000000 -0.000000
352936.523821 4026233.468310 0.000000 0.000000
352936.593283 4026233.389602 0.000000 -0.000000
352936.663503 4026233.310036 0.000000 0.000000
352936.734504 4026233.229585 0.000000 -0.000000
352936.806310 4026233.148221 0.000000 0.000000
352936.878948 4026233.065915 0.000000 -0.000000
352936.952447 4026232.982634 0.000000 0.000000
352937.026836 4026232.898344 0.000000 -0.000000
352937.102149 4026232.813006 0.000000 0.000000
352937.178422 4026232.726582 0.000000 -0.000000
352937.255694 4026232.639025 0.000000 -0.000000
352937.334008 4026232.550288 0.000000 -0.000000
352937.413411 4026232.460316 0.000000 -0.000000
352937.493955 4026232.369052 0.000000 0.000000
352937.575696 4026232.276431 0.000000 0.000000
352937.658698 4026232.182381 0.000000 -0.000000
352937.743030 4026232.086825 0.000000 0.000000
352937.828766 4026231.989677 0.000000 0.000000
352937.915992 4026231.890842 0.000000 0.000000
352938.004799 4026231.790215 0.000000 -0.000000
352938.095287 4026231.687683 0.000000 0.000000
352938.187568 4026231.583120 0.000000 0.000000
352938.281762 4026231.476389 0.000000 0.000000
352938.378001 4026231.367339 0.000000 -0.000000
352938.476432 4026231.255808 0.000000 -0.000000
352938.577211 4026231.141615 0.000000 -0.000000
352938.680510 4026231.024567 0.000000 -0.000000
352938.786515 4026230.904452 0.000000 -0.000000
352938.895431 4026230.781040 0.000000 -0.000000
352939.007475 4026230.654083 0.000000 -0.000000
352939.122886 4026230.523311 0.000000 -0.000000
352939.241920 4026230.388434 0.000000 -0.000000
352939.364853 4026230.249138 0.000000 -0.000000
352939.491985 4026230.105086 0.000000 -0.000000
352939.623634 4026229.955914 0.000000 -0.000000
352939.760146 4026229.801232 0.000000 -0.000000
352939.901889 4026229.640623 0.000000 -0.000000
352940.049258 4026229.473639 0.000000 -0.000000
352940.202677 4026229.299801 0.000000 -0.000000
352940.362596 4026229.118597 0.000000 -0.000000
352940.529496 4026228.929482 0.000000 -0.000000
352940.703892 4026228.731874 0.000000 -0.000000
352940.886329 4026228.525155 0.000000 -0.000000
352941.077388 4026228.308666 0.000000 -0.000000
352941.277685 4026228.081710 0.000000 -0.000000
352941.487874 4026227.843544 0.000000 -0.000000
