352939.232230 4026225.684479 0.000000 0.000000
352939.445547 4026225.414908 0.000000 -0.000000
352939.648637 4026225.158262 0.000000 -0.000001
352939.842169 4026224.913695 0.000000 -0.000001
352940.026774 4026224.680408 0.000000 -0.000001
352940.203049 4026224.457648 0.000000 -0.000001
352940.371554 4026224.244707 0.000000 -0.000002
352940.532817 4026224.040917 0.000000 -0.000002
352940.687334 4026223.845653 0.000000 -0.000002
352940.835570 4026223.658325 0.000000 -0.000002
352940.977962 4026223.478384 0.000000 -0.000003
352941.114917 4026223.305313 0.000000 -0.000003
352941.246818 4026223.138629 0.000000 -0.000003
352941.374021 4026222.977881 0.000000 -0.000003
352941.496858 4026222.822651 0.000000 -0.000004
352941.615639 4026222.672546 0.000000 -0.000004
352941.730653 4026222.527203 0.000000 -0.000004
352941.842165 4026222.386283 0.000000 -0.000005
352941.950425 4026222.249474 0.000000 -0.000005
352942.055662 4026222.116486 0.000000 -0.000005
352942.158088 4026221.987049 0.000000 -0.000005
352942.257898 4026221.860918 0.000000 -0.000006
352942.355273 4026221.737864 0.000000 -0.000006
352942.450380 4026221.617676 0.000000 -0.000006
352942.543370 4026221.500163 0.000000 -0.000007
352942.634384 4026221.385148 0.000000 -0.000009
352942.723549 4026221.272468 0.000000 -0.000010
352942.810983 4026221.161976 0.000000 -0.000012
352942.896792 4026221.053537 0.000000 -0.000014
352942.981075 4026220.947027 0.000000 -0.000016
352943.063919 4026220.842334 0.000000 -0.000019
352943.145406 4026220.739357 0.000000 -0.000022
352943.225609 4026220.638001 0.000000 -0.000025
352943.304595 4026220.538182 0.000000 -0.000029
352943.382425 4026220.439825 0.000000 -0.000033
352943.459153 4026220.342859 0.000000 -0.000037
352943.534831 4026220.247220 0.000000 -0.000042
352943.609502 4026220.152851 0.000000 -0.000048
352943.683210 4026220.059700 0.000000 -0.000054
352943.755993 4026219.967718 0.000000 -0.000061
352943.827884 4026219.876860 0.000000 -0.000068
352943.898917 4026219.787087 0.000000 -0.000076
352943.969120 4026219.698360 0.000000 -0.000085
352944.038522 4026219.610644 0.000000 -0.000095
352944.107149 4026219.523908 0.000000 -0.000105
352944.175024 4026219.438119 0.000000 -0.000117
352944.242170 4026219.353250 0.000000 -0.000129
352944.308610 4026219.269272 0.000000 -0.000143
352944.374363 4026219.186159 0.000000 -0.000157
352944.439451 4026219.103886 0.000000 -0.000173
352944.503891 4026219.022428 0.000000 -0.000190
352944.567703 4026218.941761 0.000000 -0.000208
352944.630904 4026218.861864 0.000000 -0.000227
352944.693511 4026218.782714 0.000000 -0.000248
352944.755542 4026218.704289 0.000000 -0.000271
352944.817012 4026218.626569 0.000000 -0.000294
352944.877937 4026218.549535 0.000000 -0.000320
352944.938331 4026218.473167 0.000000 -0.000347
352944.998210 4026218.397446 0.000000 -0.000375
352945.057587 4026218.322355 0.000000 -0.000406
352945.116476 4026218.247876 0.000000 -0.000438
352945.174889 4026218.173992 0.000000 -0.000472
352945.232840 4026218.100688 0.000000 -0.000508
352945.290340 4026218.027946 0.000000 -0.000546
352945.347402 4026217.955752 0.000000 -0.000586
352945.404037 4026217.884091 0.000000 -0.000628
352945.460256 4026217.812949 0.000000 -0.000672
352945.516069 4026217.742311 0.000000 -0.000718
352945.571487 4026217.672165 0.000000 -0.000766
352945.626521 4026217.602496 0.000000 -0.000817
352945.681179 4026217.533292 0.000000 -0.000869
352945.735472 4026217.464541 0.000000 -0.000924
352945.789408 4026217.396230 0.000000 -0.000981
352945.842997 4026217.328348 0.000000 -0.001039
352945.896247 4026217.260882 0.000000 -0.001101
352945.949166 4026217.193823 0.000000 -0.001164
352946.001764 4026217.127158 0.000000 -0.001229
352946.054047 4026217.060878 0.000000 -0.001297
352946.106025 4026216.994970 0.000000 -0.001366
352946.157704 4026216.929427 0.000000 -0.001437
352946.209092 4026216.864236 0.000000 -0.001511
352946.260196 4026216.799388 0.000000 -0.001586
352946.311024 4026216.734874 0.000000 -0.001663
352946.361582 4026216.670684 0.000000 -0.001742
352946.411878 4026216.606809 0.000000 -0.001822
352946.461918 4026216.543239 0.000000 -0.001904
352946.511709 4026216.479965 0.000000 -0.001987
352946.561257 4026216.416979 0.000000 -0.002072
352946.610570 4026216.354271 0.000000 -0.002157
352946.659653 4026216.291833 0.000000 -0.002244
352946.708512 4026216.229656 0.000000 -0.002332
352946.757154 4026216.167731 0.000000 -0.002420
352946.805585 4026216.106050 0.000000 -0.002509
352946.853812 4026216.044605 0.000000 -0.002598
352946.901839 4026215.983387 0.000000 -0.002688
352946.949673 4026215.922388 0.000000 -0.002777
352946.997320 4026215.861601 0.000000 -0.002867
352947.044787 4026215.801016 0.000000 -0.002956
352947.092077 4026215.740625 0.000000 -0.003045
352947.139198 4026215.680421 0.000000 -0.003132
352947.186156 4026215.620396 0.000000 -0.003219
352947.232955 4026215.560542 0.000000 -0.003305
352947.279602 4026215.500851 0.000000 -0.003389
352947.326102 4026215.441315 0.000000 -0.003472
352947.372461 4026215.381926 0.000000 -0.003553
352947.418685 4026215.322677 0.000000 -0.003632
352947.464778 4026215.263560 0.000000 -0.003709
352947.510748 4026215.204567 0.000000 -0.003783
352947.556598 4026215.145690 0.000000 -0.003855
352947.602336 4026215.086923 0.000000 -0.003924
352947.647965 4026215.028257 0.000000 -0.003990
352947.693492 4026214.969685 0.000000 -0.004053
352947.738923 4026214.911200 0.000000 -0.004113
352947.784262 4026214.852794 0.000000 -0.004169
352947.829516 4026214.794459 0.000000 -0.004221
352947.874689 4026214.736189 0.000000 -0.004270
352947.919788 4026214.677976 0.000000 -0.004314
352947.964817 4026214.619812 0.000000 -0.004355
352948.009782 4026214.561691 0.000000 -0.004391
352948.054689 4026214.503605 0.000000 -0.004423
352948.099542 4026214.445546 0.000000 -0.004451
352948.144348 4026214.387508 0.000000 -0.004474
352948.189113 4026214.329484 0.000000 -0.004493
352948.233840 4026214.271465 0.000000 -0.004507
352948.278536 4026214.213445 0.000000 -0.004516
352948.323207 4026214.155417 0.000000 -0.004521
352948.367858 4026214.097374 0.000000 -0.004521
352948.412494 4026214.039308 0.000000 -0.004516
352948.457121 4026213.981212 0.000000 -0.004507
352948.501745 4026213.923079 0.000000 -0.004493
352948.546370 4026213.864902 0.000000 -0.004475
352948.591004 4026213.806674 0.000000 -0.004452
352948.635650 4026213.748387 0.000000 -0.004424
352948.680315 4026213.690035 0.000000 -0.004392
352948.725005 4026213.631611 0.000000 -0.004356
352948.769725 4026213.573106 0.000000 -0.004316
352948.814480 4026213.514515 0.000000 -0.004271
352948.859277 4026213.455829 0.000000 -0.004223
352948.904122 4026213.397042 0.000000 -0.004171
352948.949019 4026213.338146 0.000000 -0.004115
352948.993975 4026213.279135 0.000000 -0.004056
352949.038996 4026213.220001 0.000000 -0.003993
352949.084087 4026213.160736 0.000000 -0.003927
352949.129254 4026213.101334 0.000000 -0.003858
352949.174504 4026213.041787 0.000000 -0.003787
352949.219842 4026212.982089 0.000000 -0.003713
352949.265273 4026212.922230 0.000000 -0.003636
352949.310805 4026212.862205 0.000000 -0.003558
352949.356443 4026212.802006 0.000000 -0.003477
352949.402194 4026212.741624 0.000000 -0.003394
352949.448062 4026212.681054 0.000000 -0.003311
352949.494055 4026212.620287 0.000000 -0.003225
352949.540178 4026212.559316 0.000000 -0.003139
352949.586439 4026212.498133 0.000000 -0.003051
352949.632842 4026212.436730 0.000000 -0.002963
352949.679395 4026212.375100 0.000000 -0.002875
352949.726104 4026212.313235 0.000000 -0.002786
352949.772974 4026212.251128 0.000000 -0.002696
352949.820014 4026212.188769 0.000000 -0.002607
352949.867228 4026212.126152 0.000000 -0.002518
352949.914624 4026212.063269 0.000000 -0.002430
352949.962208 4026212.000110 0.000000 -0.002342
352950.009987 4026211.936669 0.000000 -0.002255
352950.057967 4026211.872936 0.000000 -0.002168
352950.106157 4026211.808904 0.000000 -0.002083
352950.154561 4026211.744564 0.000000 -0.001999
352950.203188 4026211.679906 0.000000 -0.001916
352950.252044 4026211.614923 0.000000 -0.001835
352950.301137 4026211.549606 0.000000 -0.001755
352950.350473 4026211.483945 0.000000 -0.001676
352950.400061 4026211.417931 0.000000 -0.001599
352950.449908 4026211.351554 0.000000 -0.001524
352950.500022 4026211.284806 0.000000 -0.001451
352950.550410 4026211.217676 0.000000 -0.001380
352950.601080 4026211.150154 0.000000 -0.001311
352950.652041 4026211.082230 0.000000 -0.001243
352950.703301 4026211.013893 0.000000 -0.001178
352950.754868 4026210.945133 0.000000 -0.001115
352950.806751 4026210.875939 0.000000 -0.001054
352950.858959 4026210.806298 0.000000 -0.000995
352950.911501 4026210.736201 0.000000 -0.000938
352950.964387 4026210.665633 0.000000 -0.000883
352951.017626 4026210.594584 0.000000 -0.000831
352951.071228 4026210.523039 0.000000 -0.000780
352951.125203 4026210.450987 0.000000 -0.000732
352951.179562 4026210.378414 0.000000 -0.000686
352951.234315 4026210.305306 0.000000 -0.000642
352951.289474 4026210.231648 0.000000 -0.000600
352951.345050 4026210.157425 0.000000 -0.000559
352951.401054 4026210.082623 0.000000 -0.000521
352951.457500 4026210.007225 0.000000 -0.000485
352951.514398 4026209.931215 0.000000 -0.000451
352951.571764 4026209.854576 0.000000 -0.000418
352951.629608 4026209.777291 0.000000 -0.000387
352951.687947 4026209.699341 0.000000 -0.000358
352951.746793 4026209.620707 0.000000 -0.000331
352951.806161 4026209.541371 0.000000 -0.000305
352951.866068 4026209.461312 0.000000 -0.000281
352951.926527 4026209.380509 0.000000 -0.000258
352951.987557 4026209.298941 0.000000 -0.000237
352952.049173 4026209.216585 0.000000 -0.000217
352952.111393 4026209.133419 0.000000 -0.000199
352952.174236 4026209.049419 0.000000 -0.000181
352952.237719 4026208.964559 0.000000 -0.000165
352952.301862 4026208.878814 0.000000 -0.000150
352952.366686 4026208.792157 0.000000 -0.000137
352952.432211 4026208.704561 0.000000 -0.000124
352952.498460 4026208.615995 0.000000 -0.000112
352952.565456 4026208.526429 0.000000 -0.000101
352952.633224 4026208.435828 0.000000 -0.000091
352952.701791 4026208.344158 0.000000 -0.000082
352952.771186 4026208.251379 0.000000 -0.000073
352952.841440 4026208.157452 0.000000 -0.000065
352952.912586 4026208.062329 0.000000 -0.000058
352952.984662 4026207.965963 0.000000 -0.000052
352953.057707 4026207.868300 0.000000 -0.000046
352953.131767 4026207.769280 0.000000 -0.000041
352953.206889 4026207.668839 0.000000 -0.000036
352953.283126 4026207.566906 0.000000 -0.000032
352953.360537 4026207.463403 0.000000 -0.000028
352953.439188 4026207.358242 0.000000 -0.000024
352953.519147 4026207.251330 0.000000 -0.000021
352953.600495 4026207.142562 0.000000 -0.000018
352953.683316 4026207.031824 0.000000 -0.000016
352953.767705 4026206.918989 0.000000 -0.000014
352953.853764 4026206.803920 0.000000 -0.000012
352953.941608 4026206.686466 0.000000 -0.000010
352954.031359 4026206.566460 0.000000 -0.000008
352954.123152 4026206.443724 0.000000 -0.000007
352954.217135 4026206.318060 0.000000 -0.000007
352954.313468 4026206.189253 0.000000 -0.000006
352954.412325 4026206.057071 0.000000 -0.000006
352954.513896 4026205.921262 0.000000 -0.000006
352954.618384 4026205.781551 0.000000 -0.000005
352954.726011 4026205.637642 0.000000 -0.000005
352954.837018 4026205.489216 0.000000 -0.000005
352954.951660 4026205.335927 0.000000 -0.000005
352955.070218 4026205.177404 0.000000 -0.000004
352955.192989 4026205.013247 0.000000 -0.000004
352955.320294 4026204.843027 0.000000 -0.000004
352955.452477 4026204.666284 0.000000 -0.000003
352955.589908 4026204.482526 0.000000 -0.000003
352955.732979 4026204.291225 0.000000 -0.000003
352955.882112 4026204.091818 0.000000 -0.000002
352956.037757 4026203.883706 0.000000 -0.000002
352956.200391 4026203.666247 0.000000 -0.000002
352956.370524 4026203.438762 0.000000 -0.000001
352956.548697 4026203.200527 0.000000 -0.000001
352956.735486 4026202.950772 0.000000 -0.000001
352956.931499 4026202.688682 0.000000 -0.000000
