352957.137384 4026202.413392 0.000000 0.000000
352957.337753 4026202.131969 0.000000 -0.000008
352957.528514 4026201.864038 0.000000 -0.000016
352957.710297 4026201.608717 0.000000 -0.000025
352957.883696 4026201.365172 0.000000 -0.000033
352958.049270 4026201.132617 0.000000 -0.000041
352958.207545 4026200.910313 0.000000 -0.000049
352958.359018 4026200.697562 0.000000 -0.000057
352958.504154 4026200.493711 0.000000 -0.000065
352958.643390 4026200.298146 0.000000 -0.000074
352958.777136 4026200.110291 0.000000 -0.000082
352958.905774 4026199.929607 0.000000 -0.000090
352959.029664 4026199.755591 0.000000 -0.000098
352959.149140 4026199.587772 0.000000 -0.000106
352959.264514 4026199.425712 0.000000 -0.000114
352959.376077 4026199.269002 0.000000 -0.000123
352959.484099 4026199.117262 0.000000 -0.000131
352959.588831 4026198.970138 0.000000 -0.000139
352959.690506 4026198.827305 0.000000 -0.000147
352959.789339 4026198.688459 0.000000 -0.000155
352959.885528 4026198.553320 0.000000 -0.000163
352959.979259 4026198.421629 0.000000 -0.000172
352960.070700 4026198.293149 0.000000 -0.000180
352960.160006 4026198.167660 0.000000 -0.000188
352960.247321 4026198.044961 0.000000 -0.000209
352960.332775 4026197.924868 0.000000 -0.000232
352960.416489 4026197.807212 0.000000 -0.000256
352960.498573 4026197.691837 0.000000 -0.000282
352960.579126 4026197.578602 0.000000 -0.000309
352960.658240 4026197.467380 0.000000 -0.000338
352960.735998 4026197.358053 0.000000 -0.000368
352960.812476 4026197.250513 0.000000 -0.000399
352960.887742 4026197.144665 0.000000 -0.000431
352960.961859 4026197.040419 0.000000 -0.000464
352961.034883 4026196.937697 0.000000 -0.000499
352961.106866 4026196.836425 0.000000 -0.000535
352961.177854 4026196.736536 0.000000 -0.000572
352961.247891 4026196.637972 0.000000 -0.000609
352961.317014 4026196.540676 0.000000 -0.000648
352961.385259 4026196.444599 0.000000 -0.000688
352961.452660 4026196.349695 0.000000 -0.000728
352961.519244 4026196.255921 0.000000 -0.000769
352961.585041 4026196.163239 0.000000 -0.000811
352961.650074 4026196.071612 0.000000 -0.000853
352961.714369 4026195.981007 0.000000 -0.000896
352961.777948 4026195.891391 0.000000 -0.000939
352961.840831 4026195.802735 0.000000 -0.000983
352961.903039 4026195.715010 0.000000 -0.001027
352961.964590 4026195.628189 0.000000 -0.001071
352962.025503 4026195.542247 0.000000 -0.001116
352962.085796 4026195.457158 0.000000 -0.001161
352962.145485 4026195.372898 0.000000 -0.001205
352962.204586 4026195.289444 0.000000 -0.001250
352962.263115 4026195.206774 0.000000 -0.001295
352962.321087 4026195.124867 0.000000 -0.001339
352962.378517 4026195.043702 0.000000 -0.001383
352962.435418 4026194.963258 0.000000 -0.001427
352962.491805 4026194.883518 0.000000 -0.001470
352962.547690 4026194.804461 0.000000 -0.001513
352962.603086 4026194.726072 0.000000 -0.001556
352962.658004 4026194.648331 0.000000 -0.001598
352962.712456 4026194.571224 0.000000 -0.001639
352962.766454 4026194.494734 0.000000 -0.001679
352962.820008 4026194.418847 0.000000 -0.001718
352962.873128 4026194.343546 0.000000 -0.001757
352962.925826 4026194.268819 0.000000 -0.001794
352962.978109 4026194.194652 0.000000 -0.001831
352963.029987 4026194.121031 0.000000 -0.001866
352963.081470 4026194.047945 0.000000 -0.001900
352963.132566 4026193.975380 0.000000 -0.001933
352963.183283 4026193.903326 0.000000 -0.001964
352963.233629 4026193.831771 0.000000 -0.001994
352963.283613 4026193.760705 0.000000 -0.002023
352963.333240 4026193.690116 0.000000 -0.002050
352963.382520 4026193.619996 0.000000 -0.002075
352963.431458 4026193.550333 0.000000 -0.002099
352963.480061 4026193.481120 0.000000 -0.002122
352963.528336 4026193.412346 0.000000 -0.002142
352963.576289 4026193.344004 0.000000 -0.002161
352963.623927 4026193.276085 0.000000 -0.002178
352963.671254 4026193.208580 0.000000 -0.002193
352963.718278 4026193.141483 0.000000 -0.002206
352963.765003 4026193.074784 0.000000 -0.002218
352963.811435 4026193.008478 0.000000 -0.002227
352963.857579 4026192.942556 0.000000 -0.002235
352963.903440 4026192.877012 0.000000 -0.002241
352963.949023 4026192.811840 0.000000 -0.002244
352963.994334 4026192.747032 0.000000 -0.002246
352964.039376 4026192.682583 0.000000 -0.002246
352964.084155 4026192.618486 0.000000 -0.002244
352964.128675 4026192.554735 0.000000 -0.002240
352964.172940 4026192.491324 0.000000 -0.002234
352964.216954 4026192.428248 0.000000 -0.002226
352964.260723 4026192.365501 0.000000 -0.002216
352964.304249 4026192.303078 0.000000 -0.002204
352964.347538 4026192.240973 0.000000 -0.002191
352964.390593 4026192.179181 0.000000 -0.002175
352964.433418 4026192.117698 0.000000 -0.002158
352964.476017 4026192.056517 0.000000 -0.002139
352964.518393 4026191.995634 0.000000 -0.002118
352964.560551 4026191.935045 0.000000 -0.002096
352964.602494 4026191.874744 0.000000 -0.002072
352964.644226 4026191.814727 0.000000 -0.002047
352964.685750 4026191.754989 0.000000 -0.002020
352964.727070 4026191.695526 0.000000 -0.001991
352964.768190 4026191.636334 0.000000 -0.001961
352964.809112 4026191.577407 0.000000 -0.001930
352964.849840 4026191.518742 0.000000 -0.001898
352964.890378 4026191.460334 0.000000 -0.001864
352964.930728 4026191.402180 0.000000 -0.001829
352964.970895 4026191.344274 0.000000 -0.001793
352965.010881 4026191.286614 0.000000 -0.001757
352965.050689 4026191.229194 0.000000 -0.001719
352965.090324 4026191.172011 0.000000 -0.001681
352965.129786 4026191.115062 0.000000 -0.001642
352965.169081 4026191.058341 0.000000 -0.001602
352965.208210 4026191.001845 0.000000 -0.001562
352965.247178 4026190.945571 0.000000 -0.001521
352965.285986 4026190.889514 0.000000 -0.001480
352965.324638 4026190.833671 0.000000 -0.001438
352965.363137 4026190.778038 0.000000 -0.001397
352965.401486 4026190.722611 0.000000 -0.001355
352965.439687 4026190.667387 0.000000 -0.001313
352965.477744 4026190.612362 0.000000 -0.001271
352965.515659 4026190.557531 0.000000 -0.001229
352965.553435 4026190.502893 0.000000 -0.001187
352965.591076 4026190.448442 0.000000 -0.001145
352965.628582 4026190.394176 0.000000 -0.001104
352965.665959 4026190.340090 0.000000 -0.001063
352965.703207 4026190.286182 0.000000 -0.001022
352965.740331 4026190.232448 0.000000 -0.000982
352965.777332 4026190.178884 0.000000 -0.000942
352965.814213 4026190.125487 0.000000 -0.000903
352965.850977 4026190.072253 0.000000 -0.000865
352965.887627 4026190.019178 0.000000 -0.000827
352965.924165 4026189.966260 0.000000 -0.000790
352965.960594 4026189.913495 0.000000 -0.000754
352965.996916 4026189.860880 0.000000 -0.000718
352966.033134 4026189.808411 0.000000 -0.000683
352966.069250 4026189.756084 0.000000 -0.000650
352966.105268 4026189.703897 0.000000 -0.000617
352966.141189 4026189.651845 0.000000 -0.000585
352966.177015 4026189.599927 0.000000 -0.000554
352966.212751 4026189.548137 0.000000 -0.000523
352966.248397 4026189.496474 0.000000 -0.000494
352966.283956 4026189.444934 0.000000 -0.000466
352966.319431 4026189.393513 0.000000 -0.000439
352966.354824 4026189.342208 0.000000 -0.000413
352966.390137 4026189.291016 0.000000 -0.000388
352966.425373 4026189.239935 0.000000 -0.000364
352966.460533 4026189.188960 0.000000 -0.000341
352966.495621 4026189.138089 0.000000 -0.000319
352966.530639 4026189.087318 0.000000 -0.000298
352966.565588 4026189.036645 0.000000 -0.000278
352966.600471 4026188.986066 0.000000 -0.000258
352966.635290 4026188.935579 0.000000 -0.000240
352966.670046 4026188.885180 0.000000 -0.000223
352966.704744 4026188.834867 0.000000 -0.000207
352966.739383 4026188.784636 0.000000 -0.000192
352966.773966 4026188.734486 0.000000 -0.000177
352966.808496 4026188.684412 0.000000 -0.000164
352966.842974 4026188.634413 0.000000 -0.000151
352966.877402 4026188.584486 0.000000 -0.000139
352966.911782 4026188.534628 0.000000 -0.000128
352966.946116 4026188.484836 0.000000 -0.000118
352966.980405 4026188.435108 0.000000 -0.000108
352967.014651 4026188.385442 0.000000 -0.000100
352967.048857 4026188.335834 0.000000 -0.000092
352967.083023 4026188.286283 0.000000 -0.000084
352967.117152 4026188.236787 0.000000 -0.000078
352967.151245 4026188.187342 0.000000 -0.000072
352967.185303 4026188.137947 0.000000 -0.000067
352967.219328 4026188.088599 0.000000 -0.000062
352967.253322 4026188.039297 0.000000 -0.000058
352967.287286 4026187.990038 0.000000 -0.000055
352967.321221 4026187.940821 0.000000 -0.000052
352967.355129 4026187.891643 0.000000 -0.000050
352967.389011 4026187.842502 0.000000 -0.000049
352967.422869 4026187.793397 0.000000 -0.000048
352967.456703 4026187.744326 0.000000 -0.000047
352967.490514 4026187.695287 0.000000 -0.000047
352967.524305 4026187.646278 0.000000 -0.000048
352967.558075 4026187.597298 0.000000 -0.000049
352967.591827 4026187.548346 0.000000 -0.000051
352967.625561 4026187.499419 0.000000 -0.000053
352967.659278 4026187.450516 0.000000 -0.000056
352967.692979 4026187.401636 0.000000 -0.000060
352967.726665 4026187.352778 0.000000 -0.000064
352967.760337 4026187.303940 0.000000 -0.000068
352967.793995 4026187.255121 0.000000 -0.000073
352967.827642 4026187.206320 0.000000 -0.000079
352967.861276 4026187.157535 0.000000 -0.000085
352967.894899 4026187.108766 0.000000 -0.000091
352967.928513 4026187.060011 0.000000 -0.000099
352967.962116 4026187.011270 0.000000 -0.000107
352967.995710 4026186.962542 0.000000 -0.000115
352968.029296 4026186.913825 0.000000 -0.000124
352968.062875 4026186.865119 0.000000 -0.000134
352968.096445 4026186.816423 0.000000 -0.000144
352968.130009 4026186.767736 0.000000 -0.000156
352968.163566 4026186.719058 0.000000 -0.000167
352968.197118 4026186.670387 0.000000 -0.000180
352968.230664 4026186.621724 0.000000 -0.000193
352968.264204 4026186.573067 0.000000 -0.000207
352968.297740 4026186.524417 0.000000 -0.000222
352968.331271 4026186.475771 0.000000 -0.000237
352968.364798 4026186.427131 0.000000 -0.000253
352968.398321 4026186.378495 0.000000 -0.000270
352968.431840 4026186.329863 0.000000 -0.000288
352968.465355 4026186.281235 0.000000 -0.000307
352968.498868 4026186.232609 0.000000 -0.000327
352968.532377 4026186.183987 0.000000 -0.000347
352968.565883 4026186.135367 0.000000 -0.000369
352968.599386 4026186.086749 0.000000 -0.000391
352968.632886 4026186.038132 0.000000 -0.000414
352968.666384 4026185.989517 0.000000 -0.000439
352968.699880 4026185.940904 0.000000 -0.000464
352968.733373 4026185.892291 0.000000 -0.000490
352968.766863 4026185.843679 0.000000 -0.000517
352968.800352 4026185.795067 0.000000 -0.000546
352968.833837 4026185.746455 0.000000 -0.000575
352968.867321 4026185.697844 0.000000 -0.000606
352968.900802 4026185.649232 0.000000 -0.000637
352968.934282 4026185.600620 0.000000 -0.000670
352968.967758 4026185.552008 0.000000 -0.000703
352969.001233 4026185.503394 0.000000 -0.000738
352969.034705 4026185.454780 0.000000 -0.000774
352969.068174 4026185.406165 0.000000 -0.000811
352969.101641 4026185.357549 0.000000 -0.000849
352969.135106 4026185.308931 0.000000 -0.000888
352969.168568 4026185.260313 0.000000 -0.000929
352969.202027 4026185.211692 0.000000 -0.000970
352969.235483 4026185.163070 0.000000 -0.001013
352969.268936 4026185.114446 0.000000 -0.001057
352969.302387 4026185.065821 0.000000 -0.001102
352969.335834 4026185.017193 0.000000 -0.001148
352969.369278 4026184.968564 0.000000 -0.001195
352969.402718 4026184.919932 0.000000 -0.001244
352969.436155 4026184.871298 0.000000 -0.001294
352969.469588 4026184.822661 0.000000 -0.001345
352969.503018 4026184.774022 0.000000 -0.001397
352969.536443 4026184.725380 0.000000 -0.001450
352969.569864 4026184.676736 0.000000 -0.001505
352969.603281 4026184.628089 0.000000 -0.001561
352969.636694 4026184.579439 0.000000 -0.001617
352969.670102 4026184.530786 0.000000 -0.001675
352969.703505 4026184.482129 0.000000 -0.001735
352969.736903 4026184.433470 0.000000 -0.001795
352969.770296 4026184.384807 0.000000 -0.001856
352969.803684 4026184.336140 0.000000 -0.001919
352969.837067 4026184.287470 0.000000 -0.001983
352969.870443 4026184.238796 0.000000 -0.002048
352969.903814 4026184.190118 0.000000 -0.002113
352969.937179 4026184.141436 0.000000 -0.002180
352969.970537 4026184.092750 0.000000 -0.002248
352970.003889 4026184.044060 0.000000 -0.002318
352970.037234 4026183.995365 0.000000 -0.002388
352970.070573 4026183.946666 0.000000 -0.002459
352970.103904 4026183.897962 0.000000 -0.002531
352970.137228 4026183.849253 0.000000 -0.002604
352970.170545 4026183.800540 0.000000 -0.002678
352970.203853 4026183.751821 0.000000 -0.002752
352970.237154 4026183.703097 0.000000 -0.002828
352970.270447 4026183.654367 0.000000 -0.002904
352970.303731 4026183.605632 0.000000 -0.002981
352970.337007 4026183.556891 0.000000 -0.003059
352970.370273 4026183.508145 0.000000 -0.003137
352970.403531 4026183.459392 0.000000 -0.003216
352970.436779 4026183.410633 0.000000 -0.003296
352970.470018 4026183.361868 0.000000 -0.003376
352970.503247 4026183.313096 0.000000 -0.003457
352970.536465 4026183.264317 0.000000 -0.003538
352970.569674 4026183.215532 0.000000 -0.003619
352970.602872 4026183.166740 0.000000 -0.003700
352970.636059 4026183.117940 0.000000 -0.003782
352970.669235 4026183.069134 0.000000 -0.003864
352970.702400 4026183.020319 0.000000 -0.003946
352970.735553 4026182.971498 0.000000 -0.004028
352970.768695 4026182.922668 0.000000 -0.004109
352970.801824 4026182.873830 0.000000 -0.004191
352970.834941 4026182.824985 0.000000 -0.004272
352970.868046 4026182.776131 0.000000 -0.004353
352970.901138 4026182.727268 0.000000 -0.004434
352970.934217 4026182.678397 0.000000 -0.004514
352970.967282 4026182.629517 0.000000 -0.004594
352971.000335 4026182.580628 0.000000 -0.004672
352971.033373 4026182.531731 0.000000 -0.004750
352971.066397 4026182.482823 0.000000 -0.004827
352971.099408 4026182.433907 0.000000 -0.004903
352971.132403 4026182.384981 0.000000 -0.004978
352971.165385 4026182.336045 0.000000 -0.005052
352971.198351 4026182.287099 0.000000 -0.005124
352971.231302 4026182.238143 0.000000 -0.005195
352971.264238 4026182.189178 0.000000 -0.005264
352971.297158 4026182.140201 0.000000 -0.005332
352971.330062 4026182.091215 0.000000 -0.005398
352971.362951 4026182.042218 0.000000 -0.005462
352971.395823 4026181.993210 0.000000 -0.005524
352971.428679 4026181.944191 0.000000 -0.005584
352971.461518 4026181.895161 0.000000 -0.005642
352971.494341 4026181.846120 0.000000 -0.005698
352971.527147 4026181.797069 0.000000 -0.005751
352971.559935 4026181.748005 0.000000 -0.005801
352971.592707 4026181.698931 0.000000 -0.005849
352971.625461 4026181.649844 0.000000 -0.005894
352971.658198 4026181.600747 0.000000 -0.005936
352971.690916 4026181.551637 0.000000 -0.005976
352971.723618 4026181.502516 0.000000 -0.006012
352971.756301 4026181.453383 0.000000 -0.006045
352971.788966 4026181.404238 0.000000 -0.006076
352971.821613 4026181.355081 0.000000 -0.006102
352971.854242 4026181.305912 0.000000 -0.006126
352971.886853 4026181.256731 0.000000 -0.006146
352971.919446 4026181.207538 0.000000 -0.006163
352971.952020 4026181.158332 0.000000 -0.006176
352971.984575 4026181.109115 0.000000 -0.006185
352972.017113 4026181.059885 0.000000 -0.006191
352972.049632 4026181.010643 0.000000 -0.006194
352972.082132 4026180.961389 0.000000 -0.006192
352972.114614 4026180.912123 0.000000 -0.006187
352972.147077 4026180.862844 0.000000 -0.006178
352972.179523 4026180.813553 0.000000 -0.006166
352972.211949 4026180.764250 0.000000 -0.006150
352972.244358 4026180.714935 0.000000 -0.006130
352972.276748 4026180.665608 0.000000 -0.006106
352972.309120 4026180.616269 0.000000 -0.006078
352972.341474 4026180.566918 0.000000 -0.006047
352972.373810 4026180.517555 0.000000 -0.006012
352972.406128 4026180.468180 0.000000 -0.005973
352972.438428 4026180.418793 0.000000 -0.005931
352972.470711 4026180.369395 0.000000 -0.005886
352972.502976 4026180.319985 0.000000 -0.005836
352972.535224 4026180.270563 0.000000 -0.005784
352972.567454 4026180.221130 0.000000 -0.005728
352972.599668 4026180.171686 0.000000 -0.005668
352972.631865 4026180.122231 0.000000 -0.005606
352972.664045 4026180.072765 0.000000 -0.005540
352972.696209 4026180.023288 0.000000 -0.005471
352972.728356 4026179.973800 0.000000 -0.005399
352972.760488 4026179.924302 0.000000 -0.005324
352972.792604 4026179.874793 0.000000 -0.005247
352972.824704 4026179.825274 0.000000 -0.005167
352972.856789 4026179.775745 0.000000 -0.005084
352972.888859 4026179.726206 0.000000 -0.005000
352972.920915 4026179.676657 0.000000 -0.004912
352972.952956 4026179.627098 0.000000 -0.004823
352972.984983 4026179.577531 0.000000 -0.004732
352973.016996 4026179.527954 0.000000 -0.004638
352973.048995 4026179.478368 0.000000 -0.004543
352973.080981 4026179.428773 0.000000 -0.004447
352973.112954 4026179.379170 0.000000 -0.004349
352973.144914 4026179.329558 0.000000 -0.004249
352973.176862 4026179.279938 0.000000 -0.004149
352973.208798 4026179.230310 0.000000 -0.004048
352973.240722 4026179.180674 0.000000 -0.003945
352973.272635 4026179.131031 0.000000 -0.003842
352973.304537 4026179.081380 0.000000 -0.003739
352973.336428 4026179.031722 0.000000 -0.003634
352973.368308 4026178.982057 0.000000 -0.003530
352973.400178 4026178.932386 0.000000 -0.003426
352973.432039 4026178.882708 0.000000 -0.003321
352973.463889 4026178.833023 0.000000 -0.003217
352973.495731 4026178.783333 0.000000 -0.003112
352973.527564 4026178.733637 0.000000 -0.003009
352973.559388 4026178.683935 0.000000 -0.002905
352973.591204 4026178.634227 0.000000 -0.002803
352973.623012 4026178.584515 0.000000 -0.002700
352973.654812 4026178.534797 0.000000 -0.002599
352973.686606 4026178.485074 0.000000 -0.002499
352973.718392 4026178.435347 0.000000 -0.002400
352973.750171 4026178.385615 0.000000 -0.002301
352973.781944 4026178.335879 0.000000 -0.002204
352973.813711 4026178.286139 0.000000 -0.002108
352973.845472 4026178.236395 0.000000 -0.002014
352973.877227 4026178.186648 0.000000 -0.001921
352973.908977 4026178.136897 0.000000 -0.001829
352973.940722 4026178.087142 0.000000 -0.001739
352973.972463 4026178.037385 0.000000 -0.001651
352974.004199 4026177.987624 0.000000 -0.001564
352974.035930 4026177.937861 0.000000 -0.001479
352974.067658 4026177.888095 0.000000 -0.001395
352974.099382 4026177.838326 0.000000 -0.001314
352974.131102 4026177.788555 0.000000 -0.001234
352974.162819 4026177.738782 0.000000 -0.001155
352974.194533 4026177.689007 0.000000 -0.001079
352974.226245 4026177.639231 0.000000 -0.001004
352974.257953 4026177.589452 0.000000 -0.000932
352974.289660 4026177.539672 0.000000 -0.000861
352974.321364 4026177.489890 0.000000 -0.000791
352974.353066 4026177.440107 0.000000 -0.000724
352974.384766 4026177.390323 0.000000 -0.000658
352974.416465 4026177.340537 0.000000 -0.000595
352974.448162 4026177.290751 0.000000 -0.000532
352974.479858 4026177.240964 0.000000 -0.000472
352974.511553 4026177.191176 0.000000 -0.000413
352974.543247 4026177.141388 0.000000 -0.000356
352974.574940 4026177.091598 0.000000 -0.000301
352974.606632 4026177.041809 0.000000 -0.000247
352974.638325 4026176.992019 0.000000 -0.000194
352974.670016 4026176.942229 0.000000 -0.000143
352974.701708 4026176.892439 0.000000 -0.000093
352974.733400 4026176.842649 0.000000 -0.000045
352974.765091 4026176.792859 0.000000 0.000002
352974.796783 4026176.743069 0.000000 0.000047
352974.828475 4026176.693279 0.000000 0.000092
352974.860168 4026176.643489 0.000000 0.000135
352974.891861 4026176.593700 0.000000 0.000177
352974.923555 4026176.543911 0.000000 0.000219
352974.955250 4026176.494123 0.000000 0.000259
352974.986945 4026176.444335 0.000000 0.000298
352975.018642 4026176.394548 0.000000 0.000337
352975.050340 4026176.344762 0.000000 0.000374
352975.082039 4026176.294976 0.000000 0.000411
352975.113739 4026176.245191 0.000000 0.000447
352975.145441 4026176.195408 0.000000 0.000483
352975.177144 4026176.145625 0.000000 0.000518
352975.208849 4026176.095843 0.000000 0.000552
352975.240556 4026176.046062 0.000000 0.000586
352975.272264 4026175.996283 0.000000 0.000619
352975.303974 4026175.946504 0.000000 0.000651
352975.335687 4026175.896727 0.000000 0.000684
352975.367401 4026175.846951 0.000000 0.000716
352975.399117 4026175.797177 0.000000 0.000747
352975.430836 4026175.747404 0.000000 0.000778
352975.462557 4026175.697633 0.000000 0.000809
352975.494281 4026175.647863 0.000000 0.000840
352975.526007 4026175.598095 0.000000 0.000870
352975.557736 4026175.548328 0.000000 0.000900
352975.589467 4026175.498563 0.000000 0.000929
352975.621201 4026175.448800 0.000000 0.000959
352975.652938 4026175.399039 0.000000 0.000988
352975.684678 4026175.349280 0.000000 0.001017
352975.716421 4026175.299522 0.000000 0.001045
352975.748167 4026175.249767 0.000000 0.001074
352975.779916 4026175.200013 0.000000 0.001102
352975.811669 4026175.150262 0.000000 0.001130
352975.843425 4026175.100513 0.000000 0.001157
352975.875184 4026175.050766 0.000000 0.001184
352975.906947 4026175.001022 0.000000 0.001211
352975.938714 4026174.951280 0.000000 0.001238
352975.970484 4026174.901540 0.000000 0.001264
352976.002258 4026174.851802 0.000000 0.001290
352976.034036 4026174.802067 0.000000 0.001316
352976.065817 4026174.752335 0.000000 0.001341
352976.097603 4026174.702605 0.000000 0.001366
352976.129393 4026174.652878 0.000000 0.001390
352976.161187 4026174.603153 0.000000 0.001414
352976.192985 4026174.553431 0.000000 0.001437
352976.224788 4026174.503712 0.000000 0.001459
352976.256594 4026174.453996 0.000000 0.001481
352976.288406 4026174.404282 0.000000 0.001503
352976.320222 4026174.354572 0.000000 0.001523
352976.352042 4026174.304864 0.000000 0.001543
352976.383867 4026174.255159 0.000000 0.001563
352976.415697 4026174.205458 0.000000 0.001581
352976.447531 4026174.155759 0.000000 0.001599
352976.479371 4026174.106064 0.000000 0.001616
352976.511215 4026174.056371 0.000000 0.001632
352976.543064 4026174.006682 0.000000 0.001647
352976.574918 4026173.956996 0.000000 0.001661
352976.606777 4026173.907313 0.000000 0.001674
352976.638641 4026173.857634 0.000000 0.001686
352976.670510 4026173.807957 0.000000 0.001697
352976.702384 4026173.758284 0.000000 0.001707
352976.734264 4026173.708615 0.000000 0.001716
352976.766149 4026173.658948 0.000000 0.001724
352976.798038 4026173.609285 0.000000 0.001731
352976.829933 4026173.559626 0.000000 0.001737
352976.861834 4026173.509969 0.000000 0.001741
352976.893739 4026173.460316 0.000000 0.001745
352976.925650 4026173.410667 0.000000 0.001747
352976.957566 4026173.361021 0.000000 0.001748
352976.989488 4026173.311378 0.000000 0.001747
352977.021414 4026173.261739 0.000000 0.001746
352977.053346 4026173.212103 0.000000 0.001743
352977.085283 4026173.162470 0.000000 0.001740
352977.117226 4026173.112841 0.000000 0.001735
352977.149174 4026173.063215 0.000000 0.001728
352977.181126 4026173.013593 0.000000 0.001721
352977.213085 4026172.963973 0.000000 0.001712
352977.245048 4026172.914357 0.000000 0.001703
352977.277016 4026172.864745 0.000000 0.001692
352977.308990 4026172.815136 0.000000 0.001680
352977.340968 4026172.765530 0.000000 0.001666
352977.372952 4026172.715927 0.000000 0.001652
352977.404940 4026172.666327 0.000000 0.001637
352977.436934 4026172.616731 0.000000 0.001621
352977.468932 4026172.567137 0.000000 0.001603
352977.500935 4026172.517547 0.000000 0.001585
352977.532943 4026172.467960 0.000000 0.001566
352977.564955 4026172.418376 0.000000 0.001545
352977.596972 4026172.368794 0.000000 0.001524
352977.628994 4026172.319216 0.000000 0.001502
352977.661020 4026172.269641 0.000000 0.001479
352977.693051 4026172.220068 0.000000 0.001456
352977.725086 4026172.170498 0.000000 0.001432
352977.757125 4026172.120931 0.000000 0.001407
352977.789168 4026172.071367 0.000000 0.001381
352977.821216 4026172.021805 0.000000 0.001355
352977.853267 4026171.972246 0.000000 0.001328
352977.885323 4026171.922689 0.000000 0.001301
352977.917382 4026171.873135 0.000000 0.001273
352977.949445 4026171.823584 0.000000 0.001245
352977.981512 4026171.774034 0.000000 0.001216
352978.013582 4026171.724487 0.000000 0.001187
352978.045655 4026171.674942 0.000000 0.001158
352978.077733 4026171.625400 0.000000 0.001129
352978.109813 4026171.575859 0.000000 0.001099
352978.141897 4026171.526320 0.000000 0.001069
352978.173983 4026171.476784 0.000000 0.001039
352978.206073 4026171.427249 0.000000 0.001009
352978.238166 4026171.377717 0.000000 0.000979
352978.270261 4026171.328186 0.000000 0.000949
352978.302359 4026171.278657 0.000000 0.000919
352978.334460 4026171.229129 0.000000 0.000890
352978.366564 4026171.179603 0.000000 0.000860
352978.398670 4026171.130079 0.000000 0.000830
352978.430778 4026171.080557 0.000000 0.000801
352978.462888 4026171.031035 0.000000 0.000772
352978.495001 4026170.981516 0.000000 0.000743
352978.527116 4026170.931997 0.000000 0.000714
352978.559233 4026170.882480 0.000000 0.000685
352978.591352 4026170.832964 0.000000 0.000657
352978.623473 4026170.783450 0.000000 0.000629
352978.655595 4026170.733936 0.000000 0.000601
352978.687719 4026170.684424 0.000000 0.000574
352978.719845 4026170.634912 0.000000 0.000547
352978.751972 4026170.585402 0.000000 0.000520
352978.784101 4026170.535892 0.000000 0.000494
352978.816231 4026170.486384 0.000000 0.000468
352978.848362 4026170.436876 0.000000 0.000442
352978.880495 4026170.387369 0.000000 0.000416
352978.912629 4026170.337863 0.000000 0.000391
352978.944764 4026170.288357 0.000000 0.000367
352978.976900 4026170.238852 0.000000 0.000342
352979.009036 4026170.189348 0.000000 0.000318
352979.041174 4026170.139844 0.000000 0.000294
352979.073312 4026170.090341 0.000000 0.000271
352979.105452 4026170.040838 0.000000 0.000247
352979.137592 4026169.991336 0.000000 0.000224
352979.169732 4026169.941834 0.000000 0.000201
352979.201873 4026169.892332 0.000000 0.000179
352979.234015 4026169.842831 0.000000 0.000156
352979.266156 4026169.793330 0.000000 0.000134
352979.298299 4026169.743829 0.000000 0.000111
352979.330441 4026169.694328 0.000000 0.000089
352979.362584 4026169.644828 0.000000 0.000067
352979.394727 4026169.595327 0.000000 0.000045
352979.426870 4026169.545827 0.000000 0.000023
352979.459013 4026169.496327 0.000000 0.000000
352979.491156 4026169.446826 0.000000 -0.000022
352979.523299 4026169.397326 0.000000 -0.000044
352979.555442 4026169.347826 0.000000 -0.000067
352979.587585 4026169.298325 0.000000 -0.000089
352979.619727 4026169.248824 0.000000 -0.000112
352979.651869 4026169.199324 0.000000 -0.000135
352979.684011 4026169.149822 0.000000 -0.000159
352979.716152 4026169.100321 0.000000 -0.000182
352979.748293 4026169.050819 0.000000 -0.000206
352979.780433 4026169.001317 0.000000 -0.000231
352979.812573 4026168.951815 0.000000 -0.000255
352979.844711 4026168.902312 0.000000 -0.000280
352979.876850 4026168.852808 0.000000 -0.000306
352979.908987 4026168.803304 0.000000 -0.000332
352979.941123 4026168.753799 0.000000 -0.000358
352979.973258 4026168.704294 0.000000 -0.000385
352980.005392 4026168.654788 0.000000 -0.000412
352980.037525 4026168.605281 0.000000 -0.000440
352980.069657 4026168.555774 0.000000 -0.000469
352980.101787 4026168.506265 0.000000 -0.000497
352980.133916 4026168.456756 0.000000 -0.000527
352980.166044 4026168.407246 0.000000 -0.000557
352980.198170 4026168.357735 0.000000 -0.000587
352980.230294 4026168.308222 0.000000 -0.000618
352980.262416 4026168.258709 0.000000 -0.000650
352980.294537 4026168.209194 0.000000 -0.000682
352980.326655 4026168.159678 0.000000 -0.000714
352980.358772 4026168.110161 0.000000 -0.000748
352980.390886 4026168.060642 0.000000 -0.000781
352980.422998 4026168.011122 0.000000 -0.000815
352980.455108 4026167.961601 0.000000 -0.000850
352980.487216 4026167.912077 0.000000 -0.000885
352980.519320 4026167.862553 0.000000 -0.000920
352980.551422 4026167.813026 0.000000 -0.000956
352980.583522 4026167.763498 0.000000 -0.000992
352980.615618 4026167.713968 0.000000 -0.001028
352980.647711 4026167.664436 0.000000 -0.001065
352980.679801 4026167.614902 0.000000 -0.001102
352980.711888 4026167.565365 0.000000 -0.001139
352980.743972 4026167.515827 0.000000 -0.001177
352980.776052 4026167.466287 0.000000 -0.001214
352980.808129 4026167.416744 0.000000 -0.001252
352980.840202 4026167.367199 0.000000 -0.001290
352980.872271 4026167.317651 0.000000 -0.001328
352980.904336 4026167.268101 0.000000 -0.001366
352980.936397 4026167.218548 0.000000 -0.001403
352980.968454 4026167.168993 0.000000 -0.001441
352981.000507 4026167.119435 0.000000 -0.001478
352981.032555 4026167.069874 0.000000 -0.001516
352981.064598 4026167.020310 0.000000 -0.001553
352981.096638 4026166.970743 0.000000 -0.001589
352981.128672 4026166.921174 0.000000 -0.001626
352981.160701 4026166.871601 0.000000 -0.001661
352981.192726 4026166.822025 0.000000 -0.001697
352981.224745 4026166.772445 0.000000 -0.001732
352981.256760 4026166.722863 0.000000 -0.001766
352981.288768 4026166.673276 0.000000 -0.001800
352981.320772 4026166.623687 0.000000 -0.001833
352981.352770 4026166.574094 0.000000 -0.001865
352981.384762 4026166.524497 0.000000 -0.001896
352981.416749 4026166.474897 0.000000 -0.001927
352981.448730 4026166.425293 0.000000 -0.001957
352981.480705 4026166.375685 0.000000 -0.001986
352981.512674 4026166.326074 0.000000 -0.002014
352981.544637 4026166.276458 0.000000 -0.002041
352981.576594 4026166.226839 0.000000 -0.002067
352981.608544 4026166.177216 0.000000 -0.002092
352981.640489 4026166.127588 0.000000 -0.002115
352981.672427 4026166.077957 0.000000 -0.002138
352981.704358 4026166.028321 0.000000 -0.002159
352981.736283 4026165.978682 0.000000 -0.002180
352981.768201 4026165.929038 0.000000 -0.002199
352981.800113 4026165.879389 0.000000 -0.002217
352981.832018 4026165.829737 0.000000 -0.002233
352981.863917 4026165.780080 0.000000 -0.002249
352981.895808 4026165.730419 0.000000 -0.002263
352981.927693 4026165.680754 0.000000 -0.002275
352981.959571 4026165.631084 0.000000 -0.002287
352981.991442 4026165.581410 0.000000 -0.002297
352982.023306 4026165.531731 0.000000 -0.002306
352982.055163 4026165.482048 0.000000 -0.002313
352982.087013 4026165.432360 0.000000 -0.002319
352982.118856 4026165.382668 0.000000 -0.002324
352982.150692 4026165.332972 0.000000 -0.002328
352982.182521 4026165.283271 0.000000 -0.002330
352982.214344 4026165.233565 0.000000 -0.002330
352982.246159 4026165.183855 0.000000 -0.002330
352982.277967 4026165.134141 0.000000 -0.002328
352982.309768 4026165.084422 0.000000 -0.002325
352982.341562 4026165.034698 0.000000 -0.002321
352982.373349 4026164.984971 0.000000 -0.002315
352982.405130 4026164.935238 0.000000 -0.002308
352982.436903 4026164.885502 0.000000 -0.002300
352982.468669 4026164.835760 0.000000 -0.002291
352982.500429 4026164.786015 0.000000 -0.002280
352982.532182 4026164.736265 0.000000 -0.002269
352982.563928 4026164.686511 0.000000 -0.002256
352982.595667 4026164.636752 0.000000 -0.002242
352982.627399 4026164.586990 0.000000 -0.002228
352982.659125 4026164.537223 0.000000 -0.002212
352982.690844 4026164.487451 0.000000 -0.002195
352982.722557 4026164.437676 0.000000 -0.002177
352982.754263 4026164.387896 0.000000 -0.002158
352982.785963 4026164.338113 0.000000 -0.002139
352982.817657 4026164.288325 0.000000 -0.002118
352982.849344 4026164.238533 0.000000 -0.002097
352982.881025 4026164.188737 0.000000 -0.002075
352982.912699 4026164.138938 0.000000 -0.002052
352982.944368 4026164.089134 0.000000 -0.002029
352982.976031 4026164.039326 0.000000 -0.002005
352983.007688 4026163.989515 0.000000 -0.001980
352983.039338 4026163.939700 0.000000 -0.001955
352983.070984 4026163.889882 0.000000 -0.001929
352983.102623 4026163.840059 0.000000 -0.001902
352983.134257 4026163.790233 0.000000 -0.001875
352983.165885 4026163.740404 0.000000 -0.001848
352983.197508 4026163.690571 0.000000 -0.001820
352983.229125 4026163.640735 0.000000 -0.001792
352983.260737 4026163.590895 0.000000 -0.001763
352983.292344 4026163.541052 0.000000 -0.001734
352983.323946 4026163.491205 0.000000 -0.001705
352983.355543 4026163.441356 0.000000 -0.001676
352983.387135 4026163.391503 0.000000 -0.001646
352983.418722 4026163.341648 0.000000 -0.001616
352983.450305 4026163.291789 0.000000 -0.001586
352983.481883 4026163.241927 0.000000 -0.001556
352983.513456 4026163.192062 0.000000 -0.001525
352983.545025 4026163.142195 0.000000 -0.001495
352983.576589 4026163.092325 0.000000 -0.001464
352983.608149 4026163.042452 0.000000 -0.001433
352983.639705 4026162.992576 0.000000 -0.001403
352983.671257 4026162.942698 0.000000 -0.001372
352983.702805 4026162.892817 0.000000 -0.001341
352983.734349 4026162.842934 0.000000 -0.001310
352983.765889 4026162.793048 0.000000 -0.001279
352983.797426 4026162.743160 0.000000 -0.001249
352983.828958 4026162.693269 0.000000 -0.001218
352983.860488 4026162.643376 0.000000 -0.001188
352983.892014 4026162.593482 0.000000 -0.001157
352983.923536 4026162.543584 0.000000 -0.001127
352983.955055 4026162.493685 0.000000 -0.001097
352983.986571 4026162.443784 0.000000 -0.001066
352984.018084 4026162.393881 0.000000 -0.001036
352984.049594 4026162.343976 0.000000 -0.001007
352984.081102 4026162.294069 0.000000 -0.000977
352984.112606 4026162.244160 0.000000 -0.000948
352984.144107 4026162.194250 0.000000 -0.000918
352984.175606 4026162.144338 0.000000 -0.000889
352984.207103 4026162.094424 0.000000 -0.000860
352984.238597 4026162.044509 0.000000 -0.000832
352984.270088 4026161.994592 0.000000 -0.000803
352984.301577 4026161.944673 0.000000 -0.000775
352984.333064 4026161.894754 0.000000 -0.000747
352984.364549 4026161.844832 0.000000 -0.000719
352984.396032 4026161.794910 0.000000 -0.000692
352984.427513 4026161.744986 0.000000 -0.000664
352984.458992 4026161.695061 0.000000 -0.000637
352984.490469 4026161.645135 0.000000 -0.000610
352984.521945 4026161.595208 0.000000 -0.000584
352984.553418 4026161.545280 0.000000 -0.000557
352984.584890 4026161.495351 0.000000 -0.000531
352984.616361 4026161.445420 0.000000 -0.000505
352984.647830 4026161.395489 0.000000 -0.000480
352984.679298 4026161.345557 0.000000 -0.000455
352984.710765 4026161.295624 0.000000 -0.000430
352984.742230 4026161.245691 0.000000 -0.000405
352984.773695 4026161.195756 0.000000 -0.000380
352984.805158 4026161.145821 0.000000 -0.000356
352984.836620 4026161.095886 0.000000 -0.000332
352984.868082 4026161.045950 0.000000 -0.000309
352984.899542 4026160.996013 0.000000 -0.000285
352984.931002 4026160.946076 0.000000 -0.000262
352984.962461 4026160.896138 0.000000 -0.000239
352984.993919 4026160.846200 0.000000 -0.000217
352985.025377 4026160.796261 0.000000 -0.000195
352985.056834 4026160.746322 0.000000 -0.000173
352985.088291 4026160.696383 0.000000 -0.000151
352985.119747 4026160.646444 0.000000 -0.000130
352985.151204 4026160.596504 0.000000 -0.000109
352985.182659 4026160.546565 0.000000 -0.000088
352985.214115 4026160.496625 0.000000 -0.000068
352985.245571 4026160.446685 0.000000 -0.000048
352985.277026 4026160.396745 0.000000 -0.000028
352985.308481 4026160.346805 0.000000 -0.000009
352985.339937 4026160.296865 0.000000 0.000011
352985.371392 4026160.246925 0.000000 0.000029
352985.402848 4026160.196985 0.000000 0.000048
352985.434304 4026160.147045 0.000000 0.000066
352985.465760 4026160.097105 0.000000 0.000084
352985.497217 4026160.047166 0.000000 0.000101
352985.528673 4026159.997227 0.000000 0.000118
352985.560131 4026159.947288 0.000000 0.000135
352985.591588 4026159.897349 0.000000 0.000151
352985.623047 4026159.847411 0.000000 0.000167
352985.654505 4026159.797473 0.000000 0.000183
352985.685965 4026159.747535 0.000000 0.000198
352985.717425 4026159.697598 0.000000 0.000213
352985.748885 4026159.647661 0.000000 0.000228
352985.780347 4026159.597725 0.000000 0.000242
352985.811809 4026159.547789 0.000000 0.000256
352985.843272 4026159.497854 0.000000 0.000270
352985.874736 4026159.447919 0.000000 0.000283
352985.906201 4026159.397985 0.000000 0.000295
352985.937666 4026159.348051 0.000000 0.000308
352985.969133 4026159.298118 0.000000 0.000320
352986.000601 4026159.248186 0.000000 0.000332
352986.032069 4026159.198254 0.000000 0.000343
352986.063539 4026159.148323 0.000000 0.000354
352986.095010 4026159.098393 0.000000 0.000364
352986.126482 4026159.048463 0.000000 0.000374
352986.157955 4026158.998534 0.000000 0.000384
352986.189429 4026158.948606 0.000000 0.000393
352986.220905 4026158.898679 0.000000 0.000402
352986.252382 4026158.848752 0.000000 0.000411
352986.283860 4026158.798826 0.000000 0.000419
352986.315339 4026158.748901 0.000000 0.000427
352986.346820 4026158.698977 0.000000 0.000434
352986.378302 4026158.649054 0.000000 0.000441
352986.409785 4026158.599131 0.000000 0.000448
352986.441270 4026158.549210 0.000000 0.000454
352986.472756 4026158.499289 0.000000 0.000460
352986.504243 4026158.449369 0.000000 0.000465
352986.535732 4026158.399450 0.000000 0.000470
352986.567223 4026158.349532 0.000000 0.000475
352986.598715 4026158.299615 0.000000 0.000479
352986.630208 4026158.249699 0.000000 0.000483
352986.661703 4026158.199783 0.000000 0.000487
352986.693199 4026158.149869 0.000000 0.000490
352986.724697 4026158.099956 0.000000 0.000493
352986.756196 4026158.050043 0.000000 0.000495
352986.787697 4026158.000132 0.000000 0.000498
352986.819199 4026157.950221 0.000000 0.000499
352986.850703 4026157.900312 0.000000 0.000501
352986.882208 4026157.850403 0.000000 0.000502
352986.913715 4026157.800495 0.000000 0.000503
352986.945223 4026157.750589 0.000000 0.000503
352986.976733 4026157.700683 0.000000 0.000503
352987.008244 4026157.650778 0.000000 0.000503
352987.039757 4026157.600874 0.000000 0.000503
352987.071272 4026157.550972 0.000000 0.000502
352987.102788 4026157.501070 0.000000 0.000501
352987.134305 4026157.451169 0.000000 0.000499
352987.165824 4026157.401269 0.000000 0.000498
352987.197344 4026157.351370 0.000000 0.000496
352987.228866 4026157.301472 0.000000 0.000493
352987.260390 4026157.251574 0.000000 0.000491
352987.291915 4026157.201678 0.000000 0.000488
352987.323441 4026157.151783 0.000000 0.000485
352987.354969 4026157.101888 0.000000 0.000482
352987.386498 4026157.051995 0.000000 0.000479
352987.418029 4026157.002102 0.000000 0.000475
352987.449561 4026156.952211 0.000000 0.000471
352987.481094 4026156.902320 0.000000 0.000467
352987.512629 4026156.852430 0.000000 0.000463
352987.544166 4026156.802541 0.000000 0.000458
352987.575703 4026156.752653 0.000000 0.000454
352987.607242 4026156.702765 0.000000 0.000449
352987.638783 4026156.652879 0.000000 0.000444
352987.670324 4026156.602993 0.000000 0.000439
352987.701867 4026156.553109 0.000000 0.000434
352987.733412 4026156.503225 0.000000 0.000428
352987.764957 4026156.453341 0.000000 0.000423
352987.796504 4026156.403459 0.000000 0.000417
352987.828052 4026156.353577 0.000000 0.000411
352987.859602 4026156.303696 0.000000 0.000406
352987.891152 4026156.253816 0.000000 0.000400
352987.922704 4026156.203936 0.000000 0.000394
352987.954257 4026156.154057 0.000000 0.000387
352987.985811 4026156.104179 0.000000 0.000381
352988.017367 4026156.054301 0.000000 0.000375
352988.048923 4026156.004424 0.000000 0.000369
352988.080481 4026155.954547 0.000000 0.000362
352988.112040 4026155.904671 0.000000 0.000356
352988.143600 4026155.854795 0.000000 0.000350
352988.175162 4026155.804919 0.000000 0.000343
352988.206725 4026155.755044 0.000000 0.000337
352988.238289 4026155.705168 0.000000 0.000330
352988.269855 4026155.655293 0.000000 0.000324
352988.301422 4026155.605417 0.000000 0.000317
352988.332990 4026155.555541 0.000000 0.000311
352988.364560 4026155.505665 0.000000 0.000304
352988.396131 4026155.455789 0.000000 0.000297
352988.427705 4026155.405911 0.000000 0.000291
352988.459279 4026155.356033 0.000000 0.000284
352988.490856 4026155.306154 0.000000 0.000278
352988.522435 4026155.256273 0.000000 0.000272
352988.554015 4026155.206391 0.000000 0.000265
352988.585598 4026155.156507 0.000000 0.000259
352988.617183 4026155.106622 0.000000 0.000252
352988.648771 4026155.056734 0.000000 0.000246
352988.680361 4026155.006843 0.000000 0.000240
352988.711955 4026154.956949 0.000000 0.000234
352988.743551 4026154.907052 0.000000 0.000228
352988.775150 4026154.857151 0.000000 0.000221
352988.806753 4026154.807246 0.000000 0.000215
352988.838360 4026154.757337 0.000000 0.000209
352988.869971 4026154.707422 0.000000 0.000204
352988.901586 4026154.657502 0.000000 0.000198
352988.933206 4026154.607576 0.000000 0.000192
352988.964831 4026154.557643 0.000000 0.000186
352988.996461 4026154.507703 0.000000 0.000181
352989.028098 4026154.457754 0.000000 0.000175
352989.059740 4026154.407797 0.000000 0.000170
352989.091389 4026154.357831 0.000000 0.000164
352989.123045 4026154.307854 0.000000 0.000159
352989.154709 4026154.257867 0.000000 0.000154
352989.186380 4026154.207867 0.000000 0.000148
352989.218061 4026154.157855 0.000000 0.000143
352989.249751 4026154.107829 0.000000 0.000138
352989.281451 4026154.057788 0.000000 0.000134
352989.313161 4026154.007731 0.000000 0.000129
352989.344883 4026153.957657 0.000000 0.000124
352989.376616 4026153.907566 0.000000 0.000120
352989.408362 4026153.857454 0.000000 0.000115
352989.440122 4026153.807323 0.000000 0.000111
352989.471897 4026153.757169 0.000000 0.000106
352989.503686 4026153.706992 0.000000 0.000102
352989.535491 4026153.656790 0.000000 0.000098
352989.567314 4026153.606562 0.000000 0.000094
352989.599154 4026153.556306 0.000000 0.000090
352989.631014 4026153.506020 0.000000 0.000086
352989.662894 4026153.455704 0.000000 0.000082
352989.694794 4026153.405354 0.000000 0.000079
352989.726717 4026153.354971 0.000000 0.000075
352989.758664 4026153.304550 0.000000 0.000072
352989.790635 4026153.254091 0.000000 0.000069
352989.822631 4026153.203592 0.000000 0.000065
352989.854655 4026153.153051 0.000000 0.000062
352989.886707 4026153.102465 0.000000 0.000059
352989.918789 4026153.051832 0.000000 0.000056
352989.950902 4026153.001151 0.000000 0.000053
352989.983048 4026152.950419 0.000000 0.000051
352990.015228 4026152.899633 0.000000 0.000048
352990.047443 4026152.848792 0.000000 0.000045
352990.079695 4026152.797893 0.000000 0.000043
352990.111985 4026152.746933 0.000000 0.000041
352990.144316 4026152.695910 0.000000 0.000038
352990.176688 4026152.644822 0.000000 0.000036
352990.209104 4026152.593665 0.000000 0.000034
352990.241565 4026152.542437 0.000000 0.000032
352990.274073 4026152.491135 0.000000 0.000030
352990.306630 4026152.439757 0.000000 0.000028
352990.339237 4026152.388299 0.000000 0.000026
352990.371896 4026152.336759 0.000000 0.000025
352990.404609 4026152.285134 0.000000 0.000023
352990.437378 4026152.233421 0.000000 0.000022
352990.470205 4026152.181616 0.000000 0.000020
352990.503092 4026152.129717 0.000000 0.000019
352990.536041 4026152.077721 0.000000 0.000018
352990.569054 4026152.025624 0.000000 0.000017
352990.602132 4026151.973424 0.000000 0.000016
352990.635278 4026151.921117 0.000000 0.000015
352990.668494 4026151.868699 0.000000 0.000014
352990.701782 4026151.816168 0.000000 0.000014
352990.735144 4026151.763520 0.000000 0.000013
352990.768582 4026151.710752 0.000000 0.000013
352990.802099 4026151.657860 0.000000 0.000013
352990.835696 4026151.604841 0.000000 0.000013
352990.869376 4026151.551692 0.000000 0.000013
352990.903140 4026151.498409 0.000000 0.000013
352990.936992 4026151.444989 0.000000 0.000014
352990.970933 4026151.391427 0.000000 0.000015
352991.004965 4026151.337722 0.000000 0.000016
352991.039092 4026151.283868 0.000000 0.000017
352991.073314 4026151.229863 0.000000 0.000019
352991.107635 4026151.175703 0.000000 0.000021
352991.142056 4026151.121384 0.000000 0.000023
352991.176580 4026151.066903 0.000000 0.000025
352991.211209 4026151.012256 0.000000 0.000029
352991.245946 4026150.957439 0.000000 0.000032
352991.280793 4026150.902448 0.000000 0.000036
352991.315753 4026150.847281 0.000000 0.000040
352991.350827 4026150.791933 0.000000 0.000045
352991.386017 4026150.736400 0.000000 0.000051
352991.421328 4026150.680679 0.000000 0.000057
352991.456760 4026150.624766 0.000000 0.000063
352991.492317 4026150.568657 0.000000 0.000071
352991.528000 4026150.512348 0.000000 0.000079
352991.563813 4026150.455836 0.000000 0.000087
352991.599758 4026150.399116 0.000000 0.000097
352991.635837 4026150.342185 0.000000 0.000107
352991.672052 4026150.285038 0.000000 0.000118
352991.708408 4026150.227672 0.000000 0.000130
352991.744905 4026150.170083 0.000000 0.000142
352991.781546 4026150.112266 0.000000 0.000156
352991.818336 4026150.054219 0.000000 0.000170
352991.855275 4026149.995935 0.000000 0.000186
352991.892366 4026149.937412 0.000000 0.000202
352991.929613 4026149.878646 0.000000 0.000220
352991.967018 4026149.819631 0.000000 0.000238
352992.004584 4026149.760364 0.000000 0.000258
352992.042314 4026149.700841 0.000000 0.000278
352992.080211 4026149.641057 0.000000 0.000300
352992.118277 4026149.581007 0.000000 0.000323
352992.156516 4026149.520689 0.000000 0.000347
352992.194930 4026149.460095 0.000000 0.000372
352992.233523 4026149.399224 0.000000 0.000398
352992.272297 4026149.338069 0.000000 0.000426
352992.311257 4026149.276626 0.000000 0.000454
352992.350404 4026149.214890 0.000000 0.000484
352992.389743 4026149.152857 0.000000 0.000515
352992.429276 4026149.090522 0.000000 0.000547
352992.469008 4026149.027879 0.000000 0.000580
352992.508941 4026148.964924 0.000000 0.000614
352992.549079 4026148.901651 0.000000 0.000649
352992.589425 4026148.838056 0.000000 0.000685
352992.629984 4026148.774133 0.000000 0.000722
352992.670759 4026148.709877 0.000000 0.000761
352992.711754 4026148.645281 0.000000 0.000799
352992.752972 4026148.580342 0.000000 0.000839
352992.794419 4026148.515052 0.000000 0.000879
352992.836097 4026148.449406 0.000000 0.000921
352992.878011 4026148.383398 0.000000 0.000962
352992.920166 4026148.317022 0.000000 0.001004
352992.962566 4026148.250272 0.000000 0.001047
352993.005215 4026148.183141 0.000000 0.001090
352993.048119 4026148.115622 0.000000 0.001133
352993.091281 4026148.047709 0.000000 0.001176
352993.134708 4026147.979394 0.000000 0.001219
352993.178404 4026147.910671 0.000000 0.001261
352993.222374 4026147.841532 0.000000 0.001304
352993.266623 4026147.771969 0.000000 0.001346
352993.311159 4026147.701974 0.000000 0.001388
352993.355985 4026147.631540 0.000000 0.001429
352993.401109 4026147.560657 0.000000 0.001469
352993.446537 4026147.489318 0.000000 0.001508
352993.492274 4026147.417512 0.000000 0.001547
352993.538328 4026147.345230 0.000000 0.001584
352993.584706 4026147.272463 0.000000 0.001619
352993.631414 4026147.199201 0.000000 0.001654
352993.678460 4026147.125433 0.000000 0.001686
352993.725851 4026147.051148 0.000000 0.001717
352993.773596 4026146.976335 0.000000 0.001746
352993.821702 4026146.900982 0.000000 0.001773
352993.870179 4026146.825077 0.000000 0.001798
352993.919034 4026146.748607 0.000000 0.001820
352993.968278 4026146.671559 0.000000 0.001840
352994.017919 4026146.593920 0.000000 0.001858
352994.067967 4026146.515675 0.000000 0.001873
352994.118433 4026146.436810 0.000000 0.001885
352994.169327 4026146.357308 0.000000 0.001895
352994.220659 4026146.277155 0.000000 0.001902
352994.272442 4026146.196333 0.000000 0.001905
352994.324687 4026146.114825 0.000000 0.001906
352994.377406 4026146.032613 0.000000 0.001904
352994.430612 4026145.949678 0.000000 0.001898
352994.484317 4026145.866002 0.000000 0.001890
352994.538536 4026145.781564 0.000000 0.001878
352994.593283 4026145.696342 0.000000 0.001864
352994.648572 4026145.610315 0.000000 0.001846
352994.704418 4026145.523461 0.000000 0.001825
352994.760836 4026145.435756 0.000000 0.001801
352994.817844 4026145.347175 0.000000 0.001774
352994.875458 4026145.257693 0.000000 0.001744
352994.933694 4026145.167284 0.000000 0.001711
352994.992573 4026145.075919 0.000000 0.001675
352995.052111 4026144.983571 0.000000 0.001637
352995.112331 4026144.890207 0.000000 0.001596
352995.173252 4026144.795796 0.000000 0.001552
352995.234897 4026144.700304 0.000000 0.001507
352995.297291 4026144.603692 0.000000 0.001459
352995.360459 4026144.505921 0.000000 0.001409
352995.424430 4026144.406947 0.000000 0.001357
352995.489235 4026144.306724 0.000000 0.001304
352995.554905 4026144.205199 0.000000 0.001249
352995.621479 4026144.102316 0.000000 0.001193
352995.688996 4026143.998014 0.000000 0.001136
352995.757500 4026143.892224 0.000000 0.001078
352995.827039 4026143.784872 0.000000 0.001020
352995.897667 4026143.675874 0.000000 0.000962
352995.969441 4026143.565141 0.000000 0.000904
352996.042428 4026143.452572 0.000000 0.000846
352996.116696 4026143.338058 0.000000 0.000789
352996.192325 4026143.221478 0.000000 0.000733
352996.269400 4026143.102699 0.000000 0.000678
352996.348015 4026142.981576 0.000000 0.000624
352996.428273 4026142.857950 0.000000 0.000573
352996.510286 4026142.731647 0.000000 0.000523
352996.594178 4026142.602476 0.000000 0.000475
352996.680082 4026142.470231 0.000000 0.000453
352996.768145 4026142.334685 0.000000 0.000432
352996.858525 4026142.195593 0.000000 0.000410
352996.951395 4026142.052690 0.000000 0.000389
352997.046941 4026141.905686 0.000000 0.000367
352997.145365 4026141.754271 0.000000 0.000345
352997.246886 4026141.598107 0.000000 0.000324
352997.351740 4026141.436830 0.000000 0.000302
352997.460179 4026141.270050 0.000000 0.000281
352997.572477 4026141.097346 0.000000 0.000259
352997.688928 4026140.918267 0.000000 0.000237
352997.809844 4026140.732327 0.000000 0.000216
352997.935563 4026140.539008 0.000000 0.000194
352998.066445 4026140.337756 0.000000 0.000173
352998.202875 4026140.127979 0.000000 0.000151
352998.345263 4026139.909043 0.000000 0.000130
352998.494046 4026139.680277 0.000000 0.000108
352998.649690 4026139.440963 0.000000 0.000086
352998.812691 4026139.190340 0.000000 0.000065
352998.983573 4026138.927598 0.000000 0.000043
352999.162896 4026138.651880 0.000000 0.000022
