352999.351248 4026138.362277 0.000000 0.000000
352999.524740 4026138.097837 0.000000 -0.000116
352999.690027 4026137.845901 0.000000 -0.000232
352999.847758 4026137.605480 0.000000 -0.000347
352999.998543 4026137.375644 0.000000 -0.000463
353000.142953 4026137.155519 0.000000 -0.000579
353000.281522 4026136.944287 0.000000 -0.000695
353000.414750 4026136.741182 0.000000 -0.000810
353000.543104 4026136.545490 0.000000 -0.000926
353000.667019 4026136.356542 0.000000 -0.001042
353000.786898 4026136.173717 0.000000 -0.001158
353000.903117 4026135.996436 0.000000 -0.001273
353001.016024 4026135.824164 0.000000 -0.001389
353001.125940 4026135.656402 0.000000 -0.001505
353001.233162 4026135.492691 0.000000 -0.001621
353001.337964 4026135.332607 0.000000 -0.001736
353001.440597 4026135.175759 0.000000 -0.001852
353001.541290 4026135.021789 0.000000 -0.001968
353001.640253 4026134.870367 0.000000 -0.002084
353001.737678 4026134.721194 0.000000 -0.002199
353001.833738 4026134.573995 0.000000 -0.002315
353001.928591 4026134.428521 0.000000 -0.002431
353002.022378 4026134.284547 0.000000 -0.002547
353002.115227 4026134.141869 0.000000 -0.002663
353002.207251 4026134.000304 0.000000 -0.002778
353002.298553 4026133.859687 0.000000 -0.002991
353002.389221 4026133.719872 0.000000 -0.003205
353002.479335 4026133.580727 0.000000 -0.003420
353002.568964 4026133.442138 0.000000 -0.003635
353002.658169 4026133.304003 0.000000 -0.003849
353002.747001 4026133.166232 0.000000 -0.004061
353002.835505 4026133.028748 0.000000 -0.004269
353002.923720 4026132.891484 0.000000 -0.004473
353003.011675 4026132.754381 0.000000 -0.004672
353003.099398 4026132.617391 0.000000 -0.004866
353003.186911 4026132.480472 0.000000 -0.005054
353003.274229 4026132.343589 0.000000 -0.005235
353003.361366 4026132.206712 0.000000 -0.005409
353003.448333 4026132.069819 0.000000 -0.005575
353003.535136 4026131.932889 0.000000 -0.005734
353003.621782 4026131.795907 0.000000 -0.005884
353003.708271 4026131.658861 0.000000 -0.006026
353003.794607 4026131.521741 0.000000 -0.006160
353003.880790 4026131.384540 0.000000 -0.006284
353003.966818 4026131.247252 0.000000 -0.006399
353004.052691 4026131.109874 0.000000 -0.006505
353004.138408 4026130.972401 0.000000 -0.006601
353004.223965 4026130.834832 0.000000 -0.006687
353004.309361 4026130.697165 0.000000 -0.006763
353004.394595 4026130.559398 0.000000 -0.006829
353004.479664 4026130.421531 0.000000 -0.006884
353004.564567 4026130.283563 0.000000 -0.006928
353004.649303 4026130.145493 0.000000 -0.006961
353004.733872 4026130.007319 0.000000 -0.006982
353004.818271 4026129.869043 0.000000 -0.006992
353004.902503 4026129.730663 0.000000 -0.006990
353004.986565 4026129.592177 0.000000 -0.006976
353005.070461 4026129.453586 0.000000 -0.006950
353005.154192 4026129.314886 0.000000 -0.006910
353005.237760 4026129.176075 0.000000 -0.006858
353005.321171 4026129.037147 0.000000 -0.006792
353005.404430 4026128.898095 0.000000 -0.006713
353005.487544 4026128.758911 0.000000 -0.006620
353005.570525 4026128.619581 0.000000 -0.006513
353005.653383 4026128.480089 0.000000 -0.006392
353005.736135 4026128.340415 0.000000 -0.006258
353005.818800 4026128.200532 0.000000 -0.006110
353005.901398 4026128.060410 0.000000 -0.005948
353005.983958 4026127.920009 0.000000 -0.005773
353006.066510 4026127.779284 0.000000 -0.005585
353006.149090 4026127.638179 0.000000 -0.005385
353006.231742 4026127.496630 0.000000 -0.005173
353006.314514 4026127.354563 0.000000 -0.004952
353006.397461 4026127.211890 0.000000 -0.004721
353006.480647 4026127.068511 0.000000 -0.004482
353006.564144 4026126.924312 0.000000 -0.004237
353006.648032 4026126.779164 0.000000 -0.003987
353006.732401 4026126.632920 0.000000 -0.003734
353006.817353 4026126.485415 0.000000 -0.003572
353006.903000 4026126.336466 0.000000 -0.003410
353006.989466 4026126.185866 0.000000 -0.003247
353007.076889 4026126.033387 0.000000 -0.003085
353007.165420 4026125.878778 0.000000 -0.002923
353007.255225 4026125.721758 0.000000 -0.002760
353007.346486 4026125.562023 0.000000 -0.002598
353007.439402 4026125.399236 0.000000 -0.002435
353007.534188 4026125.233030 0.000000 -0.002273
353007.631079 4026125.063004 0.000000 -0.002111
353007.730331 4026124.888724 0.000000 -0.001948
353007.832218 4026124.709716 0.000000 -0.001786
353007.937040 4026124.525469 0.000000 -0.001624
353008.045115 4026124.335429 0.000000 -0.001461
353008.156790 4026124.139000 0.000000 -0.001299
353008.272435 4026123.935540 0.000000 -0.001137
353008.392448 4026123.724357 0.000000 -0.000974
353008.517253 4026123.504713 0.000000 -0.000812
353008.647307 4026123.275813 0.000000 -0.000649
353008.783093 4026123.036809 0.000000 -0.000487
353008.925130 4026122.786795 0.000000 -0.000325
353009.073969 4026122.524806 0.000000 -0.000162
