353009.230195 4026122.249812 0.000000 0.000000
353009.397169 4026121.946356 0.000000 0.000080
353009.556142 4026121.657453 0.000000 0.000161
353009.707643 4026121.382152 0.000000 0.000241
353009.852170 4026121.119556 0.000000 0.000322
353009.990193 4026120.868821 0.000000 0.000402
353010.122155 4026120.629149 0.000000 0.000483
353010.248471 4026120.399793 0.000000 0.000563
353010.369533 4026120.180048 0.000000 0.000644
353010.485707 4026119.969253 0.000000 0.000724
353010.597335 4026119.766790 0.000000 0.000805
353010.704741 4026119.572078 0.000000 0.000885
353010.808223 4026119.384576 0.000000 0.000966
353010.908062 4026119.203776 0.000000 0.001046
353011.004520 4026119.029206 0.000000 0.001127
353011.097839 4026118.860426 0.000000 0.001207
353011.188246 4026118.697028 0.000000 0.001288
353011.275950 4026118.538630 0.000000 0.001368
353011.361145 4026118.384880 0.000000 0.001449
353011.444010 4026118.235453 0.000000 0.001529
353011.524713 4026118.090045 0.000000 0.001610
353011.603406 4026117.948380 0.000000 0.001690
353011.680230 4026117.810198 0.000000 0.001771
353011.755313 4026117.675265 0.000000 0.001851
353011.828776 4026117.543363 0.000000 0.001946
353011.900726 4026117.414293 0.000000 0.002035
353011.971263 4026117.287872 0.000000 0.002120
353012.040478 4026117.163933 0.000000 0.002198
353012.108453 4026117.042324 0.000000 0.002269
353012.175265 4026116.922905 0.000000 0.002334
353012.240980 4026116.805550 0.000000 0.002391
353012.305662 4026116.690144 0.000000 0.002441
353012.369367 4026116.576580 0.000000 0.002483
353012.432146 4026116.464764 0.000000 0.002518
353012.494045 4026116.354610 0.000000 0.002545
353012.555106 4026116.246037 0.000000 0.002565
353012.615367 4026116.138975 0.000000 0.002578
353012.674862 4026116.033357 0.000000 0.002584
353012.733624 4026115.929125 0.000000 0.002583
353012.791679 4026115.826223 0.000000 0.002576
353012.849055 4026115.724602 0.000000 0.002562
353012.905775 4026115.624216 0.000000 0.002544
353012.961861 4026115.525021 0.000000 0.002520
353013.017334 4026115.426979 0.000000 0.002491
353013.072213 4026115.330052 0.000000 0.002458
353013.126514 4026115.234206 0.000000 0.002421
353013.180256 4026115.139408 0.000000 0.002380
353013.233453 4026115.045627 0.000000 0.002335
353013.286121 4026114.952834 0.000000 0.002287
353013.338274 4026114.860999 0.000000 0.002236
353013.389927 4026114.770097 0.000000 0.002182
353013.441091 4026114.680099 0.000000 0.002126
353013.491781 4026114.590982 0.000000 0.002068
353013.542008 4026114.502721 0.000000 0.002007
353013.591784 4026114.415293 0.000000 0.001944
353013.641122 4026114.328674 0.000000 0.001880
353013.690031 4026114.242843 0.000000 0.001814
353013.738523 4026114.157779 0.000000 0.001746
353013.786607 4026114.073462 0.000000 0.001677
353013.834294 4026113.989873 0.000000 0.001606
353013.881593 4026113.906992 0.000000 0.001535
353013.928513 4026113.824802 0.000000 0.001461
353013.975063 4026113.743286 0.000000 0.001387
353014.021251 4026113.662426 0.000000 0.001312
353014.067086 4026113.582207 0.000000 0.001236
353014.112575 4026113.502612 0.000000 0.001158
353014.157725 4026113.423628 0.000000 0.001080
353014.202545 4026113.345240 0.000000 0.001001
353014.247040 4026113.267434 0.000000 0.000921
353014.291218 4026113.190197 0.000000 0.000840
353014.335084 4026113.113515 0.000000 0.000758
353014.378646 4026113.037377 0.000000 0.000676
353014.421909 4026112.961771 0.000000 0.000592
353014.464879 4026112.886684 0.000000 0.000509
353014.507561 4026112.812107 0.000000 0.000424
353014.549961 4026112.738028 0.000000 0.000339
353014.592084 4026112.664437 0.000000 0.000253
353014.633934 4026112.591324 0.000000 0.000167
353014.675518 4026112.518680 0.000000 0.000080
353014.716838 4026112.446494 0.000000 -0.000008
353014.757901 4026112.374758 0.000000 -0.000096
353014.798709 4026112.303464 0.000000 -0.000184
353014.839268 4026112.232602 0.000000 -0.000273
353014.879581 4026112.162165 0.000000 -0.000363
353014.919652 4026112.092145 0.000000 -0.000453
353014.959485 4026112.022533 0.000000 -0.000543
353014.999085 4026111.953323 0.000000 -0.000634
353015.038453 4026111.884506 0.000000 -0.000725
353015.077594 4026111.816077 0.000000 -0.000816
353015.116512 4026111.748028 0.000000 -0.000908
353015.155209 4026111.680351 0.000000 -0.001000
353015.193689 4026111.613042 0.000000 -0.001092
353015.231956 4026111.546092 0.000000 -0.001184
353015.270011 4026111.479497 0.000000 -0.001276
353015.307858 4026111.413249 0.000000 -0.001368
353015.345500 4026111.347343 0.000000 -0.001460
353015.382941 4026111.281772 0.000000 -0.001552
353015.420182 4026111.216532 0.000000 -0.001644
353015.457227 4026111.151616 0.000000 -0.001735
353015.494078 4026111.087018 0.000000 -0.001826
353015.530739 4026111.022734 0.000000 -0.001916
353015.567211 4026110.958757 0.000000 -0.002006
353015.603498 4026110.895083 0.000000 -0.002095
353015.639602 4026110.831706 0.000000 -0.002184
353015.675525 4026110.768622 0.000000 -0.002271
353015.711270 4026110.705824 0.000000 -0.002358
353015.746840 4026110.643309 0.000000 -0.002443
353015.782237 4026110.581070 0.000000 -0.002527
353015.817464 4026110.519104 0.000000 -0.002610
353015.852522 4026110.457406 0.000000 -0.002692
353015.887415 4026110.395970 0.000000 -0.002772
353015.922145 4026110.334793 0.000000 -0.002850
353015.956713 4026110.273869 0.000000 -0.002927
353015.991123 4026110.213195 0.000000 -0.003001
353016.025377 4026110.152765 0.000000 -0.003074
353016.059477 4026110.092575 0.000000 -0.003144
353016.093425 4026110.032621 0.000000 -0.003213
353016.127224 4026109.972899 0.000000 -0.003279
353016.160876 4026109.913404 0.000000 -0.003343
353016.194382 4026109.854132 0.000000 -0.003404
353016.227747 4026109.795078 0.000000 -0.003462
353016.260971 4026109.736239 0.000000 -0.003518
353016.294057 4026109.677611 0.000000 -0.003571
353016.327007 4026109.619189 0.000000 -0.003622
353016.359823 4026109.560969 0.000000 -0.003669
353016.392509 4026109.502948 0.000000 -0.003713
353016.425065 4026109.445121 0.000000 -0.003754
353016.457494 4026109.387484 0.000000 -0.003793
353016.489798 4026109.330034 0.000000 -0.003827
353016.521980 4026109.272766 0.000000 -0.003859
353016.554042 4026109.215677 0.000000 -0.003888
353016.585986 4026109.158763 0.000000 -0.003913
353016.617814 4026109.102020 0.000000 -0.003934
353016.649528 4026109.045444 0.000000 -0.003953
353016.681131 4026108.989031 0.000000 -0.003967
353016.712625 4026108.932779 0.000000 -0.003979
353016.744012 4026108.876682 0.000000 -0.003987
353016.775294 4026108.820737 0.000000 -0.003992
353016.806474 4026108.764942 0.000000 -0.003993
353016.837553 4026108.709291 0.000000 -0.003991
353016.868534 4026108.653782 0.000000 -0.003985
353016.899419 4026108.598411 0.000000 -0.003977
353016.930210 4026108.543174 0.000000 -0.003965
353016.960910 4026108.488068 0.000000 -0.003949
353016.991520 4026108.433089 0.000000 -0.003931
353017.022043 4026108.378234 0.000000 -0.003910
353017.052481 4026108.323499 0.000000 -0.003885
353017.082836 4026108.268882 0.000000 -0.003858
353017.113110 4026108.214378 0.000000 -0.003827
353017.143305 4026108.159985 0.000000 -0.003794
353017.173424 4026108.105699 0.000000 -0.003759
353017.203468 4026108.051516 0.000000 -0.003721
353017.233440 4026107.997434 0.000000 -0.003680
353017.263341 4026107.943450 0.000000 -0.003637
353017.293174 4026107.889560 0.000000 -0.003591
353017.322941 4026107.835761 0.000000 -0.003544
353017.352644 4026107.782050 0.000000 -0.003495
353017.382284 4026107.728424 0.000000 -0.003444
353017.411864 4026107.674881 0.000000 -0.003391
353017.441385 4026107.621416 0.000000 -0.003336
353017.470850 4026107.568028 0.000000 -0.003280
353017.500261 4026107.514714 0.000000 -0.003223
353017.529619 4026107.461471 0.000000 -0.003164
353017.558925 4026107.408296 0.000000 -0.003104
353017.588183 4026107.355186 0.000000 -0.003044
353017.617393 4026107.302139 0.000000 -0.002982
353017.646557 4026107.249152 0.000000 -0.002920
353017.675678 4026107.196224 0.000000 -0.002857
353017.704756 4026107.143351 0.000000 -0.002794
353017.733794 4026107.090530 0.000000 -0.002731
353017.762792 4026107.037761 0.000000 -0.002667
353017.791753 4026106.985040 0.000000 -0.002603
353017.820678 4026106.932365 0.000000 -0.002539
353017.849568 4026106.879735 0.000000 -0.002476
353017.878426 4026106.827146 0.000000 -0.002412
353017.907251 4026106.774598 0.000000 -0.002349
353017.936047 4026106.722088 0.000000 -0.002287
353017.964813 4026106.669614 0.000000 -0.002225
353017.993552 4026106.617174 0.000000 -0.002163
353018.022264 4026106.564766 0.000000 -0.002102
353018.050951 4026106.512390 0.000000 -0.002042
353018.079615 4026106.460042 0.000000 -0.001983
353018.108255 4026106.407722 0.000000 -0.001925
353018.136874 4026106.355428 0.000000 -0.001868
353018.165472 4026106.303159 0.000000 -0.001812
353018.194050 4026106.250912 0.000000 -0.001757
353018.222610 4026106.198687 0.000000 -0.001703
353018.251153 4026106.146482 0.000000 -0.001650
353018.279678 4026106.094296 0.000000 -0.001599
353018.308188 4026106.042128 0.000000 -0.001548
353018.336683 4026105.989977 0.000000 -0.001500
353018.365163 4026105.937841 0.000000 -0.001452
353018.393631 4026105.885719 0.000000 -0.001406
353018.422085 4026105.833611 0.000000 -0.001362
353018.450528 4026105.781515 0.000000 -0.001318
353018.478959 4026105.729431 0.000000 -0.001276
353018.507380 4026105.677357 0.000000 -0.001236
353018.535791 4026105.625293 0.000000 -0.001197
353018.564192 4026105.573238 0.000000 -0.001160
353018.592585 4026105.521192 0.000000 -0.001124
353018.620969 4026105.469153 0.000000 -0.001089
353018.649346 4026105.417121 0.000000 -0.001056
353018.677715 4026105.365095 0.000000 -0.001024
353018.706077 4026105.313075 0.000000 -0.000994
353018.734432 4026105.261060 0.000000 -0.000965
353018.762782 4026105.209050 0.000000 -0.000937
353018.791126 4026105.157044 0.000000 -0.000911
353018.819464 4026105.105042 0.000000 -0.000886
353018.847797 4026105.053043 0.000000 -0.000862
353018.876125 4026105.001047 0.000000 -0.000840
353018.904449 4026104.949053 0.000000 -0.000819
353018.932769 4026104.897062 0.000000 -0.000799
353018.961084 4026104.845073 0.000000 -0.000780
353018.989396 4026104.793086 0.000000 -0.000763
353019.017704 4026104.741100 0.000000 -0.000746
353019.046009 4026104.689115 0.000000 -0.000731
353019.074311 4026104.637131 0.000000 -0.000717
353019.102609 4026104.585147 0.000000 -0.000703
353019.130905 4026104.533165 0.000000 -0.000691
353019.159198 4026104.481182 0.000000 -0.000680
353019.187488 4026104.429200 0.000000 -0.000670
353019.215775 4026104.377218 0.000000 -0.000660
353019.244061 4026104.325236 0.000000 -0.000652
353019.272343 4026104.273253 0.000000 -0.000644
353019.300624 4026104.221271 0.000000 -0.000637
353019.328902 4026104.169288 0.000000 -0.000631
353019.357179 4026104.117304 0.000000 -0.000626
353019.385453 4026104.065320 0.000000 -0.000621
353019.413725 4026104.013335 0.000000 -0.000618
353019.441995 4026103.961350 0.000000 -0.000614
353019.470263 4026103.909364 0.000000 -0.000612
353019.498530 4026103.857377 0.000000 -0.000610
353019.526794 4026103.805390 0.000000 -0.000608
353019.555056 4026103.753401 0.000000 -0.000607
353019.583317 4026103.701412 0.000000 -0.000607
353019.611576 4026103.649422 0.000000 -0.000607
353019.639833 4026103.597430 0.000000 -0.000607
353019.668088 4026103.545438 0.000000 -0.000608
353019.696341 4026103.493445 0.000000 -0.000610
353019.724592 4026103.441451 0.000000 -0.000611
353019.752842 4026103.389456 0.000000 -0.000613
353019.781090 4026103.337460 0.000000 -0.000615
353019.809336 4026103.285463 0.000000 -0.000618
353019.837579 4026103.233465 0.000000 -0.000620
353019.865821 4026103.181466 0.000000 -0.000623
353019.894062 4026103.129466 0.000000 -0.000626
353019.922300 4026103.077465 0.000000 -0.000629
353019.950536 4026103.025463 0.000000 -0.000632
353019.978770 4026102.973460 0.000000 -0.000636
353020.007003 4026102.921456 0.000000 -0.000639
353020.035233 4026102.869450 0.000000 -0.000643
353020.063462 4026102.817444 0.000000 -0.000646
353020.091688 4026102.765436 0.000000 -0.000650
353020.119913 4026102.713428 0.000000 -0.000653
353020.148135 4026102.661418 0.000000 -0.000656
353020.176355 4026102.609407 0.000000 -0.000660
353020.204574 4026102.557395 0.000000 -0.000663
353020.232790 4026102.505382 0.000000 -0.000666
353020.261004 4026102.453368 0.000000 -0.000669
353020.289216 4026102.401353 0.000000 -0.000672
353020.317426 4026102.349337 0.000000 -0.000674
353020.345634 4026102.297319 0.000000 -0.000677
353020.373840 4026102.245300 0.000000 -0.000679
353020.402044 4026102.193280 0.000000 -0.000681
353020.430245 4026102.141259 0.000000 -0.000683
353020.458445 4026102.089237 0.000000 -0.000685
353020.486642 4026102.037214 0.000000 -0.000687
353020.514837 4026101.985189 0.000000 -0.000688
353020.543030 4026101.933164 0.000000 -0.000690
353020.571221 4026101.881137 0.000000 -0.000691
353020.599410 4026101.829109 0.000000 -0.000692
353020.627596 4026101.777080 0.000000 -0.000692
353020.655780 4026101.725050 0.000000 -0.000693
353020.683963 4026101.673018 0.000000 -0.000693
353020.712143 4026101.620985 0.000000 -0.000693
353020.740320 4026101.568952 0.000000 -0.000693
353020.768496 4026101.516917 0.000000 -0.000693
353020.796670 4026101.464880 0.000000 -0.000693
353020.824841 4026101.412843 0.000000 -0.000693
353020.853010 4026101.360805 0.000000 -0.000693
353020.881177 4026101.308765 0.000000 -0.000692
353020.909342 4026101.256724 0.000000 -0.000692
353020.937505 4026101.204682 0.000000 -0.000692
353020.965666 4026101.152639 0.000000 -0.000691
353020.993825 4026101.100595 0.000000 -0.000691
353021.021981 4026101.048549 0.000000 -0.000691
353021.050135 4026100.996503 0.000000 -0.000691
353021.078288 4026100.944455 0.000000 -0.000691
353021.106438 4026100.892406 0.000000 -0.000691
353021.134586 4026100.840356 0.000000 -0.000692
353021.162732 4026100.788305 0.000000 -0.000693
353021.190875 4026100.736253 0.000000 -0.000694
353021.219017 4026100.684199 0.000000 -0.000695
353021.247157 4026100.632145 0.000000 -0.000697
353021.275294 4026100.580089 0.000000 -0.000699
353021.303430 4026100.528032 0.000000 -0.000702
353021.331563 4026100.475975 0.000000 -0.000705
353021.359694 4026100.423916 0.000000 -0.000709
353021.387823 4026100.371855 0.000000 -0.000714
353021.415950 4026100.319794 0.000000 -0.000719
353021.444075 4026100.267732 0.000000 -0.000724
353021.472198 4026100.215668 0.000000 -0.000731
353021.500318 4026100.163603 0.000000 -0.000738
353021.528437 4026100.111537 0.000000 -0.000746
353021.556553 4026100.059470 0.000000 -0.000755
353021.584667 4026100.007402 0.000000 -0.000765
353021.612779 4026099.955333 0.000000 -0.000776
353021.640888 4026099.903262 0.000000 -0.000788
353021.668995 4026099.851190 0.000000 -0.000801
353021.697100 4026099.799117 0.000000 -0.000815
353021.725202 4026099.747042 0.000000 -0.000830
353021.753302 4026099.694967 0.000000 -0.000846
353021.781400 4026099.642890 0.000000 -0.000864
353021.809495 4026099.590811 0.000000 -0.000882
353021.837587 4026099.538732 0.000000 -0.000902
353021.865677 4026099.486650 0.000000 -0.000923
353021.893764 4026099.434568 0.000000 -0.000945
353021.921848 4026099.382484 0.000000 -0.000969
353021.949930 4026099.330398 0.000000 -0.000994
353021.978008 4026099.278311 0.000000 -0.001020
353022.006084 4026099.226223 0.000000 -0.001047
353022.034156 4026099.174132 0.000000 -0.001076
353022.062225 4026099.122041 0.000000 -0.001106
353022.090291 4026099.069947 0.000000 -0.001138
353022.118354 4026099.017851 0.000000 -0.001171
353022.146413 4026098.965754 0.000000 -0.001205
353022.174469 4026098.913655 0.000000 -0.001240
353022.202520 4026098.861554 0.000000 -0.001277
353022.230568 4026098.809451 0.000000 -0.001315
353022.258612 4026098.757346 0.000000 -0.001355
353022.286652 4026098.705239 0.000000 -0.001395
353022.314688 4026098.653129 0.000000 -0.001437
353022.342719 4026098.601017 0.000000 -0.001480
353022.370746 4026098.548903 0.000000 -0.001525
353022.398769 4026098.496787 0.000000 -0.001570
353022.426786 4026098.444668 0.000000 -0.001617
353022.454799 4026098.392546 0.000000 -0.001665
353022.482806 4026098.340422 0.000000 -0.001714
353022.510809 4026098.288295 0.000000 -0.001764
353022.538806 4026098.236166 0.000000 -0.001815
353022.566797 4026098.184033 0.000000 -0.001867
353022.594783 4026098.131897 0.000000 -0.001920
353022.622763 4026098.079759 0.000000 -0.001974
353022.650736 4026098.027617 0.000000 -0.002028
353022.678704 4026097.975472 0.000000 -0.002083
353022.706665 4026097.923323 0.000000 -0.002139
353022.734619 4026097.871172 0.000000 -0.002196
353022.762567 4026097.819016 0.000000 -0.002253
353022.790507 4026097.766857 0.000000 -0.002311
353022.818441 4026097.714694 0.000000 -0.002370
353022.846367 4026097.662528 0.000000 -0.002428
353022.874286 4026097.610357 0.000000 -0.002487
353022.902196 4026097.558183 0.000000 -0.002547
353022.930099 4026097.506004 0.000000 -0.002607
353022.957994 4026097.453821 0.000000 -0.002666
353022.985880 4026097.401634 0.000000 -0.002726
353023.013758 4026097.349442 0.000000 -0.002786
353023.041627 4026097.297246 0.000000 -0.002846
353023.069487 4026097.245045 0.000000 -0.002906
353023.097339 4026097.192839 0.000000 -0.002966
353023.125180 4026097.140629 0.000000 -0.003025
353023.153013 4026097.088413 0.000000 -0.003085
353023.180835 4026097.036193 0.000000 -0.003143
353023.208648 4026096.983967 0.000000 -0.003202
353023.236451 4026096.931737 0.000000 -0.003260
353023.264243 4026096.879500 0.000000 -0.003317
353023.292025 4026096.827259 0.000000 -0.003374
353023.319796 4026096.775012 0.000000 -0.003431
353023.347557 4026096.722759 0.000000 -0.003486
353023.375306 4026096.670500 0.000000 -0.003541
353023.403045 4026096.618236 0.000000 -0.003595
353023.430772 4026096.565966 0.000000 -0.003648
353023.458487 4026096.513690 0.000000 -0.003700
353023.486191 4026096.461408 0.000000 -0.003751
353023.513883 4026096.409119 0.000000 -0.003802
353023.541563 4026096.356825 0.000000 -0.003851
353023.569230 4026096.304524 0.000000 -0.003899
353023.596886 4026096.252216 0.000000 -0.003945
353023.624529 4026096.199902 0.000000 -0.003991
353023.652159 4026096.147582 0.000000 -0.004035
353023.679777 4026096.095255 0.000000 -0.004078
353023.707382 4026096.042921 0.000000 -0.004120
353023.734973 4026095.990581 0.000000 -0.004160
353023.762552 4026095.938233 0.000000 -0.004199
353023.790117 4026095.885879 0.000000 -0.004236
353023.817669 4026095.833518 0.000000 -0.004272
353023.845207 4026095.781150 0.000000 -0.004306
353023.872732 4026095.728774 0.000000 -0.004339
353023.900243 4026095.676392 0.000000 -0.004369
353023.927740 4026095.624002 0.000000 -0.004399
353023.955224 4026095.571605 0.000000 -0.004426
353023.982693 4026095.519201 0.000000 -0.004452
353024.010148 4026095.466789 0.000000 -0.004476
353024.037589 4026095.414370 0.000000 -0.004499
353024.065016 4026095.361944 0.000000 -0.004519
353024.092428 4026095.309510 0.000000 -0.004538
353024.119826 4026095.257069 0.000000 -0.004554
353024.147210 4026095.204620 0.000000 -0.004569
353024.174579 4026095.152164 0.000000 -0.004582
353024.201934 4026095.099700 0.000000 -0.004593
353024.229274 4026095.047229 0.000000 -0.004602
353024.256600 4026094.994750 0.000000 -0.004609
353024.283911 4026094.942264 0.000000 -0.004614
353024.311207 4026094.889770 0.000000 -0.004618
353024.338489 4026094.837268 0.000000 -0.004619
353024.365756 4026094.784759 0.000000 -0.004618
353024.393009 4026094.732242 0.000000 -0.004615
353024.420247 4026094.679717 0.000000 -0.004610
353024.447470 4026094.627185 0.000000 -0.004603
353024.474679 4026094.574646 0.000000 -0.004594
353024.501873 4026094.522098 0.000000 -0.004583
353024.529053 4026094.469544 0.000000 -0.004569
353024.556219 4026094.416981 0.000000 -0.004554
353024.583370 4026094.364412 0.000000 -0.004537
353024.610506 4026094.311835 0.000000 -0.004518
353024.637629 4026094.259250 0.000000 -0.004497
353024.664737 4026094.206658 0.000000 -0.004473
353024.691831 4026094.154059 0.000000 -0.004448
353024.718911 4026094.101452 0.000000 -0.004421
353024.745977 4026094.048838 0.000000 -0.004392
353024.773029 4026093.996217 0.000000 -0.004361
353024.800067 4026093.943589 0.000000 -0.004328
353024.827092 4026093.890953 0.000000 -0.004293
353024.854103 4026093.838311 0.000000 -0.004257
353024.881101 4026093.785661 0.000000 -0.004219
353024.908085 4026093.733005 0.000000 -0.004178
353024.935056 4026093.680342 0.000000 -0.004136
353024.962015 4026093.627672 0.000000 -0.004093
353024.988960 4026093.574995 0.000000 -0.004048
353025.015892 4026093.522312 0.000000 -0.004001
353025.042813 4026093.469622 0.000000 -0.003952
353025.069720 4026093.416926 0.000000 -0.003902
353025.096615 4026093.364223 0.000000 -0.003851
353025.123499 4026093.311514 0.000000 -0.003798
353025.150370 4026093.258799 0.000000 -0.003744
353025.177229 4026093.206078 0.000000 -0.003688
353025.204077 4026093.153350 0.000000 -0.003632
353025.230914 4026093.100617 0.000000 -0.003574
353025.257739 4026093.047878 0.000000 -0.003515
353025.284554 4026092.995133 0.000000 -0.003454
353025.311357 4026092.942383 0.000000 -0.003393
353025.338150 4026092.889627 0.000000 -0.003331
353025.364933 4026092.836866 0.000000 -0.003268
353025.391705 4026092.784099 0.000000 -0.003205
353025.418468 4026092.731327 0.000000 -0.003140
353025.445220 4026092.678551 0.000000 -0.003075
353025.471963 4026092.625769 0.000000 -0.003009
353025.498697 4026092.572982 0.000000 -0.002943
353025.525422 4026092.520191 0.000000 -0.002876
353025.552137 4026092.467395 0.000000 -0.002809
353025.578844 4026092.414594 0.000000 -0.002742
353025.605543 4026092.361789 0.000000 -0.002675
353025.632233 4026092.308980 0.000000 -0.002607
353025.658916 4026092.256166 0.000000 -0.002540
353025.685590 4026092.203349 0.000000 -0.002472
353025.712257 4026092.150527 0.000000 -0.002405
353025.738916 4026092.097702 0.000000 -0.002337
353025.765569 4026092.044873 0.000000 -0.002270
353025.792214 4026091.992040 0.000000 -0.002204
353025.818853 4026091.939204 0.000000 -0.002137
353025.845485 4026091.886364 0.000000 -0.002071
353025.872111 4026091.833522 0.000000 -0.002006
353025.898731 4026091.780676 0.000000 -0.001941
353025.925344 4026091.727827 0.000000 -0.001877
353025.951953 4026091.674975 0.000000 -0.001814
353025.978556 4026091.622120 0.000000 -0.001751
353026.005153 4026091.569262 0.000000 -0.001689
353026.031746 4026091.516402 0.000000 -0.001628
353026.058333 4026091.463540 0.000000 -0.001568
353026.084916 4026091.410675 0.000000 -0.001509
353026.111495 4026091.357807 0.000000 -0.001451
353026.138069 4026091.304937 0.000000 -0.001394
353026.164639 4026091.252066 0.000000 -0.001338
353026.191205 4026091.199192 0.000000 -0.001283
353026.217767 4026091.146316 0.000000 -0.001229
353026.244326 4026091.093438 0.000000 -0.001177
353026.270881 4026091.040559 0.000000 -0.001125
353026.297434 4026090.987678 0.000000 -0.001075
353026.323982 4026090.934795 0.000000 -0.001027
353026.350528 4026090.881910 0.000000 -0.000979
353026.377072 4026090.829025 0.000000 -0.000933
353026.403612 4026090.776137 0.000000 -0.000888
353026.430150 4026090.723249 0.000000 -0.000844
353026.456686 4026090.670359 0.000000 -0.000802
353026.483219 4026090.617468 0.000000 -0.000761
353026.509750 4026090.564576 0.000000 -0.000722
353026.536279 4026090.511683 0.000000 -0.000683
353026.562806 4026090.458789 0.000000 -0.000646
353026.589332 4026090.405894 0.000000 -0.000611
353026.615856 4026090.352998 0.000000 -0.000577
353026.642378 4026090.300101 0.000000 -0.000544
353026.668898 4026090.247204 0.000000 -0.000512
353026.695418 4026090.194306 0.000000 -0.000482
353026.721936 4026090.141407 0.000000 -0.000453
353026.748453 4026090.088507 0.000000 -0.000425
353026.774968 4026090.035607 0.000000 -0.000398
353026.801483 4026089.982707 0.000000 -0.000373
353026.827997 4026089.929805 0.000000 -0.000349
353026.854510 4026089.876904 0.000000 -0.000326
353026.881021 4026089.824002 0.000000 -0.000304
353026.907533 4026089.771099 0.000000 -0.000283
353026.934043 4026089.718197 0.000000 -0.000263
353026.960553 4026089.665293 0.000000 -0.000245
353026.987062 4026089.612390 0.000000 -0.000227
353027.013571 4026089.559486 0.000000 -0.000211
353027.040079 4026089.506582 0.000000 -0.000195
353027.066586 4026089.453678 0.000000 -0.000181
353027.093094 4026089.400773 0.000000 -0.000167
353027.119601 4026089.347869 0.000000 -0.000154
353027.146107 4026089.294964 0.000000 -0.000142
353027.172613 4026089.242059 0.000000 -0.000131
353027.199119 4026089.189153 0.000000 -0.000121
353027.225625 4026089.136248 0.000000 -0.000111
353027.252130 4026089.083343 0.000000 -0.000103
353027.278635 4026089.030437 0.000000 -0.000095
353027.305140 4026088.977531 0.000000 -0.000088
353027.331645 4026088.924626 0.000000 -0.000081
353027.358149 4026088.871720 0.000000 -0.000075
353027.384654 4026088.818814 0.000000 -0.000070
353027.411158 4026088.765908 0.000000 -0.000066
353027.437662 4026088.713002 0.000000 -0.000062
353027.464166 4026088.660096 0.000000 -0.000059
353027.490670 4026088.607189 0.000000 -0.000057
353027.517174 4026088.554283 0.000000 -0.000055
353027.543678 4026088.501377 0.000000 -0.000054
353027.570182 4026088.448471 0.000000 -0.000053
353027.596685 4026088.395564 0.000000 -0.000053
353027.623189 4026088.342658 0.000000 -0.000054
353027.649692 4026088.289751 0.000000 -0.000055
353027.676196 4026088.236845 0.000000 -0.000057
353027.702699 4026088.183938 0.000000 -0.000060
353027.729202 4026088.131032 0.000000 -0.000063
353027.755705 4026088.078125 0.000000 -0.000067
353027.782208 4026088.025218 0.000000 -0.000072
353027.808711 4026087.972311 0.000000 -0.000077
353027.835213 4026087.919405 0.000000 -0.000083
353027.861715 4026087.866498 0.000000 -0.000090
353027.888218 4026087.813591 0.000000 -0.000097
353027.914720 4026087.760683 0.000000 -0.000105
353027.941221 4026087.707776 0.000000 -0.000114
353027.967723 4026087.654869 0.000000 -0.000124
353027.994224 4026087.601961 0.000000 -0.000134
353028.020725 4026087.549053 0.000000 -0.000145
353028.047225 4026087.496145 0.000000 -0.000158
353028.073725 4026087.443237 0.000000 -0.000171
353028.100225 4026087.390329 0.000000 -0.000185
353028.126724 4026087.337420 0.000000 -0.000199
353028.153223 4026087.284512 0.000000 -0.000215
353028.179721 4026087.231603 0.000000 -0.000232
353028.206218 4026087.178693 0.000000 -0.000250
353028.232715 4026087.125783 0.000000 -0.000269
353028.259211 4026087.072873 0.000000 -0.000289
353028.285706 4026087.019963 0.000000 -0.000310
353028.312201 4026086.967052 0.000000 -0.000332
353028.338694 4026086.914141 0.000000 -0.000355
353028.365187 4026086.861229 0.000000 -0.000379
353028.391678 4026086.808317 0.000000 -0.000405
353028.418169 4026086.755404 0.000000 -0.000432
353028.444658 4026086.702490 0.000000 -0.000460
353028.471146 4026086.649576 0.000000 -0.000489
353028.497632 4026086.596662 0.000000 -0.000519
353028.524117 4026086.543746 0.000000 -0.000551
353028.550600 4026086.490830 0.000000 -0.000584
353028.577082 4026086.437913 0.000000 -0.000618
353028.603562 4026086.384995 0.000000 -0.000654
353028.630040 4026086.332076 0.000000 -0.000690
353028.656516 4026086.279156 0.000000 -0.000728
353028.682989 4026086.226235 0.000000 -0.000768
353028.709461 4026086.173313 0.000000 -0.000808
353028.735930 4026086.120390 0.000000 -0.000850
353028.762396 4026086.067465 0.000000 -0.000893
353028.788860 4026086.014539 0.000000 -0.000937
353028.815321 4026085.961612 0.000000 -0.000982
353028.841779 4026085.908684 0.000000 -0.001028
353028.868234 4026085.855754 0.000000 -0.001076
353028.894686 4026085.802822 0.000000 -0.001125
353028.921134 4026085.749888 0.000000 -0.001174
353028.947578 4026085.696953 0.000000 -0.001225
353028.974019 4026085.644016 0.000000 -0.001277
353029.000456 4026085.591077 0.000000 -0.001329
353029.026889 4026085.538136 0.000000 -0.001383
353029.053317 4026085.485193 0.000000 -0.001437
353029.079741 4026085.432248 0.000000 -0.001492
353029.106160 4026085.379300 0.000000 -0.001548
353029.132575 4026085.326350 0.000000 -0.001604
353029.158984 4026085.273398 0.000000 -0.001661
353029.185389 4026085.220443 0.000000 -0.001718
353029.211787 4026085.167486 0.000000 -0.001776
353029.238181 4026085.114525 0.000000 -0.001835
353029.264568 4026085.061562 0.000000 -0.001893
353029.290950 4026085.008596 0.000000 -0.001952
353029.317325 4026084.955627 0.000000 -0.002011
353029.343694 4026084.902655 0.000000 -0.002070
353029.370056 4026084.849680 0.000000 -0.002129
353029.396412 4026084.796701 0.000000 -0.002188
353029.422760 4026084.743719 0.000000 -0.002246
353029.449102 4026084.690734 0.000000 -0.002305
353029.475436 4026084.637745 0.000000 -0.002363
353029.501763 4026084.584752 0.000000 -0.002420
353029.528081 4026084.531755 0.000000 -0.002477
353029.554392 4026084.478755 0.000000 -0.002533
353029.580695 4026084.425750 0.000000 -0.002589
353029.606989 4026084.372742 0.000000 -0.002643
353029.633275 4026084.319729 0.000000 -0.002697
353029.659552 4026084.266712 0.000000 -0.002750
353029.685821 4026084.213691 0.000000 -0.002801
353029.712080 4026084.160666 0.000000 -0.002852
353029.738330 4026084.107635 0.000000 -0.002901
353029.764571 4026084.054601 0.000000 -0.002949
353029.790802 4026084.001561 0.000000 -0.002995
353029.817023 4026083.948517 0.000000 -0.003039
353029.843235 4026083.895468 0.000000 -0.003083
353029.869437 4026083.842415 0.000000 -0.003124
353029.895628 4026083.789356 0.000000 -0.003164
353029.921809 4026083.736292 0.000000 -0.003202
353029.947980 4026083.683223 0.000000 -0.003238
353029.974141 4026083.630150 0.000000 -0.003272
353030.000290 4026083.577070 0.000000 -0.003304
353030.026430 4026083.523986 0.000000 -0.003334
353030.052558 4026083.470897 0.000000 -0.003362
353030.078675 4026083.417802 0.000000 -0.003388
353030.104782 4026083.364701 0.000000 -0.003412
353030.130877 4026083.311596 0.000000 -0.003433
353030.156961 4026083.258485 0.000000 -0.003453
353030.183034 4026083.205368 0.000000 -0.003470
353030.209096 4026083.152246 0.000000 -0.003485
353030.235146 4026083.099119 0.000000 -0.003497
353030.261186 4026083.045985 0.000000 -0.003508
353030.287213 4026082.992847 0.000000 -0.003516
353030.313230 4026082.939703 0.000000 -0.003521
353030.339235 4026082.886553 0.000000 -0.003525
353030.365228 4026082.833398 0.000000 -0.003526
353030.391210 4026082.780237 0.000000 -0.003525
353030.417181 4026082.727070 0.000000 -0.003522
353030.443141 4026082.673898 0.000000 -0.003516
353030.469089 4026082.620721 0.000000 -0.003508
353030.495025 4026082.567538 0.000000 -0.003498
353030.520951 4026082.514349 0.000000 -0.003486
353030.546865 4026082.461155 0.000000 -0.003472
353030.572768 4026082.407955 0.000000 -0.003455
353030.598659 4026082.354750 0.000000 -0.003437
353030.624540 4026082.301540 0.000000 -0.003417
353030.650410 4026082.248324 0.000000 -0.003394
353030.676269 4026082.195103 0.000000 -0.003370
353030.702117 4026082.141877 0.000000 -0.003344
353030.727954 4026082.088645 0.000000 -0.003316
353030.753781 4026082.035408 0.000000 -0.003287
353030.779597 4026081.982166 0.000000 -0.003255
353030.805402 4026081.928919 0.000000 -0.003223
353030.831198 4026081.875667 0.000000 -0.003188
353030.856983 4026081.822410 0.000000 -0.003153
353030.882758 4026081.769148 0.000000 -0.003115
353030.908523 4026081.715881 0.000000 -0.003077
353030.934279 4026081.662610 0.000000 -0.003037
353030.960024 4026081.609333 0.000000 -0.002997
353030.985761 4026081.556052 0.000000 -0.002955
353031.011487 4026081.502767 0.000000 -0.002912
353031.037205 4026081.449477 0.000000 -0.002868
353031.062913 4026081.396182 0.000000 -0.002823
353031.088613 4026081.342884 0.000000 -0.002778
353031.114304 4026081.289580 0.000000 -0.002732
353031.139986 4026081.236273 0.000000 -0.002685
353031.165660 4026081.182962 0.000000 -0.002638
353031.191325 4026081.129646 0.000000 -0.002590
353031.216982 4026081.076327 0.000000 -0.002542
353031.242631 4026081.023003 0.000000 -0.002493
353031.268273 4026080.969676 0.000000 -0.002444
353031.293907 4026080.916345 0.000000 -0.002395
353031.319533 4026080.863011 0.000000 -0.002346
353031.345152 4026080.809672 0.000000 -0.002297
353031.370764 4026080.756331 0.000000 -0.002247
353031.396368 4026080.702986 0.000000 -0.002198
353031.421966 4026080.649637 0.000000 -0.002148
353031.447557 4026080.596285 0.000000 -0.002099
353031.473142 4026080.542930 0.000000 -0.002050
353031.498721 4026080.489572 0.000000 -0.002001
353031.524293 4026080.436211 0.000000 -0.001953
353031.549859 4026080.382847 0.000000 -0.001904
353031.575419 4026080.329481 0.000000 -0.001857
353031.600973 4026080.276111 0.000000 -0.001809
353031.626522 4026080.222739 0.000000 -0.001762
353031.652066 4026080.169364 0.000000 -0.001715
353031.677604 4026080.115986 0.000000 -0.001669
353031.703137 4026080.062606 0.000000 -0.001623
353031.728665 4026080.009223 0.000000 -0.001578
353031.754188 4026079.955838 0.000000 -0.001534
353031.779707 4026079.902451 0.000000 -0.001490
353031.805221 4026079.849062 0.000000 -0.001447
353031.830731 4026079.795670 0.000000 -0.001404
353031.856236 4026079.742277 0.000000 -0.001362
353031.881737 4026079.688881 0.000000 -0.001321
353031.907234 4026079.635483 0.000000 -0.001280
353031.932728 4026079.582084 0.000000 -0.001240
353031.958217 4026079.528682 0.000000 -0.001201
353031.983703 4026079.475279 0.000000 -0.001163
353032.009185 4026079.421874 0.000000 -0.001125
353032.034664 4026079.368468 0.000000 -0.001088
353032.060140 4026079.315060 0.000000 -0.001052
353032.085612 4026079.261650 0.000000 -0.001017
353032.111082 4026079.208239 0.000000 -0.000982
353032.136548 4026079.154826 0.000000 -0.000948
353032.162012 4026079.101412 0.000000 -0.000915
353032.187473 4026079.047997 0.000000 -0.000883
353032.212931 4026078.994581 0.000000 -0.000851
353032.238387 4026078.941163 0.000000 -0.000820
353032.263840 4026078.887744 0.000000 -0.000790
353032.289291 4026078.834323 0.000000 -0.000761
353032.314740 4026078.780902 0.000000 -0.000732
353032.340186 4026078.727480 0.000000 -0.000704
353032.365631 4026078.674056 0.000000 -0.000677
353032.391073 4026078.620632 0.000000 -0.000651
353032.416514 4026078.567207 0.000000 -0.000625
353032.441952 4026078.513781 0.000000 -0.000600
353032.467389 4026078.460354 0.000000 -0.000575
353032.492824 4026078.406926 0.000000 -0.000552
353032.518258 4026078.353497 0.000000 -0.000529
353032.543690 4026078.300067 0.000000 -0.000506
353032.569120 4026078.246637 0.000000 -0.000485
353032.594549 4026078.193206 0.000000 -0.000463
353032.619977 4026078.139775 0.000000 -0.000443
353032.645403 4026078.086343 0.000000 -0.000423
353032.670829 4026078.032910 0.000000 -0.000404
353032.696253 4026077.979477 0.000000 -0.000385
353032.721676 4026077.926043 0.000000 -0.000367
353032.747097 4026077.872608 0.000000 -0.000350
353032.772518 4026077.819174 0.000000 -0.000333
353032.797938 4026077.765738 0.000000 -0.000316
353032.823357 4026077.712302 0.000000 -0.000300
353032.848775 4026077.658866 0.000000 -0.000285
353032.874193 4026077.605430 0.000000 -0.000270
353032.899609 4026077.551993 0.000000 -0.000256
353032.925025 4026077.498555 0.000000 -0.000242
353032.950440 4026077.445118 0.000000 -0.000228
353032.975854 4026077.391680 0.000000 -0.000215
353033.001268 4026077.338241 0.000000 -0.000203
353033.026682 4026077.284803 0.000000 -0.000190
353033.052094 4026077.231364 0.000000 -0.000179
353033.077507 4026077.177925 0.000000 -0.000167
353033.102919 4026077.124486 0.000000 -0.000156
353033.128330 4026077.071046 0.000000 -0.000146
353033.153741 4026077.017606 0.000000 -0.000136
353033.179151 4026076.964167 0.000000 -0.000126
353033.204562 4026076.910727 0.000000 -0.000116
353033.229972 4026076.857286 0.000000 -0.000107
353033.255381 4026076.803846 0.000000 -0.000098
353033.280791 4026076.750406 0.000000 -0.000089
353033.306200 4026076.696965 0.000000 -0.000081
353033.331609 4026076.643524 0.000000 -0.000073
353033.357018 4026076.590083 0.000000 -0.000065
353033.382426 4026076.536643 0.000000 -0.000057
353033.407835 4026076.483202 0.000000 -0.000050
353033.433243 4026076.429761 0.000000 -0.000042
353033.458651 4026076.376320 0.000000 -0.000035
353033.484059 4026076.322879 0.000000 -0.000028
353033.509467 4026076.269437 0.000000 -0.000022
353033.534875 4026076.215996 0.000000 -0.000015
353033.560283 4026076.162555 0.000000 -0.000008
353033.585691 4026076.109114 0.000000 -0.000002
353033.611100 4026076.055673 0.000000 0.000004
353033.636508 4026076.002232 0.000000 0.000011
353033.661916 4026075.948791 0.000000 0.000017
353033.687324 4026075.895350 0.000000 0.000023
353033.712732 4026075.841908 0.000000 0.000029
353033.738140 4026075.788467 0.000000 0.000035
353033.763549 4026075.735027 0.000000 0.000041
353033.788958 4026075.681586 0.000000 0.000047
353033.814366 4026075.628145 0.000000 0.000053
353033.839775 4026075.574704 0.000000 0.000058
353033.865184 4026075.521264 0.000000 0.000064
353033.890594 4026075.467823 0.000000 0.000070
353033.916003 4026075.414383 0.000000 0.000076
353033.941413 4026075.360942 0.000000 0.000082
353033.966823 4026075.307502 0.000000 0.000089
353033.992233 4026075.254062 0.000000 0.000095
353034.017644 4026075.200622 0.000000 0.000101
353034.043055 4026075.147182 0.000000 0.000107
353034.068466 4026075.093743 0.000000 0.000114
353034.093878 4026075.040303 0.000000 0.000120
353034.119290 4026074.986864 0.000000 0.000127
353034.144702 4026074.933425 0.000000 0.000134
353034.170115 4026074.879986 0.000000 0.000140
353034.195528 4026074.826547 0.000000 0.000147
353034.220942 4026074.773109 0.000000 0.000154
353034.246356 4026074.719671 0.000000 0.000162
353034.271771 4026074.666233 0.000000 0.000169
353034.297186 4026074.612795 0.000000 0.000176
353034.322601 4026074.559358 0.000000 0.000184
353034.348018 4026074.505920 0.000000 0.000192
353034.373435 4026074.452483 0.000000 0.000200
353034.398852 4026074.399047 0.000000 0.000208
353034.424270 4026074.345610 0.000000 0.000216
353034.449689 4026074.292174 0.000000 0.000225
353034.475109 4026074.238739 0.000000 0.000233
353034.500529 4026074.185304 0.000000 0.000242
353034.525950 4026074.131869 0.000000 0.000251
353034.551371 4026074.078434 0.000000 0.000260
353034.576794 4026074.025000 0.000000 0.000269
353034.602217 4026073.971566 0.000000 0.000278
353034.627642 4026073.918133 0.000000 0.000288
353034.653067 4026073.864700 0.000000 0.000298
353034.678493 4026073.811267 0.000000 0.000307
353034.703920 4026073.757835 0.000000 0.000318
353034.729348 4026073.704404 0.000000 0.000328
353034.754777 4026073.650972 0.000000 0.000338
353034.780207 4026073.597542 0.000000 0.000349
353034.805638 4026073.544112 0.000000 0.000359
353034.831071 4026073.490682 0.000000 0.000370
353034.856504 4026073.437253 0.000000 0.000381
353034.881939 4026073.383825 0.000000 0.000392
353034.907375 4026073.330397 0.000000 0.000403
353034.932812 4026073.276970 0.000000 0.000415
353034.958250 4026073.223543 0.000000 0.000426
353034.983690 4026073.170117 0.000000 0.000438
353035.009131 4026073.116692 0.000000 0.000450
353035.034574 4026073.063268 0.000000 0.000462
353035.060018 4026073.009844 0.000000 0.000474
353035.085464 4026072.956421 0.000000 0.000486
353035.110911 4026072.902998 0.000000 0.000498
353035.136360 4026072.849576 0.000000 0.000510
353035.161810 4026072.796156 0.000000 0.000522
353035.187262 4026072.742735 0.000000 0.000535
353035.212715 4026072.689316 0.000000 0.000547
353035.238171 4026072.635898 0.000000 0.000560
353035.263628 4026072.582480 0.000000 0.000572
353035.289087 4026072.529063 0.000000 0.000585
353035.314548 4026072.475647 0.000000 0.000597
353035.340010 4026072.422232 0.000000 0.000610
353035.365475 4026072.368818 0.000000 0.000623
353035.390942 4026072.315405 0.000000 0.000635
353035.416410 4026072.261993 0.000000 0.000648
353035.441881 4026072.208582 0.000000 0.000660
353035.467354 4026072.155172 0.000000 0.000673
353035.492829 4026072.101763 0.000000 0.000685
353035.518306 4026072.048355 0.000000 0.000697
353035.543785 4026071.994948 0.000000 0.000709
353035.569267 4026071.941542 0.000000 0.000722
353035.594751 4026071.888137 0.000000 0.000733
353035.620237 4026071.834733 0.000000 0.000745
353035.645726 4026071.781331 0.000000 0.000757
353035.671217 4026071.727930 0.000000 0.000768
353035.696711 4026071.674529 0.000000 0.000780
353035.722207 4026071.621130 0.000000 0.000791
353035.747705 4026071.567733 0.000000 0.000802
353035.773207 4026071.514336 0.000000 0.000812
353035.798710 4026071.460941 0.000000 0.000823
353035.824217 4026071.407547 0.000000 0.000833
353035.849726 4026071.354154 0.000000 0.000842
353035.875238 4026071.300763 0.000000 0.000852
353035.900752 4026071.247373 0.000000 0.000861
353035.926270 4026071.193984 0.000000 0.000870
353035.951790 4026071.140596 0.000000 0.000878
353035.977313 4026071.087210 0.000000 0.000886
353036.002839 4026071.033826 0.000000 0.000894
353036.028368 4026070.980442 0.000000 0.000901
353036.053899 4026070.927060 0.000000 0.000908
353036.079434 4026070.873680 0.000000 0.000914
353036.104971 4026070.820301 0.000000 0.000920
353036.130512 4026070.766923 0.000000 0.000926
353036.156056 4026070.713547 0.000000 0.000931
353036.181602 4026070.660172 0.000000 0.000935
353036.207152 4026070.606798 0.000000 0.000939
353036.232704 4026070.553427 0.000000 0.000943
353036.258260 4026070.500056 0.000000 0.000945
353036.283819 4026070.446687 0.000000 0.000948
353036.309380 4026070.393320 0.000000 0.000949
353036.334945 4026070.339954 0.000000 0.000950
353036.360513 4026070.286589 0.000000 0.000951
353036.386084 4026070.233226 0.000000 0.000951
353036.411659 4026070.179864 0.000000 0.000950
353036.437236 4026070.126504 0.000000 0.000949
353036.462816 4026070.073146 0.000000 0.000947
353036.488399 4026070.019789 0.000000 0.000944
353036.513986 4026069.966433 0.000000 0.000941
353036.539575 4026069.913079 0.000000 0.000937
353036.565168 4026069.859726 0.000000 0.000933
353036.590764 4026069.806374 0.000000 0.000928
353036.616362 4026069.753025 0.000000 0.000922
353036.641964 4026069.699676 0.000000 0.000915
353036.667568 4026069.646329 0.000000 0.000908
353036.693176 4026069.592984 0.000000 0.000900
353036.718786 4026069.539639 0.000000 0.000892
353036.744400 4026069.486297 0.000000 0.000883
353036.770016 4026069.432955 0.000000 0.000873
353036.795635 4026069.379615 0.000000 0.000862
353036.821257 4026069.326276 0.000000 0.000851
353036.846881 4026069.272939 0.000000 0.000840
353036.872509 4026069.219603 0.000000 0.000827
353036.898139 4026069.166268 0.000000 0.000814
353036.923772 4026069.112934 0.000000 0.000800
353036.949407 4026069.059602 0.000000 0.000786
353036.975045 4026069.006271 0.000000 0.000771
353037.000685 4026068.952941 0.000000 0.000755
353037.026328 4026068.899612 0.000000 0.000739
353037.051973 4026068.846285 0.000000 0.000722
353037.077621 4026068.792958 0.000000 0.000705
353037.103270 4026068.739633 0.000000 0.000687
353037.128922 4026068.686309 0.000000 0.000668
353037.154577 4026068.632985 0.000000 0.000649
353037.180233 4026068.579663 0.000000 0.000629
353037.205891 4026068.526342 0.000000 0.000609
353037.231552 4026068.473022 0.000000 0.000588
353037.257214 4026068.419702 0.000000 0.000567
353037.282878 4026068.366384 0.000000 0.000545
353037.308544 4026068.313066 0.000000 0.000523
353037.334211 4026068.259749 0.000000 0.000501
353037.359880 4026068.206433 0.000000 0.000477
353037.385551 4026068.153118 0.000000 0.000454
353037.411223 4026068.099803 0.000000 0.000430
353037.436897 4026068.046489 0.000000 0.000405
353037.462572 4026067.993176 0.000000 0.000381
353037.488248 4026067.939863 0.000000 0.000355
353037.513925 4026067.886551 0.000000 0.000330
353037.539603 4026067.833239 0.000000 0.000304
353037.565282 4026067.779928 0.000000 0.000278
353037.590962 4026067.726617 0.000000 0.000251
353037.616643 4026067.673306 0.000000 0.000225
353037.642325 4026067.619996 0.000000 0.000198
353037.668007 4026067.566687 0.000000 0.000170
353037.693690 4026067.513377 0.000000 0.000143
353037.719373 4026067.460068 0.000000 0.000115
353037.745057 4026067.406759 0.000000 0.000087
353037.770741 4026067.353450 0.000000 0.000059
353037.796425 4026067.300141 0.000000 0.000031
353037.822109 4026067.246832 0.000000 0.000003
353037.847793 4026067.193523 0.000000 -0.000026
353037.873477 4026067.140214 0.000000 -0.000054
353037.899161 4026067.086905 0.000000 -0.000083
353037.924845 4026067.033596 0.000000 -0.000112
353037.950528 4026066.980286 0.000000 -0.000140
353037.976211 4026066.926977 0.000000 -0.000169
353038.001893 4026066.873667 0.000000 -0.000198
353038.027574 4026066.820357 0.000000 -0.000227
353038.053255 4026066.767046 0.000000 -0.000255
353038.078935 4026066.713735 0.000000 -0.000284
353038.104614 4026066.660424 0.000000 -0.000312
353038.130292 4026066.607112 0.000000 -0.000341
353038.155969 4026066.553800 0.000000 -0.000369
353038.181644 4026066.500487 0.000000 -0.000397
353038.207318 4026066.447173 0.000000 -0.000425
353038.232991 4026066.393859 0.000000 -0.000453
353038.258663 4026066.340544 0.000000 -0.000480
353038.284332 4026066.287228 0.000000 -0.000508
353038.310001 4026066.233912 0.000000 -0.000535
353038.335667 4026066.180594 0.000000 -0.000561
353038.361331 4026066.127276 0.000000 -0.000588
353038.386994 4026066.073957 0.000000 -0.000614
353038.412655 4026066.020637 0.000000 -0.000640
353038.438313 4026065.967316 0.000000 -0.000665
353038.463969 4026065.913993 0.000000 -0.000690
353038.489624 4026065.860670 0.000000 -0.000715
353038.515275 4026065.807346 0.000000 -0.000739
353038.540925 4026065.754020 0.000000 -0.000763
353038.566571 4026065.700693 0.000000 -0.000786
353038.592216 4026065.647365 0.000000 -0.000809
353038.617857 4026065.594036 0.000000 -0.000831
353038.643496 4026065.540706 0.000000 -0.000853
353038.669132 4026065.487374 0.000000 -0.000874
353038.694765 4026065.434041 0.000000 -0.000894
353038.720395 4026065.380706 0.000000 -0.000914
353038.746023 4026065.327370 0.000000 -0.000934
353038.771647 4026065.274032 0.000000 -0.000953
353038.797268 4026065.220693 0.000000 -0.000971
353038.822886 4026065.167353 0.000000 -0.000989
353038.848501 4026065.114011 0.000000 -0.001006
353038.874112 4026065.060667 0.000000 -0.001022
353038.899720 4026065.007322 0.000000 -0.001037
353038.925325 4026064.953975 0.000000 -0.001052
353038.950926 4026064.900627 0.000000 -0.001067
353038.976524 4026064.847276 0.000000 -0.001080
353039.002118 4026064.793925 0.000000 -0.001093
353039.027709 4026064.740571 0.000000 -0.001105
353039.053296 4026064.687216 0.000000 -0.001117
353039.078879 4026064.633859 0.000000 -0.001127
353039.104459 4026064.580500 0.000000 -0.001137
353039.130035 4026064.527140 0.000000 -0.001146
353039.155608 4026064.473777 0.000000 -0.001155
353039.181176 4026064.420413 0.000000 -0.001163
353039.206741 4026064.367047 0.000000 -0.001170
353039.232302 4026064.313679 0.000000 -0.001176
353039.257859 4026064.260310 0.000000 -0.001181
353039.283412 4026064.206939 0.000000 -0.001186
353039.308962 4026064.153565 0.000000 -0.001190
353039.334507 4026064.100190 0.000000 -0.001194
353039.360049 4026064.046813 0.000000 -0.001196
353039.385587 4026063.993434 0.000000 -0.001198
353039.411121 4026063.940054 0.000000 -0.001199
353039.436651 4026063.886671 0.000000 -0.001200
353039.462177 4026063.833287 0.000000 -0.001199
353039.487700 4026063.779901 0.000000 -0.001199
353039.513218 4026063.726513 0.000000 -0.001197
353039.538733 4026063.673123 0.000000 -0.001195
353039.564243 4026063.619731 0.000000 -0.001192
353039.589750 4026063.566337 0.000000 -0.001188
353039.615253 4026063.512942 0.000000 -0.001184
353039.640753 4026063.459545 0.000000 -0.001179
353039.666248 4026063.406146 0.000000 -0.001174
353039.691740 4026063.352745 0.000000 -0.001168
353039.717228 4026063.299342 0.000000 -0.001162
353039.742712 4026063.245938 0.000000 -0.001155
353039.768192 4026063.192531 0.000000 -0.001147
353039.793669 4026063.139123 0.000000 -0.001139
353039.819142 4026063.085714 0.000000 -0.001130
353039.844611 4026063.032302 0.000000 -0.001121
353039.870077 4026062.978889 0.000000 -0.001112
353039.895540 4026062.925474 0.000000 -0.001102
353039.920998 4026062.872057 0.000000 -0.001092
353039.946454 4026062.818639 0.000000 -0.001081
353039.971905 4026062.765219 0.000000 -0.001070
353039.997354 4026062.711798 0.000000 -0.001058
353040.022799 4026062.658375 0.000000 -0.001046
353040.048241 4026062.604950 0.000000 -0.001034
353040.073679 4026062.551524 0.000000 -0.001022
353040.099114 4026062.498096 0.000000 -0.001009
353040.124546 4026062.444666 0.000000 -0.000996
353040.149975 4026062.391235 0.000000 -0.000983
353040.175401 4026062.337803 0.000000 -0.000969
353040.200823 4026062.284369 0.000000 -0.000956
353040.226243 4026062.230934 0.000000 -0.000942
353040.251659 4026062.177497 0.000000 -0.000928
353040.277073 4026062.124059 0.000000 -0.000914
353040.302484 4026062.070619 0.000000 -0.000900
353040.327892 4026062.017179 0.000000 -0.000886
353040.353297 4026061.963736 0.000000 -0.000871
353040.378699 4026061.910293 0.000000 -0.000857
353040.404099 4026061.856848 0.000000 -0.000842
353040.429496 4026061.803402 0.000000 -0.000828
353040.454890 4026061.749955 0.000000 -0.000813
353040.480282 4026061.696506 0.000000 -0.000799
353040.505672 4026061.643056 0.000000 -0.000785
353040.531059 4026061.589605 0.000000 -0.000770
353040.556443 4026061.536153 0.000000 -0.000756
353040.581825 4026061.482700 0.000000 -0.000742
353040.607205 4026061.429246 0.000000 -0.000728
353040.632583 4026061.375790 0.000000 -0.000714
353040.657958 4026061.322334 0.000000 -0.000700
353040.683332 4026061.268877 0.000000 -0.000687
353040.708703 4026061.215418 0.000000 -0.000673
353040.734072 4026061.161959 0.000000 -0.000660
353040.759439 4026061.108498 0.000000 -0.000647
353040.784804 4026061.055037 0.000000 -0.000635
353040.810167 4026061.001574 0.000000 -0.000622
353040.835528 4026060.948111 0.000000 -0.000610
353040.860887 4026060.894647 0.000000 -0.000598
353040.886244 4026060.841182 0.000000 -0.000587
353040.911600 4026060.787716 0.000000 -0.000575
353040.936954 4026060.734249 0.000000 -0.000565
353040.962306 4026060.680782 0.000000 -0.000554
353040.987656 4026060.627313 0.000000 -0.000544
353041.013005 4026060.573844 0.000000 -0.000534
353041.038352 4026060.520374 0.000000 -0.000525
353041.063698 4026060.466904 0.000000 -0.000516
353041.089042 4026060.413432 0.000000 -0.000508
353041.114384 4026060.359960 0.000000 -0.000500
353041.139725 4026060.306487 0.000000 -0.000492
353041.165065 4026060.253014 0.000000 -0.000485
353041.190403 4026060.199539 0.000000 -0.000478
353041.215739 4026060.146064 0.000000 -0.000472
353041.241074 4026060.092589 0.000000 -0.000467
353041.266408 4026060.039112 0.000000 -0.000461
353041.291741 4026059.985635 0.000000 -0.000457
353041.317072 4026059.932158 0.000000 -0.000453
353041.342401 4026059.878680 0.000000 -0.000449
353041.367730 4026059.825201 0.000000 -0.000446
353041.393056 4026059.771721 0.000000 -0.000444
353041.418382 4026059.718241 0.000000 -0.000442
353041.443706 4026059.664760 0.000000 -0.000440
353041.469029 4026059.611279 0.000000 -0.000439
353041.494351 4026059.557797 0.000000 -0.000439
353041.519672 4026059.504314 0.000000 -0.000439
353041.544991 4026059.450831 0.000000 -0.000440
353041.570308 4026059.397347 0.000000 -0.000441
353041.595625 4026059.343862 0.000000 -0.000443
353041.620940 4026059.290377 0.000000 -0.000445
353041.646254 4026059.236891 0.000000 -0.000448
353041.671566 4026059.183405 0.000000 -0.000451
353041.696877 4026059.129918 0.000000 -0.000455
353041.722187 4026059.076430 0.000000 -0.000459
353041.747495 4026059.022942 0.000000 -0.000464
353041.772802 4026058.969453 0.000000 -0.000469
353041.798108 4026058.915963 0.000000 -0.000474
353041.823412 4026058.862472 0.000000 -0.000480
353041.848714 4026058.808981 0.000000 -0.000487
353041.874015 4026058.755490 0.000000 -0.000494
353041.899315 4026058.701997 0.000000 -0.000501
353041.924613 4026058.648504 0.000000 -0.000508
353041.949909 4026058.595010 0.000000 -0.000516
353041.975204 4026058.541515 0.000000 -0.000525
353042.000497 4026058.488019 0.000000 -0.000533
353042.025789 4026058.434523 0.000000 -0.000542
353042.051078 4026058.381026 0.000000 -0.000551
353042.076367 4026058.327528 0.000000 -0.000560
353042.101653 4026058.274029 0.000000 -0.000570
353042.126937 4026058.220530 0.000000 -0.000579
353042.152220 4026058.167029 0.000000 -0.000589
353042.177501 4026058.113528 0.000000 -0.000599
353042.202780 4026058.060026 0.000000 -0.000609
353042.228057 4026058.006523 0.000000 -0.000619
353042.253332 4026057.953018 0.000000 -0.000629
353042.278605 4026057.899513 0.000000 -0.000639
353042.303876 4026057.846008 0.000000 -0.000649
353042.329145 4026057.792501 0.000000 -0.000659
353042.354412 4026057.738993 0.000000 -0.000669
353042.379677 4026057.685484 0.000000 -0.000679
353042.404939 4026057.631974 0.000000 -0.000688
353042.430200 4026057.578463 0.000000 -0.000698
353042.455458 4026057.524951 0.000000 -0.000707
353042.480714 4026057.471437 0.000000 -0.000716
353042.505967 4026057.417923 0.000000 -0.000725
353042.531218 4026057.364408 0.000000 -0.000733
353042.556467 4026057.310891 0.000000 -0.000741
353042.581713 4026057.257374 0.000000 -0.000749
353042.606957 4026057.203855 0.000000 -0.000756
353042.632199 4026057.150335 0.000000 -0.000763
353042.657438 4026057.096814 0.000000 -0.000770
353042.682674 4026057.043292 0.000000 -0.000776
353042.707908 4026056.989768 0.000000 -0.000782
353042.733139 4026056.936244 0.000000 -0.000787
353042.758368 4026056.882718 0.000000 -0.000792
353042.783594 4026056.829191 0.000000 -0.000796
353042.808818 4026056.775662 0.000000 -0.000800
353042.834039 4026056.722133 0.000000 -0.000803
353042.859257 4026056.668602 0.000000 -0.000806
353042.884473 4026056.615070 0.000000 -0.000808
353042.909686 4026056.561537 0.000000 -0.000809
353042.934897 4026056.508002 0.000000 -0.000810
353042.960105 4026056.454467 0.000000 -0.000811
353042.985310 4026056.400930 0.000000 -0.000810
353043.010512 4026056.347391 0.000000 -0.000810
353043.035712 4026056.293852 0.000000 -0.000808
353043.060909 4026056.240311 0.000000 -0.000806
353043.086104 4026056.186769 0.000000 -0.000804
353043.111296 4026056.133226 0.000000 -0.000801
353043.136485 4026056.079681 0.000000 -0.000797
353043.161672 4026056.026136 0.000000 -0.000792
353043.186856 4026055.972589 0.000000 -0.000787
353043.212038 4026055.919041 0.000000 -0.000782
353043.237217 4026055.865491 0.000000 -0.000776
353043.262393 4026055.811941 0.000000 -0.000769
353043.287567 4026055.758389 0.000000 -0.000762
353043.312739 4026055.704836 0.000000 -0.000754
353043.337908 4026055.651283 0.000000 -0.000746
353043.363074 4026055.597727 0.000000 -0.000737
353043.388238 4026055.544171 0.000000 -0.000728
353043.413400 4026055.490614 0.000000 -0.000719
353043.438560 4026055.437055 0.000000 -0.000708
353043.463717 4026055.383496 0.000000 -0.000698
353043.488872 4026055.329935 0.000000 -0.000687
353043.514025 4026055.276373 0.000000 -0.000675
353043.539175 4026055.222811 0.000000 -0.000664
353043.564324 4026055.169247 0.000000 -0.000651
353043.589470 4026055.115682 0.000000 -0.000639
353043.614615 4026055.062117 0.000000 -0.000626
353043.639757 4026055.008550 0.000000 -0.000613
353043.664897 4026054.954983 0.000000 -0.000600
353043.690036 4026054.901414 0.000000 -0.000586
353043.715172 4026054.847845 0.000000 -0.000572
353043.740307 4026054.794275 0.000000 -0.000558
353043.765440 4026054.740704 0.000000 -0.000544
353043.790571 4026054.687132 0.000000 -0.000530
353043.815701 4026054.633559 0.000000 -0.000515
353043.840828 4026054.579986 0.000000 -0.000501
353043.865955 4026054.526412 0.000000 -0.000486
353043.891080 4026054.472837 0.000000 -0.000471
353043.916203 4026054.419262 0.000000 -0.000456
353043.941325 4026054.365685 0.000000 -0.000441
353043.966445 4026054.312108 0.000000 -0.000426
353043.991564 4026054.258531 0.000000 -0.000412
353044.016682 4026054.204953 0.000000 -0.000397
353044.041799 4026054.151374 0.000000 -0.000382
353044.066914 4026054.097795 0.000000 -0.000367
353044.092029 4026054.044215 0.000000 -0.000353
353044.117142 4026053.990635 0.000000 -0.000338
353044.142254 4026053.937054 0.000000 -0.000323
353044.167365 4026053.883473 0.000000 -0.000309
353044.192476 4026053.829891 0.000000 -0.000295
353044.217585 4026053.776309 0.000000 -0.000281
353044.242694 4026053.722727 0.000000 -0.000267
353044.267801 4026053.669144 0.000000 -0.000253
353044.292908 4026053.615561 0.000000 -0.000239
353044.318015 4026053.561977 0.000000 -0.000226
353044.343120 4026053.508393 0.000000 -0.000213
353044.368225 4026053.454809 0.000000 -0.000200
353044.393329 4026053.401225 0.000000 -0.000187
353044.418433 4026053.347640 0.000000 -0.000174
353044.443537 4026053.294055 0.000000 -0.000162
353044.468639 4026053.240470 0.000000 -0.000150
353044.493742 4026053.186884 0.000000 -0.000138
353044.518844 4026053.133299 0.000000 -0.000126
353044.543946 4026053.079713 0.000000 -0.000115
353044.569047 4026053.026127 0.000000 -0.000103
353044.594148 4026052.972541 0.000000 -0.000092
353044.619249 4026052.918955 0.000000 -0.000082
353044.644349 4026052.865369 0.000000 -0.000071
353044.669450 4026052.811783 0.000000 -0.000061
353044.694550 4026052.758196 0.000000 -0.000051
353044.719650 4026052.704610 0.000000 -0.000041
353044.744750 4026052.651023 0.000000 -0.000031
353044.769850 4026052.597437 0.000000 -0.000021
353044.794950 4026052.543850 0.000000 -0.000012
353044.820050 4026052.490264 0.000000 -0.000003
353044.845150 4026052.436677 0.000000 0.000006
353044.870250 4026052.383091 0.000000 0.000014
353044.895350 4026052.329504 0.000000 0.000023
353044.920451 4026052.275918 0.000000 0.000031
353044.945551 4026052.222332 0.000000 0.000039
353044.970651 4026052.168745 0.000000 0.000047
353044.995752 4026052.115159 0.000000 0.000055
353045.020853 4026052.061573 0.000000 0.000062
353045.045954 4026052.007987 0.000000 0.000070
353045.071056 4026051.954401 0.000000 0.000077
353045.096157 4026051.900816 0.000000 0.000084
353045.121259 4026051.847230 0.000000 0.000091
353045.146361 4026051.793644 0.000000 0.000098
353045.171464 4026051.740059 0.000000 0.000104
353045.196567 4026051.686474 0.000000 0.000111
353045.221670 4026051.632889 0.000000 0.000117
353045.246774 4026051.579304 0.000000 0.000124
353045.271878 4026051.525720 0.000000 0.000130
353045.296983 4026051.472135 0.000000 0.000136
353045.322088 4026051.418551 0.000000 0.000142
353045.347193 4026051.364967 0.000000 0.000148
353045.372299 4026051.311384 0.000000 0.000154
353045.397406 4026051.257800 0.000000 0.000159
353045.422513 4026051.204217 0.000000 0.000165
353045.447620 4026051.150634 0.000000 0.000170
353045.472728 4026051.097051 0.000000 0.000176
353045.497837 4026051.043469 0.000000 0.000181
353045.522946 4026050.989887 0.000000 0.000186
353045.548056 4026050.936305 0.000000 0.000192
353045.573167 4026050.882723 0.000000 0.000197
353045.598278 4026050.829142 0.000000 0.000202
353045.623389 4026050.775561 0.000000 0.000206
353045.648502 4026050.721980 0.000000 0.000211
353045.673615 4026050.668400 0.000000 0.000216
353045.698729 4026050.614820 0.000000 0.000221
353045.723843 4026050.561240 0.000000 0.000225
353045.748959 4026050.507661 0.000000 0.000230
353045.774075 4026050.454082 0.000000 0.000234
353045.799191 4026050.400503 0.000000 0.000238
353045.824309 4026050.346925 0.000000 0.000243
353045.849427 4026050.293347 0.000000 0.000247
353045.874547 4026050.239769 0.000000 0.000251
353045.899666 4026050.186192 0.000000 0.000254
353045.924787 4026050.132615 0.000000 0.000258
353045.949909 4026050.079039 0.000000 0.000262
353045.975031 4026050.025463 0.000000 0.000266
353046.000155 4026049.971888 0.000000 0.000269
353046.025279 4026049.918312 0.000000 0.000272
353046.050404 4026049.864738 0.000000 0.000276
353046.075530 4026049.811163 0.000000 0.000279
353046.100657 4026049.757589 0.000000 0.000282
353046.125784 4026049.704016 0.000000 0.000285
353046.150913 4026049.650443 0.000000 0.000287
353046.176043 4026049.596870 0.000000 0.000290
353046.201173 4026049.543298 0.000000 0.000292
353046.226305 4026049.489726 0.000000 0.000295
353046.251437 4026049.436155 0.000000 0.000297
353046.276571 4026049.382584 0.000000 0.000299
353046.301705 4026049.329014 0.000000 0.000301
353046.326841 4026049.275444 0.000000 0.000303
353046.351977 4026049.221875 0.000000 0.000305
353046.377114 4026049.168305 0.000000 0.000306
353046.402253 4026049.114737 0.000000 0.000308
353046.427392 4026049.061169 0.000000 0.000309
353046.452533 4026049.007601 0.000000 0.000311
353046.477674 4026048.954034 0.000000 0.000312
353046.502816 4026048.900467 0.000000 0.000313
353046.527960 4026048.846900 0.000000 0.000314
353046.553105 4026048.793334 0.000000 0.000315
353046.578250 4026048.739768 0.000000 0.000316
353046.603397 4026048.686203 0.000000 0.000317
353046.628545 4026048.632637 0.000000 0.000318
353046.653694 4026048.579072 0.000000 0.000318
353046.678844 4026048.525507 0.000000 0.000319
353046.703995 4026048.471943 0.000000 0.000320
353046.729148 4026048.418378 0.000000 0.000321
353046.754302 4026048.364813 0.000000 0.000322
353046.779457 4026048.311247 0.000000 0.000323
353046.804614 4026048.257682 0.000000 0.000324
353046.829772 4026048.204116 0.000000 0.000325
353046.854931 4026048.150550 0.000000 0.000326
353046.880093 4026048.096983 0.000000 0.000328
353046.905255 4026048.043415 0.000000 0.000329
353046.930420 4026047.989846 0.000000 0.000331
353046.955586 4026047.936276 0.000000 0.000333
353046.980754 4026047.882704 0.000000 0.000335
353047.005924 4026047.829131 0.000000 0.000337
353047.031097 4026047.775556 0.000000 0.000340
353047.056272 4026047.721979 0.000000 0.000343
353047.081449 4026047.668399 0.000000 0.000346
353047.106629 4026047.614816 0.000000 0.000350
353047.131811 4026047.561231 0.000000 0.000354
353047.156997 4026047.507641 0.000000 0.000359
353047.182185 4026047.454048 0.000000 0.000364
353047.207377 4026047.400451 0.000000 0.000369
353047.232573 4026047.346848 0.000000 0.000375
353047.257773 4026047.293240 0.000000 0.000382
353047.282976 4026047.239627 0.000000 0.000389
353047.308185 4026047.186007 0.000000 0.000396
353047.333397 4026047.132380 0.000000 0.000405
353047.358615 4026047.078745 0.000000 0.000414
353047.383839 4026047.025102 0.000000 0.000423
353047.409068 4026046.971450 0.000000 0.000434
353047.434303 4026046.917788 0.000000 0.000445
353047.459545 4026046.864115 0.000000 0.000457
353047.484795 4026046.810431 0.000000 0.000470
353047.510051 4026046.756734 0.000000 0.000483
353047.535316 4026046.703025 0.000000 0.000498
353047.560589 4026046.649300 0.000000 0.000513
353047.585871 4026046.595561 0.000000 0.000529
353047.611163 4026046.541805 0.000000 0.000546
353047.636466 4026046.488031 0.000000 0.000564
353047.661779 4026046.434238 0.000000 0.000583
353047.687104 4026046.380425 0.000000 0.000602
353047.712441 4026046.326590 0.000000 0.000623
353047.737792 4026046.272733 0.000000 0.000645
353047.763156 4026046.218851 0.000000 0.000667
353047.788534 4026046.164944 0.000000 0.000691
353047.813929 4026046.111009 0.000000 0.000715
353047.839339 4026046.057045 0.000000 0.000741
353047.864767 4026046.003050 0.000000 0.000767
353047.890213 4026045.949023 0.000000 0.000795
353047.915678 4026045.894962 0.000000 0.000823
353047.941164 4026045.840865 0.000000 0.000852
353047.966670 4026045.786729 0.000000 0.000882
353047.992199 4026045.732554 0.000000 0.000913
353048.017751 4026045.678336 0.000000 0.000945
353048.043327 4026045.624075 0.000000 0.000978
353048.068929 4026045.569767 0.000000 0.001011
353048.094558 4026045.515410 0.000000 0.001045
353048.120215 4026045.461003 0.000000 0.001080
353048.145901 4026045.406542 0.000000 0.001116
353048.171618 4026045.352026 0.000000 0.001152
353048.197366 4026045.297452 0.000000 0.001189
353048.223148 4026045.242817 0.000000 0.001227
353048.248965 4026045.188119 0.000000 0.001265
353048.274818 4026045.133355 0.000000 0.001304
353048.300708 4026045.078523 0.000000 0.001343
353048.326638 4026045.023619 0.000000 0.001382
353048.352608 4026044.968642 0.000000 0.001422
353048.378620 4026044.913587 0.000000 0.001462
353048.404676 4026044.858453 0.000000 0.001503
353048.430777 4026044.803235 0.000000 0.001543
353048.456926 4026044.747932 0.000000 0.001584
353048.483122 4026044.692540 0.000000 0.001625
353048.509370 4026044.637056 0.000000 0.001666
353048.535669 4026044.581477 0.000000 0.001707
353048.562021 4026044.525799 0.000000 0.001748
353048.588430 4026044.470020 0.000000 0.001789
353048.614895 4026044.414136 0.000000 0.001829
353048.641420 4026044.358144 0.000000 0.001869
353048.668006 4026044.302040 0.000000 0.001909
353048.694654 4026044.245821 0.000000 0.001949
353048.721367 4026044.189484 0.000000 0.001988
353048.748146 4026044.133024 0.000000 0.002027
353048.774994 4026044.076440 0.000000 0.002065
353048.801912 4026044.019726 0.000000 0.002102
353048.828903 4026043.962880 0.000000 0.002139
353048.855967 4026043.905898 0.000000 0.002175
353048.883108 4026043.848776 0.000000 0.002210
353048.910327 4026043.791511 0.000000 0.002245
353048.937625 4026043.734098 0.000000 0.002278
353048.965006 4026043.676535 0.000000 0.002311
353048.992471 4026043.618818 0.000000 0.002343
353049.020022 4026043.560942 0.000000 0.002373
353049.047662 4026043.502905 0.000000 0.002403
353049.075391 4026043.444702 0.000000 0.002431
353049.103212 4026043.386329 0.000000 0.002459
353049.131128 4026043.327783 0.000000 0.002485
353049.159140 4026043.269060 0.000000 0.002510
353049.187251 4026043.210156 0.000000 0.002534
353049.215462 4026043.151067 0.000000 0.002556
353049.243776 4026043.091789 0.000000 0.002577
353049.272194 4026043.032319 0.000000 0.002597
353049.300720 4026042.972651 0.000000 0.002616
353049.329354 4026042.912784 0.000000 0.002633
353049.358099 4026042.852711 0.000000 0.002648
353049.386958 4026042.792430 0.000000 0.002662
353049.415932 4026042.731935 0.000000 0.002675
353049.445024 4026042.671224 0.000000 0.002686
353049.474235 4026042.610292 0.000000 0.002696
353049.503569 4026042.549135 0.000000 0.002704
353049.533026 4026042.487749 0.000000 0.002711
353049.562611 4026042.426128 0.000000 0.002716
353049.592323 4026042.364271 0.000000 0.002720
353049.622167 4026042.302171 0.000000 0.002722
353049.652144 4026042.239824 0.000000 0.002723
353049.682256 4026042.177227 0.000000 0.002722
353049.712507 4026042.114374 0.000000 0.002719
353049.742897 4026042.051262 0.000000 0.002715
353049.773430 4026041.987885 0.000000 0.002709
353049.804108 4026041.924240 0.000000 0.002702
353049.834933 4026041.860321 0.000000 0.002693
353049.865908 4026041.796123 0.000000 0.002683
353049.897035 4026041.731643 0.000000 0.002671
353049.928316 4026041.666875 0.000000 0.002658
353049.959755 4026041.601815 0.000000 0.002643
353049.991353 4026041.536457 0.000000 0.002626
353050.023114 4026041.470796 0.000000 0.002608
353050.055039 4026041.404828 0.000000 0.002589
353050.087132 4026041.338546 0.000000 0.002568
353050.119394 4026041.271947 0.000000 0.002546
353050.151830 4026041.205023 0.000000 0.002522
353050.184441 4026041.137771 0.000000 0.002497
353050.217231 4026041.070184 0.000000 0.002471
353050.250201 4026041.002257 0.000000 0.002443
353050.283356 4026040.933984 0.000000 0.002414
353050.316697 4026040.865358 0.000000 0.002383
353050.350228 4026040.796375 0.000000 0.002352
353050.383953 4026040.727028 0.000000 0.002319
353050.417873 4026040.657310 0.000000 0.002285
353050.451992 4026040.587215 0.000000 0.002250
353050.486314 4026040.516737 0.000000 0.002214
353050.520842 4026040.445869 0.000000 0.002177
353050.555578 4026040.374603 0.000000 0.002139
353050.590528 4026040.302934 0.000000 0.002100
353050.625693 4026040.230852 0.000000 0.002060
353050.661078 4026040.158352 0.000000 0.002020
353050.696686 4026040.085424 0.000000 0.001978
353050.732522 4026040.012062 0.000000 0.001936
353050.768589 4026039.938256 0.000000 0.001893
353050.804892 4026039.863999 0.000000 0.001850
353050.841434 4026039.789282 0.000000 0.001806
353050.878220 4026039.714095 0.000000 0.001762
353050.915255 4026039.638429 0.000000 0.001717
353050.952543 4026039.562274 0.000000 0.001671
353050.990089 4026039.485621 0.000000 0.001626
353051.027897 4026039.408459 0.000000 0.001580
353051.065974 4026039.330777 0.000000 0.001534
353051.104324 4026039.252565 0.000000 0.001488
353051.142954 4026039.173809 0.000000 0.001442
353051.181868 4026039.094500 0.000000 0.001396
353051.221072 4026039.014623 0.000000 0.001350
353051.260574 4026038.934166 0.000000 0.001304
353051.300379 4026038.853116 0.000000 0.001258
353051.340493 4026038.771459 0.000000 0.001212
353051.380925 4026038.689179 0.000000 0.001167
353051.421681 4026038.606264 0.000000 0.001122
353051.462768 4026038.522695 0.000000 0.001078
353051.504195 4026038.438458 0.000000 0.001034
353051.545970 4026038.353536 0.000000 0.000990
353051.588100 4026038.267910 0.000000 0.000948
353051.630595 4026038.181564 0.000000 0.000905
353051.673463 4026038.094477 0.000000 0.000864
353051.716715 4026038.006631 0.000000 0.000823
353051.760359 4026037.918005 0.000000 0.000783
353051.804407 4026037.828578 0.000000 0.000744
353051.848868 4026037.738327 0.000000 0.000706
353051.893755 4026037.647231 0.000000 0.000669
353051.939077 4026037.555265 0.000000 0.000633
353051.984847 4026037.462405 0.000000 0.000597
353052.031078 4026037.368625 0.000000 0.000563
353052.077782 4026037.273900 0.000000 0.000530
353052.124972 4026037.178200 0.000000 0.000497
353052.172663 4026037.081499 0.000000 0.000466
353052.220869 4026036.983765 0.000000 0.000436
353052.269605 4026036.884968 0.000000 0.000407
353052.318887 4026036.785075 0.000000 0.000380
353052.368732 4026036.684050 0.000000 0.000353
353052.419159 4026036.581857 0.000000 0.000327
353052.470186 4026036.478456 0.000000 0.000303
353052.521836 4026036.373802 0.000000 0.000280
353052.574130 4026036.267851 0.000000 0.000258
353052.627093 4026036.160551 0.000000 0.000237
353052.680754 4026036.051846 0.000000 0.000217
353052.735140 4026035.941678 0.000000 0.000198
353052.790285 4026035.829978 0.000000 0.000181
353052.846225 4026035.716675 0.000000 0.000164
353052.902999 4026035.601687 0.000000 0.000148
353052.960651 4026035.484928 0.000000 0.000134
353053.019227 4026035.366299 0.000000 0.000120
353053.078782 4026035.245695 0.000000 0.000108
353053.139372 4026035.122996 0.000000 0.000096
353053.201062 4026034.998074 0.000000 0.000086
353053.263921 4026034.870788 0.000000 0.000076
353053.328026 4026034.740981 0.000000 0.000067
353053.393462 4026034.608483 0.000000 0.000059
353053.460320 4026034.473107 0.000000 0.000051
353053.528701 4026034.334651 0.000000 0.000045
353053.598713 4026034.192891 0.000000 0.000043
353053.670478 4026034.047587 0.000000 0.000041
353053.744123 4026033.898476 0.000000 0.000039
353053.819790 4026033.745272 0.000000 0.000037
353053.897631 4026033.587668 0.000000 0.000035
353053.977812 4026033.425328 0.000000 0.000033
353054.060510 4026033.257891 0.000000 0.000030
353054.145917 4026033.084970 0.000000 0.000028
353054.234241 4026032.906144 0.000000 0.000026
353054.325705 4026032.720962 0.000000 0.000024
353054.420546 4026032.528941 0.000000 0.000022
353054.519022 4026032.329562 0.000000 0.000020
353054.621407 4026032.122269 0.000000 0.000018
353054.727994 4026031.906467 0.000000 0.000016
353054.839098 4026031.681522 0.000000 0.000014
353054.955052 4026031.446756 0.000000 0.000012
353055.076214 4026031.201446 0.000000 0.000010
353055.202962 4026030.944826 0.000000 0.000008
353055.335700 4026030.676079 0.000000 0.000006
353055.474857 4026030.394336 0.000000 0.000004
353055.620886 4026030.098679 0.000000 0.000002
