353055.774270 4026029.788133 0.000000 0.000000
353055.914238 4026029.489934 0.000000 0.000000
353056.047495 4026029.206032 0.000000 0.000000
353056.174481 4026028.935492 0.000000 0.000000
353056.295610 4026028.677430 0.000000 0.000000
353056.411272 4026028.431013 0.000000 0.000000
353056.521837 4026028.195457 0.000000 0.000000
353056.627650 4026027.970025 0.000000 0.000000
353056.729036 4026027.754024 0.000000 0.000000
353056.826301 4026027.546803 0.000000 0.000000
353056.919732 4026027.347752 0.000000 0.000000
353057.009595 4026027.156300 0.000000 0.000000
353057.096141 4026026.971914 0.000000 0.000000
353057.179606 4026026.794096 0.000000 0.000000
353057.260205 4026026.622380 0.000000 0.000000
353057.338144 4026026.456334 0.000000 0.000000
353057.413610 4026026.295555 0.000000 0.000000
353057.486779 4026026.139670 0.000000 0.000000
353057.557814 4026025.988332 0.000000 0.000000
353057.626865 4026025.841220 0.000000 0.000000
353057.694071 4026025.698038 0.000000 0.000000
353057.759562 4026025.558512 0.000000 0.000000
353057.823455 4026025.422389 0.000000 0.000000
353057.885859 4026025.289438 0.000000 0.000000
353057.946875 4026025.159445 0.000000 0.000000
353058.006594 4026025.032216 0.000000 0.000000
353058.065100 4026024.907570 0.000000 -0.000000
353058.122470 4026024.785344 0.000000 0.000000
353058.178774 4026024.665389 0.000000 -0.000000
353058.234077 4026024.547569 0.000000 0.000000
353058.288435 4026024.431758 0.000000 0.000000
353058.341904 4026024.317845 0.000000 0.000000
353058.394530 4026024.205726 0.000000 0.000000
353058.446358 4026024.095309 0.000000 0.000000
353058.497427 4026023.986507 0.000000 0.000000
353058.547773 4026023.879245 0.000000 0.000000
353058.597430 4026023.773451 0.000000 -0.000000
353058.646428 4026023.669063 0.000000 0.000000
353058.694794 4026023.566021 0.000000 0.000000
353058.742552 4026023.464273 0.000000 0.000000
353058.789726 4026023.363770 0.000000 -0.000000
353058.836337 4026023.264467 0.000000 0.000000
353058.882404 4026023.166321 0.000000 -0.000000
353058.927946 4026023.069295 0.000000 0.000000
353058.972979 4026022.973353 0.000000 -0.000000
353059.017520 4026022.878459 0.000000 -0.000000
353059.061584 4026022.784584 0.000000 -0.000000
353059.105184 4026022.691695 0.000000 0.000000
353059.148334 4026022.599763 0.000000 0.000000
353059.191048 4026022.508762 0.000000 -0.000000
353059.233339 4026022.418663 0.000000 -0.000000
353059.275217 4026022.329441 0.000000 -0.000000
353059.316696 4026022.241071 0.000000 -0.000000
353059.357787 4026022.153529 0.000000 0.000000
353059.398500 4026022.066791 0.000000 -0.000000
353059.438846 4026021.980834 0.000000 -0.000000
353059.478836 4026021.895637 0.000000 -0.000000
353059.518479 4026021.811178 0.000000 -0.000000
353059.557785 4026021.727437 0.000000 -0.000000
353059.596763 4026021.644395 0.000000 -0.000000
353059.635423 4026021.562032 0.000000 0.000000
353059.673772 4026021.480329 0.000000 -0.000000
353059.711820 4026021.399270 0.000000 -0.000000
353059.749574 4026021.318835 0.000000 0.000000
353059.787042 4026021.239010 0.000000 0.000000
353059.824233 4026021.159777 0.000000 0.000000
353059.861152 4026021.081120 0.000000 0.000000
353059.897808 4026021.003025 0.000000 -0.000000
353059.934208 4026020.925477 0.000000 0.000000
353059.970358 4026020.848461 0.000000 0.000000
353060.006264 4026020.771963 0.000000 0.000000
353060.041934 4026020.695969 0.000000 -0.000000
353060.077373 4026020.620467 0.000000 0.000000
353060.112587 4026020.545443 0.000000 0.000000
353060.147583 4026020.470886 0.000000 -0.000000
353060.182366 4026020.396782 0.000000 -0.000000
353060.216941 4026020.323120 0.000000 0.000000
353060.251315 4026020.249888 0.000000 0.000000
353060.285492 4026020.177075 0.000000 0.000000
353060.319477 4026020.104669 0.000000 -0.000000
353060.353277 4026020.032660 0.000000 0.000000
353060.386895 4026019.961038 0.000000 -0.000000
353060.420336 4026019.889791 0.000000 -0.000000
353060.453607 4026019.818909 0.000000 0.000000
353060.486710 4026019.748382 0.000000 -0.000000
353060.519652 4026019.678201 0.000000 0.000000
353060.552436 4026019.608355 0.000000 0.000000
353060.585067 4026019.538835 0.000000 0.000000
353060.617550 4026019.469632 0.000000 -0.000000
353060.649889 4026019.400735 0.000000 0.000000
353060.682087 4026019.332136 0.000000 -0.000000
353060.714151 4026019.263825 0.000000 0.000000
353060.746083 4026019.195794 0.000000 -0.000000
353060.777889 4026019.128033 0.000000 0.000000
353060.809571 4026019.060534 0.000000 -0.000000
353060.841135 4026018.993288 0.000000 0.000000
353060.872585 4026018.926285 0.000000 0.000000
353060.903924 4026018.859518 0.000000 0.000000
353060.935157 4026018.792977 0.000000 -0.000000
353060.966287 4026018.726655 0.000000 -0.000000
353060.997319 4026018.660542 0.000000 0.000000
353061.028257 4026018.594630 0.000000 0.000000
353061.059104 4026018.528910 0.000000 -0.000000
353061.089865 4026018.463375 0.000000 -0.000000
353061.120543 4026018.398016 0.000000 -0.000000
353061.151142 4026018.332825 0.000000 -0.000000
353061.181667 4026018.267793 0.000000 0.000000
353061.212121 4026018.202912 0.000000 0.000000
353061.242507 4026018.138174 0.000000 -0.000000
353061.272830 4026018.073572 0.000000 0.000000
353061.303094 4026018.009095 0.000000 -0.000000
353061.333302 4026017.944738 0.000000 0.000000
353061.363458 4026017.880491 0.000000 0.000000
353061.393566 4026017.816347 0.000000 0.000000
353061.423629 4026017.752298 0.000000 -0.000000
353061.453652 4026017.688335 0.000000 -0.000000
353061.483637 4026017.624451 0.000000 -0.000000
353061.513590 4026017.560638 0.000000 0.000000
353061.543513 4026017.496888 0.000000 -0.000000
353061.573410 4026017.433193 0.000000 0.000000
353061.603285 4026017.369545 0.000000 -0.000000
353061.633142 4026017.305936 0.000000 0.000000
353061.662983 4026017.242359 0.000000 0.000000
353061.692814 4026017.178805 0.000000 0.000000
353061.722638 4026017.115267 0.000000 0.000000
353061.752458 4026017.051736 0.000000 -0.000000
353061.782277 4026016.988206 0.000000 0.000000
353061.812101 4026016.924668 0.000000 0.000000
353061.841932 4026016.861114 0.000000 -0.000000
353061.871773 4026016.797536 0.000000 -0.000000
353061.901630 4026016.733928 0.000000 0.000000
353061.931505 4026016.670280 0.000000 -0.000000
353061.961402 4026016.606584 0.000000 -0.000000
353061.991325 4026016.542834 0.000000 0.000000
353062.021278 4026016.479021 0.000000 0.000000
353062.051263 4026016.415137 0.000000 -0.000000
353062.081286 4026016.351175 0.000000 0.000000
353062.111349 4026016.287125 0.000000 0.000000
353062.141457 4026016.222981 0.000000 -0.000000
353062.171613 4026016.158735 0.000000 0.000000
353062.201821 4026016.094377 0.000000 0.000000
353062.232085 4026016.029901 0.000000 0.000000
353062.262408 4026015.965298 0.000000 -0.000000
353062.292794 4026015.900561 0.000000 0.000000
353062.323248 4026015.835680 0.000000 0.000000
353062.353773 4026015.770648 0.000000 -0.000000
353062.384372 4026015.705456 0.000000 -0.000000
353062.415050 4026015.640097 0.000000 0.000000
353062.445811 4026015.574562 0.000000 -0.000000
353062.476658 4026015.508843 0.000000 0.000000
353062.507596 4026015.442931 0.000000 0.000000
353062.538628 4026015.376818 0.000000 -0.000000
353062.569758 4026015.310495 0.000000 -0.000000
353062.600991 4026015.243955 0.000000 0.000000
353062.632330 4026015.177187 0.000000 -0.000000
353062.663780 4026015.110185 0.000000 0.000000
353062.695344 4026015.042938 0.000000 0.000000
353062.727026 4026014.975439 0.000000 -0.000000
353062.758832 4026014.907678 0.000000 -0.000000
353062.790764 4026014.839647 0.000000 0.000000
353062.822828 4026014.771337 0.000000 0.000000
353062.855026 4026014.702738 0.000000 -0.000000
353062.887365 4026014.633841 0.000000 0.000000
353062.919848 4026014.564637 0.000000 -0.000000
353062.952479 4026014.495117 0.000000 -0.000000
353062.985263 4026014.425272 0.000000 0.000000
353063.018205 4026014.355090 0.000000 -0.000000
353063.051308 4026014.284564 0.000000 0.000000
353063.084579 4026014.213682 0.000000 -0.000000
353063.118020 4026014.142435 0.000000 0.000000
353063.151638 4026014.070812 0.000000 0.000000
353063.185438 4026013.998804 0.000000 -0.000000
353063.219423 4026013.926398 0.000000 0.000000
353063.253600 4026013.853585 0.000000 0.000000
353063.287974 4026013.780353 0.000000 -0.000000
353063.322549 4026013.706691 0.000000 -0.000000
353063.357332 4026013.632587 0.000000 -0.000000
353063.392328 4026013.558029 0.000000 0.000000
353063.427542 4026013.483006 0.000000 0.000000
353063.462981 4026013.407504 0.000000 -0.000000
353063.498651 4026013.331510 0.000000 -0.000000
353063.534557 4026013.255012 0.000000 -0.000000
353063.570707 4026013.177996 0.000000 -0.000000
353063.607107 4026013.100447 0.000000 0.000000
353063.643763 4026013.022352 0.000000 -0.000000
353063.680683 4026012.943696 0.000000 -0.000000
353063.717873 4026012.864463 0.000000 0.000000
353063.755341 4026012.784637 0.000000 -0.000000
353063.793095 4026012.704203 0.000000 -0.000000
353063.831143 4026012.623143 0.000000 0.000000
353063.869492 4026012.541441 0.000000 0.000000
353063.908152 4026012.459078 0.000000 0.000000
353063.947130 4026012.376035 0.000000 -0.000000
353063.986436 4026012.292295 0.000000 -0.000000
353064.026079 4026012.207836 0.000000 -0.000000
353064.066069 4026012.122639 0.000000 -0.000000
353064.106415 4026012.036682 0.000000 -0.000000
353064.147128 4026011.949944 0.000000 0.000000
353064.188219 4026011.862401 0.000000 -0.000000
353064.229698 4026011.774031 0.000000 -0.000000
353064.271576 4026011.684810 0.000000 0.000000
353064.313867 4026011.594711 0.000000 0.000000
353064.356581 4026011.503709 0.000000 -0.000000
353064.399731 4026011.411778 0.000000 -0.000000
353064.443332 4026011.318889 0.000000 0.000000
353064.487395 4026011.225013 0.000000 0.000000
353064.531936 4026011.130120 0.000000 -0.000000
353064.576969 4026011.034177 0.000000 0.000000
353064.622511 4026010.937152 0.000000 -0.000000
353064.668578 4026010.839006 0.000000 -0.000000
353064.715189 4026010.739703 0.000000 0.000000
353064.762363 4026010.639199 0.000000 0.000000
353064.810121 4026010.537451 0.000000 0.000000
353064.858487 4026010.434410 0.000000 0.000000
353064.907485 4026010.330021 0.000000 -0.000000
353064.957142 4026010.224228 0.000000 -0.000000
353065.007488 4026010.116965 0.000000 -0.000000
353065.058557 4026010.008164 0.000000 0.000000
353065.110385 4026009.897746 0.000000 0.000000
353065.163011 4026009.785627 0.000000 -0.000000
353065.216480 4026009.671714 0.000000 0.000000
353065.270838 4026009.555904 0.000000 0.000000
353065.326141 4026009.438083 0.000000 -0.000000
353065.382445 4026009.318128 0.000000 -0.000000
353065.439815 4026009.195903 0.000000 0.000000
353065.498321 4026009.071257 0.000000 0.000000
353065.558040 4026008.944027 0.000000 -0.000000
353065.619056 4026008.814035 0.000000 -0.000000
353065.681460 4026008.681084 0.000000 -0.000000
353065.745353 4026008.544961 0.000000 -0.000000
353065.810844 4026008.405435 0.000000 -0.000000
353065.878050 4026008.262252 0.000000 -0.000000
353065.947101 4026008.115141 0.000000 -0.000000
353066.018136 4026007.963802 0.000000 -0.000000
353066.091305 4026007.807917 0.000000 -0.000000
353066.166771 4026007.647139 0.000000 -0.000000
353066.244710 4026007.481093 0.000000 -0.000000
353066.325309 4026007.309377 0.000000 -0.000000
353066.408774 4026007.131559 0.000000 -0.000000
353066.495320 4026006.947173 0.000000 -0.000000
353066.585183 4026006.755721 0.000000 -0.000000
353066.678614 4026006.556670 0.000000 -0.000000
353066.775879 4026006.349449 0.000000 -0.000000
353066.877265 4026006.133447 0.000000 -0.000000
353066.983078 4026005.908015 0.000000 -0.000000
353067.093643 4026005.672460 0.000000 -0.000000
353067.209305 4026005.426043 0.000000 -0.000000
353067.330434 4026005.167981 0.000000 -0.000000
353067.457420 4026004.897441 0.000000 -0.000000
353067.590677 4026004.613539 0.000000 -0.000000
