353067.730645 4026004.315340 0.000000 0.000000
353067.875890 4026004.006875 0.000000 0.000000
353068.014171 4026003.713200 0.000000 0.000000
353068.145945 4026003.433347 0.000000 0.000000
353068.271640 4026003.166401 0.000000 0.000000
353068.391663 4026002.911501 0.000000 0.000000
353068.506396 4026002.667837 0.000000 0.000000
353068.616198 4026002.434644 0.000000 0.000001
353068.721407 4026002.211207 0.000000 0.000001
353068.822339 4026001.996852 0.000000 0.000001
353068.919291 4026001.790949 0.000000 0.000001
353069.012542 4026001.592906 0.000000 0.000001
353069.102352 4026001.402173 0.000000 0.000001
353069.188963 4026001.218233 0.000000 0.000001
353069.272601 4026001.040606 0.000000 0.000001
353069.353477 4026000.868844 0.000000 0.000001
353069.431789 4026000.702531 0.000000 0.000001
353069.507716 4026000.541280 0.000000 0.000001
353069.581429 4026000.384733 0.000000 0.000001
353069.653083 4026000.232557 0.000000 0.000002
353069.722823 4026000.084447 0.000000 0.000002
353069.790782 4025999.940118 0.000000 0.000002
353069.857083 4025999.799311 0.000000 0.000002
353069.921840 4025999.661785 0.000000 0.000002
353069.985155 4025999.527319 0.000000 0.000002
353070.047124 4025999.395712 0.000000 0.000002
353070.107835 4025999.266778 0.000000 0.000003
353070.167366 4025999.140349 0.000000 0.000003
353070.225791 4025999.016269 0.000000 0.000003
353070.283176 4025998.894398 0.000000 0.000004
353070.339582 4025998.774607 0.000000 0.000004
353070.395063 4025998.656780 0.000000 0.000005
353070.449670 4025998.540811 0.000000 0.000005
353070.503447 4025998.426603 0.000000 0.000006
353070.556436 4025998.314068 0.000000 0.000006
353070.608675 4025998.203127 0.000000 0.000007
353070.660198 4025998.093708 0.000000 0.000008
353070.711035 4025997.985744 0.000000 0.000009
353070.761215 4025997.879177 0.000000 0.000009
353070.810764 4025997.773950 0.000000 0.000010
353070.859705 4025997.670015 0.000000 0.000011
353070.908060 4025997.567324 0.000000 0.000012
353070.955849 4025997.465835 0.000000 0.000013
353071.003091 4025997.365509 0.000000 0.000014
353071.049803 4025997.266308 0.000000 0.000015
353071.096001 4025997.168198 0.000000 0.000017
353071.141702 4025997.071146 0.000000 0.000018
353071.186919 4025996.975122 0.000000 0.000019
353071.231667 4025996.880095 0.000000 0.000020
353071.275958 4025996.786037 0.000000 0.000022
353071.319806 4025996.692921 0.000000 0.000023
353071.363223 4025996.600722 0.000000 0.000025
353071.406221 4025996.509413 0.000000 0.000027
353071.448811 4025996.418970 0.000000 0.000028
353071.491004 4025996.329371 0.000000 0.000030
353071.532811 4025996.240592 0.000000 0.000032
353071.574243 4025996.152612 0.000000 0.000034
353071.615308 4025996.065409 0.000000 0.000036
353071.656018 4025995.978965 0.000000 0.000038
353071.696379 4025995.893259 0.000000 0.000040
353071.736403 4025995.808272 0.000000 0.000042
353071.776096 4025995.723987 0.000000 0.000044
353071.815467 4025995.640387 0.000000 0.000047
353071.854524 4025995.557454 0.000000 0.000049
353071.893275 4025995.475173 0.000000 0.000051
353071.931726 4025995.393529 0.000000 0.000054
353071.969885 4025995.312506 0.000000 0.000057
353072.007759 4025995.232091 0.000000 0.000059
353072.045354 4025995.152269 0.000000 0.000062
353072.082675 4025995.073027 0.000000 0.000065
353072.119731 4025994.994353 0.000000 0.000067
353072.156525 4025994.916234 0.000000 0.000070
353072.193064 4025994.838658 0.000000 0.000073
353072.229353 4025994.761614 0.000000 0.000076
353072.265397 4025994.685091 0.000000 0.000079
353072.301201 4025994.609079 0.000000 0.000082
353072.336771 4025994.533566 0.000000 0.000085
353072.372110 4025994.458543 0.000000 0.000089
353072.407224 4025994.384001 0.000000 0.000092
353072.442117 4025994.309931 0.000000 0.000095
353072.476792 4025994.236322 0.000000 0.000098
353072.511255 4025994.163167 0.000000 0.000102
353072.545508 4025994.090458 0.000000 0.000105
353072.579556 4025994.018185 0.000000 0.000109
353072.613403 4025993.946342 0.000000 0.000112
353072.647052 4025993.874920 0.000000 0.000116
353072.680507 4025993.803912 0.000000 0.000119
353072.713771 4025993.733311 0.000000 0.000123
353072.746848 4025993.663110 0.000000 0.000126
353072.779740 4025993.593302 0.000000 0.000130
353072.812451 4025993.523880 0.000000 0.000133
353072.844984 4025993.454837 0.000000 0.000137
353072.877342 4025993.386168 0.000000 0.000140
353072.909528 4025993.317866 0.000000 0.000144
353072.941545 4025993.249925 0.000000 0.000147
353072.973396 4025993.182339 0.000000 0.000151
353073.005083 4025993.115102 0.000000 0.000154
353073.036609 4025993.048208 0.000000 0.000158
353073.067977 4025992.981652 0.000000 0.000161
353073.099189 4025992.915429 0.000000 0.000165
353073.130249 4025992.849532 0.000000 0.000168
353073.161157 4025992.783956 0.000000 0.000172
353073.191918 4025992.718697 0.000000 0.000175
353073.222534 4025992.653749 0.000000 0.000178
353073.253006 4025992.589106 0.000000 0.000181
353073.283337 4025992.524764 0.000000 0.000184
353073.313530 4025992.460719 0.000000 0.000187
353073.343587 4025992.396964 0.000000 0.000190
353073.373510 4025992.333495 0.000000 0.000193
353073.403301 4025992.270308 0.000000 0.000196
353073.432963 4025992.207398 0.000000 0.000199
353073.462498 4025992.144759 0.000000 0.000201
353073.491908 4025992.082389 0.000000 0.000204
353073.521195 4025992.020281 0.000000 0.000206
353073.550361 4025991.958431 0.000000 0.000208
353073.579409 4025991.896836 0.000000 0.000210
353073.608340 4025991.835490 0.000000 0.000212
353073.637156 4025991.774389 0.000000 0.000214
353073.665860 4025991.713530 0.000000 0.000216
353073.694453 4025991.652907 0.000000 0.000218
353073.722938 4025991.592516 0.000000 0.000219
353073.751316 4025991.532354 0.000000 0.000220
353073.779590 4025991.472415 0.000000 0.000222
353073.807761 4025991.412697 0.000000 0.000223
353073.835832 4025991.353194 0.000000 0.000223
353073.863804 4025991.293903 0.000000 0.000224
353073.891679 4025991.234819 0.000000 0.000225
353073.919459 4025991.175939 0.000000 0.000225
353073.947146 4025991.117258 0.000000 0.000225
353073.974742 4025991.058773 0.000000 0.000225
353074.002248 4025991.000479 0.000000 0.000225
353074.029667 4025990.942373 0.000000 0.000225
353074.057001 4025990.884450 0.000000 0.000224
353074.084251 4025990.826707 0.000000 0.000224
353074.111419 4025990.769140 0.000000 0.000223
353074.138507 4025990.711745 0.000000 0.000222
353074.165516 4025990.654518 0.000000 0.000221
353074.192449 4025990.597455 0.000000 0.000219
353074.219307 4025990.540553 0.000000 0.000218
353074.246092 4025990.483808 0.000000 0.000216
353074.272806 4025990.427215 0.000000 0.000214
353074.299451 4025990.370772 0.000000 0.000212
353074.326027 4025990.314474 0.000000 0.000210
353074.352538 4025990.258318 0.000000 0.000208
353074.378984 4025990.202300 0.000000 0.000206
353074.405368 4025990.146417 0.000000 0.000203
353074.431691 4025990.090665 0.000000 0.000200
353074.457954 4025990.035040 0.000000 0.000197
353074.484160 4025989.979538 0.000000 0.000194
353074.510310 4025989.924157 0.000000 0.000191
353074.536406 4025989.868893 0.000000 0.000188
353074.562449 4025989.813742 0.000000 0.000185
353074.588441 4025989.758701 0.000000 0.000181
353074.614383 4025989.703767 0.000000 0.000178
353074.640277 4025989.648936 0.000000 0.000174
353074.666125 4025989.594204 0.000000 0.000171
353074.691927 4025989.539570 0.000000 0.000167
353074.717687 4025989.485029 0.000000 0.000163
353074.743404 4025989.430578 0.000000 0.000159
353074.769081 4025989.376214 0.000000 0.000155
353074.794718 4025989.321935 0.000000 0.000151
353074.820318 4025989.267736 0.000000 0.000147
353074.845882 4025989.213616 0.000000 0.000143
353074.871410 4025989.159571 0.000000 0.000139
353074.896905 4025989.105599 0.000000 0.000135
353074.922368 4025989.051696 0.000000 0.000131
353074.947799 4025988.997861 0.000000 0.000127
353074.973200 4025988.944089 0.000000 0.000123
353074.998573 4025988.890379 0.000000 0.000119
353075.023919 4025988.836728 0.000000 0.000115
353075.049238 4025988.783134 0.000000 0.000111
353075.074532 4025988.729594 0.000000 0.000107
353075.099801 4025988.676106 0.000000 0.000103
353075.125048 4025988.622667 0.000000 0.000099
353075.150273 4025988.569275 0.000000 0.000095
353075.175477 4025988.515928 0.000000 0.000092
353075.200662 4025988.462625 0.000000 0.000088
353075.225827 4025988.409362 0.000000 0.000084
353075.250974 4025988.356137 0.000000 0.000081
353075.276104 4025988.302950 0.000000 0.000077
353075.301218 4025988.249797 0.000000 0.000074
353075.326316 4025988.196678 0.000000 0.000070
353075.351400 4025988.143590 0.000000 0.000067
353075.376470 4025988.090531 0.000000 0.000064
353075.401527 4025988.037501 0.000000 0.000061
353075.426572 4025987.984497 0.000000 0.000058
353075.451605 4025987.931518 0.000000 0.000055
353075.476627 4025987.878563 0.000000 0.000052
353075.501639 4025987.825629 0.000000 0.000049
353075.526642 4025987.772717 0.000000 0.000047
353075.551635 4025987.719823 0.000000 0.000044
353075.576620 4025987.666948 0.000000 0.000042
353075.601597 4025987.614090 0.000000 0.000039
353075.626567 4025987.561248 0.000000 0.000037
353075.651529 4025987.508421 0.000000 0.000035
353075.676486 4025987.455608 0.000000 0.000032
353075.701436 4025987.402807 0.000000 0.000030
353075.726381 4025987.350019 0.000000 0.000029
353075.751320 4025987.297242 0.000000 0.000027
353075.776255 4025987.244475 0.000000 0.000025
353075.801185 4025987.191717 0.000000 0.000023
353075.826111 4025987.138968 0.000000 0.000022
353075.851034 4025987.086228 0.000000 0.000020
353075.875953 4025987.033495 0.000000 0.000019
353075.900869 4025986.980769 0.000000 0.000017
353075.925782 4025986.928049 0.000000 0.000016
353075.950692 4025986.875335 0.000000 0.000015
353075.975599 4025986.822626 0.000000 0.000014
353076.000505 4025986.769922 0.000000 0.000013
353076.025408 4025986.717222 0.000000 0.000012
353076.050310 4025986.664526 0.000000 0.000011
353076.075210 4025986.611834 0.000000 0.000010
353076.100108 4025986.559146 0.000000 0.000009
353076.125005 4025986.506460 0.000000 0.000008
353076.149901 4025986.453777 0.000000 0.000007
353076.174796 4025986.401096 0.000000 0.000007
353076.199689 4025986.348417 0.000000 0.000006
353076.224582 4025986.295740 0.000000 0.000006
353076.249474 4025986.243065 0.000000 0.000005
353076.274366 4025986.190391 0.000000 0.000005
353076.299256 4025986.137719 0.000000 0.000004
353076.324147 4025986.085048 0.000000 0.000004
353076.349036 4025986.032377 0.000000 0.000003
353076.373926 4025985.979708 0.000000 0.000003
353076.398815 4025985.927039 0.000000 0.000003
353076.423704 4025985.874371 0.000000 0.000002
353076.448592 4025985.821704 0.000000 0.000002
353076.473480 4025985.769037 0.000000 0.000002
353076.498368 4025985.716371 0.000000 0.000002
353076.523256 4025985.663704 0.000000 0.000001
353076.548144 4025985.611038 0.000000 0.000001
353076.573032 4025985.558373 0.000000 0.000001
353076.597919 4025985.505707 0.000000 0.000001
353076.622807 4025985.453042 0.000000 0.000001
353076.647694 4025985.400376 0.000000 0.000001
353076.672582 4025985.347711 0.000000 0.000001
353076.697469 4025985.295046 0.000000 0.000001
353076.722357 4025985.242381 0.000000 0.000000
353076.747244 4025985.189716 0.000000 0.000000
353076.772131 4025985.137051 0.000000 0.000000
353076.797019 4025985.084386 0.000000 0.000000
353076.821906 4025985.031721 0.000000 0.000000
353076.846793 4025984.979056 0.000000 0.000000
353076.871681 4025984.926391 0.000000 0.000000
353076.896568 4025984.873726 0.000000 0.000000
353076.921455 4025984.821061 0.000000 0.000000
353076.946342 4025984.768396 0.000000 0.000000
353076.971230 4025984.715731 0.000000 0.000000
353076.996117 4025984.663067 0.000000 0.000000
353077.021004 4025984.610402 0.000000 0.000000
353077.045892 4025984.557737 0.000000 0.000000
353077.070779 4025984.505072 0.000000 0.000000
353077.095666 4025984.452407 0.000000 -0.000000
353077.120554 4025984.399742 0.000000 -0.000000
353077.145441 4025984.347077 0.000000 -0.000000
353077.170328 4025984.294412 0.000000 -0.000000
353077.195216 4025984.241747 0.000000 -0.000000
353077.220103 4025984.189082 0.000000 -0.000000
353077.244990 4025984.136417 0.000000 -0.000000
353077.269878 4025984.083752 0.000000 -0.000000
353077.294765 4025984.031087 0.000000 -0.000000
353077.319652 4025983.978422 0.000000 -0.000000
353077.344539 4025983.925757 0.000000 -0.000000
353077.369427 4025983.873093 0.000000 -0.000000
353077.394314 4025983.820428 0.000000 -0.000000
353077.419201 4025983.767763 0.000000 -0.000000
353077.444089 4025983.715098 0.000000 -0.000000
353077.468976 4025983.662433 0.000000 -0.000000
353077.493863 4025983.609768 0.000000 -0.000001
353077.518751 4025983.557103 0.000000 -0.000001
353077.543638 4025983.504438 0.000000 -0.000001
353077.568525 4025983.451773 0.000000 -0.000001
353077.593413 4025983.399108 0.000000 -0.000001
353077.618300 4025983.346443 0.000000 -0.000001
353077.643187 4025983.293778 0.000000 -0.000001
353077.668075 4025983.241113 0.000000 -0.000001
353077.692962 4025983.188448 0.000000 -0.000001
353077.717849 4025983.135783 0.000000 -0.000002
353077.742736 4025983.083118 0.000000 -0.000002
353077.767624 4025983.030454 0.000000 -0.000002
353077.792511 4025982.977789 0.000000 -0.000002
353077.817398 4025982.925124 0.000000 -0.000003
353077.842286 4025982.872459 0.000000 -0.000003
353077.867173 4025982.819794 0.000000 -0.000003
353077.892060 4025982.767129 0.000000 -0.000003
353077.916947 4025982.714464 0.000000 -0.000004
353077.941835 4025982.661799 0.000000 -0.000004
353077.966722 4025982.609134 0.000000 -0.000005
353077.991609 4025982.556469 0.000000 -0.000005
353078.016496 4025982.503804 0.000000 -0.000005
353078.041384 4025982.451139 0.000000 -0.000006
353078.066271 4025982.398474 0.000000 -0.000006
353078.091158 4025982.345809 0.000000 -0.000007
353078.116045 4025982.293144 0.000000 -0.000008
353078.140932 4025982.240479 0.000000 -0.000008
353078.165819 4025982.187814 0.000000 -0.000009
353078.190706 4025982.135149 0.000000 -0.000010
353078.215594 4025982.082484 0.000000 -0.000010
353078.240481 4025982.029819 0.000000 -0.000011
353078.265368 4025981.977154 0.000000 -0.000012
353078.290255 4025981.924489 0.000000 -0.000013
353078.315142 4025981.871824 0.000000 -0.000014
353078.340028 4025981.819158 0.000000 -0.000015
353078.364915 4025981.766493 0.000000 -0.000016
353078.389802 4025981.713828 0.000000 -0.000017
353078.414689 4025981.661163 0.000000 -0.000018
353078.439576 4025981.608498 0.000000 -0.000020
353078.464462 4025981.555833 0.000000 -0.000021
353078.489349 4025981.503167 0.000000 -0.000022
353078.514236 4025981.450502 0.000000 -0.000024
353078.539122 4025981.397837 0.000000 -0.000025
353078.564009 4025981.345171 0.000000 -0.000027
353078.588895 4025981.292506 0.000000 -0.000028
353078.613781 4025981.239841 0.000000 -0.000030
353078.638667 4025981.187175 0.000000 -0.000032
353078.663554 4025981.134510 0.000000 -0.000033
353078.688440 4025981.081844 0.000000 -0.000035
353078.713325 4025981.029178 0.000000 -0.000037
353078.738211 4025980.976513 0.000000 -0.000039
353078.763097 4025980.923847 0.000000 -0.000041
353078.787983 4025980.871181 0.000000 -0.000043
353078.812868 4025980.818516 0.000000 -0.000045
353078.837753 4025980.765850 0.000000 -0.000047
353078.862638 4025980.713184 0.000000 -0.000050
353078.887524 4025980.660518 0.000000 -0.000052
353078.912408 4025980.607852 0.000000 -0.000054
353078.937293 4025980.555185 0.000000 -0.000057
353078.962178 4025980.502519 0.000000 -0.000059
353078.987062 4025980.449853 0.000000 -0.000062
353079.011946 4025980.397186 0.000000 -0.000064
353079.036830 4025980.344520 0.000000 -0.000067
353079.061714 4025980.291853 0.000000 -0.000069
353079.086598 4025980.239187 0.000000 -0.000072
353079.111481 4025980.186520 0.000000 -0.000075
353079.136364 4025980.133853 0.000000 -0.000077
353079.161247 4025980.081186 0.000000 -0.000080
353079.186130 4025980.028519 0.000000 -0.000083
353079.211012 4025979.975852 0.000000 -0.000086
353079.235894 4025979.923184 0.000000 -0.000089
353079.260776 4025979.870517 0.000000 -0.000091
353079.285658 4025979.817849 0.000000 -0.000094
353079.310539 4025979.765181 0.000000 -0.000097
353079.335420 4025979.712513 0.000000 -0.000100
353079.360301 4025979.659845 0.000000 -0.000103
353079.385181 4025979.607177 0.000000 -0.000106
353079.410061 4025979.554509 0.000000 -0.000109
353079.434941 4025979.501840 0.000000 -0.000112
353079.459820 4025979.449172 0.000000 -0.000114
353079.484699 4025979.396503 0.000000 -0.000117
353079.509578 4025979.343834 0.000000 -0.000120
353079.534456 4025979.291165 0.000000 -0.000123
353079.559334 4025979.238495 0.000000 -0.000126
353079.584212 4025979.185826 0.000000 -0.000128
353079.609089 4025979.133156 0.000000 -0.000131
353079.633965 4025979.080486 0.000000 -0.000134
353079.658842 4025979.027816 0.000000 -0.000136
353079.683717 4025978.975145 0.000000 -0.000139
353079.708593 4025978.922475 0.000000 -0.000141
353079.733468 4025978.869804 0.000000 -0.000144
353079.758342 4025978.817133 0.000000 -0.000146
353079.783216 4025978.764462 0.000000 -0.000148
353079.808090 4025978.711790 0.000000 -0.000151
353079.832963 4025978.659119 0.000000 -0.000153
353079.857836 4025978.606447 0.000000 -0.000155
353079.882708 4025978.553775 0.000000 -0.000157
353079.907579 4025978.501102 0.000000 -0.000159
353079.932450 4025978.448430 0.000000 -0.000161
353079.957321 4025978.395757 0.000000 -0.000163
353079.982191 4025978.343084 0.000000 -0.000164
353080.007061 4025978.290411 0.000000 -0.000166
353080.031930 4025978.237737 0.000000 -0.000167
353080.056798 4025978.185063 0.000000 -0.000169
353080.081666 4025978.132389 0.000000 -0.000170
353080.106534 4025978.079715 0.000000 -0.000171
353080.131401 4025978.027040 0.000000 -0.000172
353080.156267 4025977.974366 0.000000 -0.000173
353080.181133 4025977.921691 0.000000 -0.000174
353080.205998 4025977.869015 0.000000 -0.000175
353080.230863 4025977.816340 0.000000 -0.000176
353080.255727 4025977.763664 0.000000 -0.000176
353080.280590 4025977.710988 0.000000 -0.000177
353080.305454 4025977.658311 0.000000 -0.000177
353080.330316 4025977.605635 0.000000 -0.000178
353080.355178 4025977.552958 0.000000 -0.000178
353080.380039 4025977.500280 0.000000 -0.000178
353080.404900 4025977.447603 0.000000 -0.000178
353080.429760 4025977.394925 0.000000 -0.000178
353080.454620 4025977.342247 0.000000 -0.000177
353080.479479 4025977.289569 0.000000 -0.000177
353080.504338 4025977.236891 0.000000 -0.000177
353080.529196 4025977.184212 0.000000 -0.000176
353080.554053 4025977.131533 0.000000 -0.000176
353080.578910 4025977.078854 0.000000 -0.000175
353080.603766 4025977.026174 0.000000 -0.000174
353080.628622 4025976.973494 0.000000 -0.000173
353080.653477 4025976.920814 0.000000 -0.000172
353080.678332 4025976.868134 0.000000 -0.000171
353080.703186 4025976.815453 0.000000 -0.000170
353080.728040 4025976.762772 0.000000 -0.000169
353080.752893 4025976.710091 0.000000 -0.000167
353080.777746 4025976.657410 0.000000 -0.000166
353080.802598 4025976.604728 0.000000 -0.000164
353080.827449 4025976.552047 0.000000 -0.000163
353080.852301 4025976.499365 0.000000 -0.000161
353080.877151 4025976.446682 0.000000 -0.000160
353080.902001 4025976.394000 0.000000 -0.000158
353080.926851 4025976.341317 0.000000 -0.000156
353080.951700 4025976.288634 0.000000 -0.000154
353080.976548 4025976.235951 0.000000 -0.000152
353081.001397 4025976.183268 0.000000 -0.000150
353081.026244 4025976.130584 0.000000 -0.000148
353081.051091 4025976.077900 0.000000 -0.000146
353081.075938 4025976.025216 0.000000 -0.000144
353081.100785 4025975.972532 0.000000 -0.000142
353081.125630 4025975.919847 0.000000 -0.000140
353081.150476 4025975.867163 0.000000 -0.000138
353081.175321 4025975.814478 0.000000 -0.000135
353081.200165 4025975.761793 0.000000 -0.000133
353081.225010 4025975.709107 0.000000 -0.000130
353081.249853 4025975.656422 0.000000 -0.000128
353081.274697 4025975.603736 0.000000 -0.000126
353081.299540 4025975.551050 0.000000 -0.000123
353081.324382 4025975.498364 0.000000 -0.000121
353081.349225 4025975.445678 0.000000 -0.000118
353081.374067 4025975.392992 0.000000 -0.000115
353081.398908 4025975.340305 0.000000 -0.000113
353081.423749 4025975.287618 0.000000 -0.000110
353081.448590 4025975.234932 0.000000 -0.000107
353081.473431 4025975.182245 0.000000 -0.000104
353081.498271 4025975.129557 0.000000 -0.000102
353081.523111 4025975.076870 0.000000 -0.000099
353081.547950 4025975.024183 0.000000 -0.000096
353081.572790 4025974.971495 0.000000 -0.000093
353081.597629 4025974.918807 0.000000 -0.000090
353081.622467 4025974.866119 0.000000 -0.000087
353081.647306 4025974.813431 0.000000 -0.000084
353081.672144 4025974.760743 0.000000 -0.000081
353081.696982 4025974.708055 0.000000 -0.000078
353081.721820 4025974.655367 0.000000 -0.000074
353081.746657 4025974.602678 0.000000 -0.000071
353081.771494 4025974.549990 0.000000 -0.000068
353081.796331 4025974.497301 0.000000 -0.000064
353081.821168 4025974.444612 0.000000 -0.000061
353081.846005 4025974.391923 0.000000 -0.000057
353081.870841 4025974.339234 0.000000 -0.000054
353081.895677 4025974.286545 0.000000 -0.000050
353081.920514 4025974.233856 0.000000 -0.000046
353081.945350 4025974.181167 0.000000 -0.000042
353081.970185 4025974.128478 0.000000 -0.000039
353081.995021 4025974.075789 0.000000 -0.000035
353082.019857 4025974.023099 0.000000 -0.000031
353082.044692 4025973.970410 0.000000 -0.000026
353082.069527 4025973.917720 0.000000 -0.000022
353082.094363 4025973.865031 0.000000 -0.000018
353082.119198 4025973.812342 0.000000 -0.000013
353082.144033 4025973.759652 0.000000 -0.000009
353082.168868 4025973.706962 0.000000 -0.000004
353082.193704 4025973.654273 0.000000 0.000001
353082.218539 4025973.601583 0.000000 0.000005
353082.243374 4025973.548894 0.000000 0.000010
353082.268209 4025973.496204 0.000000 0.000015
353082.293044 4025973.443515 0.000000 0.000021
353082.317879 4025973.390825 0.000000 0.000026
353082.342715 4025973.338136 0.000000 0.000031
353082.367550 4025973.285446 0.000000 0.000037
353082.392386 4025973.232757 0.000000 0.000042
353082.417221 4025973.180068 0.000000 0.000048
353082.442057 4025973.127378 0.000000 0.000054
353082.466893 4025973.074689 0.000000 0.000060
353082.491729 4025973.022000 0.000000 0.000066
353082.516565 4025972.969311 0.000000 0.000072
353082.541402 4025972.916622 0.000000 0.000078
353082.566238 4025972.863933 0.000000 0.000085
353082.591075 4025972.811245 0.000000 0.000091
353082.615913 4025972.758556 0.000000 0.000098
353082.640750 4025972.705868 0.000000 0.000105
353082.665588 4025972.653179 0.000000 0.000112
353082.690426 4025972.600491 0.000000 0.000119
353082.715265 4025972.547803 0.000000 0.000126
353082.740104 4025972.495116 0.000000 0.000133
353082.764943 4025972.442428 0.000000 0.000140
353082.789783 4025972.389741 0.000000 0.000147
353082.814623 4025972.337053 0.000000 0.000155
353082.839463 4025972.284366 0.000000 0.000162
353082.864305 4025972.231680 0.000000 0.000170
353082.889146 4025972.178993 0.000000 0.000177
353082.913988 4025972.126307 0.000000 0.000185
353082.938831 4025972.073621 0.000000 0.000193
353082.963674 4025972.020935 0.000000 0.000201
353082.988518 4025971.968250 0.000000 0.000208
353083.013363 4025971.915565 0.000000 0.000216
353083.038208 4025971.862880 0.000000 0.000224
353083.063054 4025971.810196 0.000000 0.000232
353083.087901 4025971.757512 0.000000 0.000240
353083.112748 4025971.704828 0.000000 0.000248
353083.137597 4025971.652145 0.000000 0.000256
353083.162446 4025971.599462 0.000000 0.000264
353083.187295 4025971.546779 0.000000 0.000272
353083.212146 4025971.494097 0.000000 0.000280
353083.236998 4025971.441415 0.000000 0.000288
353083.261850 4025971.388734 0.000000 0.000296
353083.286703 4025971.336053 0.000000 0.000304
353083.311558 4025971.283372 0.000000 0.000312
353083.336413 4025971.230692 0.000000 0.000320
353083.361269 4025971.178013 0.000000 0.000328
353083.386126 4025971.125334 0.000000 0.000335
353083.410985 4025971.072655 0.000000 0.000343
353083.435844 4025971.019977 0.000000 0.000351
353083.460705 4025970.967299 0.000000 0.000358
353083.485566 4025970.914622 0.000000 0.000366
353083.510429 4025970.861946 0.000000 0.000373
353083.535293 4025970.809270 0.000000 0.000380
353083.560158 4025970.756595 0.000000 0.000387
353083.585024 4025970.703920 0.000000 0.000394
353083.609892 4025970.651246 0.000000 0.000401
353083.634761 4025970.598572 0.000000 0.000407
353083.659631 4025970.545899 0.000000 0.000414
353083.684502 4025970.493227 0.000000 0.000420
353083.709375 4025970.440555 0.000000 0.000427
353083.734249 4025970.387884 0.000000 0.000433
353083.759124 4025970.335213 0.000000 0.000439
353083.784001 4025970.282543 0.000000 0.000444
353083.808879 4025970.229874 0.000000 0.000450
353083.833759 4025970.177206 0.000000 0.000455
353083.858640 4025970.124538 0.000000 0.000460
353083.883522 4025970.071871 0.000000 0.000465
353083.908406 4025970.019204 0.000000 0.000470
353083.933292 4025969.966538 0.000000 0.000475
353083.958179 4025969.913873 0.000000 0.000479
353083.983067 4025969.861209 0.000000 0.000484
353084.007957 4025969.808545 0.000000 0.000488
353084.032848 4025969.755883 0.000000 0.000491
353084.057741 4025969.703220 0.000000 0.000495
353084.082636 4025969.650559 0.000000 0.000498
353084.107532 4025969.597898 0.000000 0.000501
353084.132430 4025969.545238 0.000000 0.000504
353084.157329 4025969.492579 0.000000 0.000507
353084.182230 4025969.439921 0.000000 0.000510
353084.207132 4025969.387263 0.000000 0.000512
353084.232036 4025969.334606 0.000000 0.000514
353084.256942 4025969.281950 0.000000 0.000516
353084.281849 4025969.229294 0.000000 0.000517
353084.306758 4025969.176640 0.000000 0.000519
353084.331668 4025969.123986 0.000000 0.000520
353084.356581 4025969.071333 0.000000 0.000521
353084.381494 4025969.018680 0.000000 0.000521
353084.406410 4025968.966029 0.000000 0.000522
353084.431327 4025968.913378 0.000000 0.000522
353084.456245 4025968.860728 0.000000 0.000522
353084.481166 4025968.808079 0.000000 0.000522
353084.506088 4025968.755430 0.000000 0.000521
353084.531011 4025968.702783 0.000000 0.000521
353084.555936 4025968.650136 0.000000 0.000520
353084.580863 4025968.597490 0.000000 0.000519
353084.605792 4025968.544844 0.000000 0.000517
353084.630722 4025968.492200 0.000000 0.000516
353084.655653 4025968.439556 0.000000 0.000514
353084.680587 4025968.386913 0.000000 0.000512
353084.705522 4025968.334270 0.000000 0.000510
353084.730458 4025968.281629 0.000000 0.000507
353084.755396 4025968.228988 0.000000 0.000505
353084.780336 4025968.176348 0.000000 0.000502
353084.805277 4025968.123708 0.000000 0.000499
353084.830220 4025968.071070 0.000000 0.000496
353084.855164 4025968.018432 0.000000 0.000492
353084.880110 4025967.965795 0.000000 0.000489
353084.905057 4025967.913158 0.000000 0.000485
353084.930006 4025967.860523 0.000000 0.000481
353084.954956 4025967.807888 0.000000 0.000477
353084.979908 4025967.755253 0.000000 0.000472
353085.004861 4025967.702620 0.000000 0.000468
353085.029816 4025967.649987 0.000000 0.000463
353085.054772 4025967.597354 0.000000 0.000458
353085.079730 4025967.544723 0.000000 0.000453
353085.104689 4025967.492092 0.000000 0.000448
353085.129649 4025967.439462 0.000000 0.000443
353085.154611 4025967.386832 0.000000 0.000437
353085.179574 4025967.334203 0.000000 0.000432
353085.204539 4025967.281575 0.000000 0.000426
353085.229505 4025967.228947 0.000000 0.000420
353085.254472 4025967.176320 0.000000 0.000414
353085.279440 4025967.123694 0.000000 0.000408
353085.304410 4025967.071068 0.000000 0.000402
353085.329381 4025967.018442 0.000000 0.000396
353085.354353 4025966.965818 0.000000 0.000389
353085.379326 4025966.913193 0.000000 0.000383
353085.404300 4025966.860570 0.000000 0.000376
353085.429276 4025966.807947 0.000000 0.000370
353085.454253 4025966.755324 0.000000 0.000363
353085.479231 4025966.702702 0.000000 0.000356
353085.504210 4025966.650081 0.000000 0.000349
353085.529190 4025966.597460 0.000000 0.000342
353085.554171 4025966.544839 0.000000 0.000335
353085.579153 4025966.492219 0.000000 0.000328
353085.604136 4025966.439600 0.000000 0.000321
353085.629120 4025966.386981 0.000000 0.000314
353085.654105 4025966.334362 0.000000 0.000307
353085.679091 4025966.281744 0.000000 0.000300
353085.704078 4025966.229127 0.000000 0.000292
353085.729066 4025966.176509 0.000000 0.000285
353085.754055 4025966.123892 0.000000 0.000278
353085.779044 4025966.071276 0.000000 0.000271
353085.804035 4025966.018660 0.000000 0.000264
353085.829026 4025965.966044 0.000000 0.000257
353085.854018 4025965.913429 0.000000 0.000250
353085.879011 4025965.860814 0.000000 0.000242
353085.904004 4025965.808199 0.000000 0.000235
353085.928998 4025965.755585 0.000000 0.000228
353085.953993 4025965.702971 0.000000 0.000222
353085.978988 4025965.650357 0.000000 0.000215
353086.003984 4025965.597744 0.000000 0.000208
353086.028981 4025965.545131 0.000000 0.000201
353086.053978 4025965.492518 0.000000 0.000195
353086.078976 4025965.439905 0.000000 0.000188
353086.103975 4025965.387293 0.000000 0.000182
353086.128974 4025965.334681 0.000000 0.000175
353086.153973 4025965.282069 0.000000 0.000169
353086.178973 4025965.229458 0.000000 0.000163
353086.203974 4025965.176847 0.000000 0.000157
353086.228975 4025965.124236 0.000000 0.000151
353086.253976 4025965.071625 0.000000 0.000145
353086.278978 4025965.019014 0.000000 0.000139
353086.303980 4025964.966404 0.000000 0.000133
353086.328983 4025964.913793 0.000000 0.000128
353086.353986 4025964.861183 0.000000 0.000122
353086.378989 4025964.808573 0.000000 0.000117
353086.403993 4025964.755963 0.000000 0.000112
353086.428996 4025964.703354 0.000000 0.000107
353086.454001 4025964.650744 0.000000 0.000102
353086.479005 4025964.598135 0.000000 0.000097
353086.504010 4025964.545526 0.000000 0.000093
353086.529015 4025964.492917 0.000000 0.000088
353086.554021 4025964.440308 0.000000 0.000084
353086.579026 4025964.387699 0.000000 0.000080
353086.604032 4025964.335090 0.000000 0.000076
353086.629038 4025964.282481 0.000000 0.000072
353086.654044 4025964.229873 0.000000 0.000068
353086.679050 4025964.177264 0.000000 0.000064
353086.704057 4025964.124656 0.000000 0.000061
353086.729064 4025964.072047 0.000000 0.000057
353086.754071 4025964.019439 0.000000 0.000054
353086.779078 4025963.966831 0.000000 0.000051
353086.804085 4025963.914223 0.000000 0.000048
353086.829092 4025963.861615 0.000000 0.000045
353086.854099 4025963.809007 0.000000 0.000042
353086.879107 4025963.756399 0.000000 0.000040
353086.904115 4025963.703791 0.000000 0.000037
353086.929122 4025963.651183 0.000000 0.000035
353086.954130 4025963.598575 0.000000 0.000033
353086.979138 4025963.545967 0.000000 0.000030
353087.004146 4025963.493359 0.000000 0.000028
353087.029154 4025963.440752 0.000000 0.000026
353087.054162 4025963.388144 0.000000 0.000025
353087.079170 4025963.335536 0.000000 0.000023
353087.104178 4025963.282929 0.000000 0.000021
353087.129186 4025963.230321 0.000000 0.000020
353087.154195 4025963.177714 0.000000 0.000018
353087.179203 4025963.125106 0.000000 0.000017
353087.204211 4025963.072498 0.000000 0.000016
353087.229220 4025963.019891 0.000000 0.000014
353087.254228 4025962.967283 0.000000 0.000013
353087.279237 4025962.914676 0.000000 0.000012
353087.304245 4025962.862068 0.000000 0.000011
353087.329254 4025962.809461 0.000000 0.000010
353087.354262 4025962.756853 0.000000 0.000010
353087.379271 4025962.704246 0.000000 0.000009
353087.404279 4025962.651638 0.000000 0.000008
353087.429288 4025962.599031 0.000000 0.000008
353087.454297 4025962.546423 0.000000 0.000007
353087.479305 4025962.493816 0.000000 0.000007
353087.504314 4025962.441209 0.000000 0.000006
353087.529322 4025962.388601 0.000000 0.000006
353087.554331 4025962.335994 0.000000 0.000006
353087.579340 4025962.283386 0.000000 0.000006
353087.604348 4025962.230779 0.000000 0.000005
353087.629357 4025962.178171 0.000000 0.000005
353087.654366 4025962.125564 0.000000 0.000005
353087.679374 4025962.072957 0.000000 0.000005
353087.704383 4025962.020349 0.000000 0.000006
353087.729392 4025961.967742 0.000000 0.000006
353087.754400 4025961.915134 0.000000 0.000006
353087.779409 4025961.862527 0.000000 0.000006
353087.804418 4025961.809920 0.000000 0.000007
353087.829427 4025961.757312 0.000000 0.000007
353087.854435 4025961.704705 0.000000 0.000008
353087.879444 4025961.652098 0.000000 0.000008
353087.904453 4025961.599490 0.000000 0.000009
353087.929462 4025961.546883 0.000000 0.000010
353087.954471 4025961.494276 0.000000 0.000010
353087.979479 4025961.441668 0.000000 0.000011
353088.004488 4025961.389061 0.000000 0.000012
353088.029497 4025961.336454 0.000000 0.000013
353088.054506 4025961.283846 0.000000 0.000014
353088.079515 4025961.231239 0.000000 0.000015
353088.104524 4025961.178632 0.000000 0.000017
353088.129533 4025961.126025 0.000000 0.000018
353088.154542 4025961.073417 0.000000 0.000020
353088.179551 4025961.020810 0.000000 0.000021
353088.204561 4025960.968203 0.000000 0.000023
353088.229570 4025960.915596 0.000000 0.000024
353088.254579 4025960.862989 0.000000 0.000026
353088.279589 4025960.810382 0.000000 0.000028
353088.304598 4025960.757775 0.000000 0.000030
353088.329608 4025960.705168 0.000000 0.000032
353088.354617 4025960.652561 0.000000 0.000035
353088.379627 4025960.599954 0.000000 0.000037
353088.404637 4025960.547347 0.000000 0.000040
353088.429647 4025960.494740 0.000000 0.000042
353088.454657 4025960.442133 0.000000 0.000045
353088.479667 4025960.389527 0.000000 0.000048
353088.504677 4025960.336920 0.000000 0.000051
353088.529687 4025960.284313 0.000000 0.000054
353088.554698 4025960.231707 0.000000 0.000058
353088.579709 4025960.179100 0.000000 0.000061
353088.604720 4025960.126494 0.000000 0.000065
353088.629731 4025960.073888 0.000000 0.000069
353088.654742 4025960.021282 0.000000 0.000073
353088.679754 4025959.968676 0.000000 0.000077
353088.704765 4025959.916070 0.000000 0.000081
353088.729777 4025959.863464 0.000000 0.000086
353088.754789 4025959.810858 0.000000 0.000091
353088.779802 4025959.758252 0.000000 0.000096
353088.804814 4025959.705647 0.000000 0.000101
353088.829827 4025959.653042 0.000000 0.000106
353088.854841 4025959.600436 0.000000 0.000111
353088.879854 4025959.547831 0.000000 0.000117
353088.904868 4025959.495226 0.000000 0.000123
353088.929882 4025959.442622 0.000000 0.000129
353088.954897 4025959.390017 0.000000 0.000135
353088.979912 4025959.337413 0.000000 0.000141
353089.004928 4025959.284809 0.000000 0.000148
353089.029943 4025959.232205 0.000000 0.000155
353089.054960 4025959.179601 0.000000 0.000162
353089.079977 4025959.126997 0.000000 0.000169
353089.104994 4025959.074394 0.000000 0.000177
353089.130012 4025959.021791 0.000000 0.000185
353089.155030 4025958.969188 0.000000 0.000193
353089.180049 4025958.916586 0.000000 0.000201
353089.205068 4025958.863984 0.000000 0.000209
353089.230089 4025958.811382 0.000000 0.000218
353089.255109 4025958.758780 0.000000 0.000227
353089.280131 4025958.706179 0.000000 0.000236
353089.305153 4025958.653578 0.000000 0.000246
353089.330176 4025958.600977 0.000000 0.000255
353089.355199 4025958.548377 0.000000 0.000265
353089.380224 4025958.495777 0.000000 0.000276
353089.405249 4025958.443178 0.000000 0.000286
353089.430275 4025958.390579 0.000000 0.000297
353089.455302 4025958.337980 0.000000 0.000308
353089.480330 4025958.285382 0.000000 0.000319
353089.505359 4025958.232784 0.000000 0.000330
353089.530389 4025958.180187 0.000000 0.000342
353089.555419 4025958.127590 0.000000 0.000354
353089.580451 4025958.074994 0.000000 0.000366
353089.605484 4025958.022398 0.000000 0.000379
353089.630518 4025957.969803 0.000000 0.000392
353089.655554 4025957.917208 0.000000 0.000405
353089.680590 4025957.864614 0.000000 0.000418
353089.705628 4025957.812021 0.000000 0.000432
353089.730667 4025957.759428 0.000000 0.000445
353089.755707 4025957.706836 0.000000 0.000459
353089.780749 4025957.654244 0.000000 0.000474
353089.805792 4025957.601653 0.000000 0.000488
353089.830837 4025957.549063 0.000000 0.000503
353089.855883 4025957.496474 0.000000 0.000518
353089.880931 4025957.443885 0.000000 0.000533
353089.905980 4025957.391297 0.000000 0.000548
353089.931031 4025957.338710 0.000000 0.000564
353089.956084 4025957.286124 0.000000 0.000580
353089.981139 4025957.233538 0.000000 0.000596
353090.006195 4025957.180954 0.000000 0.000612
353090.031253 4025957.128370 0.000000 0.000628
353090.056313 4025957.075787 0.000000 0.000644
353090.081375 4025957.023205 0.000000 0.000661
353090.106439 4025956.970625 0.000000 0.000677
353090.131505 4025956.918045 0.000000 0.000694
353090.156574 4025956.865466 0.000000 0.000711
353090.181644 4025956.812888 0.000000 0.000728
353090.206717 4025956.760312 0.000000 0.000745
353090.231792 4025956.707736 0.000000 0.000762
353090.256869 4025956.655161 0.000000 0.000779
353090.281949 4025956.602588 0.000000 0.000796
353090.307031 4025956.550016 0.000000 0.000813
353090.332116 4025956.497445 0.000000 0.000830
353090.357203 4025956.444875 0.000000 0.000847
353090.382293 4025956.392307 0.000000 0.000864
353090.407385 4025956.339740 0.000000 0.000881
353090.432481 4025956.287174 0.000000 0.000897
353090.457579 4025956.234609 0.000000 0.000914
353090.482680 4025956.182046 0.000000 0.000930
353090.507783 4025956.129484 0.000000 0.000946
353090.532890 4025956.076924 0.000000 0.000962
353090.558000 4025956.024365 0.000000 0.000978
353090.583113 4025955.971807 0.000000 0.000993
353090.608228 4025955.919251 0.000000 0.001009
353090.633347 4025955.866697 0.000000 0.001023
353090.658469 4025955.814144 0.000000 0.001038
353090.683595 4025955.761593 0.000000 0.001052
353090.708724 4025955.709043 0.000000 0.001066
353090.733856 4025955.656495 0.000000 0.001079
353090.758991 4025955.603948 0.000000 0.001092
353090.784130 4025955.551403 0.000000 0.001105
353090.809272 4025955.498860 0.000000 0.001117
353090.834418 4025955.446318 0.000000 0.001128
353090.859567 4025955.393778 0.000000 0.001139
353090.884720 4025955.341240 0.000000 0.001149
353090.909877 4025955.288703 0.000000 0.001159
353090.935037 4025955.236169 0.000000 0.001168
353090.960201 4025955.183636 0.000000 0.001177
353090.985368 4025955.131105 0.000000 0.001185
353091.010540 4025955.078575 0.000000 0.001192
353091.035715 4025955.026047 0.000000 0.001199
353091.060893 4025954.973522 0.000000 0.001205
353091.086076 4025954.920998 0.000000 0.001210
353091.111262 4025954.868476 0.000000 0.001214
353091.136453 4025954.815955 0.000000 0.001218
353091.161647 4025954.763437 0.000000 0.001221
353091.186845 4025954.710920 0.000000 0.001223
353091.212046 4025954.658405 0.000000 0.001225
353091.237252 4025954.605893 0.000000 0.001225
353091.262462 4025954.553381 0.000000 0.001225
353091.287675 4025954.500872 0.000000 0.001224
353091.312892 4025954.448365 0.000000 0.001223
353091.338113 4025954.395859 0.000000 0.001220
353091.363338 4025954.343356 0.000000 0.001217
353091.388567 4025954.290854 0.000000 0.001213
353091.413800 4025954.238354 0.000000 0.001208
353091.439036 4025954.185856 0.000000 0.001203
353091.464276 4025954.133359 0.000000 0.001196
353091.489520 4025954.080865 0.000000 0.001189
353091.514768 4025954.028372 0.000000 0.001182
353091.540019 4025953.975881 0.000000 0.001173
353091.565274 4025953.923392 0.000000 0.001164
353091.590533 4025953.870905 0.000000 0.001154
353091.615796 4025953.818419 0.000000 0.001143
353091.641062 4025953.765935 0.000000 0.001131
353091.666331 4025953.713453 0.000000 0.001119
353091.691604 4025953.660972 0.000000 0.001106
353091.716881 4025953.608493 0.000000 0.001093
353091.742161 4025953.556016 0.000000 0.001079
353091.767444 4025953.503540 0.000000 0.001064
353091.792730 4025953.451066 0.000000 0.001049
353091.818020 4025953.398594 0.000000 0.001034
353091.843313 4025953.346123 0.000000 0.001017
353091.868610 4025953.293653 0.000000 0.001001
353091.893909 4025953.241185 0.000000 0.000983
353091.919211 4025953.188719 0.000000 0.000966
353091.944517 4025953.136254 0.000000 0.000948
353091.969825 4025953.083790 0.000000 0.000930
353091.995137 4025953.031328 0.000000 0.000911
353092.020451 4025952.978867 0.000000 0.000892
353092.045767 4025952.926407 0.000000 0.000873
353092.071087 4025952.873949 0.000000 0.000853
353092.096409 4025952.821492 0.000000 0.000833
353092.121734 4025952.769036 0.000000 0.000813
353092.147061 4025952.716582 0.000000 0.000793
353092.172390 4025952.664128 0.000000 0.000773
353092.197722 4025952.611676 0.000000 0.000753
353092.223056 4025952.559224 0.000000 0.000732
353092.248393 4025952.506774 0.000000 0.000712
353092.273731 4025952.454325 0.000000 0.000692
353092.299072 4025952.401877 0.000000 0.000671
353092.324415 4025952.349430 0.000000 0.000651
353092.349759 4025952.296984 0.000000 0.000631
353092.375106 4025952.244538 0.000000 0.000611
353092.400454 4025952.192094 0.000000 0.000591
353092.425804 4025952.139650 0.000000 0.000571
353092.451156 4025952.087207 0.000000 0.000551
353092.476509 4025952.034765 0.000000 0.000532
353092.501864 4025951.982324 0.000000 0.000513
353092.527221 4025951.929884 0.000000 0.000494
353092.552579 4025951.877444 0.000000 0.000475
353092.577938 4025951.825005 0.000000 0.000456
353092.603299 4025951.772566 0.000000 0.000438
353092.628661 4025951.720128 0.000000 0.000421
353092.654024 4025951.667691 0.000000 0.000403
353092.679388 4025951.615254 0.000000 0.000386
353092.704754 4025951.562818 0.000000 0.000369
353092.730120 4025951.510382 0.000000 0.000353
353092.755488 4025951.457947 0.000000 0.000337
353092.780856 4025951.405512 0.000000 0.000322
353092.806226 4025951.353077 0.000000 0.000306
353092.831596 4025951.300643 0.000000 0.000292
353092.856967 4025951.248210 0.000000 0.000277
353092.882339 4025951.195777 0.000000 0.000264
353092.907711 4025951.143344 0.000000 0.000250
353092.933084 4025951.090911 0.000000 0.000237
353092.958458 4025951.038479 0.000000 0.000224
353092.983833 4025950.986047 0.000000 0.000212
353093.009208 4025950.933615 0.000000 0.000201
353093.034583 4025950.881184 0.000000 0.000189
353093.059959 4025950.828753 0.000000 0.000178
353093.085336 4025950.776322 0.000000 0.000168
353093.110713 4025950.723891 0.000000 0.000158
353093.136090 4025950.671461 0.000000 0.000148
353093.161468 4025950.619030 0.000000 0.000139
353093.186846 4025950.566600 0.000000 0.000130
353093.212225 4025950.514170 0.000000 0.000122
353093.237603 4025950.461740 0.000000 0.000114
353093.262982 4025950.409311 0.000000 0.000106
353093.288362 4025950.356881 0.000000 0.000099
353093.313741 4025950.304452 0.000000 0.000092
353093.339121 4025950.252022 0.000000 0.000086
353093.364501 4025950.199593 0.000000 0.000080
353093.389881 4025950.147164 0.000000 0.000074
353093.415262 4025950.094735 0.000000 0.000068
353093.440642 4025950.042306 0.000000 0.000063
353093.466023 4025949.989877 0.000000 0.000058
353093.491404 4025949.937448 0.000000 0.000054
353093.516785 4025949.885019 0.000000 0.000049
353093.542166 4025949.832590 0.000000 0.000045
353093.567547 4025949.780162 0.000000 0.000042
353093.592928 4025949.727733 0.000000 0.000038
353093.618309 4025949.675304 0.000000 0.000035
353093.643691 4025949.622876 0.000000 0.000032
353093.669072 4025949.570447 0.000000 0.000029
353093.694454 4025949.518019 0.000000 0.000026
353093.719835 4025949.465590 0.000000 0.000024
353093.745217 4025949.413162 0.000000 0.000022
353093.770599 4025949.360733 0.000000 0.000019
353093.795980 4025949.308305 0.000000 0.000018
353093.821362 4025949.255876 0.000000 0.000016
353093.846744 4025949.203448 0.000000 0.000014
353093.872125 4025949.151019 0.000000 0.000013
353093.897507 4025949.098591 0.000000 0.000011
353093.922889 4025949.046162 0.000000 0.000010
353093.948271 4025948.993734 0.000000 0.000009
353093.973653 4025948.941306 0.000000 0.000008
353093.999035 4025948.888877 0.000000 0.000007
353094.024416 4025948.836449 0.000000 0.000006
353094.049798 4025948.784021 0.000000 0.000005
353094.075180 4025948.731592 0.000000 0.000005
353094.100562 4025948.679164 0.000000 0.000004
353094.125944 4025948.626735 0.000000 0.000004
353094.151326 4025948.574307 0.000000 0.000003
353094.176708 4025948.521879 0.000000 0.000003
353094.202090 4025948.469450 0.000000 0.000002
353094.227471 4025948.417022 0.000000 0.000002
353094.252853 4025948.364594 0.000000 0.000002
353094.278235 4025948.312165 0.000000 0.000001
353094.303617 4025948.259737 0.000000 0.000001
353094.328999 4025948.207308 0.000000 0.000001
353094.354381 4025948.154880 0.000000 0.000001
353094.379763 4025948.102452 0.000000 0.000001
353094.405145 4025948.050023 0.000000 0.000001
353094.430527 4025947.997595 0.000000 0.000000
353094.455908 4025947.945167 0.000000 0.000000
353094.481290 4025947.892738 0.000000 0.000000
353094.506672 4025947.840310 0.000000 0.000000
353094.532054 4025947.787882 0.000000 -0.000000
353094.557436 4025947.735453 0.000000 -0.000000
353094.582818 4025947.683025 0.000000 -0.000000
353094.608200 4025947.630596 0.000000 -0.000000
353094.633582 4025947.578168 0.000000 -0.000000
353094.658964 4025947.525740 0.000000 -0.000001
353094.684345 4025947.473311 0.000000 -0.000001
353094.709727 4025947.420883 0.000000 -0.000001
353094.735109 4025947.368455 0.000000 -0.000001
353094.760491 4025947.316026 0.000000 -0.000002
353094.785873 4025947.263598 0.000000 -0.000002
353094.811255 4025947.211170 0.000000 -0.000002
353094.836637 4025947.158741 0.000000 -0.000003
353094.862019 4025947.106313 0.000000 -0.000003
353094.887401 4025947.053884 0.000000 -0.000004
353094.912782 4025947.001456 0.000000 -0.000004
353094.938164 4025946.949028 0.000000 -0.000005
353094.963546 4025946.896599 0.000000 -0.000006
353094.988928 4025946.844171 0.000000 -0.000007
353095.014310 4025946.791743 0.000000 -0.000008
353095.039692 4025946.739314 0.000000 -0.000009
353095.065074 4025946.686886 0.000000 -0.000011
353095.090455 4025946.634457 0.000000 -0.000012
353095.115837 4025946.582029 0.000000 -0.000014
353095.141219 4025946.529601 0.000000 -0.000016
353095.166601 4025946.477172 0.000000 -0.000018
353095.191983 4025946.424744 0.000000 -0.000021
353095.217364 4025946.372315 0.000000 -0.000023
353095.242746 4025946.319887 0.000000 -0.000026
353095.268128 4025946.267458 0.000000 -0.000029
353095.293509 4025946.215030 0.000000 -0.000033
353095.318891 4025946.162601 0.000000 -0.000036
353095.344272 4025946.110173 0.000000 -0.000040
353095.369653 4025946.057744 0.000000 -0.000045
353095.395035 4025946.005315 0.000000 -0.000050
353095.420416 4025945.952887 0.000000 -0.000055
353095.445797 4025945.900458 0.000000 -0.000060
353095.471178 4025945.848029 0.000000 -0.000067
353095.496558 4025945.795600 0.000000 -0.000073
353095.521939 4025945.743171 0.000000 -0.000080
353095.547320 4025945.690742 0.000000 -0.000088
353095.572700 4025945.638313 0.000000 -0.000096
353095.598080 4025945.585884 0.000000 -0.000104
353095.623459 4025945.533454 0.000000 -0.000113
353095.648839 4025945.481025 0.000000 -0.000123
353095.674218 4025945.428595 0.000000 -0.000134
353095.699597 4025945.376165 0.000000 -0.000145
353095.724975 4025945.323735 0.000000 -0.000157
353095.750354 4025945.271305 0.000000 -0.000169
353095.775731 4025945.218875 0.000000 -0.000182
353095.801108 4025945.166444 0.000000 -0.000196
353095.826485 4025945.114013 0.000000 -0.000211
353095.851861 4025945.061582 0.000000 -0.000227
353095.877237 4025945.009151 0.000000 -0.000243
353095.902612 4025944.956719 0.000000 -0.000260
353095.927986 4025944.904287 0.000000 -0.000278
353095.953360 4025944.851855 0.000000 -0.000297
353095.978732 4025944.799422 0.000000 -0.000317
353096.004104 4025944.746989 0.000000 -0.000338
353096.029475 4025944.694556 0.000000 -0.000360
353096.054845 4025944.642121 0.000000 -0.000382
353096.080214 4025944.589687 0.000000 -0.000406
353096.105582 4025944.537252 0.000000 -0.000430
353096.130948 4025944.484816 0.000000 -0.000456
353096.156313 4025944.432380 0.000000 -0.000482
353096.181677 4025944.379943 0.000000 -0.000510
353096.207040 4025944.327505 0.000000 -0.000538
353096.232401 4025944.275067 0.000000 -0.000567
353096.257760 4025944.222628 0.000000 -0.000597
353096.283118 4025944.170188 0.000000 -0.000629
353096.308474 4025944.117747 0.000000 -0.000661
353096.333827 4025944.065306 0.000000 -0.000694
353096.359179 4025944.012863 0.000000 -0.000727
353096.384529 4025943.960419 0.000000 -0.000762
353096.409876 4025943.907974 0.000000 -0.000798
353096.435221 4025943.855529 0.000000 -0.000834
353096.460564 4025943.803082 0.000000 -0.000871
353096.485904 4025943.750633 0.000000 -0.000909
353096.511241 4025943.698184 0.000000 -0.000948
353096.536576 4025943.645733 0.000000 -0.000987
353096.561907 4025943.593280 0.000000 -0.001027
353096.587236 4025943.540827 0.000000 -0.001068
353096.612561 4025943.488371 0.000000 -0.001109
353096.637883 4025943.435914 0.000000 -0.001150
353096.663201 4025943.383456 0.000000 -0.001193
353096.688516 4025943.330995 0.000000 -0.001235
353096.713827 4025943.278533 0.000000 -0.001278
353096.739134 4025943.226069 0.000000 -0.001321
353096.764437 4025943.173604 0.000000 -0.001365
353096.789736 4025943.121136 0.000000 -0.001409
353096.815030 4025943.068666 0.000000 -0.001452
353096.840320 4025943.016194 0.000000 -0.001496
353096.865606 4025942.963719 0.000000 -0.001540
353096.890886 4025942.911243 0.000000 -0.001584
353096.916162 4025942.858764 0.000000 -0.001628
353096.941433 4025942.806283 0.000000 -0.001671
353096.966698 4025942.753799 0.000000 -0.001714
353096.991958 4025942.701312 0.000000 -0.001757
353097.017213 4025942.648824 0.000000 -0.001800
353097.042462 4025942.596332 0.000000 -0.001842
353097.067705 4025942.543838 0.000000 -0.001883
353097.092942 4025942.491340 0.000000 -0.001924
353097.118173 4025942.438840 0.000000 -0.001964
353097.143399 4025942.386337 0.000000 -0.002003
353097.168617 4025942.333831 0.000000 -0.002041
353097.193830 4025942.281322 0.000000 -0.002078
353097.219035 4025942.228810 0.000000 -0.002115
353097.244235 4025942.176295 0.000000 -0.002150
353097.269427 4025942.123776 0.000000 -0.002184
353097.294612 4025942.071254 0.000000 -0.002217
353097.319791 4025942.018729 0.000000 -0.002249
353097.344962 4025941.966201 0.000000 -0.002279
353097.370126 4025941.913669 0.000000 -0.002308
353097.395283 4025941.861133 0.000000 -0.002335
353097.420432 4025941.808594 0.000000 -0.002361
353097.445574 4025941.756051 0.000000 -0.002386
353097.470708 4025941.703505 0.000000 -0.002408
353097.495835 4025941.650955 0.000000 -0.002430
353097.520954 4025941.598401 0.000000 -0.002449
353097.546065 4025941.545843 0.000000 -0.002467
353097.571169 4025941.493282 0.000000 -0.002483
353097.596264 4025941.440716 0.000000 -0.002497
353097.621352 4025941.388147 0.000000 -0.002509
353097.646432 4025941.335573 0.000000 -0.002520
353097.671505 4025941.282995 0.000000 -0.002529
353097.696569 4025941.230414 0.000000 -0.002536
353097.721626 4025941.177827 0.000000 -0.002541
353097.746674 4025941.125237 0.000000 -0.002544
353097.771715 4025941.072642 0.000000 -0.002545
353097.796749 4025941.020042 0.000000 -0.002544
353097.821774 4025940.967438 0.000000 -0.002542
353097.846792 4025940.914829 0.000000 -0.002538
353097.871803 4025940.862214 0.000000 -0.002531
353097.896806 4025940.809595 0.000000 -0.002523
353097.921802 4025940.756971 0.000000 -0.002513
353097.946790 4025940.704341 0.000000 -0.002502
353097.971772 4025940.651705 0.000000 -0.002488
353097.996747 4025940.599063 0.000000 -0.002473
353098.021715 4025940.546416 0.000000 -0.002456
353098.046676 4025940.493762 0.000000 -0.002438
353098.071631 4025940.441101 0.000000 -0.002417
353098.096580 4025940.388434 0.000000 -0.002396
353098.121524 4025940.335759 0.000000 -0.002372
353098.146461 4025940.283077 0.000000 -0.002347
353098.171394 4025940.230387 0.000000 -0.002321
353098.196321 4025940.177689 0.000000 -0.002294
353098.221244 4025940.124982 0.000000 -0.002265
353098.246162 4025940.072266 0.000000 -0.002234
353098.271076 4025940.019540 0.000000 -0.002203
353098.295987 4025939.966805 0.000000 -0.002170
353098.320894 4025939.914058 0.000000 -0.002137
353098.345798 4025939.861300 0.000000 -0.002102
353098.370700 4025939.808530 0.000000 -0.002066
353098.395600 4025939.755748 0.000000 -0.002030
353098.420499 4025939.702953 0.000000 -0.001992
353098.445396 4025939.650143 0.000000 -0.001954
353098.470293 4025939.597318 0.000000 -0.001915
353098.495191 4025939.544478 0.000000 -0.001876
353098.520089 4025939.491622 0.000000 -0.001836
353098.544988 4025939.438747 0.000000 -0.001795
353098.569889 4025939.385855 0.000000 -0.001754
353098.594793 4025939.332942 0.000000 -0.001713
353098.619700 4025939.280009 0.000000 -0.001671
353098.644611 4025939.227054 0.000000 -0.001630
353098.669527 4025939.174076 0.000000 -0.001588
353098.694448 4025939.121074 0.000000 -0.001546
353098.719375 4025939.068046 0.000000 -0.001503
353098.744310 4025939.014991 0.000000 -0.001461
353098.769252 4025938.961907 0.000000 -0.001419
353098.794203 4025938.908793 0.000000 -0.001377
353098.819164 4025938.855648 0.000000 -0.001335
353098.844136 4025938.802470 0.000000 -0.001294
353098.869119 4025938.749256 0.000000 -0.001252
353098.894114 4025938.696006 0.000000 -0.001211
353098.919124 4025938.642717 0.000000 -0.001170
353098.944147 4025938.589388 0.000000 -0.001130
353098.969187 4025938.536017 0.000000 -0.001089
353098.994243 4025938.482601 0.000000 -0.001050
353099.019317 4025938.429139 0.000000 -0.001010
353099.044410 4025938.375628 0.000000 -0.000971
353099.069523 4025938.322066 0.000000 -0.000933
353099.094658 4025938.268452 0.000000 -0.000895
353099.119815 4025938.214782 0.000000 -0.000858
353099.144996 4025938.161054 0.000000 -0.000821
353099.170202 4025938.107266 0.000000 -0.000785
353099.195435 4025938.053415 0.000000 -0.000749
353099.220696 4025937.999500 0.000000 -0.000714
353099.245985 4025937.945516 0.000000 -0.000679
353099.271305 4025937.891462 0.000000 -0.000645
353099.296657 4025937.837334 0.000000 -0.000612
353099.322043 4025937.783130 0.000000 -0.000579
353099.347463 4025937.728848 0.000000 -0.000546
353099.372919 4025937.674484 0.000000 -0.000514
353099.398413 4025937.620034 0.000000 -0.000483
353099.423947 4025937.565497 0.000000 -0.000452
353099.449521 4025937.510870 0.000000 -0.000422
353099.475138 4025937.456148 0.000000 -0.000392
353099.500799 4025937.401329 0.000000 -0.000363
353099.526505 4025937.346409 0.000000 -0.000334
353099.552259 4025937.291387 0.000000 -0.000306
353099.578061 4025937.236257 0.000000 -0.000278
353099.603914 4025937.181017 0.000000 -0.000250
353099.629820 4025937.125663 0.000000 -0.000222
353099.655779 4025937.070193 0.000000 -0.000195
353099.681793 4025937.014602 0.000000 -0.000169
353099.707865 4025936.958887 0.000000 -0.000142
353099.733997 4025936.903044 0.000000 -0.000116
353099.760189 4025936.847071 0.000000 -0.000089
353099.786443 4025936.790963 0.000000 -0.000063
353099.812762 4025936.734718 0.000000 -0.000037
353099.839147 4025936.678330 0.000000 -0.000011
353099.865600 4025936.621797 0.000000 0.000015
353099.892123 4025936.565115 0.000000 0.000041
353099.918718 4025936.508280 0.000000 0.000067
353099.945386 4025936.451289 0.000000 0.000094
353099.972129 4025936.394137 0.000000 0.000120
353099.998950 4025936.336822 0.000000 0.000147
353100.025849 4025936.279338 0.000000 0.000174
353100.052830 4025936.221684 0.000000 0.000202
353100.079894 4025936.163853 0.000000 0.000230
353100.107042 4025936.105844 0.000000 0.000258
353100.134277 4025936.047652 0.000000 0.000287
353100.161601 4025935.989272 0.000000 0.000316
353100.189015 4025935.930702 0.000000 0.000346
353100.216522 4025935.871937 0.000000 0.000377
353100.244124 4025935.812973 0.000000 0.000408
353100.271822 4025935.753807 0.000000 0.000440
353100.299619 4025935.694434 0.000000 0.000473
353100.327516 4025935.634850 0.000000 0.000506
353100.355517 4025935.575052 0.000000 0.000541
353100.383622 4025935.515034 0.000000 0.000576
353100.411834 4025935.454794 0.000000 0.000613
353100.440155 4025935.394327 0.000000 0.000650
353100.468587 4025935.333629 0.000000 0.000688
353100.497133 4025935.272696 0.000000 0.000728
353100.525794 4025935.211523 0.000000 0.000768
353100.554573 4025935.150107 0.000000 0.000810
353100.583472 4025935.088442 0.000000 0.000853
353100.612493 4025935.026525 0.000000 0.000897
353100.641639 4025934.964352 0.000000 0.000942
353100.670911 4025934.901918 0.000000 0.000989
353100.700313 4025934.839218 0.000000 0.001037
353100.729847 4025934.776248 0.000000 0.001086
353100.759515 4025934.713004 0.000000 0.001136
353100.789319 4025934.649481 0.000000 0.001188
353100.819263 4025934.585674 0.000000 0.001241
353100.849348 4025934.521579 0.000000 0.001296
353100.879578 4025934.457191 0.000000 0.001351
353100.909954 4025934.392505 0.000000 0.001408
353100.940481 4025934.327516 0.000000 0.001466
353100.971159 4025934.262220 0.000000 0.001526
353101.001993 4025934.196611 0.000000 0.001586
353101.032985 4025934.130684 0.000000 0.001648
353101.064138 4025934.064435 0.000000 0.001711
353101.095456 4025933.997857 0.000000 0.001774
353101.126940 4025933.930946 0.000000 0.001839
353101.158594 4025933.863696 0.000000 0.001905
353101.190422 4025933.796101 0.000000 0.001971
353101.222426 4025933.728157 0.000000 0.002038
353101.254610 4025933.659857 0.000000 0.002106
353101.286978 4025933.591195 0.000000 0.002175
353101.319533 4025933.522166 0.000000 0.002243
353101.352278 4025933.452763 0.000000 0.002312
353101.385217 4025933.382980 0.000000 0.002381
353101.418353 4025933.312810 0.000000 0.002451
353101.451692 4025933.242248 0.000000 0.002520
353101.485236 4025933.171286 0.000000 0.002588
353101.518991 4025933.099918 0.000000 0.002657
353101.552959 4025933.028136 0.000000 0.002724
353101.587145 4025932.955933 0.000000 0.002791
353101.621554 4025932.883301 0.000000 0.002857
353101.656191 4025932.810233 0.000000 0.002921
353101.691060 4025932.736721 0.000000 0.002984
353101.726166 4025932.662756 0.000000 0.003046
353101.761513 4025932.588329 0.000000 0.003106
353101.797108 4025932.513433 0.000000 0.003164
353101.832956 4025932.438057 0.000000 0.003220
353101.869061 4025932.362193 0.000000 0.003273
353101.905430 4025932.285829 0.000000 0.003324
353101.942069 4025932.208957 0.000000 0.003372
353101.978984 4025932.131566 0.000000 0.003417
353102.016181 4025932.053644 0.000000 0.003458
353102.053666 4025931.975180 0.000000 0.003497
353102.091447 4025931.896163 0.000000 0.003531
353102.129529 4025931.816579 0.000000 0.003562
353102.167922 4025931.736417 0.000000 0.003589
353102.206631 4025931.655663 0.000000 0.003612
353102.245664 4025931.574302 0.000000 0.003631
353102.285031 4025931.492322 0.000000 0.003645
353102.324738 4025931.409706 0.000000 0.003655
353102.364794 4025931.326439 0.000000 0.003659
353102.405208 4025931.242505 0.000000 0.003659
353102.445990 4025931.157887 0.000000 0.003655
353102.487148 4025931.072569 0.000000 0.003645
353102.528692 4025930.986530 0.000000 0.003630
353102.570633 4025930.899753 0.000000 0.003610
353102.612981 4025930.812219 0.000000 0.003585
353102.655747 4025930.723905 0.000000 0.003554
353102.698942 4025930.634792 0.000000 0.003519
353102.742577 4025930.544857 0.000000 0.003478
353102.786664 4025930.454078 0.000000 0.003432
353102.831217 4025930.362429 0.000000 0.003382
353102.876247 4025930.269887 0.000000 0.003326
353102.921767 4025930.176426 0.000000 0.003265
353102.967792 4025930.082019 0.000000 0.003200
353103.014335 4025929.986638 0.000000 0.003130
353103.061412 4025929.890254 0.000000 0.003056
353103.109037 4025929.792836 0.000000 0.002977
353103.157228 4025929.694351 0.000000 0.002895
353103.206000 4025929.594767 0.000000 0.002808
353103.255372 4025929.494046 0.000000 0.002719
353103.305364 4025929.392148 0.000000 0.002626
353103.355996 4025929.289032 0.000000 0.002529
353103.407290 4025929.184652 0.000000 0.002431
353103.459273 4025929.078958 0.000000 0.002330
353103.511969 4025928.971896 0.000000 0.002227
353103.565408 4025928.863406 0.000000 0.002123
353103.619623 4025928.753422 0.000000 0.002017
353103.674648 4025928.641873 0.000000 0.001911
353103.730522 4025928.528681 0.000000 0.001805
353103.787288 4025928.413757 0.000000 0.001699
353103.844992 4025928.297007 0.000000 0.001593
353103.903687 4025928.178325 0.000000 0.001489
353103.963428 4025928.057595 0.000000 0.001386
353104.024278 4025927.934690 0.000000 0.001286
353104.086307 4025927.809470 0.000000 0.001188
353104.149588 4025927.681782 0.000000 0.001093
353104.214205 4025927.551457 0.000000 0.001001
353104.280248 4025927.418312 0.000000 0.000913
353104.347816 4025927.282147 0.000000 0.000874
353104.417015 4025927.142744 0.000000 0.000834
353104.487964 4025926.999863 0.000000 0.000794
353104.560790 4025926.853247 0.000000 0.000755
353104.635631 4025926.702614 0.000000 0.000715
353104.712637 4025926.547662 0.000000 0.000675
353104.791971 4025926.388060 0.000000 0.000635
353104.873809 4025926.223454 0.000000 0.000596
353104.958338 4025926.053461 0.000000 0.000556
353105.045765 4025925.877668 0.000000 0.000516
353105.136307 4025925.695632 0.000000 0.000477
353105.230201 4025925.506876 0.000000 0.000437
353105.327700 4025925.310891 0.000000 0.000397
353105.429075 4025925.107129 0.000000 0.000357
353105.534616 4025924.895005 0.000000 0.000318
353105.644632 4025924.673895 0.000000 0.000278
353105.759455 4025924.443134 0.000000 0.000238
353105.879436 4025924.202010 0.000000 0.000199
353106.004950 4025923.949769 0.000000 0.000159
353106.136398 4025923.685608 0.000000 0.000119
353106.274202 4025923.408675 0.000000 0.000079
353106.418812 4025923.118064 0.000000 0.000040
