353122.997136 4025892.482280 0.000000 0.000000
353123.175268 4025892.190925 0.000000 0.000000
353123.344859 4025891.913539 0.000000 0.000000
353123.506468 4025891.649208 0.000000 0.000001
353123.660623 4025891.397068 0.000000 0.000001
353123.807822 4025891.156307 0.000000 0.000001
353123.948533 4025890.926157 0.000000 0.000001
353124.083197 4025890.705899 0.000000 0.000001
353124.212227 4025890.494855 0.000000 0.000001
353124.336012 4025890.292389 0.000000 0.000002
353124.454917 4025890.097907 0.000000 0.000002
353124.569282 4025889.910849 0.000000 0.000002
353124.679426 4025889.730695 0.000000 0.000002
353124.785647 4025889.556957 0.000000 0.000002
353124.888223 4025889.389183 0.000000 0.000003
353124.987412 4025889.226948 0.000000 0.000003
353125.083454 4025889.069859 0.000000 0.000003
353125.176573 4025888.917552 0.000000 0.000003
353125.266976 4025888.769688 0.000000 0.000003
353125.354854 4025888.625953 0.000000 0.000004
353125.440384 4025888.486057 0.000000 0.000004
353125.523731 4025888.349734 0.000000 0.000004
353125.605044 4025888.216737 0.000000 0.000004
353125.684463 4025888.086839 0.000000 0.000004
353125.762114 4025887.959831 0.000000 0.000004
353125.838114 4025887.835524 0.000000 0.000005
353125.912571 4025887.713742 0.000000 0.000006
353125.985582 4025887.594325 0.000000 0.000007
353126.057236 4025887.477128 0.000000 0.000008
353126.127614 4025887.362017 0.000000 0.000010
353126.196791 4025887.248870 0.000000 0.000011
353126.264834 4025887.137579 0.000000 0.000013
353126.331805 4025887.028042 0.000000 0.000015
353126.397759 4025886.920169 0.000000 0.000017
353126.462747 4025886.813876 0.000000 0.000020
353126.526814 4025886.709089 0.000000 0.000022
353126.590003 4025886.605740 0.000000 0.000025
353126.652351 4025886.503765 0.000000 0.000029
353126.713893 4025886.403109 0.000000 0.000032
353126.774662 4025886.303720 0.000000 0.000036
353126.834685 4025886.205550 0.000000 0.000041
353126.893990 4025886.108557 0.000000 0.000045
353126.952601 4025886.012698 0.000000 0.000051
353127.010541 4025885.917938 0.000000 0.000056
353127.067831 4025885.824241 0.000000 0.000063
353127.124493 4025885.731575 0.000000 0.000069
353127.180543 4025885.639908 0.000000 0.000077
353127.236001 4025885.549212 0.000000 0.000085
353127.290884 4025885.459459 0.000000 0.000093
353127.345207 4025885.370621 0.000000 0.000103
353127.398988 4025885.282674 0.000000 0.000113
353127.452240 4025885.195592 0.000000 0.000124
353127.504978 4025885.109352 0.000000 0.000135
353127.557218 4025885.023931 0.000000 0.000147
353127.608971 4025884.939306 0.000000 0.000161
353127.660252 4025884.855457 0.000000 0.000175
353127.711073 4025884.772364 0.000000 0.000190
353127.761446 4025884.690005 0.000000 0.000206
353127.811382 4025884.608363 0.000000 0.000223
353127.860894 4025884.527419 0.000000 0.000241
353127.909992 4025884.447156 0.000000 0.000261
353127.958686 4025884.367556 0.000000 0.000281
353128.006986 4025884.288604 0.000000 0.000302
353128.054903 4025884.210283 0.000000 0.000325
353128.102446 4025884.132580 0.000000 0.000349
353128.149623 4025884.055478 0.000000 0.000374
353128.196443 4025883.978965 0.000000 0.000401
353128.242916 4025883.903027 0.000000 0.000429
353128.289048 4025883.827650 0.000000 0.000458
353128.334847 4025883.752823 0.000000 0.000489
353128.380322 4025883.678534 0.000000 0.000520
353128.425479 4025883.604771 0.000000 0.000554
353128.470326 4025883.531522 0.000000 0.000589
353128.514868 4025883.458778 0.000000 0.000625
353128.559114 4025883.386528 0.000000 0.000663
353128.603068 4025883.314762 0.000000 0.000702
353128.646737 4025883.243470 0.000000 0.000742
353128.690127 4025883.172643 0.000000 0.000785
353128.733244 4025883.102273 0.000000 0.000828
353128.776094 4025883.032350 0.000000 0.000873
353128.818680 4025882.962866 0.000000 0.000920
353128.861010 4025882.893813 0.000000 0.000968
353128.903087 4025882.825184 0.000000 0.001017
353128.944917 4025882.756970 0.000000 0.001068
353128.986505 4025882.689165 0.000000 0.001120
353129.027854 4025882.621760 0.000000 0.001173
353129.068971 4025882.554751 0.000000 0.001228
353129.109858 4025882.488129 0.000000 0.001284
353129.150521 4025882.421887 0.000000 0.001342
353129.190963 4025882.356021 0.000000 0.001400
353129.231188 4025882.290523 0.000000 0.001460
353129.271201 4025882.225388 0.000000 0.001520
353129.311006 4025882.160609 0.000000 0.001582
353129.350605 4025882.096181 0.000000 0.001645
353129.390004 4025882.032098 0.000000 0.001708
353129.429205 4025881.968355 0.000000 0.001773
353129.468213 4025881.904947 0.000000 0.001838
353129.507030 4025881.841867 0.000000 0.001904
353129.545660 4025881.779111 0.000000 0.001970
353129.584108 4025881.716673 0.000000 0.002037
353129.622375 4025881.654549 0.000000 0.002104
353129.660465 4025881.592734 0.000000 0.002171
353129.698382 4025881.531223 0.000000 0.002238
353129.736128 4025881.470011 0.000000 0.002306
353129.773707 4025881.409093 0.000000 0.002373
353129.811122 4025881.348465 0.000000 0.002441
353129.848377 4025881.288122 0.000000 0.002508
353129.885473 4025881.228060 0.000000 0.002574
353129.922414 4025881.168274 0.000000 0.002640
353129.959202 4025881.108760 0.000000 0.002706
353129.995842 4025881.049513 0.000000 0.002770
353130.032335 4025880.990530 0.000000 0.002834
353130.068684 4025880.931805 0.000000 0.002897
353130.104893 4025880.873335 0.000000 0.002959
353130.140963 4025880.815116 0.000000 0.003019
353130.176898 4025880.757144 0.000000 0.003078
353130.212700 4025880.699413 0.000000 0.003136
353130.248371 4025880.641922 0.000000 0.003192
353130.283915 4025880.584664 0.000000 0.003246
353130.319335 4025880.527637 0.000000 0.003299
353130.354631 4025880.470836 0.000000 0.003349
353130.389808 4025880.414258 0.000000 0.003398
353130.424867 4025880.357898 0.000000 0.003445
353130.459812 4025880.301753 0.000000 0.003489
353130.494643 4025880.245818 0.000000 0.003531
353130.529365 4025880.190091 0.000000 0.003570
353130.563978 4025880.134567 0.000000 0.003608
353130.598487 4025880.079242 0.000000 0.003642
353130.632892 4025880.024113 0.000000 0.003674
353130.667197 4025879.969175 0.000000 0.003703
353130.701403 4025879.914426 0.000000 0.003730
353130.735513 4025879.859861 0.000000 0.003753
353130.769529 4025879.805476 0.000000 0.003774
353130.803453 4025879.751269 0.000000 0.003792
353130.837288 4025879.697234 0.000000 0.003807
353130.871036 4025879.643370 0.000000 0.003819
353130.904699 4025879.589671 0.000000 0.003828
353130.938278 4025879.536134 0.000000 0.003834
353130.971777 4025879.482756 0.000000 0.003837
353131.005198 4025879.429533 0.000000 0.003837
353131.038541 4025879.376462 0.000000 0.003834
353131.071810 4025879.323538 0.000000 0.003828
353131.105007 4025879.270759 0.000000 0.003819
353131.138133 4025879.218120 0.000000 0.003807
353131.171191 4025879.165619 0.000000 0.003792
353131.204182 4025879.113251 0.000000 0.003774
353131.237109 4025879.061014 0.000000 0.003753
353131.269973 4025879.008903 0.000000 0.003730
353131.302777 4025878.956916 0.000000 0.003704
353131.335522 4025878.905049 0.000000 0.003675
353131.368210 4025878.853298 0.000000 0.003644
353131.400843 4025878.801661 0.000000 0.003611
353131.433423 4025878.750133 0.000000 0.003574
353131.465952 4025878.698713 0.000000 0.003536
353131.498430 4025878.647395 0.000000 0.003496
353131.530861 4025878.596178 0.000000 0.003453
353131.563246 4025878.545058 0.000000 0.003409
353131.595586 4025878.494032 0.000000 0.003362
353131.627883 4025878.443097 0.000000 0.003314
353131.660139 4025878.392250 0.000000 0.003264
353131.692356 4025878.341487 0.000000 0.003213
353131.724534 4025878.290807 0.000000 0.003160
353131.756676 4025878.240205 0.000000 0.003106
353131.788782 4025878.189680 0.000000 0.003050
353131.820855 4025878.139228 0.000000 0.002994
353131.852896 4025878.088846 0.000000 0.002936
353131.884906 4025878.038533 0.000000 0.002878
353131.916887 4025877.988284 0.000000 0.002819
353131.948839 4025877.938099 0.000000 0.002759
353131.980765 4025877.887974 0.000000 0.002699
353132.012665 4025877.837906 0.000000 0.002638
353132.044541 4025877.787894 0.000000 0.002577
353132.076393 4025877.737935 0.000000 0.002516
353132.108224 4025877.688026 0.000000 0.002454
353132.140034 4025877.638166 0.000000 0.002393
353132.171824 4025877.588352 0.000000 0.002332
353132.203595 4025877.538582 0.000000 0.002271
353132.235349 4025877.488855 0.000000 0.002210
353132.267086 4025877.439167 0.000000 0.002149
353132.298807 4025877.389518 0.000000 0.002089
353132.330514 4025877.339904 0.000000 0.002029
353132.362206 4025877.290326 0.000000 0.001970
353132.393886 4025877.240780 0.000000 0.001911
353132.425553 4025877.191265 0.000000 0.001853
353132.457209 4025877.141779 0.000000 0.001796
353132.488854 4025877.092321 0.000000 0.001740
353132.520489 4025877.042890 0.000000 0.001684
353132.552115 4025876.993483 0.000000 0.001630
353132.583733 4025876.944099 0.000000 0.001576
353132.615342 4025876.894738 0.000000 0.001523
353132.646944 4025876.845397 0.000000 0.001471
353132.678540 4025876.796076 0.000000 0.001420
353132.710129 4025876.746773 0.000000 0.001371
353132.741712 4025876.697487 0.000000 0.001322
353132.773290 4025876.648218 0.000000 0.001274
353132.804863 4025876.598963 0.000000 0.001228
353132.836432 4025876.549723 0.000000 0.001183
353132.867997 4025876.500495 0.000000 0.001138
353132.899559 4025876.451280 0.000000 0.001095
353132.931117 4025876.402077 0.000000 0.001053
353132.962673 4025876.352884 0.000000 0.001013
353132.994226 4025876.303701 0.000000 0.000973
353133.025776 4025876.254527 0.000000 0.000934
353133.057325 4025876.205361 0.000000 0.000897
353133.088872 4025876.156204 0.000000 0.000860
353133.120418 4025876.107054 0.000000 0.000825
353133.151962 4025876.057911 0.000000 0.000791
353133.183506 4025876.008773 0.000000 0.000758
353133.215048 4025875.959642 0.000000 0.000726
353133.246590 4025875.910516 0.000000 0.000695
353133.278131 4025875.861395 0.000000 0.000665
353133.309672 4025875.812278 0.000000 0.000636
353133.341213 4025875.763165 0.000000 0.000608
353133.372753 4025875.714056 0.000000 0.000581
353133.404293 4025875.664951 0.000000 0.000555
353133.435834 4025875.615848 0.000000 0.000530
353133.467374 4025875.566748 0.000000 0.000505
353133.498915 4025875.517651 0.000000 0.000482
353133.530456 4025875.468557 0.000000 0.000459
353133.561998 4025875.419464 0.000000 0.000438
353133.593539 4025875.370373 0.000000 0.000417
353133.625081 4025875.321284 0.000000 0.000397
353133.656624 4025875.272197 0.000000 0.000377
353133.688167 4025875.223111 0.000000 0.000359
353133.719710 4025875.174026 0.000000 0.000341
353133.751254 4025875.124943 0.000000 0.000324
353133.782798 4025875.075860 0.000000 0.000307
353133.814343 4025875.026779 0.000000 0.000291
353133.845889 4025874.977698 0.000000 0.000276
353133.877435 4025874.928618 0.000000 0.000262
353133.908981 4025874.879539 0.000000 0.000248
353133.940528 4025874.830460 0.000000 0.000234
353133.972075 4025874.781382 0.000000 0.000222
353134.003623 4025874.732304 0.000000 0.000209
353134.035172 4025874.683227 0.000000 0.000198
353134.066720 4025874.634150 0.000000 0.000186
353134.098270 4025874.585074 0.000000 0.000176
353134.129819 4025874.535998 0.000000 0.000166
353134.161369 4025874.486922 0.000000 0.000156
353134.192919 4025874.437846 0.000000 0.000147
353134.224470 4025874.388771 0.000000 0.000138
353134.256021 4025874.339696 0.000000 0.000129
353134.287572 4025874.290621 0.000000 0.000121
353134.319124 4025874.241546 0.000000 0.000114
353134.350676 4025874.192471 0.000000 0.000107
353134.382228 4025874.143397 0.000000 0.000100
353134.413780 4025874.094323 0.000000 0.000093
353134.445333 4025874.045248 0.000000 0.000087
353134.476886 4025873.996174 0.000000 0.000081
353134.508439 4025873.947101 0.000000 0.000076
353134.539992 4025873.898027 0.000000 0.000070
353134.571545 4025873.848953 0.000000 0.000066
353134.603099 4025873.799880 0.000000 0.000061
353134.634652 4025873.750806 0.000000 0.000056
353134.666206 4025873.701733 0.000000 0.000052
353134.697760 4025873.652659 0.000000 0.000048
353134.729314 4025873.603586 0.000000 0.000045
353134.760868 4025873.554513 0.000000 0.000041
353134.792422 4025873.505440 0.000000 0.000038
353134.823976 4025873.456367 0.000000 0.000035
353134.855530 4025873.407294 0.000000 0.000032
353134.887085 4025873.358221 0.000000 0.000030
353134.918639 4025873.309148 0.000000 0.000027
353134.950193 4025873.260075 0.000000 0.000025
353134.981748 4025873.211002 0.000000 0.000023
353135.013303 4025873.161929 0.000000 0.000021
353135.044857 4025873.112856 0.000000 0.000019
353135.076412 4025873.063783 0.000000 0.000018
353135.107966 4025873.014710 0.000000 0.000016
353135.139521 4025872.965637 0.000000 0.000015
353135.171076 4025872.916565 0.000000 0.000014
353135.202631 4025872.867492 0.000000 0.000013
353135.234185 4025872.818419 0.000000 0.000012
353135.265740 4025872.769346 0.000000 0.000011
353135.297295 4025872.720274 0.000000 0.000010
353135.328850 4025872.671201 0.000000 0.000010
353135.360404 4025872.622128 0.000000 0.000009
353135.391959 4025872.573055 0.000000 0.000009
353135.423514 4025872.523983 0.000000 0.000009
353135.455069 4025872.474910 0.000000 0.000008
353135.486624 4025872.425837 0.000000 0.000008
353135.518179 4025872.376765 0.000000 0.000008
353135.549734 4025872.327692 0.000000 0.000009
353135.581289 4025872.278619 0.000000 0.000009
353135.612844 4025872.229547 0.000000 0.000009
353135.644398 4025872.180474 0.000000 0.000010
353135.675953 4025872.131401 0.000000 0.000010
353135.707508 4025872.082329 0.000000 0.000011
353135.739063 4025872.033256 0.000000 0.000011
353135.770618 4025871.984184 0.000000 0.000012
353135.802173 4025871.935111 0.000000 0.000013
353135.833728 4025871.886039 0.000000 0.000014
353135.865284 4025871.836966 0.000000 0.000015
353135.896839 4025871.787893 0.000000 0.000016
353135.928394 4025871.738821 0.000000 0.000017
353135.959949 4025871.689748 0.000000 0.000019
353135.991504 4025871.640676 0.000000 0.000020
353136.023060 4025871.591604 0.000000 0.000022
353136.054615 4025871.542531 0.000000 0.000023
353136.086170 4025871.493459 0.000000 0.000025
353136.117726 4025871.444387 0.000000 0.000027
353136.149281 4025871.395314 0.000000 0.000029
353136.180837 4025871.346242 0.000000 0.000031
353136.212393 4025871.297170 0.000000 0.000033
353136.243948 4025871.248098 0.000000 0.000036
353136.275504 4025871.199026 0.000000 0.000038
353136.307060 4025871.149954 0.000000 0.000041
353136.338616 4025871.100882 0.000000 0.000043
353136.370172 4025871.051810 0.000000 0.000046
353136.401729 4025871.002738 0.000000 0.000049
353136.433285 4025870.953666 0.000000 0.000052
353136.464842 4025870.904595 0.000000 0.000055
353136.496398 4025870.855523 0.000000 0.000058
353136.527955 4025870.806452 0.000000 0.000062
353136.559512 4025870.757381 0.000000 0.000065
353136.591069 4025870.708309 0.000000 0.000069
353136.622627 4025870.659238 0.000000 0.000073
353136.654184 4025870.610167 0.000000 0.000076
353136.685742 4025870.561096 0.000000 0.000080
353136.717300 4025870.512026 0.000000 0.000085
353136.748858 4025870.462955 0.000000 0.000089
353136.780416 4025870.413885 0.000000 0.000093
353136.811975 4025870.364815 0.000000 0.000098
353136.843534 4025870.315745 0.000000 0.000102
353136.875093 4025870.266675 0.000000 0.000107
353136.906653 4025870.217605 0.000000 0.000112
353136.938213 4025870.168535 0.000000 0.000117
353136.969773 4025870.119466 0.000000 0.000122
353137.001333 4025870.070397 0.000000 0.000127
353137.032894 4025870.021328 0.000000 0.000132
353137.064455 4025869.972260 0.000000 0.000137
353137.096017 4025869.923191 0.000000 0.000143
353137.127579 4025869.874123 0.000000 0.000148
353137.159141 4025869.825055 0.000000 0.000154
353137.190704 4025869.775988 0.000000 0.000159
353137.222268 4025869.726921 0.000000 0.000165
353137.253831 4025869.677854 0.000000 0.000170
353137.285396 4025869.628787 0.000000 0.000176
353137.316960 4025869.579721 0.000000 0.000182
353137.348526 4025869.530655 0.000000 0.000188
353137.380092 4025869.481589 0.000000 0.000194
353137.411658 4025869.432524 0.000000 0.000199
353137.443225 4025869.383459 0.000000 0.000205
353137.474793 4025869.334395 0.000000 0.000211
353137.506361 4025869.285331 0.000000 0.000217
353137.537930 4025869.236267 0.000000 0.000223
353137.569499 4025869.187204 0.000000 0.000228
353137.601069 4025869.138141 0.000000 0.000234
353137.632640 4025869.089078 0.000000 0.000240
353137.664211 4025869.040016 0.000000 0.000245
353137.695784 4025868.990955 0.000000 0.000251
353137.727357 4025868.941894 0.000000 0.000257
353137.758930 4025868.892833 0.000000 0.000262
353137.790505 4025868.843773 0.000000 0.000267
353137.822080 4025868.794714 0.000000 0.000272
353137.853656 4025868.745655 0.000000 0.000278
353137.885233 4025868.696596 0.000000 0.000283
353137.916811 4025868.647538 0.000000 0.000287
353137.948389 4025868.598481 0.000000 0.000292
353137.979968 4025868.549424 0.000000 0.000297
353138.011549 4025868.500367 0.000000 0.000301
353138.043130 4025868.451312 0.000000 0.000306
353138.074712 4025868.402256 0.000000 0.000310
353138.106295 4025868.353202 0.000000 0.000314
353138.137879 4025868.304148 0.000000 0.000317
353138.169464 4025868.255095 0.000000 0.000321
353138.201049 4025868.206042 0.000000 0.000325
353138.232636 4025868.156990 0.000000 0.000328
353138.264224 4025868.107938 0.000000 0.000331
353138.295813 4025868.058887 0.000000 0.000334
353138.327402 4025868.009837 0.000000 0.000336
353138.358993 4025867.960787 0.000000 0.000339
353138.390585 4025867.911738 0.000000 0.000341
353138.422177 4025867.862690 0.000000 0.000343
353138.453771 4025867.813642 0.000000 0.000345
353138.485366 4025867.764595 0.000000 0.000346
353138.516961 4025867.715549 0.000000 0.000348
353138.548558 4025867.666503 0.000000 0.000349
353138.580156 4025867.617458 0.000000 0.000350
353138.611755 4025867.568414 0.000000 0.000350
353138.643355 4025867.519370 0.000000 0.000351
353138.674956 4025867.470327 0.000000 0.000351
353138.706557 4025867.421285 0.000000 0.000351
353138.738160 4025867.372243 0.000000 0.000351
353138.769764 4025867.323202 0.000000 0.000350
353138.801369 4025867.274162 0.000000 0.000350
353138.832976 4025867.225122 0.000000 0.000349
353138.864583 4025867.176083 0.000000 0.000348
353138.896191 4025867.127045 0.000000 0.000346
353138.927800 4025867.078007 0.000000 0.000345
353138.959410 4025867.028970 0.000000 0.000343
353138.991021 4025866.979933 0.000000 0.000341
353139.022633 4025866.930898 0.000000 0.000339
353139.054246 4025866.881862 0.000000 0.000337
353139.085860 4025866.832828 0.000000 0.000334
353139.117476 4025866.783794 0.000000 0.000332
353139.149092 4025866.734761 0.000000 0.000329
353139.180709 4025866.685728 0.000000 0.000326
353139.212327 4025866.636696 0.000000 0.000323
353139.243946 4025866.587665 0.000000 0.000320
353139.275565 4025866.538634 0.000000 0.000316
353139.307186 4025866.489604 0.000000 0.000313
353139.338808 4025866.440574 0.000000 0.000309
353139.370430 4025866.391545 0.000000 0.000305
353139.402054 4025866.342517 0.000000 0.000301
353139.433678 4025866.293489 0.000000 0.000297
353139.465303 4025866.244461 0.000000 0.000293
353139.496929 4025866.195435 0.000000 0.000289
353139.528556 4025866.146408 0.000000 0.000285
353139.560184 4025866.097382 0.000000 0.000280
353139.591812 4025866.048357 0.000000 0.000276
353139.623442 4025865.999333 0.000000 0.000271
353139.655072 4025865.950308 0.000000 0.000267
353139.686703 4025865.901285 0.000000 0.000262
353139.718334 4025865.852261 0.000000 0.000257
353139.749967 4025865.803239 0.000000 0.000253
353139.781600 4025865.754216 0.000000 0.000248
353139.813233 4025865.705194 0.000000 0.000243
353139.844868 4025865.656173 0.000000 0.000238
353139.876503 4025865.607152 0.000000 0.000233
353139.908139 4025865.558131 0.000000 0.000229
353139.939775 4025865.509111 0.000000 0.000224
353139.971412 4025865.460092 0.000000 0.000219
353140.003050 4025865.411072 0.000000 0.000214
353140.034688 4025865.362053 0.000000 0.000209
353140.066327 4025865.313035 0.000000 0.000204
353140.097967 4025865.264017 0.000000 0.000200
353140.129607 4025865.214999 0.000000 0.000195
353140.161247 4025865.165981 0.000000 0.000190
353140.192888 4025865.116964 0.000000 0.000185
353140.224530 4025865.067948 0.000000 0.000181
353140.256172 4025865.018931 0.000000 0.000176
353140.287815 4025864.969915 0.000000 0.000171
353140.319458 4025864.920899 0.000000 0.000167
353140.351101 4025864.871884 0.000000 0.000162
353140.382745 4025864.822868 0.000000 0.000158
353140.414390 4025864.773853 0.000000 0.000154
353140.446035 4025864.724839 0.000000 0.000149
353140.477680 4025864.675824 0.000000 0.000145
353140.509326 4025864.626810 0.000000 0.000141
353140.540972 4025864.577796 0.000000 0.000137
353140.572618 4025864.528783 0.000000 0.000133
353140.604265 4025864.479769 0.000000 0.000129
353140.635912 4025864.430756 0.000000 0.000125
353140.667560 4025864.381743 0.000000 0.000121
353140.699208 4025864.332730 0.000000 0.000117
353140.730856 4025864.283718 0.000000 0.000113
353140.762504 4025864.234705 0.000000 0.000110
353140.794153 4025864.185693 0.000000 0.000106
353140.825802 4025864.136681 0.000000 0.000102
353140.857452 4025864.087670 0.000000 0.000099
353140.889101 4025864.038658 0.000000 0.000096
353140.920751 4025863.989646 0.000000 0.000092
353140.952401 4025863.940635 0.000000 0.000089
353140.984052 4025863.891624 0.000000 0.000086
353141.015702 4025863.842613 0.000000 0.000083
353141.047353 4025863.793602 0.000000 0.000080
353141.079004 4025863.744592 0.000000 0.000077
353141.110656 4025863.695581 0.000000 0.000074
353141.142307 4025863.646571 0.000000 0.000071
353141.173959 4025863.597560 0.000000 0.000068
353141.205611 4025863.548550 0.000000 0.000066
353141.237263 4025863.499540 0.000000 0.000063
353141.268915 4025863.450530 0.000000 0.000061
353141.300567 4025863.401520 0.000000 0.000058
353141.332220 4025863.352510 0.000000 0.000056
353141.363872 4025863.303501 0.000000 0.000054
353141.395525 4025863.254491 0.000000 0.000051
353141.427178 4025863.205482 0.000000 0.000049
353141.458831 4025863.156472 0.000000 0.000047
353141.490484 4025863.107463 0.000000 0.000045
353141.522138 4025863.058454 0.000000 0.000043
353141.553791 4025863.009445 0.000000 0.000041
353141.585445 4025862.960435 0.000000 0.000039
353141.617098 4025862.911426 0.000000 0.000037
353141.648752 4025862.862417 0.000000 0.000036
353141.680406 4025862.813409 0.000000 0.000034
353141.712060 4025862.764400 0.000000 0.000032
353141.743714 4025862.715391 0.000000 0.000031
353141.775368 4025862.666382 0.000000 0.000029
353141.807022 4025862.617373 0.000000 0.000028
353141.838676 4025862.568365 0.000000 0.000026
353141.870330 4025862.519356 0.000000 0.000025
353141.901985 4025862.470348 0.000000 0.000024
353141.933639 4025862.421339 0.000000 0.000022
353141.965294 4025862.372331 0.000000 0.000021
353141.996948 4025862.323322 0.000000 0.000020
353142.028603 4025862.274314 0.000000 0.000019
353142.060257 4025862.225305 0.000000 0.000018
353142.091912 4025862.176297 0.000000 0.000017
353142.123567 4025862.127289 0.000000 0.000016
353142.155222 4025862.078280 0.000000 0.000015
353142.186876 4025862.029272 0.000000 0.000014
353142.218531 4025861.980264 0.000000 0.000013
353142.250186 4025861.931255 0.000000 0.000012
353142.281841 4025861.882247 0.000000 0.000012
353142.313496 4025861.833239 0.000000 0.000011
353142.345151 4025861.784231 0.000000 0.000010
353142.376806 4025861.735223 0.000000 0.000009
353142.408461 4025861.686214 0.000000 0.000009
353142.440116 4025861.637206 0.000000 0.000008
353142.471771 4025861.588198 0.000000 0.000008
353142.503426 4025861.539190 0.000000 0.000007
353142.535081 4025861.490182 0.000000 0.000007
353142.566736 4025861.441174 0.000000 0.000006
353142.598391 4025861.392166 0.000000 0.000006
353142.630046 4025861.343157 0.000000 0.000005
353142.661701 4025861.294149 0.000000 0.000005
353142.693356 4025861.245141 0.000000 0.000004
353142.725011 4025861.196133 0.000000 0.000004
353142.756666 4025861.147125 0.000000 0.000004
353142.788321 4025861.098117 0.000000 0.000003
353142.819977 4025861.049109 0.000000 0.000003
353142.851632 4025861.000101 0.000000 0.000003
353142.883287 4025860.951093 0.000000 0.000003
353142.914942 4025860.902085 0.000000 0.000002
353142.946597 4025860.853077 0.000000 0.000002
353142.978252 4025860.804069 0.000000 0.000002
353143.009908 4025860.755061 0.000000 0.000002
353143.041563 4025860.706053 0.000000 0.000002
353143.073218 4025860.657045 0.000000 0.000001
353143.104873 4025860.608037 0.000000 0.000001
353143.136528 4025860.559028 0.000000 0.000001
353143.168183 4025860.510020 0.000000 0.000001
353143.199839 4025860.461012 0.000000 0.000001
353143.231494 4025860.412004 0.000000 0.000001
353143.263149 4025860.362996 0.000000 0.000001
353143.294804 4025860.313988 0.000000 0.000001
353143.326459 4025860.264980 0.000000 0.000001
353143.358114 4025860.215972 0.000000 0.000001
353143.389770 4025860.166964 0.000000 0.000000
353143.421425 4025860.117956 0.000000 0.000000
353143.453080 4025860.068948 0.000000 0.000000
353143.484735 4025860.019940 0.000000 0.000000
353143.516390 4025859.970932 0.000000 0.000000
353143.548046 4025859.921924 0.000000 0.000000
353143.579701 4025859.872916 0.000000 0.000000
353143.611356 4025859.823908 0.000000 0.000000
353143.643011 4025859.774900 0.000000 0.000000
353143.674666 4025859.725892 0.000000 0.000000
353143.706322 4025859.676884 0.000000 0.000000
353143.737977 4025859.627876 0.000000 0.000000
353143.769632 4025859.578868 0.000000 0.000000
353143.801287 4025859.529860 0.000000 0.000000
353143.832942 4025859.480852 0.000000 -0.000000
353143.864597 4025859.431844 0.000000 -0.000000
353143.896253 4025859.382836 0.000000 -0.000000
353143.927908 4025859.333828 0.000000 -0.000000
353143.959563 4025859.284820 0.000000 -0.000000
353143.991218 4025859.235811 0.000000 -0.000000
353144.022873 4025859.186803 0.000000 -0.000000
353144.054529 4025859.137795 0.000000 -0.000001
353144.086184 4025859.088787 0.000000 -0.000001
353144.117839 4025859.039779 0.000000 -0.000001
353144.149494 4025858.990771 0.000000 -0.000001
353144.181149 4025858.941763 0.000000 -0.000001
353144.212805 4025858.892755 0.000000 -0.000002
353144.244460 4025858.843747 0.000000 -0.000002
353144.276115 4025858.794739 0.000000 -0.000003
353144.307770 4025858.745731 0.000000 -0.000003
353144.339425 4025858.696723 0.000000 -0.000004
353144.371080 4025858.647715 0.000000 -0.000004
353144.402736 4025858.598707 0.000000 -0.000005
353144.434391 4025858.549699 0.000000 -0.000006
353144.466046 4025858.500691 0.000000 -0.000007
353144.497701 4025858.451683 0.000000 -0.000009
353144.529356 4025858.402675 0.000000 -0.000010
353144.561012 4025858.353667 0.000000 -0.000012
353144.592667 4025858.304659 0.000000 -0.000014
353144.624322 4025858.255651 0.000000 -0.000016
353144.655977 4025858.206643 0.000000 -0.000018
353144.687632 4025858.157634 0.000000 -0.000021
353144.719287 4025858.108626 0.000000 -0.000023
353144.750942 4025858.059618 0.000000 -0.000027
353144.782597 4025858.010610 0.000000 -0.000030
353144.814252 4025857.961602 0.000000 -0.000034
353144.845907 4025857.912594 0.000000 -0.000038
353144.877562 4025857.863585 0.000000 -0.000043
353144.909217 4025857.814577 0.000000 -0.000048
353144.940871 4025857.765569 0.000000 -0.000054
353144.972526 4025857.716560 0.000000 -0.000060
353145.004180 4025857.667552 0.000000 -0.000067
353145.035835 4025857.618543 0.000000 -0.000074
353145.067489 4025857.569535 0.000000 -0.000082
353145.099143 4025857.520526 0.000000 -0.000091
353145.130797 4025857.471517 0.000000 -0.000100
353145.162450 4025857.422508 0.000000 -0.000110
353145.194104 4025857.373499 0.000000 -0.000121
353145.225757 4025857.324490 0.000000 -0.000133
353145.257410 4025857.275480 0.000000 -0.000145
353145.289062 4025857.226470 0.000000 -0.000158
353145.320715 4025857.177460 0.000000 -0.000173
353145.352366 4025857.128450 0.000000 -0.000188
353145.384018 4025857.079440 0.000000 -0.000204
353145.415669 4025857.030429 0.000000 -0.000221
353145.447319 4025856.981418 0.000000 -0.000240
353145.478969 4025856.932407 0.000000 -0.000259
353145.510619 4025856.883395 0.000000 -0.000280
353145.542267 4025856.834383 0.000000 -0.000302
353145.573915 4025856.785370 0.000000 -0.000325
353145.605562 4025856.736357 0.000000 -0.000350
353145.637208 4025856.687343 0.000000 -0.000375
353145.668854 4025856.638329 0.000000 -0.000403
353145.700498 4025856.589314 0.000000 -0.000431
353145.732141 4025856.540299 0.000000 -0.000461
353145.763784 4025856.491282 0.000000 -0.000492
353145.795424 4025856.442265 0.000000 -0.000525
353145.827064 4025856.393248 0.000000 -0.000560
353145.858702 4025856.344229 0.000000 -0.000596
353145.890339 4025856.295209 0.000000 -0.000633
353145.921974 4025856.246188 0.000000 -0.000672
353145.953607 4025856.197166 0.000000 -0.000713
353145.985238 4025856.148143 0.000000 -0.000755
353146.016868 4025856.099119 0.000000 -0.000798
353146.048495 4025856.050093 0.000000 -0.000844
353146.080120 4025856.001066 0.000000 -0.000890
353146.111742 4025855.952037 0.000000 -0.000939
353146.143363 4025855.903007 0.000000 -0.000989
353146.174980 4025855.853975 0.000000 -0.001040
353146.206594 4025855.804942 0.000000 -0.001093
353146.238206 4025855.755906 0.000000 -0.001147
353146.269814 4025855.706868 0.000000 -0.001203
353146.301420 4025855.657829 0.000000 -0.001260
353146.333021 4025855.608787 0.000000 -0.001319
353146.364619 4025855.559743 0.000000 -0.001379
353146.396213 4025855.510696 0.000000 -0.001440
353146.427803 4025855.461647 0.000000 -0.001503
353146.459389 4025855.412595 0.000000 -0.001566
353146.490971 4025855.363541 0.000000 -0.001631
353146.522547 4025855.314483 0.000000 -0.001697
353146.554120 4025855.265423 0.000000 -0.001763
353146.585687 4025855.216359 0.000000 -0.001831
353146.617248 4025855.167292 0.000000 -0.001899
353146.648805 4025855.118222 0.000000 -0.001969
353146.680356 4025855.069148 0.000000 -0.002038
353146.711900 4025855.020070 0.000000 -0.002109
353146.743439 4025854.970988 0.000000 -0.002179
353146.774972 4025854.921903 0.000000 -0.002251
353146.806498 4025854.872813 0.000000 -0.002322
353146.838017 4025854.823720 0.000000 -0.002394
353146.869530 4025854.774621 0.000000 -0.002465
353146.901035 4025854.725519 0.000000 -0.002537
353146.932533 4025854.676411 0.000000 -0.002608
353146.964023 4025854.627299 0.000000 -0.002679
353146.995505 4025854.578182 0.000000 -0.002749
353147.026980 4025854.529060 0.000000 -0.002819
353147.058446 4025854.479932 0.000000 -0.002889
353147.089904 4025854.430800 0.000000 -0.002957
353147.121352 4025854.381661 0.000000 -0.003025
353147.152792 4025854.332517 0.000000 -0.003091
353147.184223 4025854.283368 0.000000 -0.003157
353147.215645 4025854.234212 0.000000 -0.003220
353147.247057 4025854.185051 0.000000 -0.003283
353147.278459 4025854.135883 0.000000 -0.003344
353147.309851 4025854.086709 0.000000 -0.003403
353147.341234 4025854.037529 0.000000 -0.003461
353147.372606 4025853.988342 0.000000 -0.003516
353147.403967 4025853.939148 0.000000 -0.003570
353147.435318 4025853.889948 0.000000 -0.003621
353147.466658 4025853.840741 0.000000 -0.003670
353147.497987 4025853.791527 0.000000 -0.003717
353147.529305 4025853.742306 0.000000 -0.003761
353147.560612 4025853.693078 0.000000 -0.003803
353147.591908 4025853.643843 0.000000 -0.003842
353147.623192 4025853.594601 0.000000 -0.003878
353147.654464 4025853.545351 0.000000 -0.003912
353147.685725 4025853.496094 0.000000 -0.003943
353147.716974 4025853.446830 0.000000 -0.003971
353147.748211 4025853.397558 0.000000 -0.003996
353147.779436 4025853.348278 0.000000 -0.004017
353147.810649 4025853.298991 0.000000 -0.004036
353147.841850 4025853.249696 0.000000 -0.004052
353147.873039 4025853.200394 0.000000 -0.004064
353147.904216 4025853.151084 0.000000 -0.004073
353147.935380 4025853.101766 0.000000 -0.004079
353147.966533 4025853.052440 0.000000 -0.004082
353147.997673 4025853.003107 0.000000 -0.004082
353148.028801 4025852.953766 0.000000 -0.004078
353148.059917 4025852.904418 0.000000 -0.004071
353148.091020 4025852.855061 0.000000 -0.004061
353148.122112 4025852.805697 0.000000 -0.004048
353148.153191 4025852.756326 0.000000 -0.004032
353148.184259 4025852.706947 0.000000 -0.004013
353148.215314 4025852.657560 0.000000 -0.003990
353148.246358 4025852.608166 0.000000 -0.003965
353148.277389 4025852.558764 0.000000 -0.003936
353148.308410 4025852.509355 0.000000 -0.003905
353148.339418 4025852.459939 0.000000 -0.003870
353148.370415 4025852.410515 0.000000 -0.003833
353148.401401 4025852.361085 0.000000 -0.003794
353148.432375 4025852.311647 0.000000 -0.003751
353148.463338 4025852.262202 0.000000 -0.003707
353148.494291 4025852.212750 0.000000 -0.003659
353148.525232 4025852.163291 0.000000 -0.003610
353148.556163 4025852.113826 0.000000 -0.003558
353148.587083 4025852.064354 0.000000 -0.003504
353148.617993 4025852.014876 0.000000 -0.003448
353148.648893 4025851.965391 0.000000 -0.003390
353148.679783 4025851.915900 0.000000 -0.003331
353148.710664 4025851.866402 0.000000 -0.003269
353148.741534 4025851.816899 0.000000 -0.003207
353148.772396 4025851.767390 0.000000 -0.003143
353148.803248 4025851.717875 0.000000 -0.003077
353148.834091 4025851.668354 0.000000 -0.003010
353148.864926 4025851.618828 0.000000 -0.002943
353148.895752 4025851.569296 0.000000 -0.002874
353148.926569 4025851.519760 0.000000 -0.002805
353148.957379 4025851.470218 0.000000 -0.002735
353148.988181 4025851.420671 0.000000 -0.002665
353149.018975 4025851.371119 0.000000 -0.002594
353149.049762 4025851.321563 0.000000 -0.002523
353149.080541 4025851.272002 0.000000 -0.002451
353149.111314 4025851.222437 0.000000 -0.002380
353149.142079 4025851.172867 0.000000 -0.002308
353149.172839 4025851.123293 0.000000 -0.002237
353149.203592 4025851.073716 0.000000 -0.002166
353149.234339 4025851.024134 0.000000 -0.002096
353149.265079 4025850.974549 0.000000 -0.002026
353149.295815 4025850.924960 0.000000 -0.001956
353149.326545 4025850.875368 0.000000 -0.001888
353149.357269 4025850.825772 0.000000 -0.001819
353149.387989 4025850.776174 0.000000 -0.001752
353149.418703 4025850.726572 0.000000 -0.001686
353149.449413 4025850.676967 0.000000 -0.001621
353149.480119 4025850.627359 0.000000 -0.001556
353149.510820 4025850.577749 0.000000 -0.001493
353149.541518 4025850.528136 0.000000 -0.001431
353149.572211 4025850.478521 0.000000 -0.001370
353149.602901 4025850.428904 0.000000 -0.001311
353149.633587 4025850.379284 0.000000 -0.001253
353149.664270 4025850.329662 0.000000 -0.001196
353149.694950 4025850.280038 0.000000 -0.001141
353149.725626 4025850.230412 0.000000 -0.001087
353149.756300 4025850.180784 0.000000 -0.001034
353149.786971 4025850.131155 0.000000 -0.000983
353149.817640 4025850.081524 0.000000 -0.000934
353149.848306 4025850.031892 0.000000 -0.000886
353149.878969 4025849.982258 0.000000 -0.000840
353149.909631 4025849.932622 0.000000 -0.000795
353149.940291 4025849.882986 0.000000 -0.000752
353149.970948 4025849.833348 0.000000 -0.000710
353150.001604 4025849.783709 0.000000 -0.000670
353150.032259 4025849.734069 0.000000 -0.000631
353150.062911 4025849.684428 0.000000 -0.000594
353150.093563 4025849.634786 0.000000 -0.000559
353150.124212 4025849.585143 0.000000 -0.000525
353150.154861 4025849.535500 0.000000 -0.000492
353150.185508 4025849.485855 0.000000 -0.000461
353150.216155 4025849.436210 0.000000 -0.000431
353150.246800 4025849.386565 0.000000 -0.000403
353150.277444 4025849.336919 0.000000 -0.000376
353150.308088 4025849.287272 0.000000 -0.000351
353150.338730 4025849.237624 0.000000 -0.000327
353150.369372 4025849.187977 0.000000 -0.000304
353150.400014 4025849.138328 0.000000 -0.000282
353150.430654 4025849.088680 0.000000 -0.000261
353150.461294 4025849.039031 0.000000 -0.000242
353150.491934 4025848.989382 0.000000 -0.000224
353150.522573 4025848.939732 0.000000 -0.000207
353150.553211 4025848.890082 0.000000 -0.000191
353150.583849 4025848.840432 0.000000 -0.000175
353150.614487 4025848.790782 0.000000 -0.000161
353150.645125 4025848.741131 0.000000 -0.000148
353150.675762 4025848.691480 0.000000 -0.000136
353150.706399 4025848.641829 0.000000 -0.000124
353150.737035 4025848.592178 0.000000 -0.000113
353150.767672 4025848.542527 0.000000 -0.000103
353150.798308 4025848.492875 0.000000 -0.000094
353150.828944 4025848.443224 0.000000 -0.000086
353150.859580 4025848.393572 0.000000 -0.000078
353150.890215 4025848.343921 0.000000 -0.000070
353150.920851 4025848.294269 0.000000 -0.000063
353150.951486 4025848.244617 0.000000 -0.000057
353150.982122 4025848.194965 0.000000 -0.000052
353151.012757 4025848.145313 0.000000 -0.000046
353151.043392 4025848.095661 0.000000 -0.000042
353151.074028 4025848.046009 0.000000 -0.000037
353151.104663 4025847.996357 0.000000 -0.000033
353151.135298 4025847.946705 0.000000 -0.000030
353151.165933 4025847.897053 0.000000 -0.000026
353151.196568 4025847.847401 0.000000 -0.000023
353151.227203 4025847.797749 0.000000 -0.000021
353151.257838 4025847.748096 0.000000 -0.000018
353151.288472 4025847.698444 0.000000 -0.000016
353151.319107 4025847.648792 0.000000 -0.000014
353151.349742 4025847.599140 0.000000 -0.000012
353151.380377 4025847.549487 0.000000 -0.000011
353151.411012 4025847.499835 0.000000 -0.000010
353151.441647 4025847.450183 0.000000 -0.000008
353151.472282 4025847.400531 0.000000 -0.000007
353151.502916 4025847.350878 0.000000 -0.000006
353151.533551 4025847.301226 0.000000 -0.000006
353151.564186 4025847.251574 0.000000 -0.000005
353151.594821 4025847.201922 0.000000 -0.000004
353151.625456 4025847.152269 0.000000 -0.000004
353151.656090 4025847.102617 0.000000 -0.000003
353151.686725 4025847.052965 0.000000 -0.000003
353151.717360 4025847.003313 0.000000 -0.000002
353151.747995 4025846.953660 0.000000 -0.000002
353151.778629 4025846.904008 0.000000 -0.000002
353151.809264 4025846.854356 0.000000 -0.000001
353151.839899 4025846.804703 0.000000 -0.000001
353151.870534 4025846.755051 0.000000 -0.000001
353151.901168 4025846.705399 0.000000 -0.000001
353151.931803 4025846.655747 0.000000 -0.000001
353151.962438 4025846.606094 0.000000 -0.000000
353151.993073 4025846.556442 0.000000 -0.000000
353152.023707 4025846.506790 0.000000 0.000000
353152.054342 4025846.457137 0.000000 0.000000
353152.084977 4025846.407485 0.000000 0.000001
353152.115612 4025846.357833 0.000000 0.000001
353152.146246 4025846.308181 0.000000 0.000001
353152.176881 4025846.258528 0.000000 0.000002
353152.207516 4025846.208876 0.000000 0.000002
353152.238151 4025846.159224 0.000000 0.000002
353152.268785 4025846.109571 0.000000 0.000003
353152.299420 4025846.059919 0.000000 0.000004
353152.330055 4025846.010267 0.000000 0.000004
353152.360690 4025845.960614 0.000000 0.000005
353152.391325 4025845.910962 0.000000 0.000006
353152.421959 4025845.861310 0.000000 0.000007
353152.452594 4025845.811658 0.000000 0.000008
353152.483229 4025845.762005 0.000000 0.000009
353152.513864 4025845.712353 0.000000 0.000010
353152.544499 4025845.662701 0.000000 0.000011
353152.575133 4025845.613049 0.000000 0.000013
353152.605768 4025845.563396 0.000000 0.000014
353152.636403 4025845.513744 0.000000 0.000016
353152.667038 4025845.464092 0.000000 0.000018
353152.697673 4025845.414440 0.000000 0.000020
353152.728308 4025845.364788 0.000000 0.000023
353152.758943 4025845.315135 0.000000 0.000025
353152.789578 4025845.265483 0.000000 0.000028
353152.820213 4025845.215831 0.000000 0.000031
353152.850848 4025845.166179 0.000000 0.000034
353152.881483 4025845.116527 0.000000 0.000038
353152.912119 4025845.066875 0.000000 0.000041
353152.942754 4025845.017223 0.000000 0.000045
353152.973390 4025844.967572 0.000000 0.000050
353153.004025 4025844.917920 0.000000 0.000054
353153.034661 4025844.868268 0.000000 0.000059
353153.065297 4025844.818617 0.000000 0.000065
353153.095933 4025844.768965 0.000000 0.000071
353153.126569 4025844.719314 0.000000 0.000077
353153.157205 4025844.669662 0.000000 0.000083
353153.187842 4025844.620011 0.000000 0.000090
353153.218479 4025844.570360 0.000000 0.000097
353153.249116 4025844.520709 0.000000 0.000105
353153.279753 4025844.471058 0.000000 0.000113
353153.310390 4025844.421408 0.000000 0.000122
353153.341028 4025844.371757 0.000000 0.000131
353153.371666 4025844.322107 0.000000 0.000141
353153.402305 4025844.272457 0.000000 0.000151
353153.432943 4025844.222807 0.000000 0.000162
353153.463583 4025844.173158 0.000000 0.000173
353153.494222 4025844.123509 0.000000 0.000185
353153.524862 4025844.073860 0.000000 0.000198
353153.555503 4025844.024211 0.000000 0.000211
353153.586144 4025843.974563 0.000000 0.000224
353153.616786 4025843.924915 0.000000 0.000238
353153.647428 4025843.875267 0.000000 0.000253
353153.678071 4025843.825620 0.000000 0.000268
353153.708715 4025843.775974 0.000000 0.000284
353153.739360 4025843.726327 0.000000 0.000301
353153.770005 4025843.676682 0.000000 0.000318
353153.800651 4025843.627036 0.000000 0.000336
353153.831298 4025843.577392 0.000000 0.000354
353153.861946 4025843.527748 0.000000 0.000373
353153.892595 4025843.478104 0.000000 0.000393
353153.923245 4025843.428462 0.000000 0.000413
353153.953896 4025843.378820 0.000000 0.000434
353153.984549 4025843.329178 0.000000 0.000455
353154.015202 4025843.279538 0.000000 0.000477
353154.045857 4025843.229898 0.000000 0.000500
353154.076513 4025843.180259 0.000000 0.000523
353154.107171 4025843.130621 0.000000 0.000546
353154.137831 4025843.080984 0.000000 0.000570
353154.168492 4025843.031349 0.000000 0.000595
353154.199154 4025842.981714 0.000000 0.000620
353154.229818 4025842.932080 0.000000 0.000646
353154.260485 4025842.882447 0.000000 0.000672
353154.291153 4025842.832816 0.000000 0.000698
353154.321823 4025842.783185 0.000000 0.000725
353154.352495 4025842.733556 0.000000 0.000752
353154.383169 4025842.683929 0.000000 0.000780
353154.413846 4025842.634303 0.000000 0.000808
353154.444524 4025842.584678 0.000000 0.000836
353154.475206 4025842.535055 0.000000 0.000865
353154.505889 4025842.485433 0.000000 0.000893
353154.536576 4025842.435813 0.000000 0.000922
353154.567264 4025842.386194 0.000000 0.000951
353154.597956 4025842.336578 0.000000 0.000980
353154.628651 4025842.286963 0.000000 0.001010
353154.659348 4025842.237349 0.000000 0.001039
353154.690049 4025842.187738 0.000000 0.001068
353154.720752 4025842.138129 0.000000 0.001097
353154.751459 4025842.088522 0.000000 0.001126
353154.782169 4025842.038916 0.000000 0.001156
353154.812883 4025841.989313 0.000000 0.001184
353154.843600 4025841.939712 0.000000 0.001213
353154.874320 4025841.890114 0.000000 0.001242
353154.905044 4025841.840517 0.000000 0.001270
353154.935772 4025841.790923 0.000000 0.001298
353154.966504 4025841.741332 0.000000 0.001325
353154.997240 4025841.691742 0.000000 0.001352
353155.027979 4025841.642155 0.000000 0.001379
353155.058723 4025841.592571 0.000000 0.001405
353155.089471 4025841.542990 0.000000 0.001430
353155.120223 4025841.493411 0.000000 0.001456
353155.150980 4025841.443834 0.000000 0.001480
353155.181740 4025841.394261 0.000000 0.001504
353155.212506 4025841.344690 0.000000 0.001527
353155.243275 4025841.295122 0.000000 0.001549
353155.274050 4025841.245557 0.000000 0.001571
353155.304829 4025841.195995 0.000000 0.001592
353155.335613 4025841.146436 0.000000 0.001612
353155.366401 4025841.096880 0.000000 0.001631
353155.397195 4025841.047326 0.000000 0.001650
353155.427993 4025840.997776 0.000000 0.001668
353155.458796 4025840.948229 0.000000 0.001684
353155.489605 4025840.898685 0.000000 0.001700
353155.520418 4025840.849145 0.000000 0.001715
353155.551237 4025840.799607 0.000000 0.001729
353155.582060 4025840.750073 0.000000 0.001742
353155.612889 4025840.700542 0.000000 0.001754
353155.643723 4025840.651014 0.000000 0.001764
353155.674562 4025840.601489 0.000000 0.001774
353155.705407 4025840.551968 0.000000 0.001783
353155.736256 4025840.502450 0.000000 0.001791
353155.767112 4025840.452935 0.000000 0.001798
353155.797972 4025840.403424 0.000000 0.001804
353155.828838 4025840.353916 0.000000 0.001808
353155.859709 4025840.304411 0.000000 0.001812
353155.890586 4025840.254910 0.000000 0.001815
353155.921468 4025840.205412 0.000000 0.001816
353155.952355 4025840.155918 0.000000 0.001817
353155.983248 4025840.106427 0.000000 0.001817
353156.014146 4025840.056939 0.000000 0.001815
353156.045049 4025840.007454 0.000000 0.001813
353156.075958 4025839.957973 0.000000 0.001809
353156.106872 4025839.908496 0.000000 0.001805
353156.137792 4025839.859021 0.000000 0.001800
353156.168717 4025839.809550 0.000000 0.001793
353156.199647 4025839.760082 0.000000 0.001786
353156.230582 4025839.710618 0.000000 0.001778
353156.261523 4025839.661157 0.000000 0.001769
353156.292469 4025839.611699 0.000000 0.001759
353156.323420 4025839.562244 0.000000 0.001748
353156.354376 4025839.512793 0.000000 0.001737
353156.385337 4025839.463344 0.000000 0.001725
353156.416304 4025839.413899 0.000000 0.001712
353156.447275 4025839.364457 0.000000 0.001698
353156.478252 4025839.315018 0.000000 0.001683
353156.509233 4025839.265583 0.000000 0.001668
353156.540219 4025839.216150 0.000000 0.001652
353156.571210 4025839.166720 0.000000 0.001636
353156.602206 4025839.117293 0.000000 0.001619
353156.633207 4025839.067870 0.000000 0.001601
353156.664212 4025839.018449 0.000000 0.001583
353156.695222 4025838.969031 0.000000 0.001564
353156.726236 4025838.919616 0.000000 0.001545
353156.757255 4025838.870203 0.000000 0.001526
353156.788279 4025838.820794 0.000000 0.001506
353156.819306 4025838.771387 0.000000 0.001485
353156.850338 4025838.721983 0.000000 0.001465
353156.881375 4025838.672581 0.000000 0.001444
353156.912415 4025838.623183 0.000000 0.001423
353156.943460 4025838.573786 0.000000 0.001401
353156.974508 4025838.524393 0.000000 0.001379
353157.005561 4025838.475001 0.000000 0.001357
353157.036618 4025838.425613 0.000000 0.001335
353157.067678 4025838.376226 0.000000 0.001313
353157.098742 4025838.326842 0.000000 0.001291
353157.129810 4025838.277460 0.000000 0.001268
353157.160882 4025838.228081 0.000000 0.001246
353157.191957 4025838.178704 0.000000 0.001223
353157.223035 4025838.129329 0.000000 0.001201
353157.254118 4025838.079956 0.000000 0.001178
353157.285203 4025838.030585 0.000000 0.001156
353157.316292 4025837.981216 0.000000 0.001134
353157.347384 4025837.931850 0.000000 0.001111
353157.378479 4025837.882485 0.000000 0.001089
353157.409577 4025837.833122 0.000000 0.001068
353157.440678 4025837.783761 0.000000 0.001046
353157.471783 4025837.734402 0.000000 0.001024
353157.502890 4025837.685045 0.000000 0.001003
353157.534000 4025837.635690 0.000000 0.000982
353157.565112 4025837.586336 0.000000 0.000961
353157.596228 4025837.536984 0.000000 0.000941
353157.627346 4025837.487634 0.000000 0.000921
353157.658467 4025837.438285 0.000000 0.000901
353157.689590 4025837.388938 0.000000 0.000882
353157.720716 4025837.339592 0.000000 0.000863
353157.751844 4025837.290248 0.000000 0.000844
353157.782974 4025837.240905 0.000000 0.000826
353157.814107 4025837.191564 0.000000 0.000808
353157.845242 4025837.142225 0.000000 0.000791
353157.876379 4025837.092886 0.000000 0.000774
353157.907519 4025837.043549 0.000000 0.000758
353157.938660 4025836.994213 0.000000 0.000742
353157.969804 4025836.944879 0.000000 0.000727
353158.000949 4025836.895546 0.000000 0.000713
353158.032097 4025836.846214 0.000000 0.000699
353158.063246 4025836.796883 0.000000 0.000685
353158.094398 4025836.747553 0.000000 0.000672
353158.125551 4025836.698225 0.000000 0.000660
353158.156706 4025836.648898 0.000000 0.000649
353158.187863 4025836.599571 0.000000 0.000638
353158.219021 4025836.550246 0.000000 0.000627
353158.250181 4025836.500922 0.000000 0.000618
353158.281343 4025836.451599 0.000000 0.000609
353158.312507 4025836.402277 0.000000 0.000601
353158.343672 4025836.352956 0.000000 0.000593
353158.374839 4025836.303636 0.000000 0.000586
353158.406007 4025836.254317 0.000000 0.000580
353158.437177 4025836.204999 0.000000 0.000575
353158.468349 4025836.155682 0.000000 0.000570
353158.499522 4025836.106366 0.000000 0.000566
353158.530697 4025836.057050 0.000000 0.000563
353158.561873 4025836.007736 0.000000 0.000560
353158.593051 4025835.958422 0.000000 0.000558
353158.624231 4025835.909109 0.000000 0.000557
353158.655412 4025835.859796 0.000000 0.000557
353158.686595 4025835.810485 0.000000 0.000557
353158.717780 4025835.761173 0.000000 0.000558
353158.748966 4025835.711863 0.000000 0.000560
353158.780155 4025835.662553 0.000000 0.000563
353158.811345 4025835.613243 0.000000 0.000566
353158.842537 4025835.563933 0.000000 0.000570
353158.873732 4025835.514624 0.000000 0.000575
353158.904928 4025835.465314 0.000000 0.000580
353158.936127 4025835.416005 0.000000 0.000586
353158.967328 4025835.366695 0.000000 0.000593
353158.998532 4025835.317385 0.000000 0.000600
353159.029738 4025835.268075 0.000000 0.000608
353159.060947 4025835.218764 0.000000 0.000617
353159.092159 4025835.169451 0.000000 0.000626
353159.123374 4025835.120138 0.000000 0.000636
353159.154592 4025835.070824 0.000000 0.000647
353159.185814 4025835.021508 0.000000 0.000658
353159.217040 4025834.972189 0.000000 0.000669
353159.248269 4025834.922869 0.000000 0.000682
353159.279503 4025834.873547 0.000000 0.000694
353159.310742 4025834.824221 0.000000 0.000708
353159.341985 4025834.774892 0.000000 0.000721
353159.373234 4025834.725560 0.000000 0.000736
353159.404487 4025834.676223 0.000000 0.000750
353159.435747 4025834.626882 0.000000 0.000765
353159.467013 4025834.577536 0.000000 0.000781
353159.498286 4025834.528184 0.000000 0.000796
353159.529565 4025834.478826 0.000000 0.000812
353159.560853 4025834.429462 0.000000 0.000829
353159.592148 4025834.380090 0.000000 0.000846
353159.623452 4025834.330710 0.000000 0.000863
353159.654764 4025834.281321 0.000000 0.000880
353159.686087 4025834.231923 0.000000 0.000897
353159.717419 4025834.182514 0.000000 0.000915
353159.748763 4025834.133094 0.000000 0.000932
353159.780117 4025834.083662 0.000000 0.000950
353159.811484 4025834.034217 0.000000 0.000968
353159.842864 4025833.984757 0.000000 0.000986
353159.874258 4025833.935283 0.000000 0.001004
353159.905666 4025833.885792 0.000000 0.001022
353159.937089 4025833.836284 0.000000 0.001039
353159.968529 4025833.786757 0.000000 0.001057
353159.999985 4025833.737210 0.000000 0.001075
353160.031459 4025833.687642 0.000000 0.001092
353160.062952 4025833.638052 0.000000 0.001110
353160.094465 4025833.588437 0.000000 0.001127
353160.125999 4025833.538797 0.000000 0.001144
353160.157555 4025833.489130 0.000000 0.001160
353160.189134 4025833.439434 0.000000 0.001177
353160.220737 4025833.389708 0.000000 0.001193
353160.252366 4025833.339950 0.000000 0.001209
353160.284021 4025833.290157 0.000000 0.001224
353160.315704 4025833.240330 0.000000 0.001239
353160.347416 4025833.190464 0.000000 0.001253
353160.379158 4025833.140559 0.000000 0.001267
353160.410932 4025833.090613 0.000000 0.001281
353160.442740 4025833.040623 0.000000 0.001294
353160.474582 4025832.990587 0.000000 0.001306
353160.506460 4025832.940504 0.000000 0.001318
353160.538375 4025832.890370 0.000000 0.001330
353160.570330 4025832.840183 0.000000 0.001340
353160.602326 4025832.789942 0.000000 0.001351
353160.634363 4025832.739644 0.000000 0.001360
353160.666445 4025832.689286 0.000000 0.001369
353160.698572 4025832.638866 0.000000 0.001377
353160.730746 4025832.588381 0.000000 0.001384
353160.762970 4025832.537829 0.000000 0.001391
353160.795244 4025832.487206 0.000000 0.001397
353160.827570 4025832.436511 0.000000 0.001402
353160.859951 4025832.385741 0.000000 0.001407
353160.892389 4025832.334891 0.000000 0.001411
353160.924884 4025832.283961 0.000000 0.001413
353160.957440 4025832.232946 0.000000 0.001416
353160.990057 4025832.181845 0.000000 0.001417
353161.022738 4025832.130653 0.000000 0.001417
353161.055485 4025832.079368 0.000000 0.001417
353161.088300 4025832.027986 0.000000 0.001416
353161.121185 4025831.976506 0.000000 0.001414
353161.154142 4025831.924922 0.000000 0.001411
353161.187173 4025831.873233 0.000000 0.001408
353161.220280 4025831.821435 0.000000 0.001403
353161.253466 4025831.769525 0.000000 0.001398
353161.286731 4025831.717499 0.000000 0.001392
353161.320080 4025831.665354 0.000000 0.001386
353161.353513 4025831.613087 0.000000 0.001378
353161.387032 4025831.560694 0.000000 0.001370
353161.420641 4025831.508172 0.000000 0.001361
353161.454341 4025831.455518 0.000000 0.001351
353161.488135 4025831.402728 0.000000 0.001340
353161.522024 4025831.349798 0.000000 0.001329
353161.556011 4025831.296725 0.000000 0.001317
353161.590099 4025831.243506 0.000000 0.001304
353161.624288 4025831.190138 0.000000 0.001291
353161.658583 4025831.136615 0.000000 0.001277
353161.692984 4025831.082935 0.000000 0.001263
353161.727495 4025831.029095 0.000000 0.001247
353161.762117 4025830.975090 0.000000 0.001232
353161.796854 4025830.920918 0.000000 0.001215
353161.831706 4025830.866573 0.000000 0.001198
353161.866677 4025830.812053 0.000000 0.001181
353161.901769 4025830.757354 0.000000 0.001163
353161.936984 4025830.702473 0.000000 0.001145
353161.972325 4025830.647404 0.000000 0.001126
353162.007794 4025830.592146 0.000000 0.001107
353162.043394 4025830.536693 0.000000 0.001087
353162.079126 4025830.481042 0.000000 0.001067
353162.114993 4025830.425189 0.000000 0.001047
353162.150999 4025830.369130 0.000000 0.001026
353162.187144 4025830.312862 0.000000 0.001006
353162.223433 4025830.256380 0.000000 0.000984
353162.259866 4025830.199680 0.000000 0.000963
353162.296447 4025830.142759 0.000000 0.000942
353162.333179 4025830.085612 0.000000 0.000920
353162.370063 4025830.028235 0.000000 0.000898
353162.407103 4025829.970625 0.000000 0.000877
353162.444301 4025829.912776 0.000000 0.000855
353162.481659 4025829.854685 0.000000 0.000833
353162.519181 4025829.796347 0.000000 0.000811
353162.556869 4025829.737758 0.000000 0.000789
353162.594726 4025829.678915 0.000000 0.000767
353162.632754 4025829.619811 0.000000 0.000745
353162.670956 4025829.560444 0.000000 0.000723
353162.709336 4025829.500807 0.000000 0.000702
353162.747896 4025829.440898 0.000000 0.000680
353162.786639 4025829.380711 0.000000 0.000659
353162.825568 4025829.320241 0.000000 0.000638
353162.864685 4025829.259484 0.000000 0.000617
353162.903995 4025829.198434 0.000000 0.000596
353162.943500 4025829.137087 0.000000 0.000576
353162.983203 4025829.075439 0.000000 0.000555
353163.023107 4025829.013482 0.000000 0.000536
353163.063217 4025828.951214 0.000000 0.000516
353163.103534 4025828.888627 0.000000 0.000497
353163.144062 4025828.825718 0.000000 0.000478
353163.184806 4025828.762480 0.000000 0.000459
353163.225768 4025828.698907 0.000000 0.000441
353163.266952 4025828.634995 0.000000 0.000423
353163.308361 4025828.570736 0.000000 0.000405
353163.350000 4025828.506126 0.000000 0.000388
353163.391873 4025828.441158 0.000000 0.000371
353163.433982 4025828.375826 0.000000 0.000355
353163.476333 4025828.310123 0.000000 0.000339
353163.518930 4025828.244043 0.000000 0.000323
353163.561776 4025828.177579 0.000000 0.000308
353163.604877 4025828.110724 0.000000 0.000294
353163.648237 4025828.043471 0.000000 0.000279
353163.691860 4025827.975812 0.000000 0.000266
353163.735751 4025827.907740 0.000000 0.000252
353163.779916 4025827.839247 0.000000 0.000239
353163.824359 4025827.770326 0.000000 0.000227
353163.869086 4025827.700966 0.000000 0.000215
353163.914102 4025827.631161 0.000000 0.000203
353163.959413 4025827.560900 0.000000 0.000192
353164.005025 4025827.490175 0.000000 0.000181
353164.050945 4025827.418977 0.000000 0.000171
353164.097177 4025827.347294 0.000000 0.000161
353164.143730 4025827.275117 0.000000 0.000151
353164.190609 4025827.202436 0.000000 0.000142
353164.237823 4025827.129239 0.000000 0.000134
353164.285377 4025827.055514 0.000000 0.000125
353164.333280 4025826.981251 0.000000 0.000117
353164.381540 4025826.906435 0.000000 0.000110
353164.430166 4025826.831056 0.000000 0.000102
353164.479164 4025826.755098 0.000000 0.000096
353164.528545 4025826.678549 0.000000 0.000089
353164.578318 4025826.601395 0.000000 0.000083
353164.628492 4025826.523619 0.000000 0.000077
353164.679077 4025826.445207 0.000000 0.000071
353164.730083 4025826.366143 0.000000 0.000066
353164.781522 4025826.286409 0.000000 0.000061
353164.833405 4025826.205990 0.000000 0.000057
353164.885742 4025826.124865 0.000000 0.000052
353164.938546 4025826.043017 0.000000 0.000048
353164.991830 4025825.960427 0.000000 0.000044
353165.045607 4025825.877073 0.000000 0.000041
353165.099890 4025825.792936 0.000000 0.000037
353165.154693 4025825.707993 0.000000 0.000034
353165.210031 4025825.622221 0.000000 0.000031
353165.265919 4025825.535598 0.000000 0.000028
353165.322373 4025825.448098 0.000000 0.000026
353165.379408 4025825.359697 0.000000 0.000024
353165.437042 4025825.270368 0.000000 0.000021
353165.495293 4025825.180083 0.000000 0.000019
353165.554179 4025825.088815 0.000000 0.000017
353165.613720 4025824.996532 0.000000 0.000016
353165.673937 4025824.903201 0.000000 0.000014
353165.734851 4025824.808790 0.000000 0.000013
353165.796487 4025824.713260 0.000000 0.000011
353165.858870 4025824.616573 0.000000 0.000010
353165.922028 4025824.518685 0.000000 0.000009
353165.985991 4025824.419550 0.000000 0.000008
353166.050791 4025824.319116 0.000000 0.000007
353166.116466 4025824.217328 0.000000 0.000006
353166.183054 4025824.114124 0.000000 0.000006
353166.250599 4025824.009438 0.000000 0.000005
353166.319148 4025823.903194 0.000000 0.000004
353166.388754 4025823.795313 0.000000 0.000004
353166.459475 4025823.685704 0.000000 0.000003
353166.531375 4025823.574268 0.000000 0.000003
353166.604523 4025823.460897 0.000000 0.000002
353166.678997 4025823.345471 0.000000 0.000002
353166.754881 4025823.227859 0.000000 0.000002
353166.832269 4025823.107918 0.000000 0.000002
353166.911261 4025822.985490 0.000000 0.000001
353166.991969 4025822.860403 0.000000 0.000001
353167.074514 4025822.732469 0.000000 0.000001
353167.159028 4025822.601482 0.000000 0.000001
353167.245655 4025822.467220 0.000000 0.000001
353167.334553 4025822.329440 0.000000 0.000001
353167.425891 4025822.187878 0.000000 0.000001
353167.519852 4025822.042249 0.000000 0.000001
353167.616637 4025821.892244 0.000000 0.000001
353167.716460 4025821.737531 0.000000 0.000001
353167.819553 4025821.577749 0.000000 0.000001
353167.926167 4025821.412511 0.000000 0.000001
353168.036570 4025821.241400 0.000000 0.000001
353168.151050 4025821.063970 0.000000 0.000001
353168.269918 4025820.879740 0.000000 0.000000
353168.393503 4025820.688198 0.000000 0.000000
353168.522161 4025820.488794 0.000000 0.000000
353168.656271 4025820.280940 0.000000 0.000000
353168.796236 4025820.064012 0.000000 0.000000
353168.942486 4025819.837342 0.000000 0.000000
353169.095480 4025819.600221 0.000000 0.000000
353169.255704 4025819.351894 0.000000 0.000000
353169.423675 4025819.091559 0.000000 0.000000
353169.599942 4025818.818367 0.000000 0.000000
