353110.309089 4025892.790251 0.000000 0.000000
353110.235813 4025892.452251 0.000000 0.000000
353110.166050 4025892.130458 0.000000 0.000000
353110.099571 4025891.823809 0.000000 0.000000
353110.036158 4025891.531303 0.000000 0.000000
353109.975606 4025891.251998 0.000000 0.000000
353109.917723 4025890.985003 0.000000 0.000000
353109.862328 4025890.729483 0.000000 0.000000
353109.809250 4025890.484652 0.000000 0.000000
353109.758330 4025890.249773 0.000000 0.000000
353109.709418 4025890.024154 0.000000 0.000000
353109.662373 4025889.807150 0.000000 0.000000
353109.617064 4025889.598155 0.000000 0.000000
353109.573369 4025889.396603 0.000000 0.000000
353109.531173 4025889.201969 0.000000 0.000000
353109.490371 4025889.013761 0.000000 0.000000
353109.450863 4025888.831523 0.000000 0.000000
353109.412558 4025888.654833 0.000000 0.000000
353109.375370 4025888.483296 0.000000 0.000000
353109.339220 4025888.316550 0.000000 0.000000
353109.304037 4025888.154258 0.000000 0.000000
353109.269751 4025887.996111 0.000000 0.000000
353109.236302 4025887.841821 0.000000 0.000000
353109.203633 4025887.691127 0.000000 0.000000
353109.171690 4025887.543787 0.000000 0.000000
353109.140427 4025887.399579 0.000000 0.000000
353109.109799 4025887.258300 0.000000 0.000000
353109.079765 4025887.119765 0.000000 0.000000
353109.050290 4025886.983805 0.000000 0.000000
353109.021339 4025886.850265 0.000000 -0.000000
353108.992883 4025886.719004 0.000000 -0.000000
353108.964893 4025886.589895 0.000000 0.000000
353108.937344 4025886.462821 0.000000 -0.000000
353108.910214 4025886.337678 0.000000 -0.000000
353108.883481 4025886.214367 0.000000 -0.000000
353108.857127 4025886.092804 0.000000 -0.000000
353108.831134 4025885.972908 0.000000 0.000000
353108.805487 4025885.854607 0.000000 0.000000
353108.780172 4025885.737835 0.000000 -0.000000
353108.755175 4025885.622533 0.000000 -0.000000
353108.730485 4025885.508645 0.000000 0.000000
353108.706091 4025885.396121 0.000000 -0.000000
353108.681982 4025885.284914 0.000000 -0.000000
353108.658149 4025885.174981 0.000000 -0.000000
353108.634584 4025885.066281 0.000000 -0.000000
353108.611277 4025884.958777 0.000000 0.000000
353108.588222 4025884.852431 0.000000 -0.000000
353108.565411 4025884.747211 0.000000 -0.000000
353108.542837 4025884.643085 0.000000 0.000000
353108.520494 4025884.540020 0.000000 0.000000
353108.498374 4025884.437988 0.000000 -0.000000
353108.476471 4025884.336959 0.000000 0.000000
353108.454780 4025884.236906 0.000000 0.000000
353108.433295 4025884.137802 0.000000 -0.000000
353108.412011 4025884.039622 0.000000 0.000000
353108.390921 4025883.942340 0.000000 0.000000
353108.370020 4025883.845934 0.000000 0.000000
353108.349305 4025883.750380 0.000000 0.000000
353108.328769 4025883.655656 0.000000 0.000000
353108.308409 4025883.561742 0.000000 0.000000
353108.288220 4025883.468615 0.000000 -0.000000
353108.268198 4025883.376257 0.000000 0.000000
353108.248338 4025883.284650 0.000000 0.000000
353108.228636 4025883.193773 0.000000 0.000000
353108.209090 4025883.103611 0.000000 0.000000
353108.189694 4025883.014146 0.000000 0.000000
353108.170446 4025882.925362 0.000000 -0.000000
353108.151343 4025882.837243 0.000000 -0.000000
353108.132380 4025882.749775 0.000000 0.000000
353108.113555 4025882.662941 0.000000 0.000000
353108.094865 4025882.576730 0.000000 -0.000000
353108.076307 4025882.491127 0.000000 0.000000
353108.057878 4025882.406119 0.000000 -0.000000
353108.039575 4025882.321693 0.000000 -0.000000
353108.021396 4025882.237838 0.000000 0.000000
353108.003338 4025882.154542 0.000000 -0.000000
353107.985398 4025882.071793 0.000000 0.000000
353107.967575 4025881.989582 0.000000 -0.000000
353107.949867 4025881.907896 0.000000 -0.000000
353107.932270 4025881.826727 0.000000 0.000000
353107.914782 4025881.746064 0.000000 -0.000000
353107.897403 4025881.665898 0.000000 -0.000000
353107.880129 4025881.586219 0.000000 -0.000000
353107.862959 4025881.507019 0.000000 -0.000000
353107.845891 4025881.428289 0.000000 -0.000000
353107.828923 4025881.350021 0.000000 -0.000000
353107.812053 4025881.272206 0.000000 0.000000
353107.795280 4025881.194836 0.000000 0.000000
353107.778601 4025881.117904 0.000000 -0.000000
353107.762016 4025881.041403 0.000000 -0.000000
353107.745523 4025880.965324 0.000000 -0.000000
353107.729120 4025880.889661 0.000000 -0.000000
353107.712805 4025880.814407 0.000000 0.000000
353107.696578 4025880.739554 0.000000 -0.000000
353107.680436 4025880.665097 0.000000 0.000000
353107.664378 4025880.591028 0.000000 0.000000
353107.648404 4025880.517342 0.000000 0.000000
353107.632510 4025880.444032 0.000000 0.000000
353107.616697 4025880.371091 0.000000 0.000000
353107.600963 4025880.298514 0.000000 0.000000
353107.585306 4025880.226294 0.000000 -0.000000
353107.569726 4025880.154427 0.000000 0.000000
353107.554220 4025880.082905 0.000000 0.000000
353107.538789 4025880.011724 0.000000 0.000000
353107.523430 4025879.940878 0.000000 0.000000
353107.508142 4025879.870360 0.000000 0.000000
353107.492925 4025879.800167 0.000000 0.000000
353107.477776 4025879.730292 0.000000 0.000000
353107.462696 4025879.660731 0.000000 0.000000
353107.447682 4025879.591477 0.000000 -0.000000
353107.432734 4025879.522526 0.000000 0.000000
353107.417851 4025879.453873 0.000000 0.000000
353107.403031 4025879.385513 0.000000 -0.000000
353107.388273 4025879.317440 0.000000 -0.000000
353107.373576 4025879.249651 0.000000 0.000000
353107.358940 4025879.182139 0.000000 -0.000000
353107.344363 4025879.114900 0.000000 -0.000000
353107.329845 4025879.047930 0.000000 0.000000
353107.315383 4025878.981223 0.000000 0.000000
353107.300978 4025878.914775 0.000000 -0.000000
353107.286627 4025878.848581 0.000000 -0.000000
353107.272331 4025878.782637 0.000000 0.000000
353107.258088 4025878.716939 0.000000 -0.000000
353107.243897 4025878.651480 0.000000 -0.000000
353107.229757 4025878.586258 0.000000 -0.000000
353107.215668 4025878.521267 0.000000 0.000000
353107.201627 4025878.456503 0.000000 -0.000000
353107.187635 4025878.391961 0.000000 -0.000000
353107.173690 4025878.327638 0.000000 -0.000000
353107.159792 4025878.263529 0.000000 0.000000
353107.145939 4025878.199629 0.000000 -0.000000
353107.132130 4025878.135934 0.000000 0.000000
353107.118365 4025878.072440 0.000000 0.000000
353107.104643 4025878.009143 0.000000 -0.000000
353107.090962 4025877.946038 0.000000 -0.000000
353107.077322 4025877.883121 0.000000 0.000000
353107.063722 4025877.820388 0.000000 -0.000000
353107.050161 4025877.757835 0.000000 0.000000
353107.036637 4025877.695457 0.000000 0.000000
353107.023151 4025877.633250 0.000000 -0.000000
353107.009702 4025877.571211 0.000000 0.000000
353106.996287 4025877.509335 0.000000 -0.000000
353106.982908 4025877.447618 0.000000 -0.000000
353106.969561 4025877.386056 0.000000 0.000000
353106.956248 4025877.324645 0.000000 0.000000
353106.942966 4025877.263381 0.000000 -0.000000
353106.929716 4025877.202261 0.000000 -0.000000
353106.916495 4025877.141279 0.000000 0.000000
353106.903304 4025877.080433 0.000000 0.000000
353106.890142 4025877.019719 0.000000 0.000000
353106.877007 4025876.959132 0.000000 -0.000000
353106.863899 4025876.898669 0.000000 0.000000
353106.850817 4025876.838327 0.000000 -0.000000
353106.837761 4025876.778100 0.000000 -0.000000
353106.824728 4025876.717987 0.000000 0.000000
353106.811720 4025876.657983 0.000000 -0.000000
353106.798734 4025876.598084 0.000000 0.000000
353106.785771 4025876.538288 0.000000 0.000000
353106.772829 4025876.478591 0.000000 0.000000
353106.759908 4025876.418988 0.000000 -0.000000
353106.747006 4025876.359478 0.000000 -0.000000
353106.734124 4025876.300057 0.000000 0.000000
353106.721260 4025876.240721 0.000000 -0.000000
353106.708415 4025876.181467 0.000000 -0.000000
353106.695586 4025876.122293 0.000000 0.000000
353106.682774 4025876.063195 0.000000 -0.000000
353106.669978 4025876.004170 0.000000 0.000000
353106.657197 4025875.945215 0.000000 -0.000000
353106.644430 4025875.886327 0.000000 -0.000000
353106.631678 4025875.827504 0.000000 0.000000
353106.618939 4025875.768743 0.000000 0.000000
353106.606213 4025875.710041 0.000000 -0.000000
353106.593499 4025875.651396 0.000000 -0.000000
353106.580796 4025875.592805 0.000000 -0.000000
353106.568105 4025875.534265 0.000000 -0.000000
353106.555425 4025875.475775 0.000000 -0.000000
353106.542755 4025875.417331 0.000000 -0.000000
353106.530094 4025875.358932 0.000000 -0.000000
353106.517443 4025875.300575 0.000000 -0.000000
353106.504800 4025875.242259 0.000000 0.000000
353106.492166 4025875.183981 0.000000 -0.000000
353106.479540 4025875.125739 0.000000 0.000000
353106.466921 4025875.067531 0.000000 -0.000000
353106.454308 4025875.009356 0.000000 0.000000
353106.441703 4025874.951211 0.000000 -0.000000
353106.429104 4025874.893095 0.000000 0.000000
353106.416511 4025874.835007 0.000000 -0.000000
353106.403923 4025874.776944 0.000000 0.000000
353106.391341 4025874.718905 0.000000 0.000000
353106.378763 4025874.660889 0.000000 0.000000
353106.366190 4025874.602894 0.000000 0.000000
353106.353622 4025874.544919 0.000000 0.000000
353106.341057 4025874.486963 0.000000 -0.000000
353106.328496 4025874.429024 0.000000 0.000000
353106.315939 4025874.371102 0.000000 0.000000
353106.303385 4025874.313194 0.000000 0.000000
353106.290834 4025874.255301 0.000000 0.000000
353106.278286 4025874.197421 0.000000 0.000000
353106.265741 4025874.139553 0.000000 0.000000
353106.253198 4025874.081696 0.000000 -0.000000
353106.240657 4025874.023849 0.000000 0.000000
353106.228119 4025873.966013 0.000000 0.000000
353106.215582 4025873.908185 0.000000 0.000000
353106.203047 4025873.850365 0.000000 0.000000
353106.190514 4025873.792553 0.000000 -0.000000
353106.177982 4025873.734747 0.000000 0.000000
353106.165451 4025873.676948 0.000000 -0.000000
353106.152922 4025873.619155 0.000000 0.000000
353106.140394 4025873.561367 0.000000 0.000000
353106.127867 4025873.503584 0.000000 -0.000000
353106.115341 4025873.445805 0.000000 -0.000000
353106.102816 4025873.388030 0.000000 0.000000
353106.090291 4025873.330259 0.000000 0.000000
353106.077768 4025873.272491 0.000000 -0.000000
353106.065245 4025873.214726 0.000000 0.000000
353106.052722 4025873.156963 0.000000 0.000000
353106.040200 4025873.099203 0.000000 -0.000000
353106.027678 4025873.041444 0.000000 -0.000000
353106.015157 4025872.983688 0.000000 -0.000000
353106.002636 4025872.925933 0.000000 0.000000
353105.990116 4025872.868180 0.000000 0.000000
353105.977595 4025872.810428 0.000000 0.000000
353105.965075 4025872.752677 0.000000 0.000000
353105.952556 4025872.694927 0.000000 -0.000000
353105.940036 4025872.637177 0.000000 -0.000000
353105.927516 4025872.579429 0.000000 -0.000000
353105.914997 4025872.521681 0.000000 0.000000
353105.902478 4025872.463933 0.000000 -0.000000
353105.889959 4025872.406186 0.000000 0.000000
353105.877439 4025872.348440 0.000000 0.000000
353105.864920 4025872.290693 0.000000 -0.000000
353105.852401 4025872.232947 0.000000 0.000000
353105.839883 4025872.175201 0.000000 0.000000
353105.827364 4025872.117456 0.000000 0.000000
353105.814845 4025872.059710 0.000000 0.000000
353105.802326 4025872.001964 0.000000 0.000000
353105.789807 4025871.944219 0.000000 0.000000
353105.777288 4025871.886474 0.000000 -0.000000
353105.764769 4025871.828728 0.000000 0.000000
353105.752251 4025871.770983 0.000000 0.000000
353105.739732 4025871.713238 0.000000 0.000000
353105.727213 4025871.655492 0.000000 0.000000
353105.714694 4025871.597747 0.000000 -0.000000
353105.702175 4025871.540002 0.000000 -0.000000
353105.689657 4025871.482257 0.000000 -0.000000
353105.677138 4025871.424511 0.000000 -0.000000
353105.664619 4025871.366766 0.000000 0.000000
353105.652100 4025871.309021 0.000000 0.000000
353105.639582 4025871.251276 0.000000 -0.000000
353105.627063 4025871.193530 0.000000 -0.000000
353105.614544 4025871.135785 0.000000 -0.000000
353105.602025 4025871.078040 0.000000 0.000000
353105.589506 4025871.020295 0.000000 -0.000000
353105.576988 4025870.962550 0.000000 0.000000
353105.564469 4025870.904804 0.000000 -0.000000
353105.551950 4025870.847059 0.000000 0.000000
353105.539431 4025870.789314 0.000000 -0.000000
353105.526912 4025870.731569 0.000000 -0.000000
353105.514394 4025870.673823 0.000000 -0.000000
353105.501875 4025870.616078 0.000000 0.000000
353105.489356 4025870.558333 0.000000 -0.000000
353105.476837 4025870.500588 0.000000 0.000000
353105.464319 4025870.442842 0.000000 0.000000
353105.451800 4025870.385097 0.000000 0.000000
353105.439281 4025870.327352 0.000000 0.000000
353105.426762 4025870.269607 0.000000 -0.000000
353105.414243 4025870.211861 0.000000 0.000000
353105.401725 4025870.154116 0.000000 0.000000
353105.389206 4025870.096371 0.000000 0.000000
353105.376687 4025870.038626 0.000000 0.000000
353105.364168 4025869.980880 0.000000 0.000000
353105.351649 4025869.923135 0.000000 0.000000
353105.339131 4025869.865390 0.000000 0.000000
353105.326612 4025869.807645 0.000000 -0.000000
353105.314093 4025869.749899 0.000000 -0.000000
353105.301574 4025869.692154 0.000000 0.000000
353105.289056 4025869.634409 0.000000 0.000000
353105.276537 4025869.576664 0.000000 -0.000000
353105.264018 4025869.518918 0.000000 -0.000000
353105.251499 4025869.461173 0.000000 0.000000
353105.238980 4025869.403428 0.000000 0.000000
353105.226462 4025869.345683 0.000000 -0.000000
353105.213943 4025869.287938 0.000000 -0.000000
353105.201424 4025869.230192 0.000000 -0.000000
353105.188905 4025869.172447 0.000000 -0.000000
353105.176386 4025869.114702 0.000000 0.000000
353105.163868 4025869.056957 0.000000 0.000000
353105.151349 4025868.999211 0.000000 0.000000
353105.138830 4025868.941466 0.000000 -0.000000
353105.126311 4025868.883721 0.000000 -0.000000
353105.113793 4025868.825976 0.000000 0.000000
353105.101274 4025868.768230 0.000000 0.000000
353105.088755 4025868.710485 0.000000 0.000000
353105.076236 4025868.652740 0.000000 -0.000000
353105.063717 4025868.594995 0.000000 -0.000000
353105.051199 4025868.537249 0.000000 -0.000000
353105.038680 4025868.479504 0.000000 0.000000
353105.026161 4025868.421759 0.000000 -0.000000
353105.013642 4025868.364014 0.000000 0.000000
353105.001123 4025868.306268 0.000000 0.000000
353104.988605 4025868.248523 0.000000 0.000000
353104.976086 4025868.190778 0.000000 0.000000
353104.963567 4025868.133033 0.000000 0.000000
353104.951048 4025868.075287 0.000000 -0.000000
353104.938529 4025868.017542 0.000000 0.000000
353104.926011 4025867.959797 0.000000 0.000000
353104.913492 4025867.902052 0.000000 0.000000
353104.900973 4025867.844306 0.000000 0.000000
353104.888454 4025867.786561 0.000000 -0.000000
353104.875936 4025867.728816 0.000000 -0.000000
353104.863417 4025867.671071 0.000000 0.000000
353104.850898 4025867.613326 0.000000 -0.000000
353104.838379 4025867.555580 0.000000 -0.000000
353104.825860 4025867.497835 0.000000 0.000000
353104.813342 4025867.440090 0.000000 0.000000
353104.800823 4025867.382345 0.000000 0.000000
353104.788304 4025867.324599 0.000000 -0.000000
353104.775785 4025867.266854 0.000000 0.000000
353104.763266 4025867.209109 0.000000 0.000000
353104.750748 4025867.151364 0.000000 -0.000000
353104.738229 4025867.093618 0.000000 0.000000
353104.725710 4025867.035873 0.000000 0.000000
353104.713191 4025866.978128 0.000000 0.000000
353104.700673 4025866.920383 0.000000 -0.000000
353104.688154 4025866.862637 0.000000 -0.000000
353104.675635 4025866.804892 0.000000 0.000000
353104.663116 4025866.747147 0.000000 -0.000000
353104.650597 4025866.689402 0.000000 -0.000000
353104.638079 4025866.631656 0.000000 -0.000000
353104.625560 4025866.573911 0.000000 -0.000000
353104.613041 4025866.516166 0.000000 -0.000000
353104.600522 4025866.458421 0.000000 -0.000000
353104.588003 4025866.400675 0.000000 -0.000000
353104.575485 4025866.342930 0.000000 -0.000000
353104.562966 4025866.285185 0.000000 0.000000
353104.550447 4025866.227440 0.000000 0.000000
353104.537928 4025866.169694 0.000000 -0.000000
353104.525410 4025866.111949 0.000000 -0.000000
353104.512891 4025866.054204 0.000000 -0.000000
353104.500372 4025865.996459 0.000000 0.000000
353104.487853 4025865.938714 0.000000 0.000000
353104.475334 4025865.880968 0.000000 -0.000000
353104.462816 4025865.823223 0.000000 0.000000
353104.450297 4025865.765478 0.000000 -0.000000
353104.437778 4025865.707733 0.000000 -0.000000
353104.425259 4025865.649987 0.000000 0.000000
353104.412740 4025865.592242 0.000000 0.000000
353104.400222 4025865.534497 0.000000 0.000000
353104.387703 4025865.476752 0.000000 -0.000000
353104.375184 4025865.419006 0.000000 -0.000000
353104.362665 4025865.361261 0.000000 -0.000000
353104.350146 4025865.303516 0.000000 0.000000
353104.337628 4025865.245771 0.000000 -0.000000
353104.325109 4025865.188025 0.000000 0.000000
353104.312590 4025865.130280 0.000000 0.000000
353104.300071 4025865.072535 0.000000 0.000000
353104.287553 4025865.014790 0.000000 -0.000000
353104.275034 4025864.957044 0.000000 -0.000000
353104.262515 4025864.899299 0.000000 -0.000000
353104.249996 4025864.841554 0.000000 -0.000000
353104.237477 4025864.783809 0.000000 0.000000
353104.224959 4025864.726063 0.000000 -0.000000
353104.212440 4025864.668318 0.000000 0.000000
353104.199921 4025864.610573 0.000000 -0.000000
353104.187402 4025864.552828 0.000000 0.000000
353104.174883 4025864.495082 0.000000 -0.000000
353104.162365 4025864.437337 0.000000 -0.000000
353104.149846 4025864.379592 0.000000 -0.000000
353104.137327 4025864.321847 0.000000 -0.000000
353104.124808 4025864.264102 0.000000 -0.000000
353104.112290 4025864.206356 0.000000 -0.000000
353104.099771 4025864.148611 0.000000 -0.000000
353104.087252 4025864.090866 0.000000 0.000000
353104.074733 4025864.033121 0.000000 -0.000000
353104.062214 4025863.975375 0.000000 0.000000
353104.049696 4025863.917630 0.000000 -0.000000
353104.037177 4025863.859885 0.000000 -0.000000
353104.024658 4025863.802140 0.000000 -0.000000
353104.012139 4025863.744394 0.000000 -0.000000
353103.999620 4025863.686649 0.000000 0.000000
353103.987102 4025863.628904 0.000000 -0.000000
353103.974583 4025863.571159 0.000000 0.000000
353103.962064 4025863.513413 0.000000 0.000000
353103.949545 4025863.455668 0.000000 -0.000000
353103.937027 4025863.397923 0.000000 -0.000000
353103.924508 4025863.340178 0.000000 0.000000
353103.911989 4025863.282432 0.000000 -0.000000
353103.899470 4025863.224687 0.000000 0.000000
353103.886951 4025863.166942 0.000000 -0.000000
353103.874433 4025863.109197 0.000000 0.000000
353103.861914 4025863.051451 0.000000 0.000000
353103.849395 4025862.993706 0.000000 -0.000000
353103.836876 4025862.935961 0.000000 0.000000
353103.824357 4025862.878216 0.000000 -0.000000
353103.811839 4025862.820470 0.000000 -0.000000
353103.799320 4025862.762725 0.000000 -0.000000
353103.786801 4025862.704980 0.000000 0.000000
353103.774282 4025862.647235 0.000000 0.000000
353103.761763 4025862.589490 0.000000 -0.000000
353103.749245 4025862.531744 0.000000 0.000000
353103.736726 4025862.473999 0.000000 0.000000
353103.724207 4025862.416254 0.000000 -0.000000
353103.711688 4025862.358509 0.000000 0.000000
353103.699170 4025862.300763 0.000000 -0.000000
353103.686651 4025862.243018 0.000000 0.000000
353103.674132 4025862.185273 0.000000 -0.000000
353103.661613 4025862.127528 0.000000 0.000000
353103.649094 4025862.069782 0.000000 -0.000000
353103.636576 4025862.012037 0.000000 -0.000000
353103.624057 4025861.954292 0.000000 -0.000000
353103.611538 4025861.896547 0.000000 -0.000000
353103.599019 4025861.838801 0.000000 -0.000000
353103.586500 4025861.781056 0.000000 0.000000
353103.573982 4025861.723311 0.000000 -0.000000
353103.561463 4025861.665566 0.000000 -0.000000
353103.548944 4025861.607820 0.000000 0.000000
353103.536425 4025861.550075 0.000000 -0.000000
353103.523907 4025861.492330 0.000000 0.000000
353103.511388 4025861.434585 0.000000 0.000000
353103.498869 4025861.376839 0.000000 -0.000000
353103.486350 4025861.319094 0.000000 0.000000
353103.473831 4025861.261349 0.000000 -0.000000
353103.461313 4025861.203604 0.000000 -0.000000
353103.448794 4025861.145858 0.000000 0.000000
353103.436275 4025861.088113 0.000000 0.000000
353103.423756 4025861.030368 0.000000 0.000000
353103.411237 4025860.972623 0.000000 -0.000000
353103.398719 4025860.914878 0.000000 -0.000000
353103.386200 4025860.857132 0.000000 0.000000
353103.373681 4025860.799387 0.000000 0.000000
353103.361162 4025860.741642 0.000000 0.000000
353103.348644 4025860.683897 0.000000 -0.000000
353103.336125 4025860.626151 0.000000 0.000000
353103.323606 4025860.568406 0.000000 0.000000
353103.311087 4025860.510661 0.000000 0.000000
353103.298568 4025860.452916 0.000000 0.000000
353103.286050 4025860.395170 0.000000 -0.000000
353103.273531 4025860.337425 0.000000 0.000000
353103.261012 4025860.279680 0.000000 -0.000000
353103.248493 4025860.221935 0.000000 0.000000
353103.235974 4025860.164189 0.000000 -0.000000
353103.223456 4025860.106444 0.000000 -0.000000
353103.210937 4025860.048699 0.000000 0.000000
353103.198418 4025859.990954 0.000000 -0.000000
353103.185899 4025859.933208 0.000000 0.000000
353103.173381 4025859.875463 0.000000 -0.000000
353103.160862 4025859.817718 0.000000 -0.000000
353103.148343 4025859.759973 0.000000 0.000000
353103.135824 4025859.702227 0.000000 0.000000
353103.123305 4025859.644482 0.000000 0.000000
353103.110787 4025859.586737 0.000000 0.000000
353103.098268 4025859.528992 0.000000 -0.000000
353103.085749 4025859.471246 0.000000 0.000000
353103.073230 4025859.413501 0.000000 0.000000
353103.060711 4025859.355756 0.000000 0.000000
353103.048193 4025859.298011 0.000000 -0.000000
353103.035674 4025859.240266 0.000000 0.000000
353103.023155 4025859.182520 0.000000 -0.000000
353103.010636 4025859.124775 0.000000 -0.000000
353102.998117 4025859.067030 0.000000 -0.000000
353102.985599 4025859.009285 0.000000 -0.000000
353102.973080 4025858.951539 0.000000 0.000000
353102.960561 4025858.893794 0.000000 0.000000
353102.948042 4025858.836049 0.000000 0.000000
353102.935524 4025858.778304 0.000000 -0.000000
353102.923005 4025858.720558 0.000000 0.000000
353102.910486 4025858.662813 0.000000 -0.000000
353102.897967 4025858.605068 0.000000 0.000000
353102.885448 4025858.547323 0.000000 0.000000
353102.872930 4025858.489577 0.000000 -0.000000
353102.860411 4025858.431832 0.000000 -0.000000
353102.847892 4025858.374087 0.000000 0.000000
353102.835373 4025858.316342 0.000000 -0.000000
353102.822854 4025858.258596 0.000000 0.000000
353102.810336 4025858.200851 0.000000 0.000000
353102.797817 4025858.143106 0.000000 -0.000000
353102.785298 4025858.085361 0.000000 0.000000
353102.772779 4025858.027615 0.000000 0.000000
353102.760261 4025857.969870 0.000000 -0.000000
353102.747742 4025857.912125 0.000000 -0.000000
353102.735223 4025857.854380 0.000000 0.000000
353102.722704 4025857.796635 0.000000 -0.000000
353102.710185 4025857.738889 0.000000 0.000000
353102.697667 4025857.681144 0.000000 -0.000000
353102.685148 4025857.623399 0.000000 0.000000
353102.672629 4025857.565654 0.000000 -0.000000
353102.660110 4025857.507908 0.000000 0.000000
353102.647591 4025857.450163 0.000000 0.000000
353102.635073 4025857.392418 0.000000 0.000000
353102.622554 4025857.334673 0.000000 -0.000000
353102.610035 4025857.276927 0.000000 -0.000000
353102.597516 4025857.219182 0.000000 -0.000000
353102.584998 4025857.161437 0.000000 0.000000
353102.572479 4025857.103692 0.000000 0.000000
353102.559960 4025857.045946 0.000000 -0.000000
353102.547441 4025856.988201 0.000000 0.000000
353102.534922 4025856.930456 0.000000 -0.000000
353102.522404 4025856.872711 0.000000 0.000000
353102.509885 4025856.814965 0.000000 -0.000000
353102.497366 4025856.757220 0.000000 0.000000
353102.484847 4025856.699475 0.000000 -0.000000
353102.472328 4025856.641730 0.000000 0.000000
353102.459810 4025856.583984 0.000000 0.000000
353102.447291 4025856.526239 0.000000 0.000000
353102.434772 4025856.468494 0.000000 0.000000
353102.422253 4025856.410749 0.000000 -0.000000
353102.409734 4025856.353003 0.000000 0.000000
353102.397216 4025856.295258 0.000000 -0.000000
353102.384697 4025856.237513 0.000000 -0.000000
353102.372178 4025856.179768 0.000000 -0.000000
353102.359659 4025856.122023 0.000000 0.000000
353102.347141 4025856.064277 0.000000 -0.000000
353102.334622 4025856.006532 0.000000 0.000000
353102.322103 4025855.948787 0.000000 0.000000
353102.309584 4025855.891042 0.000000 -0.000000
353102.297065 4025855.833296 0.000000 0.000000
353102.284547 4025855.775551 0.000000 0.000000
353102.272028 4025855.717806 0.000000 -0.000000
353102.259509 4025855.660061 0.000000 0.000000
353102.246990 4025855.602315 0.000000 -0.000000
353102.234471 4025855.544570 0.000000 -0.000000
353102.221953 4025855.486825 0.000000 0.000000
353102.209434 4025855.429080 0.000000 -0.000000
353102.196915 4025855.371334 0.000000 0.000000
353102.184396 4025855.313589 0.000000 0.000000
353102.171878 4025855.255844 0.000000 0.000000
353102.159359 4025855.198099 0.000000 0.000000
353102.146840 4025855.140353 0.000000 0.000000
353102.134321 4025855.082608 0.000000 -0.000000
353102.121802 4025855.024863 0.000000 0.000000
353102.109284 4025854.967118 0.000000 0.000000
353102.096765 4025854.909372 0.000000 0.000000
353102.084246 4025854.851627 0.000000 0.000000
353102.071727 4025854.793882 0.000000 0.000000
353102.059208 4025854.736137 0.000000 0.000000
353102.046690 4025854.678391 0.000000 -0.000000
353102.034171 4025854.620646 0.000000 -0.000000
353102.021652 4025854.562901 0.000000 0.000000
353102.009133 4025854.505156 0.000000 -0.000000
353101.996615 4025854.447411 0.000000 0.000000
353101.984096 4025854.389665 0.000000 -0.000000
353101.971577 4025854.331920 0.000000 0.000000
353101.959058 4025854.274175 0.000000 0.000000
353101.946539 4025854.216430 0.000000 -0.000000
353101.934021 4025854.158684 0.000000 0.000000
353101.921502 4025854.100939 0.000000 0.000000
353101.908983 4025854.043194 0.000000 0.000000
353101.896464 4025853.985449 0.000000 0.000000
353101.883945 4025853.927703 0.000000 -0.000000
353101.871427 4025853.869958 0.000000 0.000000
353101.858908 4025853.812213 0.000000 -0.000000
353101.846389 4025853.754468 0.000000 -0.000000
353101.833870 4025853.696722 0.000000 -0.000000
353101.821351 4025853.638977 0.000000 0.000000
353101.808833 4025853.581232 0.000000 -0.000000
353101.796314 4025853.523487 0.000000 -0.000000
353101.783795 4025853.465741 0.000000 0.000000
353101.771276 4025853.407996 0.000000 0.000000
353101.758758 4025853.350251 0.000000 0.000000
353101.746239 4025853.292506 0.000000 0.000000
353101.733720 4025853.234760 0.000000 -0.000000
353101.721201 4025853.177015 0.000000 -0.000000
353101.708682 4025853.119270 0.000000 -0.000000
353101.696164 4025853.061525 0.000000 0.000000
353101.683645 4025853.003779 0.000000 -0.000000
353101.671126 4025852.946034 0.000000 -0.000000
353101.658607 4025852.888289 0.000000 -0.000000
353101.646088 4025852.830544 0.000000 -0.000000
353101.633570 4025852.772799 0.000000 0.000000
353101.621051 4025852.715053 0.000000 -0.000000
353101.608532 4025852.657308 0.000000 -0.000000
353101.596013 4025852.599563 0.000000 0.000000
353101.583495 4025852.541818 0.000000 -0.000000
353101.570976 4025852.484072 0.000000 0.000000
353101.558457 4025852.426327 0.000000 -0.000000
353101.545938 4025852.368582 0.000000 0.000000
353101.533419 4025852.310837 0.000000 0.000000
353101.520901 4025852.253091 0.000000 0.000000
353101.508382 4025852.195346 0.000000 -0.000000
353101.495863 4025852.137601 0.000000 0.000000
353101.483344 4025852.079856 0.000000 0.000000
353101.470825 4025852.022110 0.000000 -0.000000
353101.458307 4025851.964365 0.000000 0.000000
353101.445788 4025851.906620 0.000000 0.000000
353101.433269 4025851.848875 0.000000 0.000000
353101.420750 4025851.791129 0.000000 -0.000000
353101.408232 4025851.733384 0.000000 -0.000000
353101.395713 4025851.675639 0.000000 0.000000
353101.383194 4025851.617894 0.000000 -0.000000
353101.370675 4025851.560148 0.000000 0.000000
353101.358156 4025851.502403 0.000000 0.000000
353101.345638 4025851.444658 0.000000 -0.000000
353101.333119 4025851.386913 0.000000 0.000000
353101.320600 4025851.329167 0.000000 -0.000000
353101.308081 4025851.271422 0.000000 0.000000
353101.295562 4025851.213677 0.000000 0.000000
353101.283044 4025851.155932 0.000000 -0.000000
353101.270525 4025851.098187 0.000000 0.000000
353101.258006 4025851.040441 0.000000 0.000000
353101.245487 4025850.982696 0.000000 -0.000000
353101.232969 4025850.924951 0.000000 -0.000000
353101.220450 4025850.867206 0.000000 -0.000000
353101.207931 4025850.809460 0.000000 -0.000000
353101.195412 4025850.751715 0.000000 -0.000000
353101.182893 4025850.693970 0.000000 0.000000
353101.170375 4025850.636225 0.000000 -0.000000
353101.157856 4025850.578479 0.000000 0.000000
353101.145337 4025850.520734 0.000000 -0.000000
353101.132818 4025850.462989 0.000000 0.000000
353101.120299 4025850.405244 0.000000 0.000000
353101.107781 4025850.347498 0.000000 -0.000000
353101.095262 4025850.289753 0.000000 0.000000
353101.082743 4025850.232008 0.000000 -0.000000
353101.070224 4025850.174263 0.000000 -0.000000
353101.057705 4025850.116517 0.000000 0.000000
353101.045187 4025850.058772 0.000000 -0.000000
353101.032668 4025850.001027 0.000000 -0.000000
353101.020149 4025849.943282 0.000000 -0.000000
353101.007630 4025849.885536 0.000000 0.000000
353100.995112 4025849.827791 0.000000 -0.000000
353100.982593 4025849.770046 0.000000 0.000000
353100.970074 4025849.712301 0.000000 0.000000
353100.957555 4025849.654555 0.000000 -0.000000
353100.945036 4025849.596810 0.000000 0.000000
353100.932518 4025849.539065 0.000000 0.000000
353100.919999 4025849.481320 0.000000 -0.000000
353100.907480 4025849.423575 0.000000 -0.000000
353100.894961 4025849.365829 0.000000 0.000000
353100.882442 4025849.308084 0.000000 0.000000
353100.869924 4025849.250339 0.000000 0.000000
353100.857405 4025849.192594 0.000000 0.000000
353100.844886 4025849.134848 0.000000 0.000000
353100.832367 4025849.077103 0.000000 -0.000000
353100.819849 4025849.019358 0.000000 -0.000000
353100.807330 4025848.961613 0.000000 0.000000
353100.794811 4025848.903867 0.000000 0.000000
353100.782292 4025848.846122 0.000000 -0.000000
353100.769773 4025848.788377 0.000000 -0.000000
353100.757255 4025848.730632 0.000000 0.000000
353100.744736 4025848.672886 0.000000 0.000000
353100.732217 4025848.615141 0.000000 0.000000
353100.719698 4025848.557396 0.000000 0.000000
353100.707179 4025848.499651 0.000000 0.000000
353100.694661 4025848.441905 0.000000 -0.000000
353100.682142 4025848.384160 0.000000 -0.000000
353100.669623 4025848.326415 0.000000 -0.000000
353100.657104 4025848.268670 0.000000 -0.000000
353100.644586 4025848.210924 0.000000 0.000000
353100.632067 4025848.153179 0.000000 -0.000000
353100.619548 4025848.095434 0.000000 0.000000
353100.607029 4025848.037689 0.000000 -0.000000
353100.594510 4025847.979943 0.000000 0.000000
353100.581992 4025847.922198 0.000000 0.000000
353100.569473 4025847.864453 0.000000 0.000000
353100.556954 4025847.806708 0.000000 0.000000
353100.544435 4025847.748963 0.000000 -0.000000
353100.531916 4025847.691217 0.000000 0.000000
353100.519398 4025847.633472 0.000000 -0.000000
353100.506879 4025847.575727 0.000000 -0.000000
353100.494360 4025847.517982 0.000000 0.000000
353100.481841 4025847.460236 0.000000 -0.000000
353100.469322 4025847.402491 0.000000 0.000000
353100.456804 4025847.344746 0.000000 -0.000000
353100.444285 4025847.287001 0.000000 0.000000
353100.431766 4025847.229255 0.000000 -0.000000
353100.419247 4025847.171510 0.000000 -0.000000
353100.406729 4025847.113765 0.000000 -0.000000
353100.394210 4025847.056020 0.000000 -0.000000
353100.381691 4025846.998274 0.000000 -0.000000
353100.369172 4025846.940529 0.000000 0.000000
353100.356653 4025846.882784 0.000000 0.000000
353100.344135 4025846.825039 0.000000 0.000000
353100.331616 4025846.767293 0.000000 -0.000000
353100.319097 4025846.709548 0.000000 0.000000
353100.306578 4025846.651803 0.000000 -0.000000
353100.294059 4025846.594058 0.000000 0.000000
353100.281541 4025846.536312 0.000000 0.000000
353100.269022 4025846.478567 0.000000 0.000000
353100.256503 4025846.420822 0.000000 -0.000000
353100.243984 4025846.363077 0.000000 -0.000000
353100.231466 4025846.305331 0.000000 0.000000
353100.218947 4025846.247586 0.000000 0.000000
353100.206428 4025846.189841 0.000000 -0.000000
353100.193909 4025846.132096 0.000000 0.000000
353100.181390 4025846.074351 0.000000 -0.000000
353100.168872 4025846.016605 0.000000 0.000000
353100.156353 4025845.958860 0.000000 0.000000
353100.143834 4025845.901115 0.000000 0.000000
353100.131315 4025845.843370 0.000000 -0.000000
353100.118796 4025845.785624 0.000000 0.000000
353100.106278 4025845.727879 0.000000 -0.000000
353100.093759 4025845.670134 0.000000 -0.000000
353100.081240 4025845.612389 0.000000 0.000000
353100.068721 4025845.554643 0.000000 0.000000
353100.056203 4025845.496898 0.000000 0.000000
353100.043684 4025845.439153 0.000000 -0.000000
353100.031165 4025845.381408 0.000000 -0.000000
353100.018646 4025845.323662 0.000000 0.000000
353100.006127 4025845.265917 0.000000 -0.000000
353099.993609 4025845.208172 0.000000 -0.000000
353099.981090 4025845.150427 0.000000 -0.000000
353099.968571 4025845.092681 0.000000 -0.000000
353099.956052 4025845.034936 0.000000 0.000000
353099.943533 4025844.977191 0.000000 0.000000
353099.931015 4025844.919446 0.000000 0.000000
353099.918496 4025844.861700 0.000000 -0.000000
353099.905977 4025844.803955 0.000000 0.000000
353099.893458 4025844.746210 0.000000 -0.000000
353099.880940 4025844.688465 0.000000 0.000000
353099.868421 4025844.630719 0.000000 -0.000000
353099.855902 4025844.572974 0.000000 0.000000
353099.843383 4025844.515229 0.000000 -0.000000
353099.830864 4025844.457484 0.000000 -0.000000
353099.818346 4025844.399739 0.000000 0.000000
353099.805827 4025844.341993 0.000000 0.000000
353099.793308 4025844.284248 0.000000 -0.000000
353099.780789 4025844.226503 0.000000 0.000000
353099.768270 4025844.168758 0.000000 0.000000
353099.755752 4025844.111012 0.000000 0.000000
353099.743233 4025844.053267 0.000000 -0.000000
353099.730714 4025843.995522 0.000000 -0.000000
353099.718195 4025843.937777 0.000000 0.000000
353099.705676 4025843.880031 0.000000 -0.000000
353099.693158 4025843.822286 0.000000 0.000000
353099.680639 4025843.764541 0.000000 -0.000000
353099.668120 4025843.706796 0.000000 0.000000
353099.655601 4025843.649050 0.000000 -0.000000
353099.643083 4025843.591305 0.000000 0.000000
353099.630564 4025843.533560 0.000000 -0.000000
353099.618045 4025843.475815 0.000000 -0.000000
353099.605526 4025843.418069 0.000000 0.000000
353099.593007 4025843.360324 0.000000 -0.000000
353099.580489 4025843.302579 0.000000 -0.000000
353099.567970 4025843.244834 0.000000 0.000000
353099.555451 4025843.187088 0.000000 -0.000000
353099.542932 4025843.129343 0.000000 -0.000000
353099.530413 4025843.071598 0.000000 -0.000000
353099.517895 4025843.013853 0.000000 -0.000000
353099.505376 4025842.956107 0.000000 0.000000
353099.492857 4025842.898362 0.000000 0.000000
353099.480338 4025842.840617 0.000000 -0.000000
353099.467820 4025842.782872 0.000000 -0.000000
353099.455301 4025842.725127 0.000000 0.000000
353099.442782 4025842.667381 0.000000 0.000000
353099.430263 4025842.609636 0.000000 0.000000
353099.417744 4025842.551891 0.000000 -0.000000
353099.405226 4025842.494146 0.000000 -0.000000
353099.392707 4025842.436400 0.000000 0.000000
353099.380188 4025842.378655 0.000000 -0.000000
353099.367669 4025842.320910 0.000000 -0.000000
353099.355150 4025842.263165 0.000000 -0.000000
353099.342632 4025842.205419 0.000000 0.000000
353099.330113 4025842.147674 0.000000 0.000000
353099.317594 4025842.089929 0.000000 0.000000
353099.305075 4025842.032184 0.000000 -0.000000
353099.292557 4025841.974438 0.000000 -0.000000
353099.280038 4025841.916693 0.000000 0.000000
353099.267519 4025841.858948 0.000000 0.000000
353099.255000 4025841.801203 0.000000 -0.000000
353099.242481 4025841.743457 0.000000 -0.000000
353099.229963 4025841.685712 0.000000 0.000000
353099.217444 4025841.627967 0.000000 -0.000000
353099.204925 4025841.570222 0.000000 0.000000
353099.192406 4025841.512476 0.000000 0.000000
353099.179887 4025841.454731 0.000000 -0.000000
353099.167369 4025841.396986 0.000000 -0.000000
353099.154850 4025841.339241 0.000000 0.000000
353099.142331 4025841.281495 0.000000 -0.000000
353099.129812 4025841.223750 0.000000 0.000000
353099.117293 4025841.166005 0.000000 -0.000000
353099.104775 4025841.108260 0.000000 0.000000
353099.092256 4025841.050515 0.000000 -0.000000
353099.079737 4025840.992769 0.000000 -0.000000
353099.067218 4025840.935024 0.000000 0.000000
353099.054700 4025840.877279 0.000000 -0.000000
353099.042181 4025840.819534 0.000000 -0.000000
353099.029662 4025840.761788 0.000000 0.000000
353099.017143 4025840.704043 0.000000 0.000000
353099.004624 4025840.646298 0.000000 0.000000
353098.992106 4025840.588553 0.000000 0.000000
353098.979587 4025840.530807 0.000000 0.000000
353098.967068 4025840.473062 0.000000 0.000000
353098.954549 4025840.415317 0.000000 0.000000
353098.942030 4025840.357572 0.000000 -0.000000
353098.929512 4025840.299826 0.000000 0.000000
353098.916993 4025840.242081 0.000000 -0.000000
353098.904474 4025840.184336 0.000000 -0.000000
353098.891955 4025840.126591 0.000000 0.000000
353098.879437 4025840.068845 0.000000 0.000000
353098.866918 4025840.011100 0.000000 0.000000
353098.854399 4025839.953355 0.000000 -0.000000
353098.841880 4025839.895610 0.000000 -0.000000
353098.829361 4025839.837864 0.000000 0.000000
353098.816843 4025839.780119 0.000000 -0.000000
353098.804324 4025839.722374 0.000000 0.000000
353098.791805 4025839.664629 0.000000 0.000000
353098.779286 4025839.606883 0.000000 -0.000000
353098.766767 4025839.549138 0.000000 0.000000
353098.754249 4025839.491393 0.000000 -0.000000
353098.741730 4025839.433648 0.000000 -0.000000
353098.729211 4025839.375903 0.000000 -0.000000
353098.716692 4025839.318157 0.000000 -0.000000
353098.704174 4025839.260412 0.000000 -0.000000
353098.691655 4025839.202667 0.000000 -0.000000
353098.679136 4025839.144922 0.000000 -0.000000
353098.666617 4025839.087176 0.000000 0.000000
353098.654098 4025839.029431 0.000000 -0.000000
353098.641580 4025838.971686 0.000000 0.000000
353098.629061 4025838.913941 0.000000 0.000000
353098.616542 4025838.856195 0.000000 -0.000000
353098.604023 4025838.798450 0.000000 0.000000
353098.591504 4025838.740705 0.000000 -0.000000
353098.578986 4025838.682960 0.000000 0.000000
353098.566467 4025838.625214 0.000000 0.000000
353098.553948 4025838.567469 0.000000 -0.000000
353098.541429 4025838.509724 0.000000 -0.000000
353098.528910 4025838.451979 0.000000 -0.000000
353098.516392 4025838.394233 0.000000 -0.000000
353098.503873 4025838.336488 0.000000 0.000000
353098.491354 4025838.278743 0.000000 0.000000
353098.478835 4025838.220998 0.000000 -0.000000
353098.466317 4025838.163252 0.000000 0.000000
353098.453798 4025838.105507 0.000000 0.000000
353098.441279 4025838.047762 0.000000 0.000000
353098.428760 4025837.990017 0.000000 -0.000000
353098.416241 4025837.932271 0.000000 0.000000
353098.403723 4025837.874526 0.000000 0.000000
353098.391204 4025837.816781 0.000000 0.000000
353098.378685 4025837.759036 0.000000 -0.000000
353098.366166 4025837.701291 0.000000 0.000000
353098.353647 4025837.643545 0.000000 -0.000000
353098.341129 4025837.585800 0.000000 0.000000
353098.328610 4025837.528055 0.000000 0.000000
353098.316091 4025837.470310 0.000000 -0.000000
353098.303572 4025837.412564 0.000000 -0.000000
353098.291054 4025837.354819 0.000000 0.000000
353098.278535 4025837.297074 0.000000 -0.000000
353098.266016 4025837.239329 0.000000 -0.000000
353098.253497 4025837.181583 0.000000 0.000000
353098.240978 4025837.123838 0.000000 0.000000
353098.228460 4025837.066093 0.000000 -0.000000
353098.215941 4025837.008348 0.000000 -0.000000
353098.203422 4025836.950602 0.000000 0.000000
353098.190903 4025836.892857 0.000000 -0.000000
353098.178384 4025836.835112 0.000000 0.000000
353098.165866 4025836.777367 0.000000 -0.000000
353098.153347 4025836.719621 0.000000 0.000000
353098.140828 4025836.661876 0.000000 -0.000000
353098.128309 4025836.604131 0.000000 -0.000000
353098.115791 4025836.546386 0.000000 0.000000
353098.103272 4025836.488640 0.000000 -0.000000
353098.090753 4025836.430895 0.000000 -0.000000
353098.078234 4025836.373150 0.000000 -0.000000
353098.065715 4025836.315405 0.000000 0.000000
353098.053197 4025836.257659 0.000000 -0.000000
353098.040678 4025836.199914 0.000000 0.000000
353098.028159 4025836.142169 0.000000 0.000000
353098.015640 4025836.084424 0.000000 -0.000000
353098.003121 4025836.026679 0.000000 0.000000
353097.990603 4025835.968933 0.000000 -0.000000
353097.978084 4025835.911188 0.000000 -0.000000
353097.965565 4025835.853443 0.000000 0.000000
353097.953046 4025835.795697 0.000000 0.000000
353097.940527 4025835.737952 0.000000 0.000000
353097.928009 4025835.680207 0.000000 0.000000
353097.915490 4025835.622461 0.000000 -0.000000
353097.902971 4025835.564716 0.000000 -0.000000
353097.890452 4025835.506970 0.000000 -0.000000
353097.877933 4025835.449224 0.000000 -0.000000
353097.865414 4025835.391478 0.000000 0.000000
353097.852895 4025835.333732 0.000000 0.000000
353097.840376 4025835.275986 0.000000 -0.000000
353097.827857 4025835.218239 0.000000 0.000000
353097.815338 4025835.160492 0.000000 0.000000
353097.802819 4025835.102745 0.000000 0.000000
353097.790299 4025835.044997 0.000000 0.000000
353097.777780 4025834.987248 0.000000 -0.000000
353097.765260 4025834.929499 0.000000 0.000000
353097.752740 4025834.871749 0.000000 0.000000
353097.740220 4025834.813998 0.000000 0.000000
353097.727700 4025834.756246 0.000000 0.000000
353097.715179 4025834.698492 0.000000 0.000000
353097.702659 4025834.640738 0.000000 0.000000
353097.690137 4025834.582981 0.000000 -0.000000
353097.677616 4025834.525223 0.000000 -0.000000
353097.665094 4025834.467463 0.000000 -0.000000
353097.652571 4025834.409700 0.000000 0.000000
353097.640048 4025834.351935 0.000000 -0.000000
353097.627524 4025834.294167 0.000000 0.000000
353097.615000 4025834.236395 0.000000 0.000000
353097.602475 4025834.178621 0.000000 -0.000000
353097.589949 4025834.120842 0.000000 -0.000000
353097.577422 4025834.063059 0.000000 -0.000000
353097.564894 4025834.005271 0.000000 0.000000
353097.552364 4025833.947477 0.000000 0.000000
353097.539834 4025833.889678 0.000000 0.000000
353097.527302 4025833.831873 0.000000 -0.000000
353097.514769 4025833.774061 0.000000 -0.000000
353097.502234 4025833.716241 0.000000 0.000000
353097.489697 4025833.658413 0.000000 -0.000000
353097.477159 4025833.600576 0.000000 -0.000000
353097.464618 4025833.542730 0.000000 -0.000000
353097.452075 4025833.484873 0.000000 0.000000
353097.439529 4025833.427005 0.000000 -0.000000
353097.426981 4025833.369125 0.000000 -0.000000
353097.414430 4025833.311231 0.000000 0.000000
353097.401876 4025833.253324 0.000000 0.000000
353097.389319 4025833.195401 0.000000 0.000000
353097.376758 4025833.137462 0.000000 -0.000000
353097.364194 4025833.079506 0.000000 -0.000000
353097.351625 4025833.021531 0.000000 0.000000
353097.339052 4025832.963537 0.000000 0.000000
353097.326475 4025832.905520 0.000000 -0.000000
353097.313893 4025832.847482 0.000000 0.000000
353097.301305 4025832.789419 0.000000 -0.000000
353097.288712 4025832.731330 0.000000 0.000000
353097.276113 4025832.673215 0.000000 -0.000000
353097.263507 4025832.615070 0.000000 -0.000000
353097.250895 4025832.556895 0.000000 -0.000000
353097.238276 4025832.498687 0.000000 0.000000
353097.225650 4025832.440445 0.000000 0.000000
353097.213015 4025832.382167 0.000000 0.000000
353097.200373 4025832.323850 0.000000 0.000000
353097.187721 4025832.265494 0.000000 0.000000
353097.175061 4025832.207095 0.000000 -0.000000
353097.162391 4025832.148651 0.000000 0.000000
353097.149710 4025832.090161 0.000000 -0.000000
353097.137019 4025832.031621 0.000000 -0.000000
353097.124317 4025831.973030 0.000000 0.000000
353097.111603 4025831.914384 0.000000 0.000000
353097.098877 4025831.855682 0.000000 0.000000
353097.086138 4025831.796921 0.000000 0.000000
353097.073386 4025831.738099 0.000000 0.000000
353097.060619 4025831.679211 0.000000 0.000000
353097.047838 4025831.620256 0.000000 -0.000000
353097.035042 4025831.561231 0.000000 0.000000
353097.022230 4025831.502133 0.000000 -0.000000
353097.009401 4025831.442958 0.000000 0.000000
353096.996555 4025831.383705 0.000000 -0.000000
353096.983692 4025831.324369 0.000000 -0.000000
353096.970810 4025831.264947 0.000000 0.000000
353096.957908 4025831.205437 0.000000 0.000000
353096.944987 4025831.145835 0.000000 -0.000000
353096.932045 4025831.086138 0.000000 -0.000000
353096.919081 4025831.026341 0.000000 0.000000
353096.906096 4025830.966443 0.000000 -0.000000
353096.893087 4025830.906439 0.000000 -0.000000
353096.880055 4025830.846325 0.000000 -0.000000
353096.866998 4025830.786099 0.000000 -0.000000
353096.853917 4025830.725756 0.000000 0.000000
353096.840809 4025830.665294 0.000000 -0.000000
353096.827674 4025830.604707 0.000000 -0.000000
353096.814511 4025830.543992 0.000000 -0.000000
353096.801320 4025830.483146 0.000000 0.000000
353096.788100 4025830.422165 0.000000 -0.000000
353096.774849 4025830.361044 0.000000 0.000000
353096.761568 4025830.299781 0.000000 0.000000
353096.748254 4025830.238370 0.000000 -0.000000
353096.734908 4025830.176808 0.000000 0.000000
353096.721528 4025830.115091 0.000000 -0.000000
353096.708114 4025830.053215 0.000000 0.000000
353096.694664 4025829.991176 0.000000 0.000000
353096.681178 4025829.928969 0.000000 -0.000000
353096.667655 4025829.866591 0.000000 -0.000000
353096.654094 4025829.804038 0.000000 0.000000
353096.640494 4025829.741305 0.000000 -0.000000
353096.626854 4025829.678388 0.000000 0.000000
353096.613173 4025829.615283 0.000000 -0.000000
353096.599451 4025829.551985 0.000000 0.000000
353096.585686 4025829.488491 0.000000 0.000000
353096.571877 4025829.424797 0.000000 -0.000000
353096.558024 4025829.360897 0.000000 -0.000000
353096.544125 4025829.296787 0.000000 -0.000000
353096.530181 4025829.232464 0.000000 -0.000000
353096.516189 4025829.167923 0.000000 0.000000
353096.502148 4025829.103159 0.000000 -0.000000
353096.488059 4025829.038168 0.000000 0.000000
353096.473919 4025828.972946 0.000000 0.000000
353096.459728 4025828.907487 0.000000 0.000000
353096.445485 4025828.841788 0.000000 -0.000000
353096.431188 4025828.775844 0.000000 -0.000000
353096.416838 4025828.709651 0.000000 0.000000
353096.402433 4025828.643203 0.000000 0.000000
353096.387971 4025828.576496 0.000000 -0.000000
353096.373452 4025828.509526 0.000000 0.000000
353096.358875 4025828.442287 0.000000 0.000000
353096.344239 4025828.374775 0.000000 0.000000
353096.329543 4025828.306985 0.000000 -0.000000
353096.314785 4025828.238913 0.000000 0.000000
353096.299965 4025828.170552 0.000000 0.000000
353096.285082 4025828.101899 0.000000 -0.000000
353096.270134 4025828.032949 0.000000 -0.000000
353096.255120 4025827.963695 0.000000 -0.000000
353096.240039 4025827.894133 0.000000 -0.000000
353096.224891 4025827.824259 0.000000 0.000000
353096.209673 4025827.754065 0.000000 -0.000000
353096.194386 4025827.683548 0.000000 -0.000000
353096.179027 4025827.612702 0.000000 0.000000
353096.163595 4025827.541521 0.000000 0.000000
353096.148090 4025827.469999 0.000000 0.000000
353096.132509 4025827.398131 0.000000 -0.000000
353096.116853 4025827.325912 0.000000 0.000000
353096.101118 4025827.253335 0.000000 -0.000000
353096.085305 4025827.180394 0.000000 -0.000000
353096.069412 4025827.107084 0.000000 -0.000000
353096.053437 4025827.033397 0.000000 0.000000
353096.037380 4025826.959329 0.000000 0.000000
353096.021238 4025826.884871 0.000000 -0.000000
353096.005011 4025826.810019 0.000000 0.000000
353095.988696 4025826.734765 0.000000 0.000000
353095.972293 4025826.659102 0.000000 -0.000000
353095.955799 4025826.583023 0.000000 -0.000000
353095.939214 4025826.506521 0.000000 -0.000000
353095.922536 4025826.429590 0.000000 -0.000000
353095.905763 4025826.352220 0.000000 -0.000000
353095.888893 4025826.274405 0.000000 -0.000000
353095.871925 4025826.196137 0.000000 0.000000
353095.854857 4025826.117407 0.000000 -0.000000
353095.837687 4025826.038207 0.000000 0.000000
353095.820413 4025825.958528 0.000000 0.000000
353095.803033 4025825.878362 0.000000 0.000000
353095.785546 4025825.797699 0.000000 -0.000000
353095.767949 4025825.716529 0.000000 0.000000
353095.750240 4025825.634844 0.000000 -0.000000
353095.732417 4025825.552632 0.000000 0.000000
353095.714478 4025825.469884 0.000000 0.000000
353095.696420 4025825.386588 0.000000 0.000000
353095.678241 4025825.302733 0.000000 -0.000000
353095.659938 4025825.218307 0.000000 -0.000000
353095.641509 4025825.133299 0.000000 -0.000000
353095.622950 4025825.047696 0.000000 0.000000
353095.604260 4025824.961484 0.000000 0.000000
353095.585436 4025824.874651 0.000000 -0.000000
353095.566473 4025824.787182 0.000000 0.000000
353095.547369 4025824.699064 0.000000 0.000000
353095.528121 4025824.610279 0.000000 0.000000
353095.508726 4025824.520814 0.000000 -0.000000
353095.489180 4025824.430652 0.000000 -0.000000
353095.469478 4025824.339776 0.000000 0.000000
353095.449618 4025824.248168 0.000000 -0.000000
353095.429596 4025824.155811 0.000000 -0.000000
353095.409406 4025824.062684 0.000000 0.000000
353095.389046 4025823.968769 0.000000 -0.000000
353095.368511 4025823.874045 0.000000 -0.000000
353095.347795 4025823.778492 0.000000 0.000000
353095.326895 4025823.682085 0.000000 -0.000000
353095.305805 4025823.584804 0.000000 -0.000000
353095.284520 4025823.486624 0.000000 -0.000000
353095.263035 4025823.387520 0.000000 -0.000000
353095.241345 4025823.287467 0.000000 -0.000000
353095.219442 4025823.186438 0.000000 -0.000000
353095.197322 4025823.084406 0.000000 0.000000
353095.174978 4025822.981341 0.000000 -0.000000
353095.152404 4025822.877214 0.000000 -0.000000
353095.129593 4025822.771994 0.000000 -0.000000
353095.106538 4025822.665649 0.000000 -0.000000
353095.083232 4025822.558144 0.000000 -0.000000
353095.059667 4025822.449444 0.000000 -0.000000
353095.035834 4025822.339511 0.000000 0.000000
353095.011725 4025822.228304 0.000000 0.000000
353094.987331 4025822.115781 0.000000 -0.000000
353094.962640 4025822.001893 0.000000 -0.000000
353094.937644 4025821.886591 0.000000 0.000000
353094.912328 4025821.769819 0.000000 0.000000
353094.886682 4025821.651518 0.000000 -0.000000
353094.860689 4025821.531622 0.000000 -0.000000
353094.834335 4025821.410058 0.000000 0.000000
353094.807602 4025821.286748 0.000000 -0.000000
353094.780471 4025821.161604 0.000000 0.000000
353094.752923 4025821.034531 0.000000 0.000000
353094.724933 4025820.905422 0.000000 0.000000
353094.696476 4025820.774161 0.000000 0.000000
353094.667526 4025820.640621 0.000000 0.000000
353094.638050 4025820.504661 0.000000 0.000000
353094.608017 4025820.366126 0.000000 -0.000000
353094.577389 4025820.224847 0.000000 0.000000
353094.546125 4025820.080639 0.000000 -0.000000
353094.514183 4025819.933298 0.000000 0.000000
353094.481513 4025819.782604 0.000000 0.000000
353094.448064 4025819.628315 0.000000 0.000000
353094.413779 4025819.470167 0.000000 0.000000
353094.378595 4025819.307875 0.000000 0.000000
353094.342446 4025819.141129 0.000000 0.000000
353094.305258 4025818.969593 0.000000 0.000000
353094.266953 4025818.792902 0.000000 0.000000
353094.227445 4025818.610665 0.000000 0.000000
353094.186642 4025818.422457 0.000000 0.000000
353094.144447 4025818.227823 0.000000 0.000000
353094.100752 4025818.026271 0.000000 0.000000
353094.055443 4025817.817276 0.000000 0.000000
353094.008398 4025817.600271 0.000000 0.000000
353093.959485 4025817.374653 0.000000 0.000000
353093.908565 4025817.139774 0.000000 0.000000
353093.855488 4025816.894943 0.000000 0.000000
353093.800092 4025816.639423 0.000000 0.000000
353093.742210 4025816.372428 0.000000 0.000000
353093.681658 4025816.093122 0.000000 0.000000
353093.618245 4025815.800617 0.000000 0.000000
353093.551765 4025815.493968 0.000000 0.000000
353093.482003 4025815.172174 0.000000 0.000000
