353089.654273 4025797.691728 0.000000 0.000000
353089.579741 4025797.350233 0.000000 0.000018
353089.508783 4025797.025111 0.000000 0.000036
353089.441168 4025796.715290 0.000000 0.000054
353089.376676 4025796.419758 0.000000 0.000073
353089.315099 4025796.137560 0.000000 0.000091
353089.256242 4025795.867800 0.000000 0.000109
353089.199923 4025795.609632 0.000000 0.000127
353089.145968 4025795.362262 0.000000 0.000145
353089.094216 4025795.124945 0.000000 0.000163
353089.044515 4025794.896982 0.000000 0.000182
353088.996722 4025794.677721 0.000000 0.000200
353088.950704 4025794.466549 0.000000 0.000218
353088.906338 4025794.262896 0.000000 0.000236
353088.863506 4025794.066230 0.000000 0.000254
353088.822102 4025793.876055 0.000000 0.000272
353088.782025 4025793.691909 0.000000 0.000291
353088.743180 4025793.513366 0.000000 0.000309
353088.705483 4025793.340027 0.000000 0.000327
353088.668852 4025793.171527 0.000000 0.000345
353088.633212 4025793.007525 0.000000 0.000363
353088.598497 4025792.847707 0.000000 0.000381
353088.564642 4025792.691786 0.000000 0.000400
353088.531589 4025792.539495 0.000000 0.000418
353088.499285 4025792.390591 0.000000 0.000436
353088.467680 4025792.244849 0.000000 0.000453
353088.436729 4025792.102065 0.000000 0.000469
353088.406392 4025791.962052 0.000000 0.000482
353088.376631 4025791.824638 0.000000 0.000494
353088.347411 4025791.689667 0.000000 0.000504
353088.318700 4025791.556999 0.000000 0.000512
353088.290471 4025791.426502 0.000000 0.000518
353088.262697 4025791.298061 0.000000 0.000522
353088.235355 4025791.171568 0.000000 0.000525
353088.208423 4025791.046927 0.000000 0.000525
353088.181881 4025790.924049 0.000000 0.000524
353088.155712 4025790.802854 0.000000 0.000521
353088.129899 4025790.683270 0.000000 0.000517
353088.104427 4025790.565231 0.000000 0.000511
353088.079284 4025790.448675 0.000000 0.000504
353088.054456 4025790.333548 0.000000 0.000496
353088.029932 4025790.219798 0.000000 0.000487
353088.005701 4025790.107378 0.000000 0.000476
353087.981754 4025789.996244 0.000000 0.000466
353087.958081 4025789.886355 0.000000 0.000454
353087.934674 4025789.777674 0.000000 0.000442
353087.911524 4025789.670164 0.000000 0.000430
353087.888624 4025789.563791 0.000000 0.000417
353087.865966 4025789.458522 0.000000 0.000404
353087.843543 4025789.354325 0.000000 0.000392
353087.821349 4025789.251171 0.000000 0.000379
353087.799377 4025789.149031 0.000000 0.000366
353087.777621 4025789.047877 0.000000 0.000353
353087.756074 4025788.947682 0.000000 0.000341
353087.734731 4025788.848420 0.000000 0.000329
353087.713587 4025788.750066 0.000000 0.000317
353087.692635 4025788.652597 0.000000 0.000305
353087.671871 4025788.555988 0.000000 0.000294
353087.651290 4025788.460218 0.000000 0.000284
353087.630887 4025788.365266 0.000000 0.000274
353087.610657 4025788.271110 0.000000 0.000264
353087.590597 4025788.177731 0.000000 0.000255
353087.570701 4025788.085110 0.000000 0.000247
353087.550966 4025787.993228 0.000000 0.000240
353087.531387 4025787.902068 0.000000 0.000232
353087.511962 4025787.811612 0.000000 0.000226
353087.492686 4025787.721845 0.000000 0.000220
353087.473556 4025787.632749 0.000000 0.000215
353087.454568 4025787.544311 0.000000 0.000211
353087.435720 4025787.456515 0.000000 0.000207
353087.417009 4025787.369347 0.000000 0.000204
353087.398430 4025787.282794 0.000000 0.000202
353087.379982 4025787.196842 0.000000 0.000200
353087.361662 4025787.111480 0.000000 0.000199
353087.343466 4025787.026693 0.000000 0.000199
353087.325394 4025786.942472 0.000000 0.000199
353087.307441 4025786.858804 0.000000 0.000200
353087.289606 4025786.775679 0.000000 0.000201
353087.271886 4025786.693085 0.000000 0.000204
353087.254280 4025786.611013 0.000000 0.000206
353087.236785 4025786.529453 0.000000 0.000210
353087.219398 4025786.448394 0.000000 0.000214
353087.202119 4025786.367829 0.000000 0.000218
353087.184945 4025786.287747 0.000000 0.000223
353087.167874 4025786.208140 0.000000 0.000229
353087.150905 4025786.128999 0.000000 0.000235
353087.134035 4025786.050317 0.000000 0.000241
353087.117264 4025785.972085 0.000000 0.000248
353087.100589 4025785.894295 0.000000 0.000256
353087.084008 4025785.816940 0.000000 0.000263
353087.067521 4025785.740012 0.000000 0.000272
353087.051125 4025785.663504 0.000000 0.000280
353087.034820 4025785.587409 0.000000 0.000289
353087.018603 4025785.511720 0.000000 0.000298
353087.002474 4025785.436430 0.000000 0.000307
353086.986431 4025785.361533 0.000000 0.000317
353086.970472 4025785.287022 0.000000 0.000327
353086.954597 4025785.212890 0.000000 0.000337
353086.938803 4025785.139132 0.000000 0.000347
353086.923091 4025785.065742 0.000000 0.000357
353086.907457 4025784.992712 0.000000 0.000368
353086.891902 4025784.920038 0.000000 0.000378
353086.876424 4025784.847714 0.000000 0.000389
353086.861022 4025784.775733 0.000000 0.000399
353086.845694 4025784.704090 0.000000 0.000410
353086.830440 4025784.632780 0.000000 0.000421
353086.815258 4025784.561797 0.000000 0.000431
353086.800147 4025784.491135 0.000000 0.000442
353086.785106 4025784.420790 0.000000 0.000453
353086.770134 4025784.350756 0.000000 0.000463
353086.755230 4025784.281027 0.000000 0.000473
353086.740393 4025784.211599 0.000000 0.000484
353086.725621 4025784.142466 0.000000 0.000494
353086.710914 4025784.073624 0.000000 0.000504
353086.696271 4025784.005068 0.000000 0.000514
353086.681690 4025783.936792 0.000000 0.000524
353086.667171 4025783.868791 0.000000 0.000533
353086.652712 4025783.801062 0.000000 0.000542
353086.638313 4025783.733598 0.000000 0.000552
353086.623972 4025783.666396 0.000000 0.000561
353086.609689 4025783.599450 0.000000 0.000569
353086.595463 4025783.532756 0.000000 0.000578
353086.581292 4025783.466310 0.000000 0.000586
353086.567175 4025783.400106 0.000000 0.000594
353086.553112 4025783.334140 0.000000 0.000602
353086.539102 4025783.268408 0.000000 0.000610
353086.525144 4025783.202904 0.000000 0.000618
353086.511236 4025783.137626 0.000000 0.000625
353086.497378 4025783.072567 0.000000 0.000632
353086.483569 4025783.007724 0.000000 0.000639
353086.469808 4025782.943093 0.000000 0.000646
353086.456094 4025782.878668 0.000000 0.000653
353086.442426 4025782.814446 0.000000 0.000659
353086.428803 4025782.750422 0.000000 0.000666
353086.415224 4025782.686592 0.000000 0.000672
353086.401688 4025782.622952 0.000000 0.000678
353086.388195 4025782.559497 0.000000 0.000685
353086.374744 4025782.496223 0.000000 0.000691
353086.361332 4025782.433126 0.000000 0.000697
353086.347961 4025782.370202 0.000000 0.000704
353086.334629 4025782.307446 0.000000 0.000710
353086.321334 4025782.244855 0.000000 0.000717
353086.308076 4025782.182424 0.000000 0.000724
353086.294855 4025782.120150 0.000000 0.000731
353086.281669 4025782.058028 0.000000 0.000739
353086.268517 4025781.996054 0.000000 0.000746
353086.255399 4025781.934224 0.000000 0.000755
353086.242314 4025781.872535 0.000000 0.000763
353086.229261 4025781.810982 0.000000 0.000773
353086.216238 4025781.749561 0.000000 0.000783
353086.203247 4025781.688269 0.000000 0.000793
353086.190284 4025781.627102 0.000000 0.000805
353086.177351 4025781.566056 0.000000 0.000817
353086.164445 4025781.505127 0.000000 0.000831
353086.151567 4025781.444311 0.000000 0.000845
353086.138715 4025781.383606 0.000000 0.000861
353086.125889 4025781.323007 0.000000 0.000878
353086.113087 4025781.262510 0.000000 0.000896
353086.100311 4025781.202113 0.000000 0.000916
353086.087557 4025781.141812 0.000000 0.000938
353086.074827 4025781.081604 0.000000 0.000961
353086.062119 4025781.021484 0.000000 0.000987
353086.049433 4025780.961451 0.000000 0.001014
353086.036768 4025780.901500 0.000000 0.001044
353086.024123 4025780.841628 0.000000 0.001077
353086.011498 4025780.781833 0.000000 0.001112
353085.998893 4025780.722112 0.000000 0.001150
353085.986306 4025780.662461 0.000000 0.001191
353085.973738 4025780.602877 0.000000 0.001235
353085.961188 4025780.543358 0.000000 0.001283
353085.948655 4025780.483901 0.000000 0.001334
353085.936139 4025780.424503 0.000000 0.001389
353085.923640 4025780.365162 0.000000 0.001449
353085.911156 4025780.305875 0.000000 0.001513
353085.898689 4025780.246639 0.000000 0.001581
353085.886238 4025780.187452 0.000000 0.001655
353085.873801 4025780.128312 0.000000 0.001733
353085.861380 4025780.069216 0.000000 0.001817
353085.848974 4025780.010162 0.000000 0.001907
353085.836582 4025779.951149 0.000000 0.002002
353085.824205 4025779.892173 0.000000 0.002104
353085.811843 4025779.833232 0.000000 0.002213
353085.799494 4025779.774326 0.000000 0.002328
353085.787161 4025779.715451 0.000000 0.002451
353085.774841 4025779.656607 0.000000 0.002581
353085.762536 4025779.597790 0.000000 0.002720
353085.750246 4025779.539001 0.000000 0.002866
353085.737970 4025779.480236 0.000000 0.003021
353085.725709 4025779.421494 0.000000 0.003185
353085.713463 4025779.362775 0.000000 0.003359
353085.701232 4025779.304075 0.000000 0.003542
353085.689017 4025779.245395 0.000000 0.003735
353085.676818 4025779.186732 0.000000 0.003939
353085.664636 4025779.128086 0.000000 0.004153
353085.652471 4025779.069455 0.000000 0.004379
353085.640323 4025779.010837 0.000000 0.004616
353085.628193 4025778.952233 0.000000 0.004865
353085.616081 4025778.893640 0.000000 0.005127
353085.603989 4025778.835058 0.000000 0.005401
353085.591917 4025778.776486 0.000000 0.005689
353085.579866 4025778.717923 0.000000 0.005990
353085.567837 4025778.659368 0.000000 0.006304
353085.555830 4025778.600820 0.000000 0.006633
353085.543848 4025778.542278 0.000000 0.006977
353085.531889 4025778.483743 0.000000 0.007336
353085.519957 4025778.425212 0.000000 0.007710
353085.508052 4025778.366686 0.000000 0.008100
353085.496175 4025778.308164 0.000000 0.008505
353085.484327 4025778.249645 0.000000 0.008928
353085.472510 4025778.191128 0.000000 0.009366
353085.460726 4025778.132614 0.000000 0.009822
353085.448976 4025778.074101 0.000000 0.010295
353085.437261 4025778.015590 0.000000 0.010785
353085.425583 4025777.957079 0.000000 0.011293
353085.413945 4025777.898569 0.000000 0.011819
353085.402346 4025777.840058 0.000000 0.012364
353085.390791 4025777.781548 0.000000 0.012927
353085.379280 4025777.723036 0.000000 0.013508
353085.367816 4025777.664524 0.000000 0.014108
353085.356400 4025777.606011 0.000000 0.014727
353085.345035 4025777.547496 0.000000 0.015366
353085.333723 4025777.488979 0.000000 0.016023
353085.322467 4025777.430460 0.000000 0.016700
353085.311269 4025777.371939 0.000000 0.017397
353085.300130 4025777.313416 0.000000 0.018113
353085.289055 4025777.254891 0.000000 0.018848
353085.278045 4025777.196362 0.000000 0.019604
353085.267103 4025777.137832 0.000000 0.020379
353085.256232 4025777.079298 0.000000 0.021173
353085.245435 4025777.020761 0.000000 0.021988
353085.234714 4025776.962222 0.000000 0.022822
353085.224073 4025776.903679 0.000000 0.023676
353085.213515 4025776.845134 0.000000 0.024549
353085.203043 4025776.786585 0.000000 0.025442
353085.192659 4025776.728033 0.000000 0.026355
353085.182368 4025776.669479 0.000000 0.027287
353085.172173 4025776.610922 0.000000 0.028238
353085.162076 4025776.552361 0.000000 0.029209
353085.152082 4025776.493798 0.000000 0.030198
353085.142194 4025776.435233 0.000000 0.031207
353085.132416 4025776.376665 0.000000 0.032234
353085.122751 4025776.318095 0.000000 0.033280
353085.113203 4025776.259522 0.000000 0.034344
353085.103776 4025776.200948 0.000000 0.035427
353085.094473 4025776.142372 0.000000 0.036528
353085.085299 4025776.083795 0.000000 0.037646
353085.076257 4025776.025217 0.000000 0.038782
353085.067352 4025775.966637 0.000000 0.039936
353085.058588 4025775.908058 0.000000 0.041107
353085.049968 4025775.849479 0.000000 0.042295
353085.041497 4025775.790899 0.000000 0.043499
353085.033179 4025775.732321 0.000000 0.044720
353085.025018 4025775.673744 0.000000 0.045957
353085.017019 4025775.615169 0.000000 0.047210
353085.009187 4025775.556597 0.000000 0.048479
353085.001524 4025775.498028 0.000000 0.049764
353084.994037 4025775.439462 0.000000 0.051063
353084.986728 4025775.380900 0.000000 0.052377
353084.979604 4025775.322344 0.000000 0.053706
353084.972668 4025775.263794 0.000000 0.055050
353084.965925 4025775.205250 0.000000 0.056407
353084.959379 4025775.146714 0.000000 0.057779
353084.953036 4025775.088187 0.000000 0.059164
353084.946899 4025775.029669 0.000000 0.060562
353084.940974 4025774.971161 0.000000 0.061974
353084.935266 4025774.912666 0.000000 0.063398
353084.929778 4025774.854182 0.000000 0.064835
353084.924516 4025774.795713 0.000000 0.066285
353084.919484 4025774.737259 0.000000 0.067746
353084.914688 4025774.678822 0.000000 0.069219
353084.910131 4025774.620402 0.000000 0.070704
353084.905820 4025774.562001 0.000000 0.072201
353084.901758 4025774.503621 0.000000 0.073708
353084.897950 4025774.445264 0.000000 0.075226
353084.894401 4025774.386930 0.000000 0.076755
353084.891117 4025774.328621 0.000000 0.078294
353084.888101 4025774.270340 0.000000 0.079844
353084.885360 4025774.212088 0.000000 0.081403
353084.882896 4025774.153866 0.000000 0.082971
353084.880716 4025774.095677 0.000000 0.084550
353084.878824 4025774.037523 0.000000 0.086137
353084.877224 4025773.979406 0.000000 0.087733
353084.875923 4025773.921327 0.000000 0.089337
353084.874923 4025773.863289 0.000000 0.090950
353084.874231 4025773.805294 0.000000 0.092571
353084.873850 4025773.747345 0.000000 0.094199
353084.873786 4025773.689443 0.000000 0.095835
353084.874044 4025773.631591 0.000000 0.097478
353084.874627 4025773.573793 0.000000 0.099128
353084.875540 4025773.516049 0.000000 0.100784
353084.876789 4025773.458363 0.000000 0.102446
353084.878377 4025773.400738 0.000000 0.104114
353084.880309 4025773.343176 0.000000 0.105788
353084.882590 4025773.285680 0.000000 0.107466
353084.885224 4025773.228253 0.000000 0.109149
353084.888215 4025773.170898 0.000000 0.110836
353084.891568 4025773.113618 0.000000 0.112528
353084.895288 4025773.056415 0.000000 0.114222
353084.899377 4025772.999294 0.000000 0.115920
353084.903842 4025772.942258 0.000000 0.117620
353084.908685 4025772.885309 0.000000 0.119323
353084.913912 4025772.828451 0.000000 0.121027
353084.919525 4025772.771687 0.000000 0.122732
353084.925530 4025772.715022 0.000000 0.124438
353084.931929 4025772.658457 0.000000 0.126144
353084.938727 4025772.601998 0.000000 0.127850
353084.945928 4025772.545648 0.000000 0.129554
353084.953536 4025772.489409 0.000000 0.131257
353084.961553 4025772.433287 0.000000 0.132958
353084.969984 4025772.377285 0.000000 0.134656
353084.978833 4025772.321407 0.000000 0.136351
353084.988102 4025772.265657 0.000000 0.138041
353084.997796 4025772.210039 0.000000 0.139727
353085.007917 4025772.154557 0.000000 0.141408
353085.018468 4025772.099215 0.000000 0.143081
353085.029454 4025772.044017 0.000000 0.144748
353085.040876 4025771.988968 0.000000 0.146407
353085.052738 4025771.934072 0.000000 0.148058
353085.065043 4025771.879333 0.000000 0.149698
353085.077793 4025771.824755 0.000000 0.151328
353085.090991 4025771.770343 0.000000 0.152947
353085.104641 4025771.716102 0.000000 0.154553
353085.118743 4025771.662035 0.000000 0.156146
353085.133302 4025771.608148 0.000000 0.157724
353085.148318 4025771.554444 0.000000 0.159286
353085.163795 4025771.500929 0.000000 0.160832
353085.179735 4025771.447607 0.000000 0.162360
353085.196138 4025771.394483 0.000000 0.163868
353085.213008 4025771.341561 0.000000 0.165356
353085.230347 4025771.288845 0.000000 0.166821
353085.248155 4025771.236342 0.000000 0.168264
353085.266434 4025771.184055 0.000000 0.169682
353085.285187 4025771.131988 0.000000 0.171073
353085.304413 4025771.080147 0.000000 0.172437
353085.324116 4025771.028537 0.000000 0.173772
353085.344295 4025770.977161 0.000000 0.175076
353085.364951 4025770.926026 0.000000 0.176347
353085.386087 4025770.875134 0.000000 0.177583
353085.407702 4025770.824491 0.000000 0.178784
353085.429797 4025770.774102 0.000000 0.179947
353085.452372 4025770.723971 0.000000 0.181070
353085.475429 4025770.674102 0.000000 0.182152
353085.498967 4025770.624501 0.000000 0.183191
353085.522987 4025770.575171 0.000000 0.184184
353085.547489 4025770.526117 0.000000 0.185130
353085.572472 4025770.477343 0.000000 0.186027
353085.597937 4025770.428854 0.000000 0.186873
353085.623883 4025770.380654 0.000000 0.187666
353085.650310 4025770.332747 0.000000 0.188404
353085.677217 4025770.285137 0.000000 0.189085
353085.704603 4025770.237829 0.000000 0.189708
353085.732468 4025770.190825 0.000000 0.190271
353085.760811 4025770.144131 0.000000 0.190771
353085.789631 4025770.097749 0.000000 0.191208
353085.818926 4025770.051683 0.000000 0.191579
353085.848695 4025770.005938 0.000000 0.191883
353085.878937 4025769.960516 0.000000 0.192119
353085.909650 4025769.915420 0.000000 0.192285
353085.940833 4025769.870654 0.000000 0.192379
353085.972483 4025769.826222 0.000000 0.192402
353086.004598 4025769.782125 0.000000 0.192351
353086.037177 4025769.738367 0.000000 0.192225
353086.070217 4025769.694950 0.000000 0.192025
353086.103716 4025769.651877 0.000000 0.191749
353086.137671 4025769.609151 0.000000 0.191397
353086.172080 4025769.566773 0.000000 0.190968
353086.206939 4025769.524745 0.000000 0.190463
353086.242247 4025769.483070 0.000000 0.189881
353086.277999 4025769.441750 0.000000 0.189222
353086.314193 4025769.400785 0.000000 0.188487
353086.350826 4025769.360178 0.000000 0.187676
353086.387894 4025769.319929 0.000000 0.186790
353086.425393 4025769.280041 0.000000 0.185830
353086.463320 4025769.240513 0.000000 0.184796
353086.501672 4025769.201347 0.000000 0.183690
353086.540444 4025769.162543 0.000000 0.182513
353086.579633 4025769.124103 0.000000 0.181267
353086.619234 4025769.086025 0.000000 0.179952
353086.659243 4025769.048311 0.000000 0.178571
353086.699657 4025769.010960 0.000000 0.177126
353086.740470 4025768.973972 0.000000 0.175618
353086.781678 4025768.937347 0.000000 0.174050
353086.823276 4025768.901085 0.000000 0.172423
353086.865261 4025768.865184 0.000000 0.170741
353086.907626 4025768.829645 0.000000 0.169005
353086.950368 4025768.794465 0.000000 0.167218
353086.993482 4025768.759644 0.000000 0.165382
353087.036961 4025768.725181 0.000000 0.163501
353087.080802 4025768.691075 0.000000 0.161577
353087.125000 4025768.657322 0.000000 0.159612
353087.169548 4025768.623923 0.000000 0.157610
353087.214442 4025768.590875 0.000000 0.155573
353087.259677 4025768.558176 0.000000 0.153504
353087.305247 4025768.525824 0.000000 0.151406
353087.351146 4025768.493817 0.000000 0.149282
353087.397369 4025768.462152 0.000000 0.147134
353087.443911 4025768.430826 0.000000 0.144966
353087.490767 4025768.399839 0.000000 0.142780
353087.537929 4025768.369185 0.000000 0.140579
353087.585394 4025768.338863 0.000000 0.138366
353087.633155 4025768.308870 0.000000 0.136143
353087.681207 4025768.279203 0.000000 0.133913
353087.729543 4025768.249858 0.000000 0.131679
353087.778159 4025768.220832 0.000000 0.129442
353087.827049 4025768.192122 0.000000 0.127206
353087.876207 4025768.163725 0.000000 0.124973
353087.925628 4025768.135637 0.000000 0.122744
353087.975305 4025768.107854 0.000000 0.120522
353088.025233 4025768.080374 0.000000 0.118309
353088.075408 4025768.053192 0.000000 0.116107
353088.125822 4025768.026304 0.000000 0.113918
353088.176471 4025767.999708 0.000000 0.111743
353088.227350 4025767.973398 0.000000 0.109584
353088.278452 4025767.947372 0.000000 0.107443
353088.329772 4025767.921626 0.000000 0.105321
353088.381306 4025767.896155 0.000000 0.103218
353088.433047 4025767.870956 0.000000 0.101138
353088.484991 4025767.846025 0.000000 0.099080
353088.537133 4025767.821357 0.000000 0.097046
353088.589466 4025767.796950 0.000000 0.095036
353088.641988 4025767.772798 0.000000 0.093052
353088.694691 4025767.748899 0.000000 0.091094
353088.747572 4025767.725247 0.000000 0.089162
353088.800625 4025767.701840 0.000000 0.087259
353088.853847 4025767.678672 0.000000 0.085383
353088.907231 4025767.655741 0.000000 0.083536
353088.960775 4025767.633043 0.000000 0.081718
353089.014472 4025767.610572 0.000000 0.079928
353089.068319 4025767.588326 0.000000 0.078169
353089.122312 4025767.566301 0.000000 0.076438
353089.176446 4025767.544492 0.000000 0.074738
353089.230716 4025767.522896 0.000000 0.073068
353089.285120 4025767.501509 0.000000 0.071427
353089.339652 4025767.480327 0.000000 0.069816
353089.394309 4025767.459347 0.000000 0.068235
353089.449088 4025767.438564 0.000000 0.066684
353089.503984 4025767.417975 0.000000 0.065162
353089.558993 4025767.397577 0.000000 0.063670
353089.614113 4025767.377366 0.000000 0.062207
353089.669340 4025767.357337 0.000000 0.060773
353089.724670 4025767.337489 0.000000 0.059368
353089.780101 4025767.317816 0.000000 0.057991
353089.835628 4025767.298316 0.000000 0.056642
353089.891249 4025767.278986 0.000000 0.055321
353089.946962 4025767.259821 0.000000 0.054028
353090.002762 4025767.240818 0.000000 0.052761
353090.058647 4025767.221975 0.000000 0.051521
353090.114615 4025767.203288 0.000000 0.050307
353090.170662 4025767.184754 0.000000 0.049118
353090.226787 4025767.166369 0.000000 0.047955
353090.282986 4025767.148131 0.000000 0.046817
353090.339258 4025767.130036 0.000000 0.045704
353090.395599 4025767.112082 0.000000 0.044614
353090.452008 4025767.094265 0.000000 0.043547
353090.508482 4025767.076582 0.000000 0.042504
353090.565020 4025767.059032 0.000000 0.041483
353090.621618 4025767.041609 0.000000 0.040484
353090.678276 4025767.024313 0.000000 0.039506
353090.734991 4025767.007141 0.000000 0.038550
353090.791762 4025766.990088 0.000000 0.037614
353090.848586 4025766.973154 0.000000 0.036699
353090.905462 4025766.956334 0.000000 0.035803
353090.962388 4025766.939628 0.000000 0.034927
353091.019363 4025766.923031 0.000000 0.034070
353091.076384 4025766.906542 0.000000 0.033231
353091.133451 4025766.890158 0.000000 0.032410
353091.190562 4025766.873877 0.000000 0.031607
353091.247715 4025766.857696 0.000000 0.030821
353091.304909 4025766.841613 0.000000 0.030052
353091.362143 4025766.825625 0.000000 0.029300
353091.419416 4025766.809731 0.000000 0.028564
353091.476725 4025766.793929 0.000000 0.027844
353091.534071 4025766.778215 0.000000 0.027140
353091.591451 4025766.762588 0.000000 0.026450
353091.648865 4025766.747046 0.000000 0.025776
353091.706311 4025766.731587 0.000000 0.025116
353091.763789 4025766.716208 0.000000 0.024471
353091.821297 4025766.700908 0.000000 0.023839
353091.878835 4025766.685684 0.000000 0.023222
353091.936401 4025766.670536 0.000000 0.022618
353091.993994 4025766.655460 0.000000 0.022027
353092.051615 4025766.640456 0.000000 0.021449
353092.109261 4025766.625521 0.000000 0.020884
353092.166932 4025766.610653 0.000000 0.020331
353092.224627 4025766.595851 0.000000 0.019790
353092.282345 4025766.581113 0.000000 0.019262
353092.340086 4025766.566437 0.000000 0.018745
353092.397849 4025766.551823 0.000000 0.018240
353092.455633 4025766.537267 0.000000 0.017746
353092.513437 4025766.522769 0.000000 0.017263
353092.571261 4025766.508327 0.000000 0.016791
353092.629104 4025766.493940 0.000000 0.016330
353092.686965 4025766.479605 0.000000 0.015879
353092.744845 4025766.465323 0.000000 0.015438
353092.802741 4025766.451090 0.000000 0.015008
353092.860654 4025766.436907 0.000000 0.014588
353092.918583 4025766.422771 0.000000 0.014177
353092.976527 4025766.408681 0.000000 0.013776
353093.034487 4025766.394635 0.000000 0.013384
353093.092461 4025766.380634 0.000000 0.013001
353093.150449 4025766.366675 0.000000 0.012628
353093.208450 4025766.352757 0.000000 0.012263
353093.266465 4025766.338879 0.000000 0.011907
353093.324492 4025766.325040 0.000000 0.011559
353093.382531 4025766.311239 0.000000 0.011220
353093.440582 4025766.297474 0.000000 0.010889
353093.498644 4025766.283745 0.000000 0.010566
353093.556717 4025766.270050 0.000000 0.010251
353093.614801 4025766.256389 0.000000 0.009944
353093.672894 4025766.242760 0.000000 0.009644
353093.730998 4025766.229163 0.000000 0.009351
353093.789111 4025766.215596 0.000000 0.009066
353093.847233 4025766.202059 0.000000 0.008788
353093.905363 4025766.188551 0.000000 0.008517
353093.963503 4025766.175070 0.000000 0.008253
353094.021650 4025766.161616 0.000000 0.007995
353094.079805 4025766.148189 0.000000 0.007745
353094.137968 4025766.134787 0.000000 0.007500
353094.196138 4025766.121409 0.000000 0.007262
353094.254314 4025766.108055 0.000000 0.007030
353094.312498 4025766.094724 0.000000 0.006804
353094.370688 4025766.081415 0.000000 0.006584
353094.428885 4025766.068128 0.000000 0.006370
353094.487087 4025766.054861 0.000000 0.006162
353094.545295 4025766.041615 0.000000 0.005959
353094.603509 4025766.028388 0.000000 0.005761
353094.661728 4025766.015180 0.000000 0.005569
353094.719952 4025766.001990 0.000000 0.005382
353094.778181 4025765.988817 0.000000 0.005201
353094.836415 4025765.975662 0.000000 0.005024
353094.894654 4025765.962523 0.000000 0.004852
353094.952897 4025765.949399 0.000000 0.004685
353095.011144 4025765.936291 0.000000 0.004523
353095.069395 4025765.923198 0.000000 0.004365
353095.127650 4025765.910119 0.000000 0.004212
353095.185909 4025765.897053 0.000000 0.004063
353095.244171 4025765.884001 0.000000 0.003919
353095.302437 4025765.870962 0.000000 0.003778
353095.360707 4025765.857934 0.000000 0.003642
353095.418979 4025765.844919 0.000000 0.003510
353095.477254 4025765.831915 0.000000 0.003381
353095.535533 4025765.818922 0.000000 0.003257
353095.593814 4025765.805940 0.000000 0.003136
353095.652098 4025765.792967 0.000000 0.003019
353095.710384 4025765.780005 0.000000 0.002905
353095.768673 4025765.767052 0.000000 0.002795
353095.826964 4025765.754107 0.000000 0.002689
353095.885258 4025765.741172 0.000000 0.002586
353095.943553 4025765.728245 0.000000 0.002486
353096.001851 4025765.715326 0.000000 0.002389
353096.060151 4025765.702414 0.000000 0.002295
353096.118452 4025765.689511 0.000000 0.002204
353096.176756 4025765.676614 0.000000 0.002116
353096.235061 4025765.663724 0.000000 0.002031
353096.293368 4025765.650840 0.000000 0.001949
353096.351676 4025765.637963 0.000000 0.001870
353096.409986 4025765.625092 0.000000 0.001793
353096.468297 4025765.612226 0.000000 0.001719
353096.526610 4025765.599366 0.000000 0.001648
353096.584924 4025765.586511 0.000000 0.001579
353096.643239 4025765.573661 0.000000 0.001512
353096.701556 4025765.560817 0.000000 0.001448
353096.759873 4025765.547976 0.000000 0.001386
353096.818192 4025765.535140 0.000000 0.001326
353096.876512 4025765.522309 0.000000 0.001268
353096.934832 4025765.509481 0.000000 0.001213
353096.993154 4025765.496657 0.000000 0.001159
353097.051477 4025765.483837 0.000000 0.001108
353097.109800 4025765.471021 0.000000 0.001058
353097.168124 4025765.458207 0.000000 0.001010
353097.226449 4025765.445397 0.000000 0.000964
353097.284775 4025765.432590 0.000000 0.000920
353097.343101 4025765.419786 0.000000 0.000878
353097.401428 4025765.406985 0.000000 0.000837
353097.459756 4025765.394186 0.000000 0.000798
353097.518084 4025765.381390 0.000000 0.000761
353097.576413 4025765.368596 0.000000 0.000725
353097.634742 4025765.355804 0.000000 0.000690
353097.693072 4025765.343015 0.000000 0.000657
353097.751402 4025765.330228 0.000000 0.000625
353097.809733 4025765.317442 0.000000 0.000595
353097.868064 4025765.304659 0.000000 0.000566
353097.926396 4025765.291877 0.000000 0.000538
353097.984728 4025765.279097 0.000000 0.000512
353098.043060 4025765.266318 0.000000 0.000486
353098.101393 4025765.253541 0.000000 0.000462
353098.159726 4025765.240765 0.000000 0.000439
353098.218059 4025765.227991 0.000000 0.000417
353098.276393 4025765.215218 0.000000 0.000395
353098.334727 4025765.202446 0.000000 0.000375
353098.393061 4025765.189675 0.000000 0.000356
353098.451395 4025765.176906 0.000000 0.000338
353098.509730 4025765.164137 0.000000 0.000320
353098.568065 4025765.151370 0.000000 0.000304
353098.626400 4025765.138603 0.000000 0.000288
353098.684735 4025765.125837 0.000000 0.000273
353098.743070 4025765.113072 0.000000 0.000259
353098.801406 4025765.100308 0.000000 0.000245
353098.859742 4025765.087544 0.000000 0.000233
353098.918078 4025765.074782 0.000000 0.000221
353098.976414 4025765.062020 0.000000 0.000209
353099.034750 4025765.049258 0.000000 0.000198
353099.093087 4025765.036497 0.000000 0.000188
353099.151423 4025765.023737 0.000000 0.000178
353099.209760 4025765.010977 0.000000 0.000169
353099.268097 4025764.998218 0.000000 0.000160
353099.326434 4025764.985459 0.000000 0.000152
353099.384771 4025764.972701 0.000000 0.000144
353099.443108 4025764.959943 0.000000 0.000137
353099.501445 4025764.947186 0.000000 0.000130
353099.559782 4025764.934428 0.000000 0.000124
353099.618119 4025764.921672 0.000000 0.000117
353099.676457 4025764.908915 0.000000 0.000112
353099.734794 4025764.896159 0.000000 0.000106
353099.793132 4025764.883404 0.000000 0.000101
353099.851470 4025764.870648 0.000000 0.000096
353099.909807 4025764.857893 0.000000 0.000092
353099.968145 4025764.845138 0.000000 0.000088
353100.026483 4025764.832384 0.000000 0.000083
353100.084821 4025764.819629 0.000000 0.000080
353100.143159 4025764.806875 0.000000 0.000076
353100.201497 4025764.794121 0.000000 0.000073
353100.259835 4025764.781368 0.000000 0.000069
353100.318173 4025764.768614 0.000000 0.000066
353100.376511 4025764.755861 0.000000 0.000063
353100.434849 4025764.743108 0.000000 0.000060
353100.493187 4025764.730355 0.000000 0.000058
353100.551526 4025764.717603 0.000000 0.000055
353100.609864 4025764.704850 0.000000 0.000052
353100.668202 4025764.692098 0.000000 0.000050
353100.726541 4025764.679346 0.000000 0.000047
353100.784879 4025764.666594 0.000000 0.000045
353100.843218 4025764.653842 0.000000 0.000042
353100.901556 4025764.641091 0.000000 0.000040
353100.959895 4025764.628339 0.000000 0.000038
353101.018233 4025764.615588 0.000000 0.000035
353101.076572 4025764.602837 0.000000 0.000033
353101.134910 4025764.590085 0.000000 0.000030
353101.193249 4025764.577334 0.000000 0.000028
353101.251587 4025764.564584 0.000000 0.000025
353101.309926 4025764.551833 0.000000 0.000022
353101.368265 4025764.539082 0.000000 0.000020
353101.426604 4025764.526331 0.000000 0.000017
353101.484942 4025764.513581 0.000000 0.000014
353101.543281 4025764.500830 0.000000 0.000011
353101.601620 4025764.488080 0.000000 0.000008
353101.659958 4025764.475329 0.000000 0.000004
353101.718297 4025764.462579 0.000000 0.000001
353101.776636 4025764.449829 0.000000 -0.000003
353101.834975 4025764.437078 0.000000 -0.000006
353101.893313 4025764.424328 0.000000 -0.000010
353101.951652 4025764.411578 0.000000 -0.000014
353102.009991 4025764.398827 0.000000 -0.000018
353102.068330 4025764.386077 0.000000 -0.000023
353102.126668 4025764.373326 0.000000 -0.000027
353102.185007 4025764.360576 0.000000 -0.000032
353102.243346 4025764.347825 0.000000 -0.000037
353102.301684 4025764.335074 0.000000 -0.000042
353102.360023 4025764.322324 0.000000 -0.000047
353102.418362 4025764.309573 0.000000 -0.000052
353102.476700 4025764.296821 0.000000 -0.000058
353102.535039 4025764.284070 0.000000 -0.000064
353102.593377 4025764.271318 0.000000 -0.000070
353102.651716 4025764.258567 0.000000 -0.000076
353102.710054 4025764.245815 0.000000 -0.000083
353102.768392 4025764.233062 0.000000 -0.000089
353102.826731 4025764.220310 0.000000 -0.000096
353102.885069 4025764.207557 0.000000 -0.000103
353102.943407 4025764.194804 0.000000 -0.000110
353103.001745 4025764.182050 0.000000 -0.000118
353103.060083 4025764.169296 0.000000 -0.000125
353103.118421 4025764.156542 0.000000 -0.000133
353103.176759 4025764.143787 0.000000 -0.000141
353103.235096 4025764.131032 0.000000 -0.000149
353103.293434 4025764.118276 0.000000 -0.000158
353103.351771 4025764.105520 0.000000 -0.000166
353103.410109 4025764.092763 0.000000 -0.000175
353103.468446 4025764.080005 0.000000 -0.000184
353103.526783 4025764.067247 0.000000 -0.000193
353103.585120 4025764.054488 0.000000 -0.000202
353103.643456 4025764.041729 0.000000 -0.000212
353103.701793 4025764.028969 0.000000 -0.000221
353103.760129 4025764.016208 0.000000 -0.000231
353103.818466 4025764.003446 0.000000 -0.000241
353103.876802 4025763.990683 0.000000 -0.000251
353103.935138 4025763.977920 0.000000 -0.000261
353103.993473 4025763.965156 0.000000 -0.000271
353104.051809 4025763.952390 0.000000 -0.000281
353104.110144 4025763.939624 0.000000 -0.000292
353104.168479 4025763.926857 0.000000 -0.000302
353104.226814 4025763.914089 0.000000 -0.000313
353104.285148 4025763.901319 0.000000 -0.000324
353104.343483 4025763.888549 0.000000 -0.000334
353104.401817 4025763.875777 0.000000 -0.000345
353104.460150 4025763.863004 0.000000 -0.000356
353104.518484 4025763.850230 0.000000 -0.000367
353104.576817 4025763.837454 0.000000 -0.000378
353104.635150 4025763.824678 0.000000 -0.000388
353104.693483 4025763.811899 0.000000 -0.000399
353104.751815 4025763.799120 0.000000 -0.000410
353104.810147 4025763.786339 0.000000 -0.000421
353104.868478 4025763.773556 0.000000 -0.000432
353104.926810 4025763.760772 0.000000 -0.000442
353104.985141 4025763.747987 0.000000 -0.000453
353105.043471 4025763.735200 0.000000 -0.000463
353105.101802 4025763.722411 0.000000 -0.000474
353105.160132 4025763.709620 0.000000 -0.000484
353105.218461 4025763.696828 0.000000 -0.000494
353105.276790 4025763.684034 0.000000 -0.000505
353105.335119 4025763.671239 0.000000 -0.000515
353105.393447 4025763.658441 0.000000 -0.000524
353105.451775 4025763.645642 0.000000 -0.000534
353105.510103 4025763.632840 0.000000 -0.000544
353105.568430 4025763.620037 0.000000 -0.000553
353105.626757 4025763.607232 0.000000 -0.000562
353105.685083 4025763.594424 0.000000 -0.000571
353105.743409 4025763.581615 0.000000 -0.000580
353105.801735 4025763.568804 0.000000 -0.000588
353105.860060 4025763.555990 0.000000 -0.000597
353105.918385 4025763.543175 0.000000 -0.000605
353105.976710 4025763.530357 0.000000 -0.000613
353106.035034 4025763.517537 0.000000 -0.000620
353106.093359 4025763.504714 0.000000 -0.000628
353106.151683 4025763.491889 0.000000 -0.000635
353106.210007 4025763.479062 0.000000 -0.000642
353106.268331 4025763.466233 0.000000 -0.000648
353106.326655 4025763.453401 0.000000 -0.000655
353106.384980 4025763.440567 0.000000 -0.000661
353106.443305 4025763.427730 0.000000 -0.000666
353106.501630 4025763.414890 0.000000 -0.000672
353106.559956 4025763.402048 0.000000 -0.000677
353106.618282 4025763.389203 0.000000 -0.000682
353106.676610 4025763.376356 0.000000 -0.000686
353106.734938 4025763.363506 0.000000 -0.000691
353106.793268 4025763.350652 0.000000 -0.000695
353106.851599 4025763.337796 0.000000 -0.000698
353106.909932 4025763.324937 0.000000 -0.000702
353106.968267 4025763.312075 0.000000 -0.000705
353107.026605 4025763.299210 0.000000 -0.000707
353107.084945 4025763.286341 0.000000 -0.000710
353107.143288 4025763.273469 0.000000 -0.000712
353107.201635 4025763.260594 0.000000 -0.000713
353107.259986 4025763.247715 0.000000 -0.000715
353107.318341 4025763.234832 0.000000 -0.000716
353107.376700 4025763.221946 0.000000 -0.000717
353107.435065 4025763.209056 0.000000 -0.000717
353107.493436 4025763.196162 0.000000 -0.000717
353107.551813 4025763.183264 0.000000 -0.000717
353107.610197 4025763.170362 0.000000 -0.000717
353107.668588 4025763.157455 0.000000 -0.000716
353107.726989 4025763.144544 0.000000 -0.000715
353107.785398 4025763.131628 0.000000 -0.000713
353107.843817 4025763.118708 0.000000 -0.000712
353107.902247 4025763.105782 0.000000 -0.000710
353107.960689 4025763.092851 0.000000 -0.000707
353108.019144 4025763.079914 0.000000 -0.000705
353108.077612 4025763.066972 0.000000 -0.000702
353108.136095 4025763.054024 0.000000 -0.000699
353108.194594 4025763.041070 0.000000 -0.000695
353108.253109 4025763.028110 0.000000 -0.000692
353108.311643 4025763.015143 0.000000 -0.000688
353108.370197 4025763.002169 0.000000 -0.000684
353108.428772 4025762.989187 0.000000 -0.000679
353108.487369 4025762.976199 0.000000 -0.000675
353108.545989 4025762.963202 0.000000 -0.000670
353108.604635 4025762.950198 0.000000 -0.000665
353108.663308 4025762.937184 0.000000 -0.000660
353108.722010 4025762.924163 0.000000 -0.000654
353108.780742 4025762.911131 0.000000 -0.000649
353108.839507 4025762.898091 0.000000 -0.000643
353108.898305 4025762.885040 0.000000 -0.000637
353108.957140 4025762.871979 0.000000 -0.000632
353109.016012 4025762.858907 0.000000 -0.000626
353109.074925 4025762.845824 0.000000 -0.000620
353109.133880 4025762.832729 0.000000 -0.000614
353109.192880 4025762.819622 0.000000 -0.000607
353109.251926 4025762.806503 0.000000 -0.000601
353109.311022 4025762.793370 0.000000 -0.000595
353109.370169 4025762.780223 0.000000 -0.000589
353109.429370 4025762.767062 0.000000 -0.000583
353109.488628 4025762.753887 0.000000 -0.000577
353109.547945 4025762.740696 0.000000 -0.000571
353109.607325 4025762.727489 0.000000 -0.000565
353109.666769 4025762.714266 0.000000 -0.000560
353109.726280 4025762.701025 0.000000 -0.000554
353109.785862 4025762.687767 0.000000 -0.000549
353109.845517 4025762.674490 0.000000 -0.000544
353109.905249 4025762.661195 0.000000 -0.000539
353109.965061 4025762.647879 0.000000 -0.000534
353110.024955 4025762.634543 0.000000 -0.000530
353110.084935 4025762.621186 0.000000 -0.000526
353110.145004 4025762.607807 0.000000 -0.000522
353110.205165 4025762.594406 0.000000 -0.000519
353110.265422 4025762.580981 0.000000 -0.000516
353110.325779 4025762.567533 0.000000 -0.000513
353110.386238 4025762.554059 0.000000 -0.000511
353110.446804 4025762.540560 0.000000 -0.000509
353110.507479 4025762.527034 0.000000 -0.000508
353110.568268 4025762.513481 0.000000 -0.000508
353110.629174 4025762.499900 0.000000 -0.000507
353110.690201 4025762.486291 0.000000 -0.000508
353110.751353 4025762.472651 0.000000 -0.000508
353110.812633 4025762.458981 0.000000 -0.000510
353110.874045 4025762.445279 0.000000 -0.000512
353110.935594 4025762.431545 0.000000 -0.000515
353110.997283 4025762.417778 0.000000 -0.000518
353111.059115 4025762.403977 0.000000 -0.000522
353111.121096 4025762.390140 0.000000 -0.000526
353111.183229 4025762.376268 0.000000 -0.000531
353111.245518 4025762.362358 0.000000 -0.000537
353111.307967 4025762.348411 0.000000 -0.000543
353111.370580 4025762.334425 0.000000 -0.000550
353111.433362 4025762.320399 0.000000 -0.000558
353111.496316 4025762.306332 0.000000 -0.000567
353111.559446 4025762.292224 0.000000 -0.000576
353111.622758 4025762.278072 0.000000 -0.000585
353111.686254 4025762.263877 0.000000 -0.000596
353111.749940 4025762.249637 0.000000 -0.000607
353111.813820 4025762.235352 0.000000 -0.000618
353111.877897 4025762.221019 0.000000 -0.000631
353111.942176 4025762.206639 0.000000 -0.000644
353112.006662 4025762.192210 0.000000 -0.000657
353112.071358 4025762.177730 0.000000 -0.000671
353112.136270 4025762.163200 0.000000 -0.000686
353112.201401 4025762.148618 0.000000 -0.000701
353112.266756 4025762.133982 0.000000 -0.000717
353112.332339 4025762.119292 0.000000 -0.000733
353112.398156 4025762.104546 0.000000 -0.000750
353112.464210 4025762.089744 0.000000 -0.000767
353112.530505 4025762.074884 0.000000 -0.000784
353112.597048 4025762.059965 0.000000 -0.000802
353112.663841 4025762.044987 0.000000 -0.000821
353112.730890 4025762.029947 0.000000 -0.000839
353112.798199 4025762.014844 0.000000 -0.000858
353112.865774 4025761.999678 0.000000 -0.000878
353112.933618 4025761.984447 0.000000 -0.000897
353113.001737 4025761.969150 0.000000 -0.000917
353113.070135 4025761.953786 0.000000 -0.000937
353113.138818 4025761.938353 0.000000 -0.000957
353113.207790 4025761.922851 0.000000 -0.000977
353113.277056 4025761.907277 0.000000 -0.000997
353113.346622 4025761.891631 0.000000 -0.001017
353113.416491 4025761.875911 0.000000 -0.001038
353113.486671 4025761.860116 0.000000 -0.001058
353113.557165 4025761.844244 0.000000 -0.001078
353113.627979 4025761.828295 0.000000 -0.001098
353113.699119 4025761.812266 0.000000 -0.001117
353113.770589 4025761.796157 0.000000 -0.001137
353113.842396 4025761.779965 0.000000 -0.001156
353113.914545 4025761.763690 0.000000 -0.001175
353113.987041 4025761.747330 0.000000 -0.001194
353114.059891 4025761.730883 0.000000 -0.001212
353114.133100 4025761.714348 0.000000 -0.001230
353114.206674 4025761.697724 0.000000 -0.001247
353114.280620 4025761.681008 0.000000 -0.001264
353114.354943 4025761.664199 0.000000 -0.001280
353114.429650 4025761.647295 0.000000 -0.001295
353114.504747 4025761.630295 0.000000 -0.001310
353114.580241 4025761.613197 0.000000 -0.001324
353114.656138 4025761.596000 0.000000 -0.001337
353114.732446 4025761.578700 0.000000 -0.001349
353114.809171 4025761.561298 0.000000 -0.001361
353114.886321 4025761.543790 0.000000 -0.001371
353114.963902 4025761.526175 0.000000 -0.001380
353115.041923 4025761.508451 0.000000 -0.001389
353115.120392 4025761.490616 0.000000 -0.001396
353115.199315 4025761.472668 0.000000 -0.001401
353115.278701 4025761.454605 0.000000 -0.001406
353115.358560 4025761.436424 0.000000 -0.001409
353115.438898 4025761.418124 0.000000 -0.001411
353115.519726 4025761.399702 0.000000 -0.001411
353115.601053 4025761.381156 0.000000 -0.001410
353115.682888 4025761.362483 0.000000 -0.001407
353115.765241 4025761.343682 0.000000 -0.001403
353115.848122 4025761.324749 0.000000 -0.001397
353115.931541 4025761.305682 0.000000 -0.001390
353116.015511 4025761.286478 0.000000 -0.001380
353116.100041 4025761.267135 0.000000 -0.001369
353116.185144 4025761.247649 0.000000 -0.001356
353116.270832 4025761.228018 0.000000 -0.001341
353116.357117 4025761.208238 0.000000 -0.001325
353116.444013 4025761.188308 0.000000 -0.001306
353116.531533 4025761.168222 0.000000 -0.001286
353116.619691 4025761.147978 0.000000 -0.001263
353116.708501 4025761.127574 0.000000 -0.001239
353116.797980 4025761.107004 0.000000 -0.001212
353116.888142 4025761.086265 0.000000 -0.001184
353116.979005 4025761.065354 0.000000 -0.001153
353117.070584 4025761.044266 0.000000 -0.001121
353117.162899 4025761.022998 0.000000 -0.001086
353117.255966 4025761.001545 0.000000 -0.001050
353117.349806 4025760.979904 0.000000 -0.001011
353117.444438 4025760.958068 0.000000 -0.000970
353117.539883 4025760.936035 0.000000 -0.000926
353117.636161 4025760.913798 0.000000 -0.000881
353117.733297 4025760.891354 0.000000 -0.000832
353117.831312 4025760.868696 0.000000 -0.000781
353117.930230 4025760.845820 0.000000 -0.000727
353118.030077 4025760.822720 0.000000 -0.000671
353118.130878 4025760.799391 0.000000 -0.000611
353118.232661 4025760.775826 0.000000 -0.000548
353118.335453 4025760.752019 0.000000 -0.000481
353118.439283 4025760.727964 0.000000 -0.000411
353118.544182 4025760.703654 0.000000 -0.000337
353118.650181 4025760.679084 0.000000 -0.000258
353118.757311 4025760.654245 0.000000 -0.000175
353118.865609 4025760.629130 0.000000 -0.000088
353118.975110 4025760.603732 0.000000 0.000003
353119.085852 4025760.578042 0.000000 0.000100
353119.197877 4025760.552052 0.000000 0.000201
353119.311228 4025760.525752 0.000000 0.000307
353119.425952 4025760.499133 0.000000 0.000418
353119.542102 4025760.472184 0.000000 0.000533
353119.659732 4025760.444894 0.000000 0.000653
353119.778903 4025760.417250 0.000000 0.000776
353119.899683 4025760.389238 0.000000 0.000902
353120.022144 4025760.360843 0.000000 0.001032
353120.146366 4025760.332050 0.000000 0.001163
353120.272438 4025760.302841 0.000000 0.001295
353120.400457 4025760.273195 0.000000 0.001427
353120.530531 4025760.243091 0.000000 0.001559
353120.662777 4025760.212507 0.000000 0.001688
353120.797325 4025760.181416 0.000000 0.001815
353120.934318 4025760.149790 0.000000 0.001936
353121.073912 4025760.117597 0.000000 0.002052
353121.216279 4025760.084805 0.000000 0.002161
353121.361608 4025760.051376 0.000000 0.002261
353121.510105 4025760.017269 0.000000 0.002353
353121.661993 4025759.982440 0.000000 0.002433
353121.817519 4025759.946842 0.000000 0.002323
353121.976950 4025759.910422 0.000000 0.002212
353122.140576 4025759.873123 0.000000 0.002102
353122.308711 4025759.834885 0.000000 0.001991
353122.481696 4025759.795639 0.000000 0.001880
353122.659903 4025759.755316 0.000000 0.001770
353122.843728 4025759.713836 0.000000 0.001659
353123.033602 4025759.671116 0.000000 0.001549
353123.229988 4025759.627067 0.000000 0.001438
353123.433385 4025759.581591 0.000000 0.001327
353123.644328 4025759.534584 0.000000 0.001217
353123.863390 4025759.485937 0.000000 0.001106
353124.091186 4025759.435528 0.000000 0.000996
353124.328372 4025759.383231 0.000000 0.000885
353124.575651 4025759.328910 0.000000 0.000774
353124.833772 4025759.272421 0.000000 0.000664
353125.103532 4025759.213607 0.000000 0.000553
353125.385780 4025759.152306 0.000000 0.000442
353125.681420 4025759.088343 0.000000 0.000332
353125.991410 4025759.021531 0.000000 0.000221
353126.316766 4025758.951676 0.000000 0.000111
