353126.658568 4025758.878567 0.000000 0.000000
353126.965590 4025758.828778 0.000000 0.002923
353127.272834 4025758.781032 0.000000 0.005846
353127.580283 4025758.735464 0.000000 0.008769
353127.887916 4025758.692207 0.000000 0.011693
353128.195710 4025758.651396 0.000000 0.014616
353128.503637 4025758.613168 0.000000 0.017539
353128.811667 4025758.577659 0.000000 0.020462
353129.119765 4025758.545010 0.000000 0.023385
353129.427890 4025758.515362 0.000000 0.026308
353129.735998 4025758.488860 0.000000 0.029232
353130.044038 4025758.465651 0.000000 0.032155
353130.351957 4025758.445885 0.000000 0.035078
353130.659691 4025758.429716 0.000000 0.038001
353130.967176 4025758.417301 0.000000 0.040924
353131.274336 4025758.408801 0.000000 0.043847
353131.581092 4025758.404381 0.000000 0.046771
353131.887358 4025758.404208 0.000000 0.049694
353132.193039 4025758.408454 0.000000 0.052617
353132.498035 4025758.417296 0.000000 0.055110
353132.802235 4025758.430913 0.000000 0.057711
353133.105525 4025758.449489 0.000000 0.060425
353133.407778 4025758.473210 0.000000 0.063255
353133.708861 4025758.502269 0.000000 0.066205
353134.008632 4025758.536858 0.000000 0.069278
353134.306941 4025758.577176 0.000000 0.072475
353134.603628 4025758.623423 0.000000 0.075795
353134.898522 4025758.675803 0.000000 0.079238
353135.191447 4025758.734520 0.000000 0.082801
353135.482212 4025758.799784 0.000000 0.086478
353135.770619 4025758.871805 0.000000 0.090262
353136.056460 4025758.950794 0.000000 0.094142
353136.339515 4025759.036963 0.000000 0.098105
353136.619554 4025759.130527 0.000000 0.092654
353136.896337 4025759.231698 0.000000 0.087204
353137.169612 4025759.340690 0.000000 0.081754
353137.439116 4025759.457716 0.000000 0.076304
353137.704574 4025759.582987 0.000000 0.070853
353137.965701 4025759.716711 0.000000 0.065403
353138.222199 4025759.859097 0.000000 0.059953
353138.473759 4025760.010346 0.000000 0.054503
353138.720058 4025760.170659 0.000000 0.049052
353138.960762 4025760.340231 0.000000 0.043602
353139.195525 4025760.519251 0.000000 0.038152
353139.423989 4025760.707902 0.000000 0.032702
353139.645780 4025760.906361 0.000000 0.027251
353139.860514 4025761.114797 0.000000 0.021801
353140.067794 4025761.333369 0.000000 0.016351
353140.267208 4025761.562227 0.000000 0.010901
353140.458332 4025761.801511 0.000000 0.005450
