353092.054319 4025797.075975 0.000000 0.000000
353092.128921 4025797.422130 0.000000 0.000000
353092.203523 4025797.768284 0.000000 0.000000
353092.278126 4025798.114439 0.000000 0.000000
353092.352728 4025798.460593 0.000000 0.000000
353092.427330 4025798.806747 0.000000 0.000000
353092.501932 4025799.152902 0.000000 0.000000
353092.576535 4025799.499056 0.000000 0.000000
353092.651137 4025799.845211 0.000000 0.000000
353092.725739 4025800.191365 0.000000 0.000000
353092.800341 4025800.537520 0.000000 0.000000
353092.874944 4025800.883674 0.000000 0.000000
353092.949546 4025801.229829 0.000000 0.000000
353093.024148 4025801.575983 0.000000 0.000000
353093.098750 4025801.922137 0.000000 0.000000
353093.173353 4025802.268292 0.000000 0.000000
353093.247955 4025802.614446 0.000000 0.000000
353093.322557 4025802.960601 0.000000 0.000000
353093.397159 4025803.306755 0.000000 -0.000000
353093.471761 4025803.652910 0.000000 -0.000000
353093.546364 4025803.999064 0.000000 -0.000000
353093.620966 4025804.345218 0.000000 -0.000000
353093.695568 4025804.691373 0.000000 -0.000000
353093.770170 4025805.037527 0.000000 -0.000000
353093.844773 4025805.383682 0.000000 -0.000000
353093.919375 4025805.729836 0.000000 0.000000
353093.993977 4025806.075991 0.000000 0.000000
353094.068579 4025806.422145 0.000000 -0.000000
353094.143182 4025806.768300 0.000000 -0.000000
353094.217784 4025807.114454 0.000000 0.000000
353094.292386 4025807.460608 0.000000 0.000000
353094.366988 4025807.806763 0.000000 -0.000000
353094.441591 4025808.152917 0.000000 -0.000000
353094.516193 4025808.499072 0.000000 0.000000
353094.590795 4025808.845226 0.000000 0.000000
353094.665397 4025809.191381 0.000000 -0.000000
353094.740000 4025809.537535 0.000000 -0.000000
353094.814602 4025809.883689 0.000000 -0.000000
353094.889204 4025810.229844 0.000000 -0.000000
353094.963806 4025810.575998 0.000000 -0.000000
353095.038409 4025810.922153 0.000000 -0.000000
353095.113011 4025811.268307 0.000000 -0.000000
353095.187613 4025811.614462 0.000000 -0.000000
353095.262215 4025811.960616 0.000000 -0.000000
353095.336818 4025812.306771 0.000000 -0.000000
353095.411420 4025812.652925 0.000000 -0.000000
353095.486022 4025812.999079 0.000000 -0.000000
353095.560624 4025813.345234 0.000000 -0.000000
353095.635227 4025813.691388 0.000000 -0.000000
353095.709829 4025814.037543 0.000000 -0.000000
