353059.909681 4026002.938190 0.000000 0.000000
353060.043347 4026003.235587 0.000000 0.000671
353060.169908 4026003.519016 0.000000 0.001342
353060.289825 4026003.789391 0.000000 0.002014
353060.403538 4026004.047574 0.000000 0.002685
353060.511458 4026004.294379 0.000000 0.003356
353060.613973 4026004.530571 0.000000 0.004027
353060.711450 4026004.756870 0.000000 0.004699
353060.804231 4026004.973953 0.000000 0.005370
353060.892638 4026005.182455 0.000000 0.006041
353060.976973 4026005.382972 0.000000 0.006712
353061.057518 4026005.576061 0.000000 0.007383
353061.134538 4026005.762243 0.000000 0.008055
353061.208279 4026005.942006 0.000000 0.008726
353061.278970 4026006.115802 0.000000 0.009397
353061.346827 4026006.284055 0.000000 0.010068
353061.412047 4026006.447158 0.000000 0.010740
353061.474815 4026006.605476 0.000000 0.011411
353061.535303 4026006.759347 0.000000 0.012082
353061.593669 4026006.909085 0.000000 0.012753
353061.650059 4026007.054979 0.000000 0.013424
353061.704609 4026007.197298 0.000000 0.014096
353061.757443 4026007.336287 0.000000 0.014767
353061.808676 4026007.472174 0.000000 0.015438
353061.858412 4026007.605165 0.000000 0.016109
353061.906748 4026007.735454 0.000000 0.016781
353061.953772 4026007.863214 0.000000 0.017096
353061.999565 4026007.988606 0.000000 0.017385
353062.044200 4026008.111775 0.000000 0.017649
353062.087744 4026008.232856 0.000000 0.017890
353062.130259 4026008.351969 0.000000 0.018109
353062.171800 4026008.469225 0.000000 0.018307
353062.212418 4026008.584725 0.000000 0.018488
353062.252157 4026008.698559 0.000000 0.018652
353062.291061 4026008.810812 0.000000 0.018803
353062.329167 4026008.921557 0.000000 0.018943
353062.366509 4026009.030865 0.000000 0.019073
353062.403118 4026009.138797 0.000000 0.019196
353062.439023 4026009.245411 0.000000 0.019313
353062.474250 4026009.350758 0.000000 0.019426
353062.508824 4026009.454887 0.000000 0.019537
353062.542765 4026009.557842 0.000000 0.019646
353062.576094 4026009.659663 0.000000 0.019755
353062.608831 4026009.760388 0.000000 0.019865
353062.640992 4026009.860053 0.000000 0.019976
353062.672595 4026009.958691 0.000000 0.020089
353062.703655 4026010.056333 0.000000 0.020203
353062.734187 4026010.153010 0.000000 0.020320
353062.764204 4026010.248749 0.000000 0.020438
353062.793722 4026010.343579 0.000000 0.020558
353062.822753 4026010.437525 0.000000 0.020680
353062.851309 4026010.530614 0.000000 0.020803
353062.879403 4026010.622869 0.000000 0.020927
353062.907047 4026010.714315 0.000000 0.021051
353062.934252 4026010.804974 0.000000 0.021176
353062.961028 4026010.894869 0.000000 0.021302
353062.987388 4026010.984022 0.000000 0.021426
353063.013340 4026011.072452 0.000000 0.021551
353063.038896 4026011.160180 0.000000 0.021674
353063.064063 4026011.247226 0.000000 0.021797
353063.088852 4026011.333609 0.000000 0.021918
353063.113272 4026011.419345 0.000000 0.022038
353063.137330 4026011.504454 0.000000 0.022156
353063.161036 4026011.588952 0.000000 0.022273
353063.184397 4026011.672855 0.000000 0.022388
353063.207421 4026011.756180 0.000000 0.022502
353063.230116 4026011.838942 0.000000 0.022614
353063.252488 4026011.921157 0.000000 0.022725
353063.274544 4026012.002838 0.000000 0.022834
353063.296292 4026012.084000 0.000000 0.022942
353063.317737 4026012.164658 0.000000 0.023049
353063.338886 4026012.244823 0.000000 0.023155
353063.359745 4026012.324510 0.000000 0.023260
353063.380320 4026012.403731 0.000000 0.023365
353063.400616 4026012.482499 0.000000 0.023469
353063.420638 4026012.560825 0.000000 0.023572
353063.440393 4026012.638722 0.000000 0.023674
353063.459885 4026012.716201 0.000000 0.023777
353063.479118 4026012.793274 0.000000 0.023878
353063.498098 4026012.869951 0.000000 0.023980
353063.516830 4026012.946243 0.000000 0.024080
353063.535317 4026013.022162 0.000000 0.024181
353063.553564 4026013.097717 0.000000 0.024280
353063.571576 4026013.172919 0.000000 0.024379
353063.589356 4026013.247777 0.000000 0.024477
353063.606908 4026013.322303 0.000000 0.024575
353063.624237 4026013.396505 0.000000 0.024671
353063.641345 4026013.470393 0.000000 0.024766
353063.658237 4026013.543978 0.000000 0.024859
353063.674916 4026013.617268 0.000000 0.024951
353063.691385 4026013.690272 0.000000 0.025041
353063.707649 4026013.763001 0.000000 0.025129
353063.723710 4026013.835462 0.000000 0.025215
353063.739571 4026013.907666 0.000000 0.025299
353063.755235 4026013.979621 0.000000 0.025380
353063.770706 4026014.051337 0.000000 0.025458
353063.785987 4026014.122821 0.000000 0.025533
353063.801080 4026014.194083 0.000000 0.025604
353063.815989 4026014.265132 0.000000 0.025672
353063.830715 4026014.335977 0.000000 0.025736
353063.845263 4026014.406625 0.000000 0.025796
353063.859634 4026014.477086 0.000000 0.025851
353063.873832 4026014.547368 0.000000 0.025902
353063.887858 4026014.617480 0.000000 0.025949
353063.901716 4026014.687431 0.000000 0.025990
353063.915408 4026014.757228 0.000000 0.026026
353063.928936 4026014.826881 0.000000 0.026057
353063.942303 4026014.896398 0.000000 0.026082
353063.955512 4026014.965786 0.000000 0.026101
353063.968563 4026015.035055 0.000000 0.026115
353063.981461 4026015.104213 0.000000 0.026123
353063.994206 4026015.173268 0.000000 0.026124
353064.006802 4026015.242228 0.000000 0.026120
353064.019251 4026015.311102 0.000000 0.026109
353064.031554 4026015.379898 0.000000 0.026092
353064.043713 4026015.448625 0.000000 0.026068
353064.055732 4026015.517289 0.000000 0.026038
353064.067611 4026015.585900 0.000000 0.026002
353064.079354 4026015.654466 0.000000 0.025959
353064.090961 4026015.722995 0.000000 0.025911
353064.102435 4026015.791495 0.000000 0.025856
353064.113778 4026015.859974 0.000000 0.025794
353064.124991 4026015.928441 0.000000 0.025727
353064.136077 4026015.996903 0.000000 0.025654
353064.147037 4026016.065369 0.000000 0.025575
353064.157874 4026016.133847 0.000000 0.025491
353064.168588 4026016.202346 0.000000 0.025401
353064.179182 4026016.270872 0.000000 0.025307
353064.189658 4026016.339435 0.000000 0.025207
353064.200016 4026016.408043 0.000000 0.025103
353064.210259 4026016.476703 0.000000 0.024994
353064.220389 4026016.545425 0.000000 0.024881
353064.230406 4026016.614216 0.000000 0.024764
353064.240313 4026016.683084 0.000000 0.024644
353064.250111 4026016.752038 0.000000 0.024521
353064.259801 4026016.821087 0.000000 0.024395
353064.269385 4026016.890237 0.000000 0.024267
353064.278865 4026016.959499 0.000000 0.024136
353064.288241 4026017.028880 0.000000 0.024004
353064.297515 4026017.098388 0.000000 0.023871
353064.306688 4026017.168032 0.000000 0.023738
353064.315761 4026017.237820 0.000000 0.023604
353064.324737 4026017.307761 0.000000 0.023471
353064.333615 4026017.377864 0.000000 0.023338
353064.342397 4026017.448136 0.000000 0.023207
353064.351084 4026017.518588 0.000000 0.023079
353064.359677 4026017.589226 0.000000 0.022953
353064.368177 4026017.660060 0.000000 0.022830
353064.376585 4026017.731099 0.000000 0.022712
353064.384901 4026017.802351 0.000000 0.022599
353064.393127 4026017.873826 0.000000 0.022491
353064.401263 4026017.945532 0.000000 0.022390
353064.409309 4026018.017478 0.000000 0.022296
353064.417267 4026018.089673 0.000000 0.022210
353064.425137 4026018.162126 0.000000 0.022134
353064.432919 4026018.234846 0.000000 0.022068
353064.440614 4026018.307843 0.000000 0.022013
353064.448222 4026018.381126 0.000000 0.021970
353064.455742 4026018.454704 0.000000 0.021941
353064.463176 4026018.528587 0.000000 0.021926
353064.470523 4026018.602784 0.000000 0.021926
353064.477784 4026018.677304 0.000000 0.021944
353064.484956 4026018.752158 0.000000 0.021979
353064.492041 4026018.827356 0.000000 0.022033
353064.499038 4026018.902906 0.000000 0.022107
353064.505945 4026018.978820 0.000000 0.022203
353064.512763 4026019.055107 0.000000 0.022321
353064.519490 4026019.131778 0.000000 0.022463
353064.526124 4026019.208844 0.000000 0.022629
353064.532664 4026019.286315 0.000000 0.022822
353064.539109 4026019.364201 0.000000 0.023042
353064.545455 4026019.442515 0.000000 0.023290
353064.551702 4026019.521266 0.000000 0.023567
353064.557847 4026019.600467 0.000000 0.023874
353064.563885 4026019.680130 0.000000 0.024212
353064.569815 4026019.760265 0.000000 0.024582
353064.575633 4026019.840886 0.000000 0.024984
353064.581335 4026019.922005 0.000000 0.025419
353064.586915 4026020.003634 0.000000 0.025887
353064.592371 4026020.085786 0.000000 0.026390
353064.597696 4026020.168475 0.000000 0.026927
353064.602884 4026020.251715 0.000000 0.027498
353064.607930 4026020.335519 0.000000 0.028104
353064.612827 4026020.419902 0.000000 0.028745
353064.617567 4026020.504878 0.000000 0.029420
353064.622144 4026020.590463 0.000000 0.030130
353064.626547 4026020.676672 0.000000 0.030873
353064.630768 4026020.763521 0.000000 0.031651
353064.634798 4026020.851027 0.000000 0.032463
353064.638626 4026020.939207 0.000000 0.033308
353064.642241 4026021.028078 0.000000 0.034186
353064.645630 4026021.117657 0.000000 0.035097
353064.648782 4026021.207964 0.000000 0.036040
353064.651682 4026021.299018 0.000000 0.037016
353064.654315 4026021.390838 0.000000 0.038023
353064.656668 4026021.483445 0.000000 0.039061
353064.658723 4026021.576859 0.000000 0.040129
353064.660463 4026021.671102 0.000000 0.041227
353064.661869 4026021.766196 0.000000 0.042354
353064.662923 4026021.862165 0.000000 0.043509
353064.663604 4026021.959032 0.000000 0.044689
353064.663890 4026022.056822 0.000000 0.045894
353064.663759 4026022.155559 0.000000 0.047121
353064.663186 4026022.255271 0.000000 0.048367
353064.662146 4026022.355984 0.000000 0.049629
353064.660612 4026022.457726 0.000000 0.050903
353064.658557 4026022.560527 0.000000 0.052184
353064.655949 4026022.664417 0.000000 0.053467
353064.652757 4026022.769429 0.000000 0.054745
353064.648948 4026022.875598 0.000000 0.056010
353064.644485 4026022.982960 0.000000 0.057255
353064.639329 4026023.091556 0.000000 0.058468
353064.633440 4026023.201426 0.000000 0.059640
353064.626773 4026023.312618 0.000000 0.060758
353064.619280 4026023.425182 0.000000 0.061811
353064.610910 4026023.539172 0.000000 0.062784
353064.601608 4026023.654649 0.000000 0.063664
353064.591314 4026023.771677 0.000000 0.064437
353064.579963 4026023.890329 0.000000 0.065087
353064.567488 4026024.010684 0.000000 0.065601
353064.553811 4026024.132828 0.000000 0.065965
353064.538853 4026024.256857 0.000000 0.066167
353064.522525 4026024.382876 0.000000 0.066196
353064.504733 4026024.511000 0.000000 0.066042
353064.485375 4026024.641355 0.000000 0.065698
353064.464341 4026024.774080 0.000000 0.065159
353064.441510 4026024.909325 0.000000 0.064422
353064.416756 4026025.047256 0.000000 0.061738
353064.389941 4026025.188053 0.000000 0.059054
353064.360914 4026025.331914 0.000000 0.056370
353064.329518 4026025.479051 0.000000 0.053685
353064.295580 4026025.629699 0.000000 0.051001
353064.258916 4026025.784108 0.000000 0.048317
353064.219328 4026025.942552 0.000000 0.045633
353064.176606 4026026.105326 0.000000 0.042948
353064.130522 4026026.272750 0.000000 0.040264
353064.080836 4026026.445167 0.000000 0.037580
353064.027288 4026026.622948 0.000000 0.034895
353063.969603 4026026.806492 0.000000 0.032211
353063.907488 4026026.996225 0.000000 0.029527
353063.840630 4026027.192607 0.000000 0.026843
353063.768697 4026027.396127 0.000000 0.024158
353063.691334 4026027.607312 0.000000 0.021474
353063.608167 4026027.826721 0.000000 0.018790
353063.518799 4026028.054954 0.000000 0.016106
353063.422806 4026028.292647 0.000000 0.013421
353063.319744 4026028.540478 0.000000 0.010737
353063.209140 4026028.799168 0.000000 0.008053
353063.090494 4026029.069484 0.000000 0.005369
353062.963280 4026029.352236 0.000000 0.002684
