352469.984369 4026399.748297 0.000000 0.000000
352469.972590 4026399.407422 0.000000 -0.000000
352469.961377 4026399.082891 0.000000 -0.000000
352469.950691 4026398.773634 0.000000 -0.000000
352469.940498 4026398.478640 0.000000 -0.000000
352469.930765 4026398.196959 0.000000 -0.000000
352469.921461 4026397.927693 0.000000 -0.000000
352469.912557 4026397.669999 0.000000 -0.000000
352469.904026 4026397.423086 0.000000 -0.000000
352469.895841 4026397.186209 0.000000 -0.000000
352469.887979 4026396.958671 0.000000 -0.000000
352469.880417 4026396.739821 0.000000 -0.000000
352469.873134 4026396.529048 0.000000 -0.000000
352469.866111 4026396.325782 0.000000 -0.000000
352469.859329 4026396.129492 0.000000 -0.000000
352469.852770 4026395.939683 0.000000 -0.000000
352469.846420 4026395.755895 0.000000 -0.000000
352469.840263 4026395.577702 0.000000 -0.000000
352469.834285 4026395.404706 0.000000 -0.000000
352469.828475 4026395.236542 0.000000 -0.000000
352469.822819 4026395.072869 0.000000 -0.000000
352469.817308 4026394.913376 0.000000 -0.000000
352469.811932 4026394.757774 0.000000 -0.000000
352469.806681 4026394.605798 0.000000 -0.000000
352469.801546 4026394.457205 0.000000 -0.000000
352469.796521 4026394.311770 0.000000 -0.000000
352469.791598 4026394.169289 0.000000 -0.000000
352469.786770 4026394.029576 0.000000 -0.000000
352469.782033 4026393.892459 0.000000 0.000000
352469.777379 4026393.757783 0.000000 0.000000
352469.772805 4026393.625406 0.000000 0.000000
352469.768306 4026393.495199 0.000000 0.000000
352469.763878 4026393.367044 0.000000 -0.000000
352469.759517 4026393.240836 0.000000 0.000000
352469.755220 4026393.116477 0.000000 0.000000
352469.750984 4026392.993879 0.000000 0.000000
352469.746806 4026392.872963 0.000000 0.000000
352469.742684 4026392.753656 0.000000 0.000000
352469.738615 4026392.635891 0.000000 0.000000
352469.734597 4026392.519608 0.000000 0.000000
352469.730628 4026392.404751 0.000000 0.000000
352469.726707 4026392.291270 0.000000 0.000000
352469.722832 4026392.179118 0.000000 -0.000000
352469.719001 4026392.068249 0.000000 0.000000
352469.715213 4026391.958625 0.000000 -0.000000
352469.711467 4026391.850205 0.000000 0.000000
352469.707761 4026391.742956 0.000000 -0.000000
352469.704095 4026391.636841 0.000000 0.000000
352469.700466 4026391.531828 0.000000 -0.000000
352469.696875 4026391.427887 0.000000 -0.000000
352469.693319 4026391.324986 0.000000 0.000000
352469.689799 4026391.223098 0.000000 -0.000000
352469.686312 4026391.122194 0.000000 -0.000000
352469.682859 4026391.022247 0.000000 -0.000000
352469.679437 4026390.923232 0.000000 -0.000000
352469.676047 4026390.825123 0.000000 -0.000000
352469.672688 4026390.727897 0.000000 0.000000
352469.669358 4026390.631530 0.000000 -0.000000
352469.666057 4026390.536000 0.000000 -0.000000
352469.662785 4026390.441287 0.000000 -0.000000
352469.659540 4026390.347368 0.000000 0.000000
352469.656321 4026390.254225 0.000000 -0.000000
352469.653129 4026390.161838 0.000000 0.000000
352469.649962 4026390.070189 0.000000 -0.000000
352469.646820 4026389.979259 0.000000 -0.000000
352469.643703 4026389.889033 0.000000 -0.000000
352469.640609 4026389.799494 0.000000 0.000000
352469.637538 4026389.710626 0.000000 -0.000000
352469.634490 4026389.622413 0.000000 0.000000
352469.631465 4026389.534841 0.000000 -0.000000
352469.628460 4026389.447896 0.000000 0.000000
352469.625477 4026389.361565 0.000000 -0.000000
352469.622515 4026389.275834 0.000000 0.000000
352469.619573 4026389.190690 0.000000 0.000000
352469.616651 4026389.106122 0.000000 -0.000000
352469.613748 4026389.022117 0.000000 0.000000
352469.610865 4026388.938665 0.000000 0.000000
352469.608000 4026388.855754 0.000000 0.000000
352469.605154 4026388.773373 0.000000 -0.000000
352469.602325 4026388.691513 0.000000 0.000000
352469.599514 4026388.610164 0.000000 0.000000
352469.596721 4026388.529316 0.000000 0.000000
352469.593944 4026388.448960 0.000000 -0.000000
352469.591184 4026388.369086 0.000000 0.000000
352469.588441 4026388.289686 0.000000 -0.000000
352469.585714 4026388.210752 0.000000 0.000000
352469.583002 4026388.132275 0.000000 -0.000000
352469.580306 4026388.054247 0.000000 -0.000000
352469.577625 4026387.976661 0.000000 -0.000000
352469.574959 4026387.899509 0.000000 0.000000
352469.572308 4026387.822783 0.000000 0.000000
352469.569671 4026387.746476 0.000000 0.000000
352469.567049 4026387.670582 0.000000 -0.000000
352469.564441 4026387.595093 0.000000 0.000000
352469.561846 4026387.520002 0.000000 -0.000000
352469.559265 4026387.445304 0.000000 0.000000
352469.556697 4026387.370990 0.000000 -0.000000
352469.554143 4026387.297056 0.000000 0.000000
352469.551601 4026387.223495 0.000000 0.000000
352469.549072 4026387.150301 0.000000 -0.000000
352469.546555 4026387.077467 0.000000 0.000000
352469.544051 4026387.004988 0.000000 0.000000
352469.541559 4026386.932858 0.000000 0.000000
352469.539078 4026386.861071 0.000000 -0.000000
352469.536609 4026386.789622 0.000000 -0.000000
352469.534152 4026386.718505 0.000000 0.000000
352469.531706 4026386.647715 0.000000 0.000000
352469.529271 4026386.577246 0.000000 -0.000000
352469.526847 4026386.507093 0.000000 0.000000
352469.524434 4026386.437250 0.000000 -0.000000
352469.522031 4026386.367713 0.000000 -0.000000
352469.519639 4026386.298476 0.000000 -0.000000
352469.517257 4026386.229534 0.000000 0.000000
352469.514885 4026386.160882 0.000000 -0.000000
352469.512522 4026386.092516 0.000000 -0.000000
352469.510170 4026386.024430 0.000000 0.000000
352469.507827 4026385.956619 0.000000 -0.000000
352469.505493 4026385.889079 0.000000 0.000000
352469.503169 4026385.821805 0.000000 0.000000
352469.500853 4026385.754791 0.000000 -0.000000
352469.498546 4026385.688035 0.000000 0.000000
352469.496249 4026385.621530 0.000000 -0.000000
352469.493959 4026385.555272 0.000000 0.000000
352469.491678 4026385.489257 0.000000 0.000000
352469.489405 4026385.423479 0.000000 0.000000
352469.487141 4026385.357936 0.000000 -0.000000
352469.484884 4026385.292621 0.000000 -0.000000
352469.482635 4026385.227530 0.000000 0.000000
352469.480393 4026385.162660 0.000000 0.000000
352469.478159 4026385.098006 0.000000 0.000000
352469.475933 4026385.033562 0.000000 0.000000
352469.473713 4026384.969326 0.000000 -0.000000
352469.471500 4026384.905292 0.000000 -0.000000
352469.469295 4026384.841456 0.000000 0.000000
352469.467096 4026384.777814 0.000000 0.000000
352469.464903 4026384.714362 0.000000 0.000000
352469.462717 4026384.651095 0.000000 -0.000000
352469.460537 4026384.588010 0.000000 0.000000
352469.458364 4026384.525101 0.000000 0.000000
352469.456196 4026384.462365 0.000000 -0.000000
352469.454034 4026384.399798 0.000000 0.000000
352469.451878 4026384.337396 0.000000 0.000000
352469.449727 4026384.275154 0.000000 0.000000
352469.447582 4026384.213068 0.000000 0.000000
352469.445442 4026384.151135 0.000000 -0.000000
352469.443307 4026384.089350 0.000000 0.000000
352469.441178 4026384.027710 0.000000 -0.000000
352469.439053 4026383.966210 0.000000 0.000000
352469.436932 4026383.904846 0.000000 -0.000000
352469.434817 4026383.843615 0.000000 0.000000
352469.432705 4026383.782513 0.000000 -0.000000
352469.430598 4026383.721536 0.000000 0.000000
352469.428496 4026383.660680 0.000000 -0.000000
352469.426397 4026383.599941 0.000000 0.000000
352469.424302 4026383.539317 0.000000 0.000000
352469.422211 4026383.478802 0.000000 0.000000
352469.420124 4026383.418394 0.000000 0.000000
352469.418040 4026383.358089 0.000000 -0.000000
352469.415960 4026383.297884 0.000000 -0.000000
352469.413883 4026383.237775 0.000000 -0.000000
352469.411809 4026383.177758 0.000000 0.000000
352469.409739 4026383.117832 0.000000 -0.000000
352469.407671 4026383.057991 0.000000 0.000000
352469.405606 4026382.998233 0.000000 0.000000
352469.403544 4026382.938555 0.000000 -0.000000
352469.401485 4026382.878954 0.000000 -0.000000
352469.399428 4026382.819427 0.000000 -0.000000
352469.397374 4026382.759971 0.000000 -0.000000
352469.395321 4026382.700582 0.000000 0.000000
352469.393272 4026382.641259 0.000000 -0.000000
352469.391224 4026382.581998 0.000000 -0.000000
352469.389178 4026382.522797 0.000000 0.000000
352469.387135 4026382.463653 0.000000 0.000000
352469.385093 4026382.404563 0.000000 0.000000
352469.383053 4026382.345526 0.000000 0.000000
352469.381015 4026382.286538 0.000000 -0.000000
352469.378978 4026382.227597 0.000000 -0.000000
352469.376943 4026382.168701 0.000000 0.000000
352469.374910 4026382.109848 0.000000 0.000000
352469.372878 4026382.051035 0.000000 -0.000000
352469.370847 4026381.992262 0.000000 0.000000
352469.368817 4026381.933524 0.000000 -0.000000
352469.366789 4026381.874821 0.000000 0.000000
352469.364762 4026381.816151 0.000000 0.000000
352469.362736 4026381.757512 0.000000 0.000000
352469.360711 4026381.698902 0.000000 0.000000
352469.358686 4026381.640319 0.000000 -0.000000
352469.356663 4026381.581762 0.000000 -0.000000
352469.354641 4026381.523230 0.000000 0.000000
352469.352619 4026381.464720 0.000000 0.000000
352469.350598 4026381.406232 0.000000 0.000000
352469.348578 4026381.347764 0.000000 0.000000
352469.346558 4026381.289315 0.000000 -0.000000
352469.344539 4026381.230883 0.000000 0.000000
352469.342521 4026381.172468 0.000000 0.000000
352469.340503 4026381.114068 0.000000 0.000000
352469.338486 4026381.055682 0.000000 -0.000000
352469.336469 4026380.997310 0.000000 0.000000
352469.334452 4026380.938949 0.000000 0.000000
352469.332436 4026380.880600 0.000000 0.000000
352469.330420 4026380.822262 0.000000 0.000000
352469.328405 4026380.763933 0.000000 0.000000
352469.326390 4026380.705613 0.000000 -0.000000
352469.324375 4026380.647301 0.000000 0.000000
352469.322360 4026380.588998 0.000000 -0.000000
352469.320346 4026380.530700 0.000000 0.000000
352469.318332 4026380.472410 0.000000 0.000000
352469.316318 4026380.414125 0.000000 -0.000000
352469.314304 4026380.355845 0.000000 0.000000
352469.312291 4026380.297571 0.000000 -0.000000
352469.310277 4026380.239300 0.000000 0.000000
352469.308264 4026380.181034 0.000000 0.000000
352469.306251 4026380.122771 0.000000 -0.000000
352469.304238 4026380.064512 0.000000 -0.000000
352469.302225 4026380.006255 0.000000 -0.000000
352469.300212 4026379.948001 0.000000 0.000000
352469.298199 4026379.889750 0.000000 0.000000
352469.296187 4026379.831500 0.000000 0.000000
352469.294174 4026379.773252 0.000000 -0.000000
352469.292161 4026379.715006 0.000000 -0.000000
352469.290149 4026379.656762 0.000000 -0.000000
352469.288136 4026379.598518 0.000000 -0.000000
352469.286124 4026379.540276 0.000000 0.000000
352469.284112 4026379.482035 0.000000 0.000000
352469.282099 4026379.423794 0.000000 0.000000
352469.280087 4026379.365554 0.000000 0.000000
352469.278074 4026379.307315 0.000000 0.000000
352469.276062 4026379.249077 0.000000 0.000000
352469.274050 4026379.190838 0.000000 0.000000
352469.272038 4026379.132600 0.000000 -0.000000
352469.270025 4026379.074363 0.000000 -0.000000
352469.268013 4026379.016126 0.000000 0.000000
352469.266001 4026378.957888 0.000000 0.000000
352469.263989 4026378.899651 0.000000 0.000000
352469.261976 4026378.841415 0.000000 0.000000
352469.259964 4026378.783178 0.000000 -0.000000
352469.257952 4026378.724941 0.000000 -0.000000
352469.255940 4026378.666705 0.000000 -0.000000
352469.253927 4026378.608468 0.000000 -0.000000
352469.251915 4026378.550232 0.000000 -0.000000
352469.249903 4026378.491995 0.000000 0.000000
352469.247891 4026378.433759 0.000000 -0.000000
352469.245878 4026378.375522 0.000000 -0.000000
352469.243866 4026378.317286 0.000000 0.000000
352469.241854 4026378.259049 0.000000 0.000000
352469.239842 4026378.200813 0.000000 0.000000
352469.237829 4026378.142576 0.000000 0.000000
352469.235817 4026378.084340 0.000000 -0.000000
352469.233805 4026378.026104 0.000000 -0.000000
352469.231793 4026377.967867 0.000000 -0.000000
352469.229780 4026377.909631 0.000000 0.000000
352469.227768 4026377.851394 0.000000 0.000000
352469.225756 4026377.793158 0.000000 -0.000000
352469.223744 4026377.734921 0.000000 -0.000000
352469.221732 4026377.676685 0.000000 0.000000
352469.219719 4026377.618448 0.000000 -0.000000
352469.217707 4026377.560212 0.000000 0.000000
352469.215695 4026377.501976 0.000000 0.000000
352469.213683 4026377.443739 0.000000 0.000000
352469.211670 4026377.385503 0.000000 0.000000
352469.209658 4026377.327266 0.000000 -0.000000
352469.207646 4026377.269030 0.000000 0.000000
352469.205634 4026377.210793 0.000000 -0.000000
352469.203621 4026377.152557 0.000000 -0.000000
352469.201609 4026377.094320 0.000000 -0.000000
352469.199597 4026377.036084 0.000000 -0.000000
352469.197585 4026376.977848 0.000000 0.000000
352469.195572 4026376.919611 0.000000 0.000000
352469.193560 4026376.861375 0.000000 0.000000
352469.191548 4026376.803138 0.000000 -0.000000
352469.189536 4026376.744902 0.000000 -0.000000
352469.187524 4026376.686665 0.000000 0.000000
352469.185511 4026376.628429 0.000000 0.000000
352469.183499 4026376.570192 0.000000 0.000000
352469.181487 4026376.511956 0.000000 0.000000
352469.179475 4026376.453720 0.000000 -0.000000
352469.177462 4026376.395483 0.000000 0.000000
352469.175450 4026376.337247 0.000000 0.000000
352469.173438 4026376.279010 0.000000 0.000000
352469.171426 4026376.220774 0.000000 -0.000000
352469.169413 4026376.162537 0.000000 0.000000
352469.167401 4026376.104301 0.000000 -0.000000
352469.165389 4026376.046064 0.000000 0.000000
352469.163377 4026375.987828 0.000000 -0.000000
352469.161364 4026375.929592 0.000000 0.000000
352469.159352 4026375.871355 0.000000 -0.000000
352469.157340 4026375.813119 0.000000 0.000000
352469.155328 4026375.754882 0.000000 -0.000000
352469.153316 4026375.696646 0.000000 -0.000000
352469.151303 4026375.638409 0.000000 0.000000
352469.149291 4026375.580173 0.000000 0.000000
352469.147279 4026375.521936 0.000000 0.000000
352469.145267 4026375.463700 0.000000 -0.000000
352469.143254 4026375.405464 0.000000 0.000000
352469.141242 4026375.347227 0.000000 0.000000
352469.139230 4026375.288991 0.000000 0.000000
352469.137218 4026375.230754 0.000000 -0.000000
352469.135205 4026375.172518 0.000000 -0.000000
352469.133193 4026375.114281 0.000000 -0.000000
352469.131181 4026375.056045 0.000000 -0.000000
352469.129169 4026374.997808 0.000000 -0.000000
352469.127156 4026374.939572 0.000000 -0.000000
352469.125144 4026374.881336 0.000000 0.000000
352469.123132 4026374.823099 0.000000 -0.000000
352469.121120 4026374.764863 0.000000 -0.000000
352469.119108 4026374.706626 0.000000 0.000000
352469.117095 4026374.648390 0.000000 -0.000000
352469.115083 4026374.590153 0.000000 0.000000
352469.113071 4026374.531917 0.000000 -0.000000
352469.111059 4026374.473680 0.000000 0.000000
352469.109046 4026374.415444 0.000000 -0.000000
352469.107034 4026374.357208 0.000000 0.000000
352469.105022 4026374.298971 0.000000 0.000000
352469.103010 4026374.240735 0.000000 -0.000000
352469.100997 4026374.182498 0.000000 0.000000
352469.098985 4026374.124262 0.000000 -0.000000
352469.096973 4026374.066025 0.000000 0.000000
352469.094961 4026374.007789 0.000000 -0.000000
352469.092949 4026373.949552 0.000000 0.000000
352469.090936 4026373.891316 0.000000 -0.000000
352469.088924 4026373.833080 0.000000 -0.000000
352469.086912 4026373.774843 0.000000 0.000000
352469.084900 4026373.716607 0.000000 0.000000
352469.082887 4026373.658370 0.000000 0.000000
352469.080875 4026373.600134 0.000000 0.000000
352469.078863 4026373.541897 0.000000 0.000000
352469.076851 4026373.483661 0.000000 -0.000000
352469.074838 4026373.425424 0.000000 0.000000
352469.072826 4026373.367188 0.000000 0.000000
352469.070814 4026373.308952 0.000000 -0.000000
352469.068802 4026373.250715 0.000000 0.000000
352469.066789 4026373.192479 0.000000 -0.000000
352469.064777 4026373.134242 0.000000 -0.000000
352469.062765 4026373.076006 0.000000 -0.000000
352469.060753 4026373.017769 0.000000 0.000000
352469.058741 4026372.959533 0.000000 -0.000000
352469.056728 4026372.901296 0.000000 -0.000000
352469.054716 4026372.843060 0.000000 0.000000
352469.052704 4026372.784824 0.000000 -0.000000
352469.050692 4026372.726587 0.000000 -0.000000
352469.048679 4026372.668351 0.000000 -0.000000
352469.046667 4026372.610114 0.000000 0.000000
352469.044655 4026372.551878 0.000000 -0.000000
352469.042643 4026372.493641 0.000000 0.000000
352469.040630 4026372.435405 0.000000 0.000000
352469.038618 4026372.377168 0.000000 -0.000000
352469.036606 4026372.318932 0.000000 -0.000000
352469.034594 4026372.260696 0.000000 0.000000
352469.032581 4026372.202459 0.000000 -0.000000
352469.030569 4026372.144223 0.000000 0.000000
352469.028557 4026372.085986 0.000000 0.000000
352469.026545 4026372.027750 0.000000 -0.000000
352469.024533 4026371.969513 0.000000 -0.000000
352469.022520 4026371.911277 0.000000 -0.000000
352469.020508 4026371.853041 0.000000 -0.000000
352469.018496 4026371.794804 0.000000 0.000000
352469.016484 4026371.736568 0.000000 0.000000
352469.014471 4026371.678331 0.000000 0.000000
352469.012459 4026371.620095 0.000000 -0.000000
352469.010447 4026371.561858 0.000000 0.000000
352469.008435 4026371.503622 0.000000 -0.000000
352469.006422 4026371.445385 0.000000 0.000000
352469.004410 4026371.387149 0.000000 0.000000
352469.002398 4026371.328913 0.000000 0.000000
352469.000386 4026371.270676 0.000000 0.000000
352468.998373 4026371.212440 0.000000 0.000000
352468.996361 4026371.154203 0.000000 -0.000000
352468.994349 4026371.095967 0.000000 0.000000
352468.992337 4026371.037730 0.000000 0.000000
352468.990325 4026370.979494 0.000000 -0.000000
352468.988312 4026370.921257 0.000000 -0.000000
352468.986300 4026370.863021 0.000000 -0.000000
352468.984288 4026370.804785 0.000000 0.000000
352468.982276 4026370.746548 0.000000 0.000000
352468.980263 4026370.688312 0.000000 -0.000000
352468.978251 4026370.630075 0.000000 0.000000
352468.976239 4026370.571839 0.000000 0.000000
352468.974227 4026370.513602 0.000000 0.000000
352468.972214 4026370.455366 0.000000 0.000000
352468.970202 4026370.397129 0.000000 0.000000
352468.968190 4026370.338893 0.000000 0.000000
352468.966178 4026370.280657 0.000000 -0.000000
352468.964165 4026370.222420 0.000000 -0.000000
352468.962153 4026370.164184 0.000000 -0.000000
352468.960141 4026370.105947 0.000000 0.000000
352468.958129 4026370.047711 0.000000 -0.000000
352468.956117 4026369.989474 0.000000 -0.000000
352468.954104 4026369.931238 0.000000 0.000000
352468.952092 4026369.873001 0.000000 -0.000000
352468.950080 4026369.814765 0.000000 0.000000
352468.948068 4026369.756529 0.000000 -0.000000
352468.946055 4026369.698292 0.000000 -0.000000
352468.944043 4026369.640056 0.000000 -0.000000
352468.942031 4026369.581819 0.000000 0.000000
352468.940019 4026369.523583 0.000000 0.000000
352468.938006 4026369.465346 0.000000 0.000000
352468.935994 4026369.407110 0.000000 -0.000000
352468.933982 4026369.348873 0.000000 0.000000
352468.931970 4026369.290637 0.000000 0.000000
352468.929957 4026369.232401 0.000000 -0.000000
352468.927945 4026369.174164 0.000000 -0.000000
352468.925933 4026369.115928 0.000000 -0.000000
352468.923921 4026369.057691 0.000000 -0.000000
352468.921909 4026368.999455 0.000000 -0.000000
352468.919896 4026368.941218 0.000000 -0.000000
352468.917884 4026368.882982 0.000000 0.000000
352468.915872 4026368.824745 0.000000 0.000000
352468.913860 4026368.766509 0.000000 0.000000
352468.911847 4026368.708273 0.000000 -0.000000
352468.909835 4026368.650036 0.000000 0.000000
352468.907823 4026368.591800 0.000000 0.000000
352468.905811 4026368.533563 0.000000 -0.000000
352468.903798 4026368.475327 0.000000 -0.000000
352468.901786 4026368.417090 0.000000 -0.000000
352468.899774 4026368.358854 0.000000 0.000000
352468.897762 4026368.300617 0.000000 -0.000000
352468.895749 4026368.242381 0.000000 0.000000
352468.893737 4026368.184145 0.000000 -0.000000
352468.891725 4026368.125908 0.000000 -0.000000
352468.889713 4026368.067672 0.000000 0.000000
352468.887701 4026368.009435 0.000000 0.000000
352468.885688 4026367.951199 0.000000 -0.000000
352468.883676 4026367.892962 0.000000 0.000000
352468.881664 4026367.834726 0.000000 0.000000
352468.879652 4026367.776489 0.000000 0.000000
352468.877639 4026367.718253 0.000000 0.000000
352468.875627 4026367.660017 0.000000 0.000000
352468.873615 4026367.601780 0.000000 0.000000
352468.871603 4026367.543544 0.000000 0.000000
352468.869590 4026367.485307 0.000000 -0.000000
352468.867578 4026367.427071 0.000000 -0.000000
352468.865566 4026367.368834 0.000000 -0.000000
352468.863554 4026367.310598 0.000000 -0.000000
352468.861541 4026367.252361 0.000000 -0.000000
352468.859529 4026367.194125 0.000000 0.000000
352468.857517 4026367.135889 0.000000 0.000000
352468.855505 4026367.077652 0.000000 0.000000
352468.853493 4026367.019416 0.000000 -0.000000
352468.851480 4026366.961179 0.000000 0.000000
352468.849468 4026366.902943 0.000000 0.000000
352468.847456 4026366.844706 0.000000 0.000000
352468.845444 4026366.786470 0.000000 -0.000000
352468.843431 4026366.728233 0.000000 -0.000000
352468.841419 4026366.669997 0.000000 -0.000000
352468.839407 4026366.611761 0.000000 -0.000000
352468.837395 4026366.553524 0.000000 0.000000
352468.835382 4026366.495288 0.000000 0.000000
352468.833370 4026366.437051 0.000000 0.000000
352468.831358 4026366.378815 0.000000 -0.000000
352468.829346 4026366.320578 0.000000 -0.000000
352468.827334 4026366.262342 0.000000 0.000000
352468.825321 4026366.204105 0.000000 -0.000000
352468.823309 4026366.145869 0.000000 0.000000
352468.821297 4026366.087633 0.000000 0.000000
352468.819285 4026366.029396 0.000000 -0.000000
352468.817272 4026365.971160 0.000000 0.000000
352468.815260 4026365.912923 0.000000 -0.000000
352468.813248 4026365.854687 0.000000 0.000000
352468.811236 4026365.796450 0.000000 0.000000
352468.809223 4026365.738214 0.000000 -0.000000
352468.807211 4026365.679977 0.000000 -0.000000
352468.805199 4026365.621741 0.000000 0.000000
352468.803187 4026365.563505 0.000000 -0.000000
352468.801174 4026365.505268 0.000000 -0.000000
352468.799162 4026365.447032 0.000000 -0.000000
352468.797150 4026365.388795 0.000000 0.000000
352468.795138 4026365.330559 0.000000 0.000000
352468.793126 4026365.272322 0.000000 0.000000
352468.791113 4026365.214086 0.000000 0.000000
352468.789101 4026365.155849 0.000000 -0.000000
352468.787089 4026365.097613 0.000000 -0.000000
352468.785077 4026365.039377 0.000000 0.000000
352468.783064 4026364.981140 0.000000 0.000000
352468.781052 4026364.922904 0.000000 -0.000000
352468.779040 4026364.864667 0.000000 -0.000000
352468.777028 4026364.806431 0.000000 0.000000
352468.775015 4026364.748194 0.000000 -0.000000
352468.773003 4026364.689958 0.000000 -0.000000
352468.770991 4026364.631721 0.000000 0.000000
352468.768979 4026364.573485 0.000000 -0.000000
352468.766966 4026364.515249 0.000000 0.000000
352468.764954 4026364.457012 0.000000 -0.000000
352468.762942 4026364.398776 0.000000 -0.000000
352468.760930 4026364.340539 0.000000 0.000000
352468.758918 4026364.282303 0.000000 0.000000
352468.756905 4026364.224066 0.000000 0.000000
352468.754893 4026364.165830 0.000000 -0.000000
352468.752881 4026364.107593 0.000000 -0.000000
352468.750869 4026364.049357 0.000000 0.000000
352468.748856 4026363.991121 0.000000 0.000000
352468.746844 4026363.932884 0.000000 0.000000
352468.744832 4026363.874648 0.000000 0.000000
352468.742820 4026363.816411 0.000000 -0.000000
352468.740807 4026363.758175 0.000000 0.000000
352468.738795 4026363.699938 0.000000 0.000000
352468.736783 4026363.641702 0.000000 0.000000
352468.734771 4026363.583466 0.000000 0.000000
352468.732758 4026363.525229 0.000000 0.000000
352468.730746 4026363.466993 0.000000 -0.000000
352468.728734 4026363.408756 0.000000 -0.000000
352468.726722 4026363.350520 0.000000 0.000000
352468.724710 4026363.292283 0.000000 0.000000
352468.722697 4026363.234047 0.000000 0.000000
352468.720685 4026363.175810 0.000000 0.000000
352468.718673 4026363.117574 0.000000 -0.000000
352468.716661 4026363.059338 0.000000 0.000000
352468.714648 4026363.001101 0.000000 0.000000
352468.712636 4026362.942865 0.000000 0.000000
352468.710624 4026362.884628 0.000000 -0.000000
352468.708612 4026362.826392 0.000000 0.000000
352468.706599 4026362.768155 0.000000 0.000000
352468.704587 4026362.709919 0.000000 0.000000
352468.702575 4026362.651682 0.000000 -0.000000
352468.700563 4026362.593446 0.000000 -0.000000
352468.698550 4026362.535210 0.000000 -0.000000
352468.696538 4026362.476973 0.000000 -0.000000
352468.694526 4026362.418737 0.000000 0.000000
352468.692514 4026362.360500 0.000000 0.000000
352468.690502 4026362.302264 0.000000 -0.000000
352468.688489 4026362.244027 0.000000 -0.000000
352468.686477 4026362.185791 0.000000 0.000000
352468.684465 4026362.127554 0.000000 -0.000000
352468.682453 4026362.069318 0.000000 0.000000
352468.680440 4026362.011082 0.000000 -0.000000
352468.678428 4026361.952845 0.000000 -0.000000
352468.676416 4026361.894609 0.000000 -0.000000
352468.674404 4026361.836372 0.000000 0.000000
352468.672391 4026361.778136 0.000000 -0.000000
352468.670379 4026361.719899 0.000000 0.000000
352468.668367 4026361.661663 0.000000 -0.000000
352468.666355 4026361.603426 0.000000 0.000000
352468.664342 4026361.545190 0.000000 0.000000
352468.662330 4026361.486954 0.000000 0.000000
352468.660318 4026361.428717 0.000000 0.000000
352468.658306 4026361.370481 0.000000 0.000000
352468.656294 4026361.312244 0.000000 0.000000
352468.654281 4026361.254008 0.000000 0.000000
352468.652269 4026361.195771 0.000000 0.000000
352468.650257 4026361.137535 0.000000 0.000000
352468.648245 4026361.079298 0.000000 0.000000
352468.646232 4026361.021062 0.000000 0.000000
352468.644220 4026360.962826 0.000000 0.000000
352468.642208 4026360.904589 0.000000 0.000000
352468.640196 4026360.846353 0.000000 0.000000
352468.638183 4026360.788116 0.000000 0.000000
352468.636171 4026360.729880 0.000000 0.000001
352468.634159 4026360.671643 0.000000 0.000001
352468.632147 4026360.613407 0.000000 0.000001
352468.630134 4026360.555170 0.000000 0.000001
352468.628122 4026360.496934 0.000000 0.000002
352468.626110 4026360.438698 0.000000 0.000002
352468.624098 4026360.380461 0.000000 0.000003
352468.622086 4026360.322225 0.000000 0.000003
352468.620073 4026360.263988 0.000000 0.000004
352468.618061 4026360.205752 0.000000 0.000005
352468.616049 4026360.147515 0.000000 0.000007
352468.614037 4026360.089279 0.000000 0.000008
352468.612024 4026360.031042 0.000000 0.000010
352468.610012 4026359.972806 0.000000 0.000012
352468.608000 4026359.914570 0.000000 0.000014
352468.605988 4026359.856333 0.000000 0.000017
352468.603975 4026359.798097 0.000000 0.000020
352468.601963 4026359.739860 0.000000 0.000024
352468.599951 4026359.681624 0.000000 0.000028
352468.597939 4026359.623387 0.000000 0.000033
352468.595927 4026359.565151 0.000000 0.000039
352468.593915 4026359.506914 0.000000 0.000045
352468.591903 4026359.448678 0.000000 0.000052
352468.589891 4026359.390442 0.000000 0.000060
352468.587879 4026359.332205 0.000000 0.000069
352468.585867 4026359.273969 0.000000 0.000079
352468.583855 4026359.215732 0.000000 0.000091
352468.581843 4026359.157496 0.000000 0.000103
352468.579832 4026359.099259 0.000000 0.000117
352468.577821 4026359.041023 0.000000 0.000132
352468.575809 4026358.982787 0.000000 0.000149
352468.573799 4026358.924550 0.000000 0.000167
352468.571788 4026358.866314 0.000000 0.000188
352468.569778 4026358.808077 0.000000 0.000210
352468.567768 4026358.749841 0.000000 0.000234
352468.565759 4026358.691604 0.000000 0.000260
352468.563750 4026358.633368 0.000000 0.000289
352468.561742 4026358.575132 0.000000 0.000320
352468.559734 4026358.516895 0.000000 0.000354
352468.557728 4026358.458659 0.000000 0.000390
352468.555722 4026358.400423 0.000000 0.000429
352468.553717 4026358.342186 0.000000 0.000472
352468.551713 4026358.283950 0.000000 0.000517
352468.549711 4026358.225714 0.000000 0.000566
352468.547710 4026358.167477 0.000000 0.000619
352468.545710 4026358.109241 0.000000 0.000675
352468.543712 4026358.051005 0.000000 0.000735
352468.541716 4026357.992768 0.000000 0.000799
352468.539722 4026357.934532 0.000000 0.000867
352468.537730 4026357.876296 0.000000 0.000939
352468.535741 4026357.818060 0.000000 0.001017
352468.533754 4026357.759824 0.000000 0.001098
352468.531770 4026357.701588 0.000000 0.001185
352468.529790 4026357.643352 0.000000 0.001277
352468.527813 4026357.585116 0.000000 0.001374
352468.525839 4026357.526880 0.000000 0.001476
352468.523870 4026357.468644 0.000000 0.001583
352468.521905 4026357.410408 0.000000 0.001697
352468.519945 4026357.352172 0.000000 0.001815
352468.517991 4026357.293936 0.000000 0.001940
352468.516041 4026357.235701 0.000000 0.002071
352468.514098 4026357.177465 0.000000 0.002208
352468.512161 4026357.119230 0.000000 0.002351
352468.510231 4026357.060994 0.000000 0.002500
352468.508309 4026357.002759 0.000000 0.002656
352468.506394 4026356.944524 0.000000 0.002818
352468.504488 4026356.886289 0.000000 0.002986
352468.502591 4026356.828054 0.000000 0.003161
352468.500704 4026356.769819 0.000000 0.003342
352468.498826 4026356.711584 0.000000 0.003530
352468.496960 4026356.653350 0.000000 0.003724
352468.495105 4026356.595115 0.000000 0.003924
352468.493262 4026356.536881 0.000000 0.004131
352468.491433 4026356.478647 0.000000 0.004344
352468.489617 4026356.420413 0.000000 0.004564
352468.487815 4026356.362179 0.000000 0.004789
352468.486028 4026356.303945 0.000000 0.005021
352468.484258 4026356.245712 0.000000 0.005258
352468.482505 4026356.187479 0.000000 0.005501
352468.480769 4026356.129246 0.000000 0.005749
352468.479051 4026356.071013 0.000000 0.006003
352468.477354 4026356.012781 0.000000 0.006262
352468.475676 4026355.954549 0.000000 0.006526
352468.474020 4026355.896317 0.000000 0.006794
352468.472386 4026355.838085 0.000000 0.007067
352468.470776 4026355.779854 0.000000 0.007344
352468.469189 4026355.721623 0.000000 0.007625
352468.467628 4026355.663392 0.000000 0.007910
352468.466094 4026355.605162 0.000000 0.008197
352468.464586 4026355.546932 0.000000 0.008487
352468.463107 4026355.488702 0.000000 0.008780
352468.461657 4026355.430473 0.000000 0.009075
352468.460238 4026355.372244 0.000000 0.009372
352468.458850 4026355.314015 0.000000 0.009670
352468.457495 4026355.255787 0.000000 0.009969
352468.456173 4026355.197559 0.000000 0.010268
352468.454886 4026355.139332 0.000000 0.010567
352468.453636 4026355.081105 0.000000 0.010866
352468.452422 4026355.022879 0.000000 0.011164
352468.451246 4026354.964653 0.000000 0.011460
352468.450109 4026354.906428 0.000000 0.011755
352468.449013 4026354.848203 0.000000 0.012047
352468.447958 4026354.789979 0.000000 0.012337
352468.446945 4026354.731755 0.000000 0.012623
352468.445976 4026354.673532 0.000000 0.012906
352468.445051 4026354.615309 0.000000 0.013185
352468.444171 4026354.557087 0.000000 0.013458
352468.443339 4026354.498866 0.000000 0.013727
352468.442553 4026354.440645 0.000000 0.013990
352468.441817 4026354.382425 0.000000 0.014248
352468.441129 4026354.324205 0.000000 0.014499
352468.440492 4026354.265986 0.000000 0.014743
352468.439907 4026354.207768 0.000000 0.014980
352468.439373 4026354.149550 0.000000 0.015210
352468.438892 4026354.091333 0.000000 0.015432
352468.438465 4026354.033117 0.000000 0.015645
352468.438093 4026353.974901 0.000000 0.015851
352468.437776 4026353.916686 0.000000 0.016047
352468.437515 4026353.858472 0.000000 0.016235
352468.437310 4026353.800258 0.000000 0.016414
352468.437163 4026353.742046 0.000000 0.016584
352468.437074 4026353.683834 0.000000 0.016744
352468.437043 4026353.625622 0.000000 0.016895
352468.437071 4026353.567412 0.000000 0.017036
352468.437159 4026353.509202 0.000000 0.017168
352468.437306 4026353.450993 0.000000 0.017290
352468.437514 4026353.392785 0.000000 0.017403
352468.437782 4026353.334578 0.000000 0.017506
352468.438112 4026353.276372 0.000000 0.017600
352468.438502 4026353.218166 0.000000 0.017685
352468.438955 4026353.159961 0.000000 0.017760
352468.439468 4026353.101757 0.000000 0.017827
352468.440044 4026353.043555 0.000000 0.017886
352468.440682 4026352.985353 0.000000 0.017936
352468.441382 4026352.927151 0.000000 0.017979
352468.442145 4026352.868951 0.000000 0.018013
352468.442970 4026352.810752 0.000000 0.018041
352468.443857 4026352.752554 0.000000 0.018062
352468.444806 4026352.694357 0.000000 0.018077
352468.445818 4026352.636161 0.000000 0.018086
352468.446892 4026352.577966 0.000000 0.018090
352468.448028 4026352.519772 0.000000 0.018089
352468.449227 4026352.461580 0.000000 0.018085
352468.450487 4026352.403389 0.000000 0.018077
352468.451809 4026352.345199 0.000000 0.018066
352468.453193 4026352.287010 0.000000 0.018053
352468.454638 4026352.228823 0.000000 0.018039
352468.456144 4026352.170637 0.000000 0.018024
352468.457712 4026352.112453 0.000000 0.018009
352468.459340 4026352.054271 0.000000 0.017996
352468.461030 4026351.996090 0.000000 0.017984
352468.462780 4026351.937911 0.000000 0.017974
352468.464590 4026351.879733 0.000000 0.017967
352468.466460 4026351.821558 0.000000 0.017965
352468.468391 4026351.763385 0.000000 0.017967
352468.470381 4026351.705214 0.000000 0.017975
352468.472431 4026351.647045 0.000000 0.017989
352468.474541 4026351.588879 0.000000 0.018010
352468.476711 4026351.530715 0.000000 0.018039
352468.478939 4026351.472554 0.000000 0.018077
352468.481228 4026351.414396 0.000000 0.018123
352468.483576 4026351.356241 0.000000 0.018180
352468.485983 4026351.298089 0.000000 0.018247
352468.488450 4026351.239940 0.000000 0.018326
352468.490978 4026351.181795 0.000000 0.018416
352468.493565 4026351.123653 0.000000 0.018519
352468.496212 4026351.065516 0.000000 0.018634
352468.498920 4026351.007383 0.000000 0.018763
352468.501689 4026350.949254 0.000000 0.018905
352468.504519 4026350.891129 0.000000 0.019061
352468.507411 4026350.833009 0.000000 0.019232
352468.510365 4026350.774895 0.000000 0.019417
352468.513382 4026350.716786 0.000000 0.019616
352468.516463 4026350.658682 0.000000 0.019831
352468.519608 4026350.600584 0.000000 0.020061
352468.522818 4026350.542492 0.000000 0.020305
352468.526093 4026350.484406 0.000000 0.020565
352468.529435 4026350.426327 0.000000 0.020840
352468.532845 4026350.368254 0.000000 0.021129
352468.536323 4026350.310189 0.000000 0.021432
352468.539871 4026350.252131 0.000000 0.021750
352468.543490 4026350.194081 0.000000 0.022082
352468.547180 4026350.136038 0.000000 0.022427
352468.550944 4026350.078004 0.000000 0.022785
352468.554781 4026350.019977 0.000000 0.023155
352468.558695 4026349.961960 0.000000 0.023537
352468.562686 4026349.903951 0.000000 0.023930
352468.566755 4026349.845951 0.000000 0.024334
352468.570904 4026349.787960 0.000000 0.024747
352468.575134 4026349.729979 0.000000 0.025168
352468.579448 4026349.672007 0.000000 0.025597
352468.583846 4026349.614045 0.000000 0.026033
352468.588330 4026349.556092 0.000000 0.026475
352468.592902 4026349.498150 0.000000 0.026921
352468.597564 4026349.440218 0.000000 0.027370
352468.602317 4026349.382295 0.000000 0.027822
352468.607163 4026349.324383 0.000000 0.028274
352468.612104 4026349.266481 0.000000 0.028726
352468.617142 4026349.208588 0.000000 0.029175
352468.622277 4026349.150706 0.000000 0.029622
352468.627513 4026349.092834 0.000000 0.030063
352468.632850 4026349.034972 0.000000 0.030498
352468.638292 4026348.977119 0.000000 0.030925
352468.643838 4026348.919275 0.000000 0.031343
352468.649492 4026348.861440 0.000000 0.031750
352468.655254 4026348.803615 0.000000 0.032143
352468.661127 4026348.745797 0.000000 0.032523
352468.667112 4026348.687988 0.000000 0.032886
352468.673210 4026348.630186 0.000000 0.033232
352468.679424 4026348.572391 0.000000 0.033559
352468.685755 4026348.514602 0.000000 0.033864
352468.692204 4026348.456818 0.000000 0.034147
352468.698772 4026348.399040 0.000000 0.034406
352468.705461 4026348.341265 0.000000 0.034639
352468.712273 4026348.283494 0.000000 0.034844
352468.719208 4026348.225725 0.000000 0.035021
352468.726267 4026348.167957 0.000000 0.035168
352468.733452 4026348.110189 0.000000 0.035282
352468.740763 4026348.052420 0.000000 0.035364
352468.748201 4026347.994648 0.000000 0.035411
352468.755766 4026347.936872 0.000000 0.035422
352468.763461 4026347.879091 0.000000 0.035396
352468.771283 4026347.821304 0.000000 0.035332
352468.779236 4026347.763508 0.000000 0.035229
352468.787317 4026347.705701 0.000000 0.035085
352468.795528 4026347.647883 0.000000 0.034901
352468.803869 4026347.590051 0.000000 0.034674
352468.812339 4026347.532204 0.000000 0.034405
352468.820938 4026347.474338 0.000000 0.034092
352468.829666 4026347.416453 0.000000 0.033734
352468.838522 4026347.358545 0.000000 0.033333
352468.847505 4026347.300613 0.000000 0.032886
352468.856616 4026347.242655 0.000000 0.032394
352468.865852 4026347.184667 0.000000 0.031856
352468.875213 4026347.126647 0.000000 0.031273
352468.884697 4026347.068592 0.000000 0.030643
352468.894303 4026347.010501 0.000000 0.029968
352468.904030 4026346.952370 0.000000 0.029248
352468.913876 4026346.894195 0.000000 0.028482
352468.923838 4026346.835975 0.000000 0.027670
352468.933916 4026346.777706 0.000000 0.026814
352468.944106 4026346.719385 0.000000 0.025914
352468.954407 4026346.661008 0.000000 0.024970
352468.964816 4026346.602574 0.000000 0.023982
352468.975330 4026346.544077 0.000000 0.022953
352468.985946 4026346.485515 0.000000 0.021881
352468.996662 4026346.426885 0.000000 0.020769
352469.007475 4026346.368182 0.000000 0.019617
352469.018381 4026346.309404 0.000000 0.018426
352469.029377 4026346.250546 0.000000 0.017197
352469.040458 4026346.191605 0.000000 0.015931
352469.051623 4026346.132577 0.000000 0.014629
352469.062866 4026346.073458 0.000000 0.013292
352469.074183 4026346.014245 0.000000 0.011921
352469.085571 4026345.954933 0.000000 0.010518
352469.097024 4026345.895518 0.000000 0.009084
352469.108539 4026345.835998 0.000000 0.007619
352469.120111 4026345.776366 0.000000 0.006125
352469.131734 4026345.716621 0.000000 0.004603
352469.143405 4026345.656756 0.000000 0.003054
352469.155117 4026345.596769 0.000000 0.001479
352469.166866 4026345.536656 0.000000 -0.000121
352469.178646 4026345.476411 0.000000 -0.001744
352469.190452 4026345.416032 0.000000 -0.003391
352469.202278 4026345.355513 0.000000 -0.005059
352469.214118 4026345.294851 0.000000 -0.006748
352469.225965 4026345.234042 0.000000 -0.008458
352469.237815 4026345.173081 0.000000 -0.010187
352469.249660 4026345.111965 0.000000 -0.011935
352469.261495 4026345.050689 0.000000 -0.013702
352469.273312 4026344.989249 0.000000 -0.015486
352469.285105 4026344.927641 0.000000 -0.017287
352469.296867 4026344.865861 0.000000 -0.019106
352469.308590 4026344.803906 0.000000 -0.020941
352469.320268 4026344.741771 0.000000 -0.022793
352469.331893 4026344.679452 0.000000 -0.024660
352469.343457 4026344.616946 0.000000 -0.026545
352469.354953 4026344.554248 0.000000 -0.028445
352469.366373 4026344.491355 0.000000 -0.030362
352469.377708 4026344.428264 0.000000 -0.032296
352469.388950 4026344.364970 0.000000 -0.034247
352469.400091 4026344.301471 0.000000 -0.036215
352469.411122 4026344.237762 0.000000 -0.038201
352469.422033 4026344.173840 0.000000 -0.040205
352469.432816 4026344.109703 0.000000 -0.042228
352469.443461 4026344.045346 0.000000 -0.044271
352469.453959 4026343.980768 0.000000 -0.046335
352469.464299 4026343.915964 0.000000 -0.048419
352469.474472 4026343.850932 0.000000 -0.050526
352469.484467 4026343.785669 0.000000 -0.052656
352469.494273 4026343.720173 0.000000 -0.054810
352469.503880 4026343.654442 0.000000 -0.056990
352469.513276 4026343.588471 0.000000 -0.059196
352469.522449 4026343.522261 0.000000 -0.061430
352469.531389 4026343.455808 0.000000 -0.063693
352469.540082 4026343.389110 0.000000 -0.065986
352469.548516 4026343.322166 0.000000 -0.068310
352469.556679 4026343.254975 0.000000 -0.070668
352469.564558 4026343.187534 0.000000 -0.073060
352469.572138 4026343.119842 0.000000 -0.075488
352469.579407 4026343.051899 0.000000 -0.077953
352469.586350 4026342.983704 0.000000 -0.080457
352469.592952 4026342.915255 0.000000 -0.083001
352469.599198 4026342.846553 0.000000 -0.085587
352469.605074 4026342.777596 0.000000 -0.088216
352469.610562 4026342.708386 0.000000 -0.090889
352469.615648 4026342.638922 0.000000 -0.093608
352469.620313 4026342.569204 0.000000 -0.096375
352469.624542 4026342.499233 0.000000 -0.099191
352469.628316 4026342.429010 0.000000 -0.102056
352469.631617 4026342.358536 0.000000 -0.104973
352469.634427 4026342.287813 0.000000 -0.107943
352469.636726 4026342.216841 0.000000 -0.110966
352469.638495 4026342.145623 0.000000 -0.114045
352469.639714 4026342.074162 0.000000 -0.117179
352469.640361 4026342.002459 0.000000 -0.120370
352469.640416 4026341.930518 0.000000 -0.123619
352469.639857 4026341.858342 0.000000 -0.126927
352469.638660 4026341.785934 0.000000 -0.130294
352469.636803 4026341.713299 0.000000 -0.133721
352469.634263 4026341.640440 0.000000 -0.137208
352469.631014 4026341.567363 0.000000 -0.140755
352469.627033 4026341.494074 0.000000 -0.144364
352469.622292 4026341.420577 0.000000 -0.148033
352469.616767 4026341.346880 0.000000 -0.151762
352469.610431 4026341.272990 0.000000 -0.155552
352469.603254 4026341.198913 0.000000 -0.159401
352469.595211 4026341.124658 0.000000 -0.163308
352469.586270 4026341.050234 0.000000 -0.167273
352469.576404 4026340.975650 0.000000 -0.171293
352469.565581 4026340.900916 0.000000 -0.175368
352469.553770 4026340.826044 0.000000 -0.179494
352469.540940 4026340.751046 0.000000 -0.183670
352469.527058 4026340.675933 0.000000 -0.187891
352469.512091 4026340.600719 0.000000 -0.192155
352469.496005 4026340.525418 0.000000 -0.196457
352469.478765 4026340.450047 0.000000 -0.200793
352469.460335 4026340.374621 0.000000 -0.205157
352469.440680 4026340.299158 0.000000 -0.209544
352469.419762 4026340.223676 0.000000 -0.213946
352469.397543 4026340.148195 0.000000 -0.218358
352469.373985 4026340.072735 0.000000 -0.222769
352469.349049 4026339.997319 0.000000 -0.227172
352469.322693 4026339.921971 0.000000 -0.231557
352469.294877 4026339.846715 0.000000 -0.235911
352469.265559 4026339.771577 0.000000 -0.240224
352469.234696 4026339.696584 0.000000 -0.244481
352469.202246 4026339.621767 0.000000 -0.248667
352469.168162 4026339.547156 0.000000 -0.252766
352469.132401 4026339.472783 0.000000 -0.256758
352469.094916 4026339.398683 0.000000 -0.260623
352469.055660 4026339.324890 0.000000 -0.264338
352469.014586 4026339.251444 0.000000 -0.267877
352468.971645 4026339.178383 0.000000 -0.271213
352468.926787 4026339.105750 0.000000 -0.274315
352468.879962 4026339.033588 0.000000 -0.277149
352468.831119 4026338.961942 0.000000 -0.279681
352468.780206 4026338.890862 0.000000 -0.281870
352468.727170 4026338.820396 0.000000 -0.283679
352468.671957 4026338.750597 0.000000 -0.285063
352468.614511 4026338.681520 0.000000 -0.285981
352468.554778 4026338.613223 0.000000 -0.286388
352468.492698 4026338.545764 0.000000 -0.286241
352468.428212 4026338.479205 0.000000 -0.285500
352468.361260 4026338.413610 0.000000 -0.284125
352468.291776 4026338.349045 0.000000 -0.282083
352468.219696 4026338.285579 0.000000 -0.279344
352468.144948 4026338.223281 0.000000 -0.275888
352468.067460 4026338.162224 0.000000 -0.271701
352467.987155 4026338.102481 0.000000 -0.266780
352467.903950 4026338.044127 0.000000 -0.261131
352467.817758 4026337.987240 0.000000 -0.254772
352467.728486 4026337.931897 0.000000 -0.247732
352467.636034 4026337.878178 0.000000 -0.240051
352467.540294 4026337.826161 0.000000 -0.231780
352467.441151 4026337.775928 0.000000 -0.222977
352467.338481 4026337.727559 0.000000 -0.213710
352467.232149 4026337.681135 0.000000 -0.204052
352467.122010 4026337.636735 0.000000 -0.194083
352467.007907 4026337.594440 0.000000 -0.183883
352466.889671 4026337.554329 0.000000 -0.173533
352466.767119 4026337.516478 0.000000 -0.163114
352466.640051 4026337.480964 0.000000 -0.156317
352466.508254 4026337.447860 0.000000 -0.149521
352466.371497 4026337.417237 0.000000 -0.142725
352466.229528 4026337.389165 0.000000 -0.135928
352466.082079 4026337.363707 0.000000 -0.129132
352465.928859 4026337.340926 0.000000 -0.122335
352465.769555 4026337.320878 0.000000 -0.115539
352465.603830 4026337.303616 0.000000 -0.108743
352465.431321 4026337.289186 0.000000 -0.101946
352465.251639 4026337.277629 0.000000 -0.095150
352465.064368 4026337.268981 0.000000 -0.088353
352464.869060 4026337.263270 0.000000 -0.081557
352464.665237 4026337.260515 0.000000 -0.074761
352464.452386 4026337.260728 0.000000 -0.067964
352464.229962 4026337.263915 0.000000 -0.061168
352463.997380 4026337.270068 0.000000 -0.054371
352463.754018 4026337.279171 0.000000 -0.047575
352463.499215 4026337.291199 0.000000 -0.040778
352463.232266 4026337.306112 0.000000 -0.033982
352462.952422 4026337.323862 0.000000 -0.027186
352462.658889 4026337.344384 0.000000 -0.020389
352462.350823 4026337.367603 0.000000 -0.013593
352462.027331 4026337.393427 0.000000 -0.006796
