352461.687468 4026337.421750 0.000000 0.000000
352461.426210 4026337.418436 0.000000 -0.007659
352461.165082 4026337.416518 0.000000 -0.015317
352460.904199 4026337.416259 0.000000 -0.022976
352460.643690 4026337.417942 0.000000 -0.030635
352460.383700 4026337.421863 0.000000 -0.038293
352460.124387 4026337.428333 0.000000 -0.045952
352459.865926 4026337.437671 0.000000 -0.053611
352459.608501 4026337.450205 0.000000 -0.061270
352459.352311 4026337.466265 0.000000 -0.068928
352459.097568 4026337.486183 0.000000 -0.076587
352458.844491 4026337.510289 0.000000 -0.084246
352458.593315 4026337.538911 0.000000 -0.091904
352458.344281 4026337.572372 0.000000 -0.099563
352458.097642 4026337.610984 0.000000 -0.107222
352457.853656 4026337.655053 0.000000 -0.114880
352457.612591 4026337.704871 0.000000 -0.122539
352457.374722 4026337.760715 0.000000 -0.130198
352457.140329 4026337.822850 0.000000 -0.137857
352456.909695 4026337.891520 0.000000 -0.145515
352456.683110 4026337.966954 0.000000 -0.153174
352456.460864 4026338.049360 0.000000 -0.160833
352456.243253 4026338.138922 0.000000 -0.168619
352456.030569 4026338.235806 0.000000 -0.176143
352455.823106 4026338.340151 0.000000 -0.183311
352455.621158 4026338.452073 0.000000 -0.190027
352455.425014 4026338.571664 0.000000 -0.196195
352455.234960 4026338.698986 0.000000 -0.201723
352455.051277 4026338.834078 0.000000 -0.206523
352454.874240 4026338.976950 0.000000 -0.197136
352454.704117 4026339.127584 0.000000 -0.187748
352454.541167 4026339.285936 0.000000 -0.178361
352454.385636 4026339.451932 0.000000 -0.168973
352454.237763 4026339.625470 0.000000 -0.159586
352454.097771 4026339.806420 0.000000 -0.150199
352453.965869 4026339.994623 0.000000 -0.140811
352453.842250 4026340.189894 0.000000 -0.131424
352453.727089 4026340.392018 0.000000 -0.122036
352453.620544 4026340.600755 0.000000 -0.112649
352453.522750 4026340.815837 0.000000 -0.103262
352453.433820 4026341.036970 0.000000 -0.093874
352453.353844 4026341.263836 0.000000 -0.084487
352453.282886 4026341.496092 0.000000 -0.075099
352453.220983 4026341.733372 0.000000 -0.065712
352453.168142 4026341.975287 0.000000 -0.056324
352453.124339 4026342.221428 0.000000 -0.046937
352453.089517 4026342.471366 0.000000 -0.037550
352453.063587 4026342.724655 0.000000 -0.028162
352453.046419 4026342.980829 0.000000 -0.018775
352453.037850 4026343.239411 0.000000 -0.009387
