352471.940187 4026399.690321 0.000000 0.000000
352471.931583 4026399.943204 0.000000 0.007032
352471.920077 4026400.195755 0.000000 0.014064
352471.905623 4026400.447910 0.000000 0.021096
352471.888150 4026400.699582 0.000000 0.028128
352471.867568 4026400.950663 0.000000 0.035159
352471.843765 4026401.201024 0.000000 0.042191
352471.816614 4026401.450520 0.000000 0.049223
352471.785969 4026401.698987 0.000000 0.056255
352471.751676 4026401.946245 0.000000 0.063287
352471.713568 4026402.192100 0.000000 0.070319
352471.671467 4026402.436344 0.000000 0.077351
352471.625193 4026402.678757 0.000000 0.084383
352471.574558 4026402.919107 0.000000 0.091414
352471.519371 4026403.157153 0.000000 0.098446
352471.459441 4026403.392645 0.000000 0.105478
352471.394578 4026403.625325 0.000000 0.112510
352471.324592 4026403.854930 0.000000 0.119542
352471.249300 4026404.081191 0.000000 0.126574
352471.168524 4026404.303835 0.000000 0.133606
352471.082091 4026404.522589 0.000000 0.140638
352470.989838 4026404.737176 0.000000 0.147670
352470.891613 4026404.947319 0.000000 0.154701
352470.787275 4026405.152744 0.000000 0.160955
352470.676695 4026405.353177 0.000000 0.166981
352470.559759 4026405.548351 0.000000 0.172696
352470.436368 4026405.738000 0.000000 0.178014
352470.306439 4026405.921867 0.000000 0.182852
352470.169907 4026406.099700 0.000000 0.174902
352470.026726 4026406.271258 0.000000 0.166951
352469.876870 4026406.436307 0.000000 0.159001
352469.720332 4026406.594626 0.000000 0.151051
352469.557127 4026406.746006 0.000000 0.143101
352469.387294 4026406.890250 0.000000 0.135151
352469.210893 4026407.027177 0.000000 0.127201
352469.028009 4026407.156621 0.000000 0.119251
352468.838752 4026407.278433 0.000000 0.111301
352468.643255 4026407.392484 0.000000 0.103351
352468.441679 4026407.498661 0.000000 0.095401
352468.234209 4026407.596876 0.000000 0.087451
352468.021060 4026407.687059 0.000000 0.079501
352467.802470 4026407.769165 0.000000 0.071551
352467.578708 4026407.843175 0.000000 0.063601
352467.350068 4026407.909091 0.000000 0.055650
352467.116873 4026407.966947 0.000000 0.047700
352466.879475 4026408.016800 0.000000 0.039750
352466.638253 4026408.058741 0.000000 0.031800
352466.393614 4026408.092887 0.000000 0.023850
352466.145995 4026408.119390 0.000000 0.015900
352465.895859 4026408.138434 0.000000 0.007950
