352710.472285 4025812.814888 0.000000 0.000000
352710.647610 4025812.929718 0.000000 -0.000000
352710.822936 4025813.044548 0.000000 -0.000000
352710.998261 4025813.159378 0.000000 -0.000000
352711.173587 4025813.274208 0.000000 -0.000000
352711.348913 4025813.389038 0.000000 -0.000000
352711.524238 4025813.503868 0.000000 -0.000000
352711.699564 4025813.618698 0.000000 -0.000000
352711.874890 4025813.733527 0.000000 -0.000000
352712.050215 4025813.848357 0.000000 -0.000000
352712.225541 4025813.963187 0.000000 -0.000000
352712.400866 4025814.078017 0.000000 -0.000000
352712.576192 4025814.192847 0.000000 -0.000000
352712.751518 4025814.307677 0.000000 -0.000000
352712.926843 4025814.422507 0.000000 -0.000000
352713.102169 4025814.537337 0.000000 -0.000000
352713.277494 4025814.652166 0.000000 -0.000000
352713.452820 4025814.766996 0.000000 -0.000000
352713.628146 4025814.881826 0.000000 -0.000000
352713.803471 4025814.996656 0.000000 -0.000000
352713.978797 4025815.111486 0.000000 -0.000000
352714.154122 4025815.226316 0.000000 -0.000000
352714.329448 4025815.341146 0.000000 -0.000000
352714.504774 4025815.455976 0.000000 -0.000000
352714.680099 4025815.570805 0.000000 -0.000000
352714.855425 4025815.685635 0.000000 -0.000000
352715.030750 4025815.800465 0.000000 0.000000
352715.206076 4025815.915295 0.000000 0.000000
352715.381402 4025816.030125 0.000000 0.000000
352715.556727 4025816.144955 0.000000 0.000000
352715.732053 4025816.259785 0.000000 0.000000
352715.907379 4025816.374614 0.000000 0.000000
352716.082704 4025816.489444 0.000000 0.000000
352716.258030 4025816.604274 0.000000 0.000000
352716.433355 4025816.719104 0.000000 0.000000
352716.608681 4025816.833934 0.000000 0.000000
352716.784007 4025816.948764 0.000000 0.000000
352716.959332 4025817.063594 0.000000 0.000000
352717.134658 4025817.178424 0.000000 0.000000
352717.309983 4025817.293253 0.000000 0.000000
352717.485309 4025817.408083 0.000000 0.000000
352717.660635 4025817.522913 0.000000 0.000000
352717.835960 4025817.637743 0.000000 0.000000
352718.011286 4025817.752573 0.000000 0.000000
352718.186611 4025817.867403 0.000000 0.000000
352718.361937 4025817.982233 0.000000 0.000000
352718.537263 4025818.097063 0.000000 0.000000
352718.712588 4025818.211892 0.000000 0.000000
352718.887914 4025818.326722 0.000000 0.000000
352719.063239 4025818.441552 0.000000 0.000000
