352719.238565 4025818.556382 0.000000 0.000000
352719.505411 4025818.727014 0.000000 0.000000
352719.759462 4025818.889465 0.000000 0.000000
352720.001557 4025819.044271 0.000000 0.000000
352720.232485 4025819.191936 0.000000 0.000000
352720.452993 4025819.332938 0.000000 0.000000
352720.663782 4025819.467725 0.000000 0.000000
352720.865512 4025819.596720 0.000000 0.000000
352721.058804 4025819.720319 0.000000 0.000000
352721.244240 4025819.838894 0.000000 0.000000
352721.422365 4025819.952795 0.000000 0.000000
352721.593692 4025820.062349 0.000000 0.000000
352721.758698 4025820.167860 0.000000 0.000000
352721.917830 4025820.269616 0.000000 0.000000
352722.071505 4025820.367882 0.000000 0.000000
352722.220110 4025820.462906 0.000000 0.000000
352722.364007 4025820.554920 0.000000 0.000000
352722.503531 4025820.644138 0.000000 0.000000
352722.638993 4025820.730758 0.000000 0.000000
352722.770683 4025820.814966 0.000000 0.000000
352722.898865 4025820.896931 0.000000 0.000000
352723.023788 4025820.976812 0.000000 0.000000
352723.145679 4025821.054754 0.000000 0.000000
352723.264746 4025821.130890 0.000000 0.000000
352723.381183 4025821.205345 0.000000 0.000000
352723.495166 4025821.278230 0.000000 0.000000
352723.606858 4025821.349651 0.000000 0.000000
352723.716407 4025821.419702 0.000000 0.000000
352723.823951 4025821.488469 0.000000 0.000000
352723.929613 4025821.556034 0.000000 0.000000
352724.033507 4025821.622468 0.000000 0.000000
352724.135737 4025821.687839 0.000000 0.000000
352724.236399 4025821.752206 0.000000 0.000000
352724.335578 4025821.815625 0.000000 0.000000
352724.433354 4025821.878147 0.000000 0.000000
352724.529799 4025821.939818 0.000000 0.000000
352724.624979 4025822.000680 0.000000 0.000000
352724.718954 4025822.060772 0.000000 0.000000
352724.811782 4025822.120130 0.000000 0.000000
352724.903512 4025822.178786 0.000000 0.000000
352724.994193 4025822.236771 0.000000 -0.000000
352725.083868 4025822.294113 0.000000 -0.000000
352725.172579 4025822.350838 0.000000 0.000000
352725.260364 4025822.406972 0.000000 -0.000000
352725.347260 4025822.462537 0.000000 0.000000
352725.433300 4025822.517555 0.000000 -0.000000
352725.518519 4025822.572047 0.000000 0.000000
352725.602947 4025822.626034 0.000000 -0.000000
352725.686615 4025822.679534 0.000000 -0.000000
352725.769551 4025822.732567 0.000000 0.000000
352725.851785 4025822.785151 0.000000 -0.000000
352725.933343 4025822.837303 0.000000 0.000000
352726.014252 4025822.889039 0.000000 -0.000000
352726.094539 4025822.940378 0.000000 -0.000000
352726.174227 4025822.991334 0.000000 -0.000000
352726.253341 4025823.041923 0.000000 -0.000000
352726.331906 4025823.092160 0.000000 0.000000
352726.409943 4025823.142061 0.000000 0.000000
352726.487475 4025823.191638 0.000000 -0.000000
352726.564522 4025823.240905 0.000000 -0.000000
352726.641107 4025823.289877 0.000000 -0.000000
352726.717249 4025823.338565 0.000000 -0.000000
352726.792967 4025823.386982 0.000000 -0.000000
352726.868280 4025823.435140 0.000000 -0.000000
352726.943206 4025823.483051 0.000000 -0.000000
352727.017763 4025823.530726 0.000000 0.000000
352727.091968 4025823.578176 0.000000 -0.000000
352727.165836 4025823.625410 0.000000 -0.000000
352727.239385 4025823.672441 0.000000 0.000000
352727.312629 4025823.719276 0.000000 -0.000000
352727.385584 4025823.765926 0.000000 -0.000000
352727.458262 4025823.812400 0.000000 -0.000000
352727.530679 4025823.858706 0.000000 0.000000
352727.602847 4025823.904854 0.000000 0.000000
352727.674780 4025823.950850 0.000000 -0.000000
352727.746490 4025823.996705 0.000000 -0.000000
352727.817988 4025824.042424 0.000000 0.000000
352727.889288 4025824.088015 0.000000 0.000000
352727.960398 4025824.133487 0.000000 0.000000
352728.031332 4025824.178845 0.000000 -0.000000
352728.102099 4025824.224096 0.000000 0.000000
352728.172708 4025824.269247 0.000000 0.000000
352728.243172 4025824.314304 0.000000 -0.000000
352728.313497 4025824.359273 0.000000 0.000000
352728.383695 4025824.404160 0.000000 -0.000000
352728.453773 4025824.448971 0.000000 0.000000
352728.523741 4025824.493712 0.000000 -0.000000
352728.593607 4025824.538387 0.000000 0.000000
352728.663379 4025824.583002 0.000000 -0.000000
352728.733066 4025824.627562 0.000000 0.000000
352728.802674 4025824.672073 0.000000 -0.000000
352728.872213 4025824.716539 0.000000 0.000000
352728.941688 4025824.760964 0.000000 -0.000000
352729.011108 4025824.805355 0.000000 0.000000
352729.080480 4025824.849714 0.000000 -0.000000
352729.149811 4025824.894047 0.000000 0.000000
352729.219108 4025824.938358 0.000000 -0.000000
352729.288377 4025824.982652 0.000000 0.000000
352729.357627 4025825.026933 0.000000 0.000000
352729.426862 4025825.071205 0.000000 -0.000000
352729.496091 4025825.115473 0.000000 -0.000000
352729.565320 4025825.159740 0.000000 0.000000
352729.634556 4025825.204013 0.000000 -0.000000
352729.703805 4025825.248293 0.000000 -0.000000
352729.773074 4025825.292587 0.000000 -0.000000
352729.842371 4025825.336898 0.000000 -0.000000
352729.911702 4025825.381231 0.000000 0.000000
352729.981074 4025825.425591 0.000000 0.000000
352730.050494 4025825.469981 0.000000 0.000000
352730.119969 4025825.514407 0.000000 0.000000
352730.189508 4025825.558872 0.000000 0.000000
352730.259116 4025825.603383 0.000000 -0.000000
352730.328803 4025825.647943 0.000000 0.000000
352730.398575 4025825.692559 0.000000 -0.000000
352730.468441 4025825.737234 0.000000 0.000000
352730.538409 4025825.781974 0.000000 -0.000000
352730.608487 4025825.826785 0.000000 0.000000
352730.678685 4025825.871673 0.000000 -0.000000
352730.749011 4025825.916642 0.000000 0.000000
352730.819474 4025825.961699 0.000000 -0.000000
352730.890083 4025826.006850 0.000000 0.000000
352730.960850 4025826.052101 0.000000 -0.000000
352731.031784 4025826.097459 0.000000 -0.000000
352731.102894 4025826.142930 0.000000 -0.000000
352731.174194 4025826.188522 0.000000 0.000000
352731.245692 4025826.234241 0.000000 0.000000
352731.317402 4025826.280095 0.000000 -0.000000
352731.389335 4025826.326092 0.000000 0.000000
352731.461503 4025826.372239 0.000000 0.000000
352731.533920 4025826.418546 0.000000 -0.000000
352731.606598 4025826.465019 0.000000 0.000000
352731.679553 4025826.511669 0.000000 0.000000
352731.752797 4025826.558505 0.000000 -0.000000
352731.826346 4025826.605535 0.000000 -0.000000
352731.900214 4025826.652770 0.000000 0.000000
352731.974419 4025826.700219 0.000000 -0.000000
352732.048976 4025826.747894 0.000000 0.000000
352732.123902 4025826.795805 0.000000 0.000000
352732.199215 4025826.843963 0.000000 -0.000000
352732.274933 4025826.892380 0.000000 0.000000
352732.351075 4025826.941069 0.000000 -0.000000
352732.427660 4025826.990040 0.000000 0.000000
352732.504707 4025827.039308 0.000000 0.000000
352732.582239 4025827.088885 0.000000 0.000000
352732.660276 4025827.138785 0.000000 0.000000
352732.738841 4025827.189022 0.000000 -0.000000
352732.817955 4025827.239611 0.000000 -0.000000
352732.897644 4025827.290567 0.000000 0.000000
352732.977930 4025827.341906 0.000000 -0.000000
352733.058839 4025827.393643 0.000000 0.000000
352733.140397 4025827.445794 0.000000 -0.000000
352733.222631 4025827.498378 0.000000 -0.000000
352733.305567 4025827.551411 0.000000 0.000000
352733.389235 4025827.604912 0.000000 -0.000000
352733.473663 4025827.658898 0.000000 -0.000000
352733.558882 4025827.713391 0.000000 -0.000000
352733.644922 4025827.768409 0.000000 -0.000000
352733.731818 4025827.823973 0.000000 -0.000000
352733.819603 4025827.880107 0.000000 -0.000000
352733.908314 4025827.936832 0.000000 0.000000
352733.997989 4025827.994174 0.000000 0.000000
352734.088670 4025828.052159 0.000000 0.000000
352734.180400 4025828.110816 0.000000 0.000000
352734.273228 4025828.170173 0.000000 -0.000000
352734.367203 4025828.230265 0.000000 -0.000000
352734.462383 4025828.291128 0.000000 0.000000
352734.558828 4025828.352798 0.000000 -0.000000
352734.656604 4025828.415320 0.000000 -0.000000
352734.755783 4025828.478740 0.000000 -0.000000
352734.856445 4025828.543107 0.000000 0.000000
352734.958675 4025828.608477 0.000000 -0.000000
352735.062569 4025828.674911 0.000000 0.000000
352735.168231 4025828.742476 0.000000 0.000000
352735.275775 4025828.811244 0.000000 -0.000000
352735.385324 4025828.881294 0.000000 -0.000000
352735.497016 4025828.952715 0.000000 0.000000
352735.610999 4025829.025601 0.000000 0.000000
352735.727436 4025829.100055 0.000000 0.000000
352735.846503 4025829.176192 0.000000 0.000000
352735.968394 4025829.254133 0.000000 0.000000
352736.093317 4025829.334014 0.000000 0.000000
352736.221499 4025829.415980 0.000000 0.000000
352736.353189 4025829.500187 0.000000 0.000000
352736.488651 4025829.586808 0.000000 0.000000
352736.628175 4025829.676025 0.000000 0.000000
352736.772072 4025829.768039 0.000000 0.000000
352736.920677 4025829.863063 0.000000 0.000000
352737.074352 4025829.961329 0.000000 0.000000
352737.233484 4025830.063085 0.000000 0.000000
352737.398490 4025830.168597 0.000000 0.000000
352737.569817 4025830.278150 0.000000 0.000000
352737.747942 4025830.392051 0.000000 0.000000
352737.933378 4025830.510626 0.000000 0.000000
352738.126670 4025830.634225 0.000000 0.000000
352738.328400 4025830.763220 0.000000 0.000000
352738.539189 4025830.898007 0.000000 0.000000
352738.759697 4025831.039009 0.000000 0.000000
352738.990625 4025831.186675 0.000000 0.000000
352739.232720 4025831.341480 0.000000 0.000000
352739.486771 4025831.503931 0.000000 0.000000
