352749.164065 4025837.529953 0.000000 0.000000
352749.475162 4025837.685186 0.000000 -0.000647
352749.771683 4025837.832205 0.000000 -0.001294
352750.054583 4025837.971550 0.000000 -0.001942
352750.324761 4025838.103730 0.000000 -0.002589
352750.583066 4025838.229223 0.000000 -0.003236
352750.830297 4025838.348481 0.000000 -0.003883
352751.067205 4025838.461929 0.000000 -0.004530
352751.294496 4025838.569963 0.000000 -0.005178
352751.512833 4025838.672960 0.000000 -0.005825
352751.722838 4025838.771268 0.000000 -0.006472
352751.925092 4025838.865216 0.000000 -0.007119
352752.120139 4025838.955110 0.000000 -0.007766
352752.308486 4025839.041236 0.000000 -0.008414
352752.490608 4025839.123862 0.000000 -0.009061
352752.666946 4025839.203235 0.000000 -0.009708
352752.837909 4025839.279587 0.000000 -0.010355
352753.003879 4025839.353131 0.000000 -0.011003
352753.165208 4025839.424067 0.000000 -0.011650
352753.322224 4025839.492577 0.000000 -0.012297
352753.475228 4025839.558833 0.000000 -0.012944
352753.624501 4025839.622990 0.000000 -0.013591
352753.770298 4025839.685194 0.000000 -0.014239
352753.912856 4025839.745576 0.000000 -0.014886
352754.052392 4025839.804259 0.000000 -0.015111
352754.189106 4025839.861354 0.000000 -0.015305
352754.323180 4025839.916965 0.000000 -0.015469
352754.454781 4025839.971184 0.000000 -0.015603
352754.584060 4025840.024097 0.000000 -0.015710
352754.711157 4025840.075782 0.000000 -0.015791
352754.836197 4025840.126309 0.000000 -0.015849
352754.959297 4025840.175745 0.000000 -0.015886
352755.080560 4025840.224146 0.000000 -0.015904
352755.200081 4025840.271567 0.000000 -0.015906
352755.317946 4025840.318057 0.000000 -0.015893
352755.434235 4025840.363658 0.000000 -0.015869
352755.549017 4025840.408412 0.000000 -0.015835
352755.662357 4025840.452355 0.000000 -0.015793
352755.774315 4025840.495521 0.000000 -0.015744
352755.884944 4025840.537940 0.000000 -0.015691
352755.994294 4025840.579640 0.000000 -0.015633
352756.102410 4025840.620647 0.000000 -0.015573
352756.209333 4025840.660986 0.000000 -0.015510
352756.315102 4025840.700679 0.000000 -0.015445
352756.419755 4025840.739746 0.000000 -0.015378
352756.523323 4025840.778208 0.000000 -0.015310
352756.625840 4025840.816083 0.000000 -0.015241
352756.727336 4025840.853389 0.000000 -0.015169
352756.827839 4025840.890143 0.000000 -0.015096
352756.927378 4025840.926362 0.000000 -0.015021
352757.025978 4025840.962061 0.000000 -0.014944
352757.123666 4025840.997256 0.000000 -0.014864
352757.220465 4025841.031962 0.000000 -0.014782
352757.316399 4025841.066193 0.000000 -0.014696
352757.411492 4025841.099962 0.000000 -0.014608
352757.505765 4025841.133283 0.000000 -0.014517
352757.599239 4025841.166169 0.000000 -0.014422
352757.691935 4025841.198633 0.000000 -0.014325
352757.783872 4025841.230686 0.000000 -0.014224
352757.875069 4025841.262340 0.000000 -0.014121
352757.965543 4025841.293607 0.000000 -0.014016
352758.055314 4025841.324496 0.000000 -0.013908
352758.144396 4025841.355018 0.000000 -0.013799
352758.232807 4025841.385184 0.000000 -0.013688
352758.320562 4025841.415002 0.000000 -0.013577
352758.407677 4025841.444483 0.000000 -0.013465
352758.494164 4025841.473635 0.000000 -0.013354
352758.580039 4025841.502466 0.000000 -0.013243
352758.665314 4025841.530985 0.000000 -0.013135
352758.750003 4025841.559199 0.000000 -0.013028
352758.834119 4025841.587116 0.000000 -0.012925
352758.917672 4025841.614744 0.000000 -0.012825
352759.000675 4025841.642089 0.000000 -0.012729
352759.083138 4025841.669158 0.000000 -0.012637
352759.165074 4025841.695958 0.000000 -0.012551
352759.246491 4025841.722494 0.000000 -0.012471
352759.327400 4025841.748772 0.000000 -0.012397
352759.407812 4025841.774799 0.000000 -0.012330
352759.487734 4025841.800579 0.000000 -0.012270
352759.567177 4025841.826117 0.000000 -0.012217
352759.646150 4025841.851418 0.000000 -0.012172
352759.724660 4025841.876488 0.000000 -0.012136
352759.802717 4025841.901330 0.000000 -0.012108
352759.880328 4025841.925949 0.000000 -0.012089
352759.957501 4025841.950348 0.000000 -0.012079
352760.034245 4025841.974533 0.000000 -0.012078
352760.110566 4025841.998505 0.000000 -0.012086
352760.186471 4025842.022270 0.000000 -0.012103
352760.261969 4025842.045831 0.000000 -0.012130
352760.337066 4025842.069189 0.000000 -0.012166
352760.411768 4025842.092350 0.000000 -0.012212
352760.486083 4025842.115315 0.000000 -0.012266
352760.560016 4025842.138087 0.000000 -0.012330
352760.633575 4025842.160670 0.000000 -0.012402
352760.706766 4025842.183065 0.000000 -0.012483
352760.779595 4025842.205276 0.000000 -0.012572
352760.852067 4025842.227303 0.000000 -0.012670
352760.924189 4025842.249151 0.000000 -0.012775
352760.995968 4025842.270820 0.000000 -0.012887
352761.067407 4025842.292313 0.000000 -0.013006
352761.138515 4025842.313632 0.000000 -0.013132
352761.209295 4025842.334778 0.000000 -0.013264
352761.279753 4025842.355755 0.000000 -0.013401
352761.349896 4025842.376562 0.000000 -0.013543
352761.419728 4025842.397203 0.000000 -0.013690
352761.489255 4025842.417678 0.000000 -0.013841
352761.558482 4025842.437989 0.000000 -0.013994
352761.627414 4025842.458139 0.000000 -0.014151
352761.696056 4025842.478128 0.000000 -0.014309
352761.764414 4025842.497957 0.000000 -0.014469
352761.832492 4025842.517630 0.000000 -0.014630
352761.900296 4025842.537146 0.000000 -0.014790
352761.967830 4025842.556507 0.000000 -0.014951
352762.035099 4025842.575715 0.000000 -0.015110
352762.102109 4025842.594771 0.000000 -0.015267
352762.168863 4025842.613677 0.000000 -0.015421
352762.235366 4025842.632433 0.000000 -0.015572
352762.301624 4025842.651042 0.000000 -0.015720
352762.367641 4025842.669505 0.000000 -0.015863
352762.433421 4025842.687822 0.000000 -0.016001
352762.498969 4025842.705996 0.000000 -0.016133
352762.564290 4025842.724029 0.000000 -0.016259
352762.629387 4025842.741920 0.000000 -0.016379
352762.694266 4025842.759673 0.000000 -0.016491
352762.758930 4025842.777287 0.000000 -0.016595
352762.823385 4025842.794766 0.000000 -0.016691
352762.887634 4025842.812110 0.000000 -0.016778
352762.951681 4025842.829320 0.000000 -0.016855
352763.015532 4025842.846400 0.000000 -0.016924
352763.079190 4025842.863349 0.000000 -0.016982
352763.142659 4025842.880169 0.000000 -0.017030
352763.205944 4025842.896863 0.000000 -0.017067
352763.269048 4025842.913432 0.000000 -0.017093
352763.331976 4025842.929877 0.000000 -0.017109
352763.394732 4025842.946201 0.000000 -0.017113
352763.457319 4025842.962404 0.000000 -0.017106
352763.519742 4025842.978489 0.000000 -0.017088
352763.582006 4025842.994458 0.000000 -0.017058
352763.644112 4025843.010312 0.000000 -0.017017
352763.706067 4025843.026053 0.000000 -0.016964
352763.767872 4025843.041684 0.000000 -0.016900
352763.829534 4025843.057205 0.000000 -0.016825
352763.891054 4025843.072619 0.000000 -0.016740
352763.952437 4025843.087928 0.000000 -0.016644
352764.013686 4025843.103133 0.000000 -0.016537
352764.074806 4025843.118237 0.000000 -0.016420
352764.135800 4025843.133242 0.000000 -0.016294
352764.196672 4025843.148149 0.000000 -0.016159
352764.257424 4025843.162961 0.000000 -0.016015
352764.318061 4025843.177679 0.000000 -0.015863
352764.378587 4025843.192306 0.000000 -0.015703
352764.439004 4025843.206843 0.000000 -0.015535
352764.499316 4025843.221293 0.000000 -0.015362
352764.559527 4025843.235657 0.000000 -0.015182
352764.619639 4025843.249938 0.000000 -0.014997
352764.679657 4025843.264137 0.000000 -0.014807
352764.739583 4025843.278256 0.000000 -0.014613
352764.799420 4025843.292298 0.000000 -0.014415
352764.859172 4025843.306264 0.000000 -0.014215
352764.918842 4025843.320157 0.000000 -0.014012
352764.978433 4025843.333977 0.000000 -0.013809
352765.037947 4025843.347727 0.000000 -0.013604
352765.097388 4025843.361408 0.000000 -0.013399
352765.156758 4025843.375023 0.000000 -0.013195
352765.216061 4025843.388573 0.000000 -0.012992
352765.275299 4025843.402059 0.000000 -0.012791
352765.334475 4025843.415484 0.000000 -0.012593
352765.393591 4025843.428849 0.000000 -0.012397
352765.452650 4025843.442156 0.000000 -0.012205
352765.511655 4025843.455406 0.000000 -0.012017
352765.570608 4025843.468600 0.000000 -0.011834
352765.629511 4025843.481740 0.000000 -0.011656
352765.688368 4025843.494828 0.000000 -0.011484
352765.747179 4025843.507864 0.000000 -0.011318
352765.805947 4025843.520850 0.000000 -0.011159
352765.864676 4025843.533788 0.000000 -0.011007
352765.923365 4025843.546678 0.000000 -0.010862
352765.982019 4025843.559521 0.000000 -0.010725
352766.040638 4025843.572319 0.000000 -0.010596
352766.099225 4025843.585072 0.000000 -0.010476
352766.157781 4025843.597782 0.000000 -0.010364
352766.216309 4025843.610449 0.000000 -0.010262
352766.274809 4025843.623075 0.000000 -0.010168
352766.333285 4025843.635660 0.000000 -0.010084
352766.391737 4025843.648204 0.000000 -0.010009
352766.450167 4025843.660709 0.000000 -0.009944
352766.508576 4025843.673174 0.000000 -0.009889
352766.566966 4025843.685602 0.000000 -0.009843
352766.625339 4025843.697991 0.000000 -0.009808
352766.683696 4025843.710343 0.000000 -0.009782
352766.742038 4025843.722658 0.000000 -0.009765
352766.800367 4025843.734937 0.000000 -0.009759
352766.858682 4025843.747178 0.000000 -0.009762
352766.916987 4025843.759384 0.000000 -0.009775
352766.975282 4025843.771553 0.000000 -0.009797
352767.033567 4025843.783687 0.000000 -0.009829
352767.091845 4025843.795785 0.000000 -0.009869
352767.150115 4025843.807847 0.000000 -0.009919
352767.208380 4025843.819873 0.000000 -0.009977
352767.266639 4025843.831863 0.000000 -0.010044
352767.324893 4025843.843818 0.000000 -0.010120
352767.383144 4025843.855736 0.000000 -0.010203
352767.441392 4025843.867618 0.000000 -0.010294
352767.499638 4025843.879463 0.000000 -0.010392
352767.557883 4025843.891272 0.000000 -0.010498
352767.616126 4025843.903043 0.000000 -0.010610
352767.674369 4025843.914778 0.000000 -0.010729
352767.732613 4025843.926474 0.000000 -0.010854
352767.790858 4025843.938132 0.000000 -0.010985
352767.849104 4025843.949752 0.000000 -0.011122
352767.907352 4025843.961333 0.000000 -0.011263
352767.965603 4025843.972874 0.000000 -0.011410
352768.023856 4025843.984375 0.000000 -0.011561
352768.082112 4025843.995836 0.000000 -0.011717
352768.140373 4025844.007255 0.000000 -0.011876
352768.198637 4025844.018634 0.000000 -0.012038
352768.256906 4025844.029970 0.000000 -0.012204
352768.315179 4025844.041263 0.000000 -0.012373
352768.373458 4025844.052513 0.000000 -0.012544
352768.431741 4025844.063719 0.000000 -0.012717
352768.490031 4025844.074881 0.000000 -0.012892
352768.548326 4025844.085998 0.000000 -0.013068
352768.606627 4025844.097068 0.000000 -0.013246
352768.664935 4025844.108093 0.000000 -0.013424
352768.723250 4025844.119070 0.000000 -0.013602
352768.781571 4025844.130000 0.000000 -0.013781
352768.839899 4025844.140881 0.000000 -0.013959
352768.898234 4025844.151714 0.000000 -0.014137
352768.956577 4025844.162497 0.000000 -0.014314
352769.014927 4025844.173229 0.000000 -0.014490
352769.073285 4025844.183911 0.000000 -0.014664
352769.131650 4025844.194541 0.000000 -0.014837
352769.190024 4025844.205119 0.000000 -0.015007
352769.248406 4025844.215644 0.000000 -0.015175
352769.306796 4025844.226115 0.000000 -0.015340
352769.365194 4025844.236533 0.000000 -0.015502
352769.423600 4025844.246896 0.000000 -0.015661
352769.482016 4025844.257204 0.000000 -0.015816
352769.540439 4025844.267456 0.000000 -0.015968
352769.598872 4025844.277652 0.000000 -0.016115
352769.657313 4025844.287791 0.000000 -0.016258
352769.715764 4025844.297872 0.000000 -0.016396
352769.774223 4025844.307896 0.000000 -0.016529
352769.832691 4025844.317861 0.000000 -0.016657
352769.891169 4025844.327767 0.000000 -0.016780
352769.949656 4025844.337614 0.000000 -0.016896
352770.008152 4025844.347402 0.000000 -0.017007
352770.066657 4025844.357129 0.000000 -0.017112
352770.125172 4025844.366795 0.000000 -0.017211
352770.183696 4025844.376401 0.000000 -0.017303
352770.242230 4025844.385945 0.000000 -0.017388
352770.300773 4025844.395428 0.000000 -0.017466
352770.359326 4025844.404848 0.000000 -0.017537
352770.417888 4025844.414207 0.000000 -0.017601
352770.476460 4025844.423503 0.000000 -0.017658
352770.535042 4025844.432737 0.000000 -0.017707
352770.593634 4025844.441908 0.000000 -0.017748
352770.652235 4025844.451016 0.000000 -0.017782
352770.710847 4025844.460061 0.000000 -0.017808
352770.769467 4025844.469043 0.000000 -0.017826
352770.828098 4025844.477962 0.000000 -0.017836
352770.886739 4025844.486817 0.000000 -0.017839
352770.945389 4025844.495609 0.000000 -0.017833
352771.004049 4025844.504338 0.000000 -0.017820
352771.062719 4025844.513004 0.000000 -0.017798
352771.121399 4025844.521607 0.000000 -0.017769
352771.180088 4025844.530147 0.000000 -0.017732
352771.238787 4025844.538624 0.000000 -0.017687
352771.297496 4025844.547039 0.000000 -0.017635
352771.356214 4025844.555391 0.000000 -0.017575
352771.414942 4025844.563681 0.000000 -0.017509
352771.473680 4025844.571909 0.000000 -0.017434
352771.532427 4025844.580076 0.000000 -0.017354
352771.591184 4025844.588181 0.000000 -0.017266
352771.649950 4025844.596225 0.000000 -0.017172
352771.708725 4025844.604209 0.000000 -0.017071
352771.767509 4025844.612132 0.000000 -0.016965
352771.826303 4025844.619996 0.000000 -0.016853
352771.885106 4025844.627801 0.000000 -0.016736
352771.943918 4025844.635546 0.000000 -0.016614
352772.002739 4025844.643233 0.000000 -0.016487
352772.061569 4025844.650863 0.000000 -0.016356
352772.120407 4025844.658434 0.000000 -0.016221
352772.179254 4025844.665950 0.000000 -0.016083
352772.238110 4025844.673408 0.000000 -0.015942
352772.296974 4025844.680811 0.000000 -0.015798
352772.355846 4025844.688159 0.000000 -0.015652
352772.414727 4025844.695452 0.000000 -0.015505
352772.473616 4025844.702691 0.000000 -0.015357
352772.532513 4025844.709877 0.000000 -0.015208
352772.591417 4025844.717010 0.000000 -0.015059
352772.650330 4025844.724091 0.000000 -0.014911
352772.709250 4025844.731120 0.000000 -0.014764
352772.768177 4025844.738098 0.000000 -0.014619
352772.827112 4025844.745025 0.000000 -0.014476
352772.886054 4025844.751903 0.000000 -0.014336
352772.945004 4025844.758731 0.000000 -0.014200
352773.003960 4025844.765511 0.000000 -0.014068
352773.062923 4025844.772242 0.000000 -0.013940
352773.121892 4025844.778926 0.000000 -0.013818
352773.180868 4025844.785563 0.000000 -0.013702
352773.239851 4025844.792153 0.000000 -0.013592
352773.298839 4025844.798696 0.000000 -0.013490
352773.357834 4025844.805194 0.000000 -0.013395
352773.416835 4025844.811647 0.000000 -0.013308
352773.475842 4025844.818054 0.000000 -0.013231
352773.534854 4025844.824417 0.000000 -0.013162
352773.593872 4025844.830735 0.000000 -0.013103
352773.652895 4025844.837010 0.000000 -0.013055
352773.711923 4025844.843240 0.000000 -0.013017
352773.770957 4025844.849427 0.000000 -0.012990
352773.829996 4025844.855570 0.000000 -0.012975
352773.889039 4025844.861669 0.000000 -0.012971
352773.948087 4025844.867725 0.000000 -0.012980
352774.007140 4025844.873738 0.000000 -0.013001
352774.066198 4025844.879707 0.000000 -0.013035
352774.125259 4025844.885632 0.000000 -0.013082
352774.184325 4025844.891514 0.000000 -0.013142
352774.243396 4025844.897351 0.000000 -0.013215
352774.302470 4025844.903144 0.000000 -0.013302
352774.361548 4025844.908893 0.000000 -0.013402
352774.420630 4025844.914596 0.000000 -0.013516
352774.479716 4025844.920254 0.000000 -0.013643
352774.538805 4025844.925866 0.000000 -0.013783
352774.597898 4025844.931431 0.000000 -0.013937
352774.656994 4025844.936950 0.000000 -0.014104
352774.716094 4025844.942421 0.000000 -0.014284
352774.775197 4025844.947843 0.000000 -0.014476
352774.834303 4025844.953216 0.000000 -0.014682
352774.893413 4025844.958539 0.000000 -0.014899
352774.952525 4025844.963812 0.000000 -0.015129
352775.011640 4025844.969033 0.000000 -0.015369
352775.070759 4025844.974201 0.000000 -0.015621
352775.129880 4025844.979316 0.000000 -0.015884
352775.189004 4025844.984376 0.000000 -0.016157
352775.248131 4025844.989381 0.000000 -0.016439
352775.307260 4025844.994328 0.000000 -0.016730
352775.366393 4025844.999218 0.000000 -0.017030
352775.425527 4025845.004049 0.000000 -0.017338
352775.484665 4025845.008820 0.000000 -0.017652
352775.543805 4025845.013529 0.000000 -0.017973
352775.602948 4025845.018176 0.000000 -0.018300
352775.662093 4025845.022758 0.000000 -0.018631
352775.721240 4025845.027276 0.000000 -0.018966
352775.780390 4025845.031727 0.000000 -0.019304
352775.839543 4025845.036109 0.000000 -0.019645
352775.898698 4025845.040423 0.000000 -0.019987
352775.957855 4025845.044666 0.000000 -0.020330
352776.017015 4025845.048837 0.000000 -0.020672
352776.076177 4025845.052935 0.000000 -0.021013
352776.135342 4025845.056958 0.000000 -0.021352
352776.194509 4025845.060905 0.000000 -0.021687
352776.253679 4025845.064775 0.000000 -0.022019
352776.312851 4025845.068566 0.000000 -0.022345
352776.372025 4025845.072277 0.000000 -0.022666
352776.431202 4025845.075907 0.000000 -0.022980
352776.490381 4025845.079455 0.000000 -0.023286
352776.549563 4025845.082919 0.000000 -0.023583
352776.608747 4025845.086298 0.000000 -0.023871
352776.667933 4025845.089592 0.000000 -0.024149
352776.727122 4025845.092798 0.000000 -0.024416
352776.786313 4025845.095917 0.000000 -0.024671
352776.845507 4025845.098947 0.000000 -0.024913
352776.904704 4025845.101886 0.000000 -0.025142
352776.963903 4025845.104735 0.000000 -0.025357
352777.023104 4025845.107492 0.000000 -0.025557
352777.082308 4025845.110157 0.000000 -0.025743
352777.141514 4025845.112729 0.000000 -0.025912
352777.200723 4025845.115207 0.000000 -0.026065
352777.259934 4025845.117591 0.000000 -0.026201
352777.319148 4025845.119880 0.000000 -0.026320
352777.378365 4025845.122073 0.000000 -0.026422
352777.437584 4025845.124171 0.000000 -0.026505
352777.496805 4025845.126173 0.000000 -0.026571
352777.556029 4025845.128079 0.000000 -0.026617
352777.615256 4025845.129888 0.000000 -0.026646
352777.674485 4025845.131601 0.000000 -0.026655
352777.733716 4025845.133218 0.000000 -0.026645
352777.792950 4025845.134738 0.000000 -0.026616
352777.852187 4025845.136161 0.000000 -0.026568
352777.911426 4025845.137489 0.000000 -0.026501
352777.970668 4025845.138721 0.000000 -0.026415
352778.029912 4025845.139857 0.000000 -0.026311
352778.089158 4025845.140898 0.000000 -0.026187
352778.148407 4025845.141844 0.000000 -0.026045
352778.207659 4025845.142696 0.000000 -0.025885
352778.266913 4025845.143455 0.000000 -0.025707
352778.326169 4025845.144121 0.000000 -0.025511
352778.385428 4025845.144695 0.000000 -0.025298
352778.444689 4025845.145178 0.000000 -0.025069
352778.503952 4025845.145571 0.000000 -0.024822
352778.563218 4025845.145874 0.000000 -0.024561
352778.622486 4025845.146089 0.000000 -0.024283
352778.681756 4025845.146217 0.000000 -0.023991
352778.741028 4025845.146258 0.000000 -0.023685
352778.800303 4025845.146215 0.000000 -0.023366
352778.859580 4025845.146088 0.000000 -0.023033
352778.918859 4025845.145879 0.000000 -0.022688
352778.978140 4025845.145588 0.000000 -0.022332
352779.037423 4025845.145218 0.000000 -0.021965
352779.096708 4025845.144770 0.000000 -0.021588
352779.155995 4025845.144244 0.000000 -0.021202
352779.215284 4025845.143644 0.000000 -0.020807
352779.274575 4025845.142969 0.000000 -0.020404
352779.333868 4025845.142223 0.000000 -0.019994
352779.393163 4025845.141405 0.000000 -0.019578
352779.452459 4025845.140519 0.000000 -0.019157
352779.511758 4025845.139564 0.000000 -0.018730
352779.571058 4025845.138544 0.000000 -0.018300
352779.630359 4025845.137460 0.000000 -0.017867
352779.689662 4025845.136313 0.000000 -0.017431
352779.748967 4025845.135105 0.000000 -0.016994
352779.808274 4025845.133838 0.000000 -0.016555
352779.867581 4025845.132513 0.000000 -0.016117
352779.926891 4025845.131131 0.000000 -0.015678
352779.986201 4025845.129696 0.000000 -0.015241
352780.045513 4025845.128207 0.000000 -0.014805
352780.104827 4025845.126668 0.000000 -0.014372
352780.164142 4025845.125078 0.000000 -0.013942
352780.223457 4025845.123441 0.000000 -0.013515
352780.282775 4025845.121757 0.000000 -0.013092
352780.342093 4025845.120029 0.000000 -0.012674
352780.401412 4025845.118257 0.000000 -0.012261
352780.460733 4025845.116443 0.000000 -0.011854
352780.520054 4025845.114589 0.000000 -0.011452
352780.579377 4025845.112696 0.000000 -0.011058
352780.638700 4025845.110766 0.000000 -0.010670
352780.698025 4025845.108799 0.000000 -0.010289
352780.757350 4025845.106799 0.000000 -0.009916
352780.816676 4025845.104764 0.000000 -0.009551
352780.876003 4025845.102698 0.000000 -0.009195
352780.935331 4025845.100601 0.000000 -0.008847
352780.994659 4025845.098475 0.000000 -0.008508
352781.053988 4025845.096321 0.000000 -0.008178
352781.113318 4025845.094139 0.000000 -0.007857
352781.172649 4025845.091932 0.000000 -0.007546
352781.231980 4025845.089700 0.000000 -0.007245
352781.291312 4025845.087444 0.000000 -0.006954
352781.350644 4025845.085166 0.000000 -0.006672
352781.409976 4025845.082866 0.000000 -0.006401
352781.469310 4025845.080545 0.000000 -0.006140
352781.528643 4025845.078205 0.000000 -0.005889
352781.587978 4025845.075845 0.000000 -0.005648
352781.647312 4025845.073468 0.000000 -0.005418
352781.706647 4025845.071073 0.000000 -0.005198
352781.765982 4025845.068662 0.000000 -0.004989
352781.825318 4025845.066235 0.000000 -0.004789
352781.884654 4025845.063793 0.000000 -0.004600
352781.943990 4025845.061336 0.000000 -0.004421
352782.003326 4025845.058866 0.000000 -0.004252
352782.062663 4025845.056382 0.000000 -0.004093
352782.122000 4025845.053886 0.000000 -0.003944
352782.181337 4025845.051377 0.000000 -0.003805
352782.240674 4025845.048856 0.000000 -0.003675
352782.300011 4025845.046324 0.000000 -0.003555
352782.359349 4025845.043781 0.000000 -0.003444
352782.418686 4025845.041228 0.000000 -0.003342
352782.478024 4025845.038664 0.000000 -0.003249
352782.537361 4025845.036089 0.000000 -0.003165
352782.596699 4025845.033506 0.000000 -0.003090
352782.656037 4025845.030912 0.000000 -0.003023
352782.715374 4025845.028309 0.000000 -0.002964
352782.774712 4025845.025697 0.000000 -0.002913
352782.834049 4025845.023076 0.000000 -0.002870
352782.893387 4025845.020446 0.000000 -0.002834
352782.952724 4025845.017807 0.000000 -0.002806
352783.012061 4025845.015159 0.000000 -0.002785
352783.071398 4025845.012503 0.000000 -0.002771
352783.130735 4025845.009837 0.000000 -0.002764
352783.190072 4025845.007163 0.000000 -0.002763
352783.249408 4025845.004480 0.000000 -0.002768
352783.308745 4025845.001788 0.000000 -0.002780
352783.368080 4025844.999088 0.000000 -0.002797
352783.427416 4025844.996378 0.000000 -0.002820
352783.486751 4025844.993659 0.000000 -0.002848
352783.546086 4025844.990930 0.000000 -0.002881
352783.605421 4025844.988192 0.000000 -0.002919
352783.664755 4025844.985445 0.000000 -0.002962
352783.724089 4025844.982687 0.000000 -0.003009
352783.783423 4025844.979920 0.000000 -0.003061
352783.842755 4025844.977142 0.000000 -0.003116
352783.902088 4025844.974354 0.000000 -0.003175
352783.961420 4025844.971555 0.000000 -0.003237
352784.020751 4025844.968745 0.000000 -0.003303
352784.080082 4025844.965924 0.000000 -0.003372
352784.139412 4025844.963091 0.000000 -0.003443
352784.198742 4025844.960246 0.000000 -0.003517
352784.258071 4025844.957390 0.000000 -0.003593
352784.317400 4025844.954520 0.000000 -0.003671
352784.376727 4025844.951638 0.000000 -0.003751
352784.436054 4025844.948743 0.000000 -0.003833
352784.495381 4025844.945835 0.000000 -0.003915
352784.554706 4025844.942912 0.000000 -0.003999
352784.614031 4025844.939976 0.000000 -0.004083
352784.673355 4025844.937025 0.000000 -0.004169
352784.732678 4025844.934060 0.000000 -0.004254
352784.792000 4025844.931079 0.000000 -0.004339
352784.851321 4025844.928083 0.000000 -0.004425
352784.910642 4025844.925071 0.000000 -0.004510
352784.969961 4025844.922043 0.000000 -0.004594
352785.029280 4025844.918999 0.000000 -0.004678
352785.088597 4025844.915938 0.000000 -0.004760
352785.147914 4025844.912860 0.000000 -0.004841
352785.207230 4025844.909764 0.000000 -0.004921
352785.266544 4025844.906651 0.000000 -0.004999
352785.325857 4025844.903519 0.000000 -0.005075
352785.385170 4025844.900370 0.000000 -0.005150
352785.444481 4025844.897202 0.000000 -0.005222
352785.503791 4025844.894015 0.000000 -0.005291
352785.563100 4025844.890808 0.000000 -0.005358
352785.622408 4025844.887583 0.000000 -0.005423
352785.681715 4025844.884338 0.000000 -0.005484
352785.741020 4025844.881072 0.000000 -0.005543
352785.800325 4025844.877787 0.000000 -0.005598
352785.859628 4025844.874482 0.000000 -0.005650
352785.918930 4025844.871156 0.000000 -0.005699
352785.978230 4025844.867809 0.000000 -0.005744
352786.037530 4025844.864442 0.000000 -0.005786
352786.096828 4025844.861053 0.000000 -0.005825
352786.156124 4025844.857644 0.000000 -0.005860
352786.215420 4025844.854213 0.000000 -0.005891
352786.274714 4025844.850760 0.000000 -0.005918
352786.334007 4025844.847287 0.000000 -0.005942
352786.393299 4025844.843791 0.000000 -0.005962
352786.452589 4025844.840274 0.000000 -0.005978
352786.511878 4025844.836736 0.000000 -0.005990
352786.571166 4025844.833176 0.000000 -0.005999
352786.630452 4025844.829594 0.000000 -0.006004
352786.689738 4025844.825990 0.000000 -0.006006
352786.749021 4025844.822365 0.000000 -0.006004
352786.808304 4025844.818718 0.000000 -0.005999
352786.867585 4025844.815049 0.000000 -0.005990
352786.926865 4025844.811358 0.000000 -0.005978
352786.986143 4025844.807646 0.000000 -0.005962
352787.045420 4025844.803913 0.000000 -0.005944
352787.104696 4025844.800158 0.000000 -0.005922
352787.163971 4025844.796382 0.000000 -0.005898
352787.223244 4025844.792585 0.000000 -0.005871
352787.282516 4025844.788767 0.000000 -0.005842
352787.341787 4025844.784928 0.000000 -0.005810
352787.401056 4025844.781068 0.000000 -0.005777
352787.460324 4025844.777187 0.000000 -0.005741
352787.519591 4025844.773286 0.000000 -0.005704
352787.578857 4025844.769365 0.000000 -0.005665
352787.638121 4025844.765424 0.000000 -0.005624
352787.697384 4025844.761462 0.000000 -0.005583
352787.756646 4025844.757481 0.000000 -0.005540
352787.815907 4025844.753481 0.000000 -0.005497
352787.875166 4025844.749460 0.000000 -0.005454
352787.934424 4025844.745421 0.000000 -0.005410
352787.993681 4025844.741363 0.000000 -0.005367
352788.052937 4025844.737286 0.000000 -0.005324
352788.112191 4025844.733191 0.000000 -0.005281
352788.171444 4025844.729077 0.000000 -0.005239
352788.230696 4025844.724944 0.000000 -0.005198
352788.289947 4025844.720794 0.000000 -0.005158
352788.349197 4025844.716626 0.000000 -0.005120
352788.408445 4025844.712440 0.000000 -0.005083
352788.467692 4025844.708237 0.000000 -0.005048
352788.526939 4025844.704016 0.000000 -0.005016
352788.586183 4025844.699778 0.000000 -0.004985
352788.645427 4025844.695523 0.000000 -0.004957
352788.704669 4025844.691251 0.000000 -0.004932
352788.763911 4025844.686962 0.000000 -0.004910
352788.823151 4025844.682657 0.000000 -0.004890
352788.882390 4025844.678334 0.000000 -0.004874
352788.941627 4025844.673996 0.000000 -0.004861
352789.000863 4025844.669640 0.000000 -0.004852
352789.060098 4025844.665268 0.000000 -0.004846
352789.119332 4025844.660880 0.000000 -0.004844
352789.178565 4025844.656475 0.000000 -0.004845
352789.237796 4025844.652054 0.000000 -0.004851
352789.297026 4025844.647617 0.000000 -0.004860
352789.356254 4025844.643163 0.000000 -0.004873
352789.415482 4025844.638692 0.000000 -0.004891
352789.474707 4025844.634205 0.000000 -0.004912
352789.533932 4025844.629701 0.000000 -0.004937
352789.593155 4025844.625181 0.000000 -0.004967
352789.652376 4025844.620643 0.000000 -0.005001
352789.711597 4025844.616089 0.000000 -0.005038
352789.770815 4025844.611517 0.000000 -0.005080
352789.830032 4025844.606929 0.000000 -0.005125
352789.889248 4025844.602323 0.000000 -0.005175
352789.948462 4025844.597699 0.000000 -0.005228
352790.007674 4025844.593057 0.000000 -0.005286
352790.066884 4025844.588398 0.000000 -0.005346
352790.126093 4025844.583720 0.000000 -0.005411
352790.185300 4025844.579023 0.000000 -0.005479
352790.244506 4025844.574308 0.000000 -0.005550
352790.303709 4025844.569573 0.000000 -0.005624
352790.362911 4025844.564820 0.000000 -0.005701
352790.422111 4025844.560046 0.000000 -0.005781
352790.481309 4025844.555253 0.000000 -0.005864
352790.540505 4025844.550439 0.000000 -0.005949
352790.599699 4025844.545605 0.000000 -0.006037
352790.658890 4025844.540750 0.000000 -0.006127
352790.718080 4025844.535874 0.000000 -0.006218
352790.777267 4025844.530975 0.000000 -0.006312
352790.836453 4025844.526055 0.000000 -0.006406
352790.895636 4025844.521113 0.000000 -0.006502
352790.954817 4025844.516147 0.000000 -0.006599
352791.013995 4025844.511159 0.000000 -0.006697
352791.073171 4025844.506147 0.000000 -0.006795
352791.132345 4025844.501111 0.000000 -0.006894
352791.191516 4025844.496050 0.000000 -0.006992
352791.250684 4025844.490965 0.000000 -0.007091
352791.309850 4025844.485855 0.000000 -0.007189
352791.369014 4025844.480719 0.000000 -0.007286
352791.428174 4025844.475558 0.000000 -0.007382
352791.487332 4025844.470370 0.000000 -0.007478
352791.546488 4025844.465156 0.000000 -0.007571
352791.605640 4025844.459915 0.000000 -0.007664
352791.664790 4025844.454647 0.000000 -0.007754
352791.723937 4025844.449351 0.000000 -0.007842
352791.783081 4025844.444027 0.000000 -0.007929
352791.842222 4025844.438674 0.000000 -0.008012
352791.901360 4025844.433293 0.000000 -0.008093
352791.960495 4025844.427883 0.000000 -0.008171
352792.019628 4025844.422444 0.000000 -0.008246
352792.078757 4025844.416975 0.000000 -0.008318
352792.137884 4025844.411477 0.000000 -0.008386
352792.197008 4025844.405948 0.000000 -0.008451
352792.256128 4025844.400389 0.000000 -0.008512
352792.315246 4025844.394800 0.000000 -0.008569
352792.374362 4025844.389179 0.000000 -0.008621
352792.433474 4025844.383528 0.000000 -0.008670
352792.492584 4025844.377845 0.000000 -0.008714
352792.551691 4025844.372132 0.000000 -0.008754
352792.610796 4025844.366386 0.000000 -0.008789
352792.669899 4025844.360609 0.000000 -0.008820
352792.728999 4025844.354800 0.000000 -0.008845
352792.788097 4025844.348959 0.000000 -0.008866
352792.847194 4025844.343086 0.000000 -0.008881
352792.906288 4025844.337181 0.000000 -0.008892
352792.965381 4025844.331244 0.000000 -0.008897
352793.024473 4025844.325275 0.000000 -0.008897
352793.083564 4025844.319273 0.000000 -0.008892
352793.142654 4025844.313239 0.000000 -0.008881
352793.201744 4025844.307173 0.000000 -0.008864
352793.260834 4025844.301074 0.000000 -0.008843
352793.319924 4025844.294943 0.000000 -0.008815
352793.379015 4025844.288780 0.000000 -0.008782
352793.438107 4025844.282585 0.000000 -0.008744
352793.497200 4025844.276358 0.000000 -0.008700
352793.556296 4025844.270099 0.000000 -0.008650
352793.615394 4025844.263808 0.000000 -0.008595
352793.674496 4025844.257486 0.000000 -0.008534
352793.733601 4025844.251132 0.000000 -0.008467
352793.792711 4025844.244746 0.000000 -0.008395
352793.851826 4025844.238330 0.000000 -0.008317
352793.910947 4025844.231882 0.000000 -0.008233
352793.970075 4025844.225404 0.000000 -0.008145
352794.029210 4025844.218895 0.000000 -0.008050
352794.088354 4025844.212356 0.000000 -0.007950
352794.147507 4025844.205786 0.000000 -0.007845
352794.206670 4025844.199187 0.000000 -0.007735
352794.265846 4025844.192558 0.000000 -0.007619
352794.325033 4025844.185900 0.000000 -0.007498
352794.384235 4025844.179213 0.000000 -0.007372
352794.443452 4025844.172498 0.000000 -0.007241
352794.502685 4025844.165754 0.000000 -0.007106
352794.561935 4025844.158982 0.000000 -0.006965
352794.621205 4025844.152182 0.000000 -0.006820
352794.680495 4025844.145355 0.000000 -0.006670
352794.739808 4025844.138501 0.000000 -0.006516
352794.799144 4025844.131620 0.000000 -0.006358
352794.858506 4025844.124713 0.000000 -0.006195
352794.917895 4025844.117780 0.000000 -0.006029
352794.977313 4025844.110821 0.000000 -0.005859
352795.036763 4025844.103837 0.000000 -0.005685
352795.096245 4025844.096829 0.000000 -0.005507
352795.155762 4025844.089796 0.000000 -0.005327
352795.215316 4025844.082739 0.000000 -0.005143
352795.274909 4025844.075658 0.000000 -0.004956
352795.334544 4025844.068555 0.000000 -0.004767
352795.394222 4025844.061428 0.000000 -0.004575
352795.453947 4025844.054279 0.000000 -0.004381
352795.513721 4025844.047108 0.000000 -0.004185
352795.573546 4025844.039916 0.000000 -0.003987
352795.633424 4025844.032702 0.000000 -0.003787
352795.693359 4025844.025468 0.000000 -0.003586
352795.753353 4025844.018213 0.000000 -0.003384
352795.813409 4025844.010938 0.000000 -0.003181
352795.873531 4025844.003644 0.000000 -0.002977
352795.933719 4025843.996331 0.000000 -0.002773
352795.993979 4025843.988998 0.000000 -0.002569
352796.054313 4025843.981648 0.000000 -0.002366
352796.114723 4025843.974279 0.000000 -0.002162
352796.175214 4025843.966893 0.000000 -0.001960
352796.235789 4025843.959489 0.000000 -0.001758
352796.296450 4025843.952069 0.000000 -0.001558
352796.357201 4025843.944632 0.000000 -0.001359
352796.418046 4025843.937178 0.000000 -0.001163
352796.478988 4025843.929709 0.000000 -0.000968
352796.540031 4025843.922225 0.000000 -0.000776
352796.601178 4025843.914725 0.000000 -0.000587
352796.662434 4025843.907210 0.000000 -0.000400
352796.723800 4025843.899680 0.000000 -0.000217
352796.785283 4025843.892137 0.000000 -0.000038
352796.846884 4025843.884579 0.000000 0.000138
352796.908609 4025843.877007 0.000000 0.000310
352796.970460 4025843.869422 0.000000 0.000477
352797.032443 4025843.861823 0.000000 0.000640
352797.094560 4025843.854212 0.000000 0.000798
352797.156816 4025843.846587 0.000000 0.000951
352797.219215 4025843.838949 0.000000 0.001099
352797.281761 4025843.831299 0.000000 0.001242
352797.344458 4025843.823637 0.000000 0.001379
352797.407311 4025843.815962 0.000000 0.001510
352797.470322 4025843.808275 0.000000 0.001635
352797.533498 4025843.800575 0.000000 0.001755
352797.596841 4025843.792864 0.000000 0.001868
352797.660356 4025843.785140 0.000000 0.001975
352797.724047 4025843.777404 0.000000 0.002075
352797.787919 4025843.769656 0.000000 0.002169
352797.851976 4025843.761896 0.000000 0.002257
352797.916222 4025843.754124 0.000000 0.002338
352797.980661 4025843.746340 0.000000 0.002412
352798.045298 4025843.738543 0.000000 0.002480
352798.110138 4025843.730733 0.000000 0.002541
352798.175184 4025843.722911 0.000000 0.002595
352798.240442 4025843.715077 0.000000 0.002642
352798.305915 4025843.707229 0.000000 0.002683
352798.371608 4025843.699367 0.000000 0.002717
352798.437525 4025843.691493 0.000000 0.002745
352798.503672 4025843.683604 0.000000 0.002766
352798.570052 4025843.675701 0.000000 0.002781
352798.636671 4025843.667784 0.000000 0.002789
352798.703532 4025843.659851 0.000000 0.002791
352798.770640 4025843.651904 0.000000 0.002788
352798.838001 4025843.643940 0.000000 0.002778
352798.905619 4025843.635961 0.000000 0.002762
352798.973498 4025843.627964 0.000000 0.002741
352799.041643 4025843.619951 0.000000 0.002713
352799.110059 4025843.611920 0.000000 0.002681
352799.178752 4025843.603870 0.000000 0.002643
352799.247725 4025843.595801 0.000000 0.002601
352799.316983 4025843.587713 0.000000 0.002553
352799.386532 4025843.579604 0.000000 0.002501
352799.456377 4025843.571475 0.000000 0.002444
352799.526523 4025843.563323 0.000000 0.002383
352799.596975 4025843.555149 0.000000 0.002318
352799.667737 4025843.546952 0.000000 0.002249
352799.738816 4025843.538731 0.000000 0.002176
352799.810216 4025843.530484 0.000000 0.002099
352799.881943 4025843.522212 0.000000 0.002019
352799.954003 4025843.513913 0.000000 0.001936
352800.026400 4025843.505586 0.000000 0.001850
352800.099141 4025843.497230 0.000000 0.001761
352800.172231 4025843.488844 0.000000 0.001670
352800.245676 4025843.480427 0.000000 0.001576
352800.319482 4025843.471979 0.000000 0.001479
352800.393654 4025843.463497 0.000000 0.001381
352800.468199 4025843.454982 0.000000 0.001280
352800.543123 4025843.446430 0.000000 0.001177
352800.618432 4025843.437843 0.000000 0.001072
352800.694132 4025843.429217 0.000000 0.000966
352800.770230 4025843.420552 0.000000 0.000858
352800.846733 4025843.411847 0.000000 0.000748
352800.923648 4025843.403100 0.000000 0.000637
352801.000980 4025843.394309 0.000000 0.000524
352801.078739 4025843.385475 0.000000 0.000410
352801.156929 4025843.376594 0.000000 0.000294
352801.235560 4025843.367665 0.000000 0.000177
352801.314638 4025843.358688 0.000000 0.000059
352801.394172 4025843.349659 0.000000 -0.000061
352801.474170 4025843.340579 0.000000 -0.000183
352801.554639 4025843.331444 0.000000 -0.000306
352801.635588 4025843.322253 0.000000 -0.000430
352801.717027 4025843.313005 0.000000 -0.000556
352801.798963 4025843.303697 0.000000 -0.000684
352801.881407 4025843.294328 0.000000 -0.000813
352801.964368 4025843.284895 0.000000 -0.000944
352802.047855 4025843.275396 0.000000 -0.001076
352802.131880 4025843.265830 0.000000 -0.001211
352802.216452 4025843.256193 0.000000 -0.001347
352802.301583 4025843.246484 0.000000 -0.001485
352802.387284 4025843.236700 0.000000 -0.001625
352802.473567 4025843.226838 0.000000 -0.001766
352802.560443 4025843.216897 0.000000 -0.001910
352802.647927 4025843.206872 0.000000 -0.002056
352802.736029 4025843.196762 0.000000 -0.002203
352802.824765 4025843.186562 0.000000 -0.002353
352802.914149 4025843.176271 0.000000 -0.002504
352803.004194 4025843.165884 0.000000 -0.002657
352803.094916 4025843.155398 0.000000 -0.002812
352803.186331 4025843.144810 0.000000 -0.002969
352803.278455 4025843.134116 0.000000 -0.003128
352803.371306 4025843.123312 0.000000 -0.003288
352803.464900 4025843.112394 0.000000 -0.003450
352803.559257 4025843.101357 0.000000 -0.003614
352803.654395 4025843.090198 0.000000 -0.003780
352803.750333 4025843.078911 0.000000 -0.003947
352803.847094 4025843.067491 0.000000 -0.004117
352803.944697 4025843.055934 0.000000 -0.004288
352804.043164 4025843.044235 0.000000 -0.004462
352804.142520 4025843.032387 0.000000 -0.004637
352804.242788 4025843.020384 0.000000 -0.004815
352804.343992 4025843.008222 0.000000 -0.004996
352804.446159 4025842.995893 0.000000 -0.005179
352804.549314 4025842.983391 0.000000 -0.005364
352804.653487 4025842.970709 0.000000 -0.005553
352804.758704 4025842.957840 0.000000 -0.005744
352804.864997 4025842.944776 0.000000 -0.005938
352804.972396 4025842.931510 0.000000 -0.006136
352805.080934 4025842.918034 0.000000 -0.006336
352805.190645 4025842.904338 0.000000 -0.006540
352805.301564 4025842.890414 0.000000 -0.006745
352805.413730 4025842.876252 0.000000 -0.006953
352805.527183 4025842.861841 0.000000 -0.007163
352805.641967 4025842.847172 0.000000 -0.007374
352805.758128 4025842.832231 0.000000 -0.007585
352805.875717 4025842.817006 0.000000 -0.007795
352805.994788 4025842.801483 0.000000 -0.008002
352806.115403 4025842.785647 0.000000 -0.008206
352806.237627 4025842.769482 0.000000 -0.008405
352806.361531 4025842.752968 0.000000 -0.008597
352806.487197 4025842.736088 0.000000 -0.008779
352806.614709 4025842.718819 0.000000 -0.008950
352806.744166 4025842.701137 0.000000 -0.009107
352806.875672 4025842.683016 0.000000 -0.009248
352807.009345 4025842.664429 0.000000 -0.009371
352807.145312 4025842.645343 0.000000 -0.009473
352807.283714 4025842.625725 0.000000 -0.009553
352807.424707 4025842.605537 0.000000 -0.009607
352807.568459 4025842.584739 0.000000 -0.009634
352807.715157 4025842.563286 0.000000 -0.009634
352807.865005 4025842.541130 0.000000 -0.009604
352808.018224 4025842.518217 0.000000 -0.009543
352808.175057 4025842.494491 0.000000 -0.009109
352808.335767 4025842.469888 0.000000 -0.008676
352808.500642 4025842.444342 0.000000 -0.008242
352808.669993 4025842.417779 0.000000 -0.007808
352808.844156 4025842.390120 0.000000 -0.007374
352809.023498 4025842.361279 0.000000 -0.006941
352809.208411 4025842.331165 0.000000 -0.006507
352809.399322 4025842.299678 0.000000 -0.006073
352809.596688 4025842.266711 0.000000 -0.005639
352809.801002 4025842.232151 0.000000 -0.005205
352810.012793 4025842.195875 0.000000 -0.004772
352810.232627 4025842.157751 0.000000 -0.004338
352810.461113 4025842.117639 0.000000 -0.003904
352810.698900 4025842.075389 0.000000 -0.003470
352810.946681 4025842.030840 0.000000 -0.003036
352811.205198 4025841.983823 0.000000 -0.002603
352811.475239 4025841.934156 0.000000 -0.002169
352811.757644 4025841.881646 0.000000 -0.001735
352812.053305 4025841.826088 0.000000 -0.001301
352812.363171 4025841.767265 0.000000 -0.000868
352812.688248 4025841.704946 0.000000 -0.000434
