352821.920233 4025835.648067 0.000000 0.000000
352822.124035 4025835.400516 0.000000 -0.000620
352822.316793 4025835.163908 0.000000 -0.001240
352822.499259 4025834.937548 0.000000 -0.001859
352822.672138 4025834.720776 0.000000 -0.002479
352822.836096 4025834.512972 0.000000 -0.003099
352822.991761 4025834.313551 0.000000 -0.003719
352823.139721 4025834.121962 0.000000 -0.004339
352823.280529 4025833.937688 0.000000 -0.004959
352823.414702 4025833.760242 0.000000 -0.005578
352823.542727 4025833.589167 0.000000 -0.006198
352823.665056 4025833.424036 0.000000 -0.006818
352823.782114 4025833.264449 0.000000 -0.007438
352823.894295 4025833.110031 0.000000 -0.008058
352824.001968 4025832.960434 0.000000 -0.008678
352824.105474 4025832.815331 0.000000 -0.009297
352824.205130 4025832.674420 0.000000 -0.009917
352824.301232 4025832.537419 0.000000 -0.010537
352824.394051 4025832.404064 0.000000 -0.011157
352824.483839 4025832.274115 0.000000 -0.011777
352824.570828 4025832.147345 0.000000 -0.012397
352824.655230 4025832.023547 0.000000 -0.013016
352824.737244 4025831.902529 0.000000 -0.013636
352824.817047 4025831.784114 0.000000 -0.014256
352824.894806 4025831.668139 0.000000 -0.014876
352824.970670 4025831.554453 0.000000 -0.015496
352825.044777 4025831.442919 0.000000 -0.016116
352825.117251 4025831.333412 0.000000 -0.015584
352825.188207 4025831.225814 0.000000 -0.015010
352825.257747 4025831.120021 0.000000 -0.014401
352825.325965 4025831.015935 0.000000 -0.013765
352825.392945 4025830.913468 0.000000 -0.013108
352825.458762 4025830.812539 0.000000 -0.012439
352825.523486 4025830.713075 0.000000 -0.011764
352825.587179 4025830.615007 0.000000 -0.011090
352825.649895 4025830.518276 0.000000 -0.010424
352825.711687 4025830.422823 0.000000 -0.009770
352825.772598 4025830.328598 0.000000 -0.009133
352825.832669 4025830.235554 0.000000 -0.008519
352825.891938 4025830.143646 0.000000 -0.007930
352825.950437 4025830.052836 0.000000 -0.007368
352826.008198 4025829.963085 0.000000 -0.006836
352826.065248 4025829.874359 0.000000 -0.006335
352826.121613 4025829.786627 0.000000 -0.005866
352826.177316 4025829.699857 0.000000 -0.005428
352826.232379 4025829.614021 0.000000 -0.005022
352826.286823 4025829.529094 0.000000 -0.004646
352826.340667 4025829.445047 0.000000 -0.004300
352826.393930 4025829.361858 0.000000 -0.003982
352826.446630 4025829.279503 0.000000 -0.003690
352826.498782 4025829.197958 0.000000 -0.003423
352826.550403 4025829.117203 0.000000 -0.003179
352826.601509 4025829.037216 0.000000 -0.002956
352826.652115 4025828.957976 0.000000 -0.002752
352826.702234 4025828.879465 0.000000 -0.002566
352826.751882 4025828.801662 0.000000 -0.002396
352826.801070 4025828.724551 0.000000 -0.002241
352826.849812 4025828.648113 0.000000 -0.002098
352826.898120 4025828.572331 0.000000 -0.001967
352826.946005 4025828.497190 0.000000 -0.001845
352826.993480 4025828.422673 0.000000 -0.001733
352827.040554 4025828.348765 0.000000 -0.001629
352827.087238 4025828.275451 0.000000 -0.001532
352827.133542 4025828.202718 0.000000 -0.001441
352827.179476 4025828.130552 0.000000 -0.001356
352827.225049 4025828.058940 0.000000 -0.001276
352827.270269 4025827.987868 0.000000 -0.001201
352827.315146 4025827.917326 0.000000 -0.001130
352827.359687 4025827.847300 0.000000 -0.001063
352827.403900 4025827.777780 0.000000 -0.001000
352827.447792 4025827.708755 0.000000 -0.000941
352827.491372 4025827.640214 0.000000 -0.000885
352827.534645 4025827.572147 0.000000 -0.000832
352827.577619 4025827.504544 0.000000 -0.000783
352827.620300 4025827.437396 0.000000 -0.000737
352827.662694 4025827.370693 0.000000 -0.000694
352827.704807 4025827.304427 0.000000 -0.000653
352827.746645 4025827.238588 0.000000 -0.000616
352827.788213 4025827.173168 0.000000 -0.000581
352827.829517 4025827.108160 0.000000 -0.000549
352827.870563 4025827.043555 0.000000 -0.000519
352827.911354 4025826.979346 0.000000 -0.000492
352827.951896 4025826.915525 0.000000 -0.000467
352827.992195 4025826.852085 0.000000 -0.000444
352828.032253 4025826.789019 0.000000 -0.000423
352828.072076 4025826.726320 0.000000 -0.000404
352828.111668 4025826.663981 0.000000 -0.000387
352828.151034 4025826.601997 0.000000 -0.000371
352828.190177 4025826.540359 0.000000 -0.000357
352828.229102 4025826.479063 0.000000 -0.000344
352828.267812 4025826.418102 0.000000 -0.000332
352828.306311 4025826.357470 0.000000 -0.000322
352828.344604 4025826.297161 0.000000 -0.000312
352828.382693 4025826.237170 0.000000 -0.000303
352828.420583 4025826.177490 0.000000 -0.000295
352828.458277 4025826.118116 0.000000 -0.000288
352828.495779 4025826.059042 0.000000 -0.000281
352828.533092 4025826.000263 0.000000 -0.000275
352828.570220 4025825.941774 0.000000 -0.000269
352828.607166 4025825.883569 0.000000 -0.000264
352828.643934 4025825.825642 0.000000 -0.000259
352828.680527 4025825.767989 0.000000 -0.000254
352828.716948 4025825.710605 0.000000 -0.000249
352828.753200 4025825.653483 0.000000 -0.000245
352828.789288 4025825.596619 0.000000 -0.000241
352828.825214 4025825.540008 0.000000 -0.000236
352828.860982 4025825.483644 0.000000 -0.000232
352828.896594 4025825.427523 0.000000 -0.000228
352828.932055 4025825.371640 0.000000 -0.000223
352828.967367 4025825.315988 0.000000 -0.000219
352829.002534 4025825.260564 0.000000 -0.000215
352829.037559 4025825.205362 0.000000 -0.000210
352829.072445 4025825.150376 0.000000 -0.000206
352829.107196 4025825.095603 0.000000 -0.000201
352829.141815 4025825.041037 0.000000 -0.000197
352829.176304 4025824.986672 0.000000 -0.000192
352829.210668 4025824.932503 0.000000 -0.000187
352829.244910 4025824.878527 0.000000 -0.000182
352829.279032 4025824.824736 0.000000 -0.000177
352829.313039 4025824.771127 0.000000 -0.000172
352829.346934 4025824.717693 0.000000 -0.000168
352829.380719 4025824.664430 0.000000 -0.000163
352829.414399 4025824.611332 0.000000 -0.000158
352829.447977 4025824.558395 0.000000 -0.000153
352829.481455 4025824.505612 0.000000 -0.000148
352829.514839 4025824.452979 0.000000 -0.000143
352829.548130 4025824.400490 0.000000 -0.000138
352829.581333 4025824.348139 0.000000 -0.000133
352829.614450 4025824.295922 0.000000 -0.000128
352829.647486 4025824.243833 0.000000 -0.000123
352829.680444 4025824.191866 0.000000 -0.000118
352829.713328 4025824.140015 0.000000 -0.000113
352829.746140 4025824.088276 0.000000 -0.000108
352829.778885 4025824.036642 0.000000 -0.000104
352829.811566 4025823.985108 0.000000 -0.000099
352829.844187 4025823.933669 0.000000 -0.000095
352829.876752 4025823.882318 0.000000 -0.000090
352829.909264 4025823.831050 0.000000 -0.000086
352829.941726 4025823.779858 0.000000 -0.000082
352829.974144 4025823.728738 0.000000 -0.000078
352830.006519 4025823.677684 0.000000 -0.000074
352830.038856 4025823.626689 0.000000 -0.000070
352830.071159 4025823.575747 0.000000 -0.000066
352830.103432 4025823.524853 0.000000 -0.000062
352830.135677 4025823.474002 0.000000 -0.000059
352830.167900 4025823.423186 0.000000 -0.000055
352830.200104 4025823.372399 0.000000 -0.000052
352830.232292 4025823.321637 0.000000 -0.000049
352830.264469 4025823.270893 0.000000 -0.000046
352830.296638 4025823.220161 0.000000 -0.000043
352830.328803 4025823.169435 0.000000 -0.000040
352830.360968 4025823.118708 0.000000 -0.000037
352830.393136 4025823.067976 0.000000 -0.000035
352830.425312 4025823.017231 0.000000 -0.000033
352830.457500 4025822.966469 0.000000 -0.000030
352830.489703 4025822.915682 0.000000 -0.000028
352830.521924 4025822.864866 0.000000 -0.000026
352830.554169 4025822.814013 0.000000 -0.000024
352830.586440 4025822.763118 0.000000 -0.000022
352830.618741 4025822.712176 0.000000 -0.000020
352830.651076 4025822.661179 0.000000 -0.000019
352830.683449 4025822.610123 0.000000 -0.000017
352830.715864 4025822.559002 0.000000 -0.000016
352830.748324 4025822.507809 0.000000 -0.000014
352830.780832 4025822.456538 0.000000 -0.000013
352830.813394 4025822.405185 0.000000 -0.000012
352830.846011 4025822.353743 0.000000 -0.000011
352830.878689 4025822.302207 0.000000 -0.000010
352830.911429 4025822.250571 0.000000 -0.000009
352830.944237 4025822.198829 0.000000 -0.000008
352830.977116 4025822.146975 0.000000 -0.000007
352831.010068 4025822.095004 0.000000 -0.000007
352831.043099 4025822.042911 0.000000 -0.000006
352831.076210 4025821.990690 0.000000 -0.000005
352831.109406 4025821.938336 0.000000 -0.000005
352831.142690 4025821.885842 0.000000 -0.000004
352831.176066 4025821.833204 0.000000 -0.000004
352831.209537 4025821.780416 0.000000 -0.000003
352831.243106 4025821.727474 0.000000 -0.000003
352831.276777 4025821.674370 0.000000 -0.000003
352831.310553 4025821.621101 0.000000 -0.000002
352831.344437 4025821.567661 0.000000 -0.000002
352831.378433 4025821.514045 0.000000 -0.000002
352831.412544 4025821.460247 0.000000 -0.000001
352831.446774 4025821.406262 0.000000 -0.000001
352831.481125 4025821.352086 0.000000 -0.000001
352831.515601 4025821.297712 0.000000 -0.000001
352831.550205 4025821.243137 0.000000 -0.000001
352831.584941 4025821.188354 0.000000 -0.000001
352831.619811 4025821.133359 0.000000 -0.000001
352831.654820 4025821.078146 0.000000 -0.000000
352831.689969 4025821.022711 0.000000 -0.000000
352831.725263 4025820.967047 0.000000 -0.000000
352831.760704 4025820.911151 0.000000 -0.000000
352831.796297 4025820.855018 0.000000 -0.000000
352831.832043 4025820.798640 0.000000 -0.000000
352831.867947 4025820.742015 0.000000 -0.000000
352831.904012 4025820.685137 0.000000 -0.000000
352831.940240 4025820.628000 0.000000 -0.000000
352831.976636 4025820.570599 0.000000 -0.000000
352832.013202 4025820.512929 0.000000 -0.000000
352832.049942 4025820.454985 0.000000 -0.000000
352832.086859 4025820.396762 0.000000 -0.000000
352832.123957 4025820.338253 0.000000 -0.000000
352832.161239 4025820.279455 0.000000 -0.000000
352832.198708 4025820.220360 0.000000 -0.000000
352832.236369 4025820.160965 0.000000 -0.000000
352832.274224 4025820.101263 0.000000 -0.000000
352832.312277 4025820.041248 0.000000 -0.000000
352832.350532 4025819.980915 0.000000 -0.000000
352832.388992 4025819.920258 0.000000 -0.000000
352832.427661 4025819.859271 0.000000 -0.000000
352832.466544 4025819.797948 0.000000 -0.000000
352832.505643 4025819.736283 0.000000 -0.000000
352832.544963 4025819.674270 0.000000 -0.000000
352832.584509 4025819.611901 0.000000 -0.000000
352832.624283 4025819.549172 0.000000 0.000000
352832.664292 4025819.486073 0.000000 -0.000000
352832.704537 4025819.422600 0.000000 -0.000000
352832.745026 4025819.358745 0.000000 -0.000000
352832.785761 4025819.294500 0.000000 -0.000000
352832.826748 4025819.229858 0.000000 0.000000
352832.867992 4025819.164811 0.000000 -0.000000
352832.909497 4025819.099351 0.000000 0.000000
352832.951270 4025819.033470 0.000000 -0.000000
352832.993315 4025818.967160 0.000000 -0.000000
352833.035638 4025818.900411 0.000000 -0.000000
352833.078244 4025818.833215 0.000000 0.000000
352833.121140 4025818.765562 0.000000 0.000000
352833.164332 4025818.697442 0.000000 -0.000000
352833.207827 4025818.628846 0.000000 0.000000
352833.251630 4025818.559763 0.000000 0.000000
352833.295748 4025818.490181 0.000000 0.000000
352833.340190 4025818.420091 0.000000 -0.000000
352833.384962 4025818.349479 0.000000 -0.000000
352833.430072 4025818.278335 0.000000 -0.000000
352833.475528 4025818.206645 0.000000 0.000000
352833.521338 4025818.134396 0.000000 -0.000000
352833.567511 4025818.061576 0.000000 -0.000000
352833.614055 4025817.988169 0.000000 0.000000
352833.660981 4025817.914161 0.000000 0.000000
352833.708297 4025817.839537 0.000000 0.000000
352833.756013 4025817.764282 0.000000 0.000000
352833.804141 4025817.688378 0.000000 -0.000000
352833.852690 4025817.611809 0.000000 0.000000
352833.901673 4025817.534557 0.000000 0.000000
352833.951100 4025817.456604 0.000000 -0.000000
352834.000984 4025817.377931 0.000000 0.000000
352834.051337 4025817.298517 0.000000 0.000000
352834.102172 4025817.218343 0.000000 0.000000
352834.153503 4025817.137387 0.000000 -0.000000
352834.205344 4025817.055627 0.000000 0.000000
352834.257710 4025816.973039 0.000000 -0.000000
352834.310615 4025816.889601 0.000000 -0.000000
352834.364076 4025816.805286 0.000000 0.000000
352834.418108 4025816.720070 0.000000 0.000000
352834.472729 4025816.633925 0.000000 -0.000000
352834.527958 4025816.546822 0.000000 -0.000000
352834.583813 4025816.458730 0.000000 -0.000000
352834.640316 4025816.369618 0.000000 -0.000000
352834.697487 4025816.279451 0.000000 0.000000
352834.755352 4025816.188191 0.000000 0.000000
352834.813935 4025816.095798 0.000000 0.000000
352834.873265 4025816.002227 0.000000 0.000000
352834.933372 4025815.907430 0.000000 -0.000000
352834.994289 4025815.811355 0.000000 -0.000000
352835.056053 4025815.713944 0.000000 -0.000000
352835.118705 4025815.615134 0.000000 -0.000000
352835.182289 4025815.514854 0.000000 0.000000
352835.246853 4025815.413028 0.000000 -0.000000
352835.312451 4025815.309571 0.000000 -0.000000
352835.379143 4025815.204389 0.000000 0.000000
352835.446992 4025815.097381 0.000000 0.000000
352835.516071 4025814.988434 0.000000 0.000000
352835.586459 4025814.877424 0.000000 0.000000
352835.658240 4025814.764215 0.000000 0.000000
352835.731510 4025814.648658 0.000000 0.000000
352835.806371 4025814.530592 0.000000 0.000000
352835.882937 4025814.409838 0.000000 0.000000
352835.961329 4025814.286204 0.000000 0.000000
352836.041681 4025814.159477 0.000000 0.000000
352836.124139 4025814.029430 0.000000 0.000000
352836.208860 4025813.895814 0.000000 0.000000
352836.296015 4025813.758359 0.000000 0.000000
352836.385788 4025813.616774 0.000000 0.000000
352836.478380 4025813.470744 0.000000 0.000000
352836.574006 4025813.319930 0.000000 0.000000
352836.672896 4025813.163966 0.000000 0.000000
352836.775301 4025813.002460 0.000000 0.000000
352836.881489 4025812.834988 0.000000 0.000000
352836.991745 4025812.661099 0.000000 0.000000
352837.106378 4025812.480307 0.000000 0.000000
352837.225716 4025812.292095 0.000000 0.000000
352837.350111 4025812.095908 0.000000 0.000000
352837.479937 4025811.891155 0.000000 0.000000
352837.615593 4025811.677208 0.000000 0.000000
352837.757503 4025811.453396 0.000000 0.000000
352837.906121 4025811.219006 0.000000 0.000000
352838.061924 4025810.973283 0.000000 0.000000
352838.225422 4025810.715425 0.000000 0.000000
