352838.397154 4025810.444580 0.000000 -0.000000
352838.579797 4025810.151226 0.000000 -0.000000
352838.753682 4025809.871937 0.000000 -0.000000
352838.919384 4025809.605792 0.000000 -0.000000
352839.077443 4025809.351923 0.000000 -0.000000
352839.228370 4025809.109510 0.000000 -0.000000
352839.372644 4025808.877781 0.000000 -0.000000
352839.510718 4025808.656012 0.000000 -0.000000
352839.643016 4025808.443520 0.000000 -0.000000
352839.769936 4025808.239665 0.000000 -0.000000
352839.891851 4025808.043848 0.000000 -0.000000
352840.009113 4025807.855507 0.000000 -0.000000
352840.122046 4025807.674117 0.000000 0.000000
352840.230957 4025807.499188 0.000000 0.000000
352840.336130 4025807.330262 0.000000 0.000000
352840.437831 4025807.166914 0.000000 0.000000
352840.536305 4025807.008748 0.000000 0.000000
352840.631783 4025806.855396 0.000000 0.000000
352840.724475 4025806.706517 0.000000 0.000000
352840.814578 4025806.561796 0.000000 0.000000
352840.902275 4025806.420940 0.000000 0.000000
352840.987732 4025806.283682 0.000000 0.000000
352841.071104 4025806.149772 0.000000 0.000000
352841.152534 4025806.018983 0.000000 0.000000
352841.232151 4025805.891104 0.000000 0.000000
352841.310076 4025805.765944 0.000000 -0.000000
352841.386418 4025805.643326 0.000000 0.000000
352841.461277 4025805.523090 0.000000 0.000000
352841.534745 4025805.405088 0.000000 -0.000000
352841.606905 4025805.289187 0.000000 0.000000
352841.677833 4025805.175264 0.000000 0.000000
352841.747599 4025805.063208 0.000000 0.000000
352841.816265 4025804.952920 0.000000 0.000000
352841.883888 4025804.844306 0.000000 0.000000
352841.950521 4025804.737283 0.000000 -0.000000
352842.016209 4025804.631776 0.000000 0.000000
352842.080997 4025804.527717 0.000000 -0.000000
352842.144922 4025804.425042 0.000000 0.000000
352842.208021 4025804.323694 0.000000 -0.000000
352842.270326 4025804.223622 0.000000 0.000000
352842.331867 4025804.124777 0.000000 -0.000000
352842.392671 4025804.027116 0.000000 0.000000
352842.452763 4025803.930598 0.000000 -0.000000
352842.512167 4025803.835186 0.000000 0.000000
352842.570904 4025803.740844 0.000000 0.000000
352842.628996 4025803.647539 0.000000 -0.000000
352842.686461 4025803.555240 0.000000 -0.000000
352842.743318 4025803.463919 0.000000 -0.000000
352842.799584 4025803.373546 0.000000 0.000000
352842.855277 4025803.284094 0.000000 0.000000
352842.910411 4025803.195539 0.000000 -0.000000
352842.965003 4025803.107855 0.000000 -0.000000
352843.019068 4025803.021017 0.000000 0.000000
352843.072621 4025802.935004 0.000000 -0.000000
352843.125673 4025802.849792 0.000000 -0.000000
352843.178241 4025802.765360 0.000000 -0.000000
352843.230335 4025802.681688 0.000000 -0.000000
352843.281969 4025802.598756 0.000000 -0.000000
352843.333154 4025802.516544 0.000000 -0.000000
352843.383902 4025802.435034 0.000000 -0.000000
352843.434224 4025802.354208 0.000000 0.000000
352843.484131 4025802.274049 0.000000 -0.000000
352843.533633 4025802.194542 0.000000 -0.000000
352843.582739 4025802.115669 0.000000 -0.000000
352843.631459 4025802.037416 0.000000 -0.000000
352843.679803 4025801.959768 0.000000 0.000000
352843.727778 4025801.882711 0.000000 0.000000
352843.775395 4025801.806232 0.000000 -0.000000
352843.822660 4025801.730317 0.000000 0.000000
352843.869581 4025801.654953 0.000000 -0.000000
352843.916166 4025801.580129 0.000000 0.000000
352843.962423 4025801.505833 0.000000 -0.000000
352844.008359 4025801.432053 0.000000 0.000000
352844.053979 4025801.358779 0.000000 -0.000000
352844.099291 4025801.286000 0.000000 0.000000
352844.144301 4025801.213706 0.000000 0.000000
352844.189016 4025801.141888 0.000000 -0.000000
352844.233440 4025801.070535 0.000000 0.000000
352844.277580 4025800.999639 0.000000 0.000000
352844.321441 4025800.929191 0.000000 -0.000000
352844.365028 4025800.859183 0.000000 0.000000
352844.408347 4025800.789605 0.000000 0.000000
352844.451402 4025800.720451 0.000000 0.000000
352844.494199 4025800.651712 0.000000 0.000000
352844.536742 4025800.583382 0.000000 -0.000000
352844.579035 4025800.515451 0.000000 0.000000
352844.621084 4025800.447915 0.000000 -0.000000
352844.662891 4025800.380765 0.000000 -0.000000
352844.704462 4025800.313994 0.000000 0.000000
352844.745801 4025800.247598 0.000000 0.000000
352844.786911 4025800.181568 0.000000 -0.000000
352844.827797 4025800.115899 0.000000 0.000000
352844.868461 4025800.050585 0.000000 -0.000000
352844.908909 4025799.985619 0.000000 0.000000
352844.949143 4025799.920997 0.000000 -0.000000
352844.989167 4025799.856712 0.000000 0.000000
352845.028984 4025799.792758 0.000000 -0.000000
352845.068599 4025799.729131 0.000000 -0.000000
352845.108013 4025799.665825 0.000000 -0.000000
352845.147231 4025799.602834 0.000000 -0.000000
352845.186256 4025799.540154 0.000000 0.000000
352845.225090 4025799.477779 0.000000 0.000000
352845.263738 4025799.415705 0.000000 0.000000
352845.302202 4025799.353926 0.000000 -0.000000
352845.340484 4025799.292437 0.000000 -0.000000
352845.378589 4025799.231234 0.000000 -0.000000
352845.416519 4025799.170313 0.000000 0.000000
352845.454277 4025799.109667 0.000000 0.000000
352845.491866 4025799.049294 0.000000 -0.000000
352845.529288 4025798.989188 0.000000 0.000000
352845.566546 4025798.929345 0.000000 -0.000000
352845.603644 4025798.869760 0.000000 -0.000000
352845.640583 4025798.810429 0.000000 -0.000000
352845.677367 4025798.751348 0.000000 0.000000
352845.713998 4025798.692512 0.000000 -0.000000
352845.750479 4025798.633918 0.000000 0.000000
352845.786812 4025798.575560 0.000000 -0.000000
352845.823001 4025798.517436 0.000000 0.000000
352845.859047 4025798.459540 0.000000 -0.000000
352845.894953 4025798.401869 0.000000 -0.000000
352845.930721 4025798.344419 0.000000 0.000000
352845.966355 4025798.287185 0.000000 0.000000
352846.001856 4025798.230164 0.000000 -0.000000
352846.037228 4025798.173352 0.000000 0.000000
352846.072471 4025798.116744 0.000000 0.000000
352846.107590 4025798.060338 0.000000 0.000000
352846.142586 4025798.004128 0.000000 0.000000
352846.177462 4025797.948112 0.000000 0.000000
352846.212220 4025797.892285 0.000000 0.000000
352846.246862 4025797.836644 0.000000 -0.000000
352846.281391 4025797.781184 0.000000 -0.000000
352846.315810 4025797.725903 0.000000 -0.000000
352846.350119 4025797.670796 0.000000 -0.000000
352846.384323 4025797.615859 0.000000 -0.000000
352846.418423 4025797.561089 0.000000 0.000000
352846.452421 4025797.506483 0.000000 -0.000000
352846.486319 4025797.452036 0.000000 0.000000
352846.520121 4025797.397745 0.000000 0.000000
352846.553828 4025797.343606 0.000000 -0.000000
352846.587442 4025797.289617 0.000000 0.000000
352846.620965 4025797.235772 0.000000 -0.000000
352846.654401 4025797.182069 0.000000 0.000000
352846.687751 4025797.128504 0.000000 0.000000
352846.721016 4025797.075073 0.000000 -0.000000
352846.754201 4025797.021774 0.000000 0.000000
352846.787305 4025796.968602 0.000000 0.000000
352846.820333 4025796.915555 0.000000 -0.000000
352846.853285 4025796.862629 0.000000 -0.000000
352846.886164 4025796.809819 0.000000 -0.000000
352846.918971 4025796.757125 0.000000 0.000000
352846.951710 4025796.704540 0.000000 -0.000000
352846.984382 4025796.652064 0.000000 -0.000000
352847.016989 4025796.599692 0.000000 -0.000000
352847.049533 4025796.547421 0.000000 -0.000000
352847.082016 4025796.495247 0.000000 -0.000000
352847.114440 4025796.443169 0.000000 -0.000000
352847.146807 4025796.391182 0.000000 0.000000
352847.179119 4025796.339284 0.000000 -0.000000
352847.211377 4025796.287472 0.000000 -0.000000
352847.243584 4025796.235743 0.000000 0.000000
352847.275741 4025796.184093 0.000000 -0.000000
352847.307850 4025796.132520 0.000000 -0.000000
352847.339913 4025796.081022 0.000000 0.000000
352847.371932 4025796.029595 0.000000 0.000000
352847.403908 4025795.978236 0.000000 -0.000000
352847.435842 4025795.926944 0.000000 -0.000000
352847.467737 4025795.875716 0.000000 0.000000
352847.499594 4025795.824548 0.000000 0.000000
352847.531415 4025795.773439 0.000000 -0.000000
352847.563201 4025795.722385 0.000000 -0.000000
352847.594953 4025795.671386 0.000000 0.000000
352847.626673 4025795.620438 0.000000 0.000000
352847.658363 4025795.569539 0.000000 -0.000000
352847.690024 4025795.518687 0.000000 0.000000
352847.721656 4025795.467879 0.000000 0.000000
352847.753262 4025795.417115 0.000000 0.000000
352847.784843 4025795.366391 0.000000 0.000000
352847.816400 4025795.315705 0.000000 0.000000
352847.847934 4025795.265057 0.000000 0.000000
352847.879446 4025795.214443 0.000000 -0.000000
352847.910937 4025795.163863 0.000000 0.000000
352847.942409 4025795.113314 0.000000 0.000000
352847.973862 4025795.062794 0.000000 -0.000000
352848.005298 4025795.012303 0.000000 0.000000
352848.036717 4025794.961839 0.000000 0.000000
352848.068121 4025794.911399 0.000000 -0.000000
352848.099510 4025794.860984 0.000000 0.000000
352848.130885 4025794.810590 0.000000 -0.000000
352848.162247 4025794.760218 0.000000 -0.000000
352848.193597 4025794.709865 0.000000 0.000000
352848.224935 4025794.659530 0.000000 -0.000000
352848.256262 4025794.609213 0.000000 0.000000
352848.287580 4025794.558912 0.000000 -0.000000
352848.318888 4025794.508626 0.000000 0.000000
352848.350187 4025794.458354 0.000000 0.000000
352848.381478 4025794.408096 0.000000 -0.000000
352848.412762 4025794.357849 0.000000 -0.000000
352848.444038 4025794.307614 0.000000 -0.000000
352848.475308 4025794.257390 0.000000 0.000000
352848.506571 4025794.207175 0.000000 -0.000000
352848.537830 4025794.156969 0.000000 -0.000000
352848.569082 4025794.106772 0.000000 -0.000000
352848.600331 4025794.056582 0.000000 -0.000000
352848.631574 4025794.006400 0.000000 -0.000000
352848.662814 4025793.956224 0.000000 -0.000000
352848.694050 4025793.906054 0.000000 0.000000
352848.725282 4025793.855889 0.000000 0.000000
352848.756511 4025793.805730 0.000000 0.000000
352848.787738 4025793.755575 0.000000 0.000000
352848.818962 4025793.705424 0.000000 -0.000000
352848.850183 4025793.655277 0.000000 0.000000
352848.881403 4025793.605133 0.000000 0.000000
352848.912620 4025793.554993 0.000000 0.000000
352848.943836 4025793.504855 0.000000 0.000000
352848.975050 4025793.454720 0.000000 0.000000
352849.006263 4025793.404587 0.000000 -0.000000
352849.037475 4025793.354456 0.000000 0.000000
352849.068685 4025793.304327 0.000000 0.000000
352849.099895 4025793.254199 0.000000 0.000000
352849.131103 4025793.204073 0.000000 0.000000
352849.162311 4025793.153948 0.000000 0.000000
352849.193518 4025793.103824 0.000000 -0.000000
352849.224725 4025793.053701 0.000000 -0.000000
352849.255931 4025793.003579 0.000000 0.000000
352849.287136 4025792.953458 0.000000 -0.000000
352849.318341 4025792.903337 0.000000 0.000000
352849.349546 4025792.853217 0.000000 0.000000
352849.380751 4025792.803097 0.000000 0.000000
352849.411955 4025792.752978 0.000000 0.000000
352849.443159 4025792.702859 0.000000 -0.000000
352849.474363 4025792.652740 0.000000 -0.000000
352849.505567 4025792.602621 0.000000 -0.000000
352849.536771 4025792.552503 0.000000 -0.000000
352849.567975 4025792.502385 0.000000 0.000000
352849.599178 4025792.452266 0.000000 0.000000
352849.630382 4025792.402148 0.000000 -0.000000
352849.661586 4025792.352030 0.000000 0.000000
352849.692789 4025792.301912 0.000000 0.000000
352849.723992 4025792.251794 0.000000 0.000000
352849.755196 4025792.201676 0.000000 0.000000
352849.786399 4025792.151558 0.000000 -0.000000
352849.817603 4025792.101441 0.000000 -0.000000
352849.848806 4025792.051323 0.000000 0.000000
352849.880010 4025792.001205 0.000000 0.000000
352849.911213 4025791.951087 0.000000 0.000000
352849.942416 4025791.900969 0.000000 0.000000
352849.973620 4025791.850851 0.000000 -0.000000
352850.004823 4025791.800733 0.000000 0.000000
352850.036027 4025791.750615 0.000000 -0.000000
352850.067230 4025791.700498 0.000000 -0.000000
352850.098433 4025791.650380 0.000000 0.000000
352850.129637 4025791.600262 0.000000 -0.000000
352850.160840 4025791.550144 0.000000 0.000000
352850.192044 4025791.500026 0.000000 -0.000000
352850.223247 4025791.449908 0.000000 -0.000000
352850.254451 4025791.399790 0.000000 -0.000000
352850.285654 4025791.349673 0.000000 0.000000
352850.316857 4025791.299555 0.000000 -0.000000
352850.348061 4025791.249437 0.000000 0.000000
352850.379264 4025791.199319 0.000000 0.000000
352850.410468 4025791.149201 0.000000 -0.000000
352850.441671 4025791.099083 0.000000 -0.000000
352850.472874 4025791.048965 0.000000 0.000000
352850.504078 4025790.998847 0.000000 0.000000
352850.535281 4025790.948730 0.000000 0.000000
352850.566485 4025790.898612 0.000000 -0.000000
352850.597688 4025790.848494 0.000000 -0.000000
352850.628891 4025790.798376 0.000000 -0.000000
352850.660095 4025790.748258 0.000000 0.000000
352850.691298 4025790.698140 0.000000 -0.000000
352850.722502 4025790.648022 0.000000 -0.000000
352850.753705 4025790.597904 0.000000 -0.000000
352850.784909 4025790.547787 0.000000 -0.000000
352850.816112 4025790.497669 0.000000 0.000000
352850.847315 4025790.447551 0.000000 0.000000
352850.878519 4025790.397433 0.000000 0.000000
352850.909722 4025790.347315 0.000000 0.000000
352850.940926 4025790.297197 0.000000 0.000000
352850.972129 4025790.247079 0.000000 0.000000
352851.003332 4025790.196962 0.000000 -0.000000
352851.034536 4025790.146844 0.000000 0.000000
352851.065739 4025790.096726 0.000000 -0.000000
352851.096943 4025790.046608 0.000000 0.000000
352851.128146 4025789.996490 0.000000 0.000000
352851.159349 4025789.946372 0.000000 0.000000
352851.190553 4025789.896254 0.000000 -0.000000
352851.221756 4025789.846136 0.000000 0.000000
352851.252960 4025789.796019 0.000000 0.000000
352851.284163 4025789.745901 0.000000 0.000000
352851.315367 4025789.695783 0.000000 -0.000000
352851.346570 4025789.645665 0.000000 -0.000000
352851.377773 4025789.595547 0.000000 0.000000
352851.408977 4025789.545429 0.000000 0.000000
352851.440180 4025789.495311 0.000000 0.000000
352851.471384 4025789.445194 0.000000 0.000000
352851.502587 4025789.395076 0.000000 0.000000
352851.533790 4025789.344958 0.000000 -0.000000
352851.564994 4025789.294840 0.000000 0.000000
352851.596197 4025789.244722 0.000000 -0.000000
352851.627401 4025789.194604 0.000000 -0.000000
352851.658604 4025789.144486 0.000000 -0.000000
352851.689807 4025789.094368 0.000000 0.000000
352851.721011 4025789.044251 0.000000 -0.000000
352851.752214 4025788.994133 0.000000 -0.000000
352851.783418 4025788.944015 0.000000 -0.000000
352851.814621 4025788.893897 0.000000 -0.000000
352851.845825 4025788.843779 0.000000 0.000000
352851.877028 4025788.793661 0.000000 0.000000
352851.908231 4025788.743543 0.000000 0.000000
352851.939435 4025788.693426 0.000000 0.000000
352851.970638 4025788.643308 0.000000 0.000000
352852.001842 4025788.593190 0.000000 -0.000000
352852.033045 4025788.543072 0.000000 -0.000000
352852.064248 4025788.492954 0.000000 0.000000
352852.095452 4025788.442836 0.000000 -0.000000
352852.126655 4025788.392718 0.000000 -0.000000
352852.157859 4025788.342600 0.000000 -0.000000
352852.189062 4025788.292483 0.000000 -0.000000
352852.220265 4025788.242365 0.000000 -0.000000
352852.251469 4025788.192247 0.000000 -0.000000
352852.282672 4025788.142129 0.000000 -0.000000
352852.313876 4025788.092011 0.000000 -0.000000
352852.345079 4025788.041893 0.000000 -0.000000
352852.376282 4025787.991775 0.000000 0.000000
352852.407486 4025787.941657 0.000000 -0.000000
352852.438689 4025787.891540 0.000000 0.000000
352852.469893 4025787.841422 0.000000 0.000000
352852.501096 4025787.791304 0.000000 0.000000
352852.532300 4025787.741186 0.000000 0.000000
352852.563503 4025787.691068 0.000000 -0.000000
352852.594706 4025787.640950 0.000000 -0.000000
352852.625910 4025787.590832 0.000000 -0.000000
352852.657113 4025787.540715 0.000000 -0.000000
352852.688317 4025787.490597 0.000000 0.000000
352852.719520 4025787.440479 0.000000 0.000000
352852.750723 4025787.390361 0.000000 -0.000000
352852.781927 4025787.340243 0.000000 0.000000
352852.813130 4025787.290125 0.000000 -0.000000
352852.844334 4025787.240007 0.000000 0.000000
352852.875537 4025787.189889 0.000000 -0.000000
352852.906740 4025787.139772 0.000000 -0.000000
352852.937944 4025787.089654 0.000000 -0.000000
352852.969147 4025787.039536 0.000000 0.000000
352853.000351 4025786.989418 0.000000 0.000000
352853.031554 4025786.939300 0.000000 0.000000
352853.062758 4025786.889182 0.000000 0.000000
352853.093961 4025786.839064 0.000000 -0.000000
352853.125164 4025786.788947 0.000000 -0.000000
352853.156368 4025786.738829 0.000000 0.000000
352853.187571 4025786.688711 0.000000 -0.000000
352853.218775 4025786.638593 0.000000 0.000000
352853.249978 4025786.588475 0.000000 -0.000000
352853.281181 4025786.538357 0.000000 -0.000000
352853.312385 4025786.488239 0.000000 -0.000000
352853.343588 4025786.438121 0.000000 0.000000
352853.374792 4025786.388004 0.000000 -0.000000
352853.405995 4025786.337886 0.000000 0.000000
352853.437198 4025786.287768 0.000000 0.000000
352853.468402 4025786.237650 0.000000 0.000000
352853.499605 4025786.187532 0.000000 0.000000
352853.530809 4025786.137414 0.000000 -0.000000
352853.562012 4025786.087296 0.000000 -0.000000
352853.593216 4025786.037179 0.000000 0.000000
352853.624419 4025785.987061 0.000000 0.000000
352853.655622 4025785.936943 0.000000 -0.000000
352853.686826 4025785.886825 0.000000 0.000000
352853.718029 4025785.836707 0.000000 -0.000000
352853.749233 4025785.786589 0.000000 0.000000
352853.780436 4025785.736471 0.000000 0.000000
352853.811639 4025785.686353 0.000000 -0.000000
352853.842843 4025785.636236 0.000000 0.000000
352853.874046 4025785.586118 0.000000 0.000000
352853.905250 4025785.536000 0.000000 -0.000000
352853.936453 4025785.485882 0.000000 0.000000
352853.967656 4025785.435764 0.000000 0.000000
352853.998860 4025785.385646 0.000000 -0.000000
352854.030063 4025785.335528 0.000000 -0.000000
352854.061267 4025785.285410 0.000000 0.000000
352854.092470 4025785.235293 0.000000 0.000000
352854.123674 4025785.185175 0.000000 -0.000000
352854.154877 4025785.135057 0.000000 -0.000000
352854.186080 4025785.084939 0.000000 -0.000000
352854.217284 4025785.034821 0.000000 -0.000000
352854.248487 4025784.984703 0.000000 -0.000000
352854.279691 4025784.934585 0.000000 0.000000
352854.310894 4025784.884468 0.000000 -0.000000
352854.342097 4025784.834350 0.000000 -0.000000
352854.373301 4025784.784232 0.000000 -0.000000
352854.404504 4025784.734114 0.000000 0.000000
352854.435708 4025784.683996 0.000000 -0.000000
352854.466911 4025784.633878 0.000000 -0.000000
352854.498114 4025784.583760 0.000000 -0.000000
352854.529318 4025784.533642 0.000000 0.000000
352854.560521 4025784.483525 0.000000 0.000000
352854.591725 4025784.433407 0.000000 0.000000
352854.622928 4025784.383289 0.000000 0.000000
352854.654132 4025784.333171 0.000000 -0.000000
352854.685335 4025784.283053 0.000000 -0.000000
352854.716538 4025784.232935 0.000000 0.000000
352854.747742 4025784.182817 0.000000 0.000000
352854.778945 4025784.132700 0.000000 -0.000000
352854.810149 4025784.082582 0.000000 0.000000
352854.841352 4025784.032464 0.000000 0.000000
352854.872555 4025783.982346 0.000000 -0.000000
352854.903759 4025783.932228 0.000000 0.000000
352854.934962 4025783.882110 0.000000 0.000000
352854.966166 4025783.831992 0.000000 -0.000000
352854.997369 4025783.781874 0.000000 0.000000
352855.028572 4025783.731757 0.000000 -0.000000
352855.059776 4025783.681639 0.000000 0.000000
352855.090979 4025783.631521 0.000000 -0.000000
352855.122183 4025783.581403 0.000000 0.000000
352855.153386 4025783.531285 0.000000 0.000000
352855.184590 4025783.481167 0.000000 0.000000
352855.215793 4025783.431049 0.000000 0.000000
352855.246997 4025783.380931 0.000000 -0.000000
352855.278200 4025783.330813 0.000000 0.000000
352855.309404 4025783.280695 0.000000 -0.000000
352855.340607 4025783.230576 0.000000 -0.000000
352855.371811 4025783.180458 0.000000 0.000000
352855.403015 4025783.130339 0.000000 -0.000000
352855.434219 4025783.080220 0.000000 -0.000000
352855.465423 4025783.030101 0.000000 0.000000
352855.496628 4025782.979982 0.000000 -0.000000
352855.527832 4025782.929862 0.000000 0.000000
352855.559037 4025782.879742 0.000000 0.000000
352855.590242 4025782.829621 0.000000 -0.000000
352855.621448 4025782.779500 0.000000 0.000000
352855.652654 4025782.729378 0.000000 -0.000000
352855.683861 4025782.679255 0.000000 -0.000000
352855.715068 4025782.629131 0.000000 -0.000000
352855.746276 4025782.579006 0.000000 -0.000000
352855.777484 4025782.528880 0.000000 -0.000000
352855.808694 4025782.478752 0.000000 -0.000000
352855.839904 4025782.428623 0.000000 -0.000000
352855.871116 4025782.378492 0.000000 -0.000000
352855.902328 4025782.328359 0.000000 0.000000
352855.933543 4025782.278224 0.000000 0.000000
352855.964758 4025782.228086 0.000000 0.000000
352855.995976 4025782.177946 0.000000 0.000000
352856.027195 4025782.127802 0.000000 -0.000000
352856.058417 4025782.077655 0.000000 0.000000
352856.089641 4025782.027505 0.000000 -0.000000
352856.120867 4025781.977350 0.000000 0.000000
352856.152096 4025781.927190 0.000000 -0.000000
352856.183329 4025781.877026 0.000000 0.000000
352856.214565 4025781.826856 0.000000 0.000000
352856.245804 4025781.776680 0.000000 -0.000000
352856.277048 4025781.726497 0.000000 -0.000000
352856.308296 4025781.676307 0.000000 -0.000000
352856.339549 4025781.626110 0.000000 0.000000
352856.370807 4025781.575904 0.000000 -0.000000
352856.402071 4025781.525690 0.000000 0.000000
352856.433341 4025781.475465 0.000000 -0.000000
352856.464617 4025781.425230 0.000000 0.000000
352856.495901 4025781.374984 0.000000 0.000000
352856.527192 4025781.324725 0.000000 -0.000000
352856.558491 4025781.274453 0.000000 -0.000000
352856.589799 4025781.224167 0.000000 -0.000000
352856.621116 4025781.173866 0.000000 0.000000
352856.652444 4025781.123549 0.000000 -0.000000
352856.683782 4025781.073215 0.000000 0.000000
352856.715132 4025781.022862 0.000000 0.000000
352856.746494 4025780.972489 0.000000 -0.000000
352856.777869 4025780.922096 0.000000 0.000000
352856.809258 4025780.871680 0.000000 0.000000
352856.840661 4025780.821240 0.000000 0.000000
352856.872081 4025780.770776 0.000000 -0.000000
352856.903516 4025780.720285 0.000000 -0.000000
352856.934970 4025780.669766 0.000000 0.000000
352856.966442 4025780.619217 0.000000 0.000000
352856.997933 4025780.568636 0.000000 -0.000000
352857.029445 4025780.518022 0.000000 0.000000
352857.060979 4025780.467374 0.000000 -0.000000
352857.092535 4025780.416689 0.000000 0.000000
352857.124116 4025780.365965 0.000000 -0.000000
352857.155722 4025780.315200 0.000000 -0.000000
352857.187355 4025780.264393 0.000000 -0.000000
352857.219016 4025780.213540 0.000000 -0.000000
352857.250705 4025780.162641 0.000000 -0.000000
352857.282426 4025780.111693 0.000000 -0.000000
352857.314178 4025780.060694 0.000000 -0.000000
352857.345964 4025780.009641 0.000000 -0.000000
352857.377784 4025779.958531 0.000000 0.000000
352857.409642 4025779.907364 0.000000 -0.000000
352857.441537 4025779.856135 0.000000 -0.000000
352857.473471 4025779.804843 0.000000 0.000000
352857.505447 4025779.753485 0.000000 -0.000000
352857.537465 4025779.702057 0.000000 0.000000
352857.569528 4025779.650559 0.000000 0.000000
352857.601637 4025779.598986 0.000000 -0.000000
352857.633794 4025779.547337 0.000000 0.000000
352857.666001 4025779.495607 0.000000 -0.000000
352857.698260 4025779.443795 0.000000 0.000000
352857.730571 4025779.391897 0.000000 -0.000000
352857.762938 4025779.339910 0.000000 0.000000
352857.795362 4025779.287832 0.000000 -0.000000
352857.827845 4025779.235659 0.000000 -0.000000
352857.860389 4025779.183388 0.000000 0.000000
352857.892996 4025779.131015 0.000000 0.000000
352857.925668 4025779.078539 0.000000 0.000000
352857.958407 4025779.025955 0.000000 0.000000
352857.991215 4025778.973260 0.000000 0.000000
352858.024094 4025778.920451 0.000000 0.000000
352858.057046 4025778.867524 0.000000 -0.000000
352858.090073 4025778.814477 0.000000 0.000000
352858.123178 4025778.761305 0.000000 -0.000000
352858.156362 4025778.708006 0.000000 0.000000
352858.189628 4025778.654576 0.000000 -0.000000
352858.222978 4025778.601011 0.000000 0.000000
352858.256413 4025778.547307 0.000000 -0.000000
352858.289937 4025778.493463 0.000000 -0.000000
352858.323551 4025778.439473 0.000000 0.000000
352858.357258 4025778.385334 0.000000 0.000000
352858.391059 4025778.331043 0.000000 -0.000000
352858.424958 4025778.276596 0.000000 0.000000
352858.458956 4025778.221990 0.000000 0.000000
352858.493056 4025778.167220 0.000000 0.000000
352858.527259 4025778.112284 0.000000 -0.000000
352858.561569 4025778.057176 0.000000 0.000000
352858.595987 4025778.001895 0.000000 0.000000
352858.630516 4025777.946435 0.000000 -0.000000
352858.665159 4025777.890794 0.000000 0.000000
352858.699917 4025777.834967 0.000000 -0.000000
352858.734792 4025777.778951 0.000000 -0.000000
352858.769788 4025777.722741 0.000000 0.000000
352858.804907 4025777.666335 0.000000 0.000000
352858.840151 4025777.609727 0.000000 -0.000000
352858.875522 4025777.552915 0.000000 0.000000
352858.911024 4025777.495894 0.000000 -0.000000
352858.946657 4025777.438660 0.000000 -0.000000
352858.982426 4025777.381210 0.000000 -0.000000
352859.018332 4025777.323539 0.000000 0.000000
352859.054378 4025777.265643 0.000000 0.000000
352859.090566 4025777.207519 0.000000 -0.000000
352859.126900 4025777.149162 0.000000 -0.000000
352859.163381 4025777.090567 0.000000 0.000000
352859.200012 4025777.031731 0.000000 0.000000
352859.236796 4025776.972650 0.000000 0.000000
352859.273735 4025776.913319 0.000000 0.000000
352859.310833 4025776.853735 0.000000 -0.000000
352859.348091 4025776.793891 0.000000 -0.000000
352859.385513 4025776.733785 0.000000 -0.000000
352859.423102 4025776.673412 0.000000 0.000000
352859.460859 4025776.612766 0.000000 -0.000000
352859.498789 4025776.551845 0.000000 0.000000
352859.536894 4025776.490642 0.000000 0.000000
352859.575177 4025776.429154 0.000000 -0.000000
352859.613641 4025776.367374 0.000000 -0.000000
352859.652288 4025776.305300 0.000000 0.000000
352859.691123 4025776.242925 0.000000 0.000000
352859.730148 4025776.180245 0.000000 -0.000000
352859.769366 4025776.117254 0.000000 0.000000
352859.808780 4025776.053948 0.000000 0.000000
352859.848394 4025775.990321 0.000000 0.000000
352859.888212 4025775.926367 0.000000 0.000000
352859.928236 4025775.862082 0.000000 -0.000000
352859.968470 4025775.797460 0.000000 0.000000
352860.008917 4025775.732494 0.000000 0.000000
352860.049582 4025775.667180 0.000000 0.000000
352860.090467 4025775.601511 0.000000 0.000000
352860.131578 4025775.535482 0.000000 -0.000000
352860.172916 4025775.469085 0.000000 -0.000000
352860.214487 4025775.402315 0.000000 0.000000
352860.256295 4025775.335165 0.000000 0.000000
352860.298343 4025775.267628 0.000000 -0.000000
352860.340637 4025775.199698 0.000000 -0.000000
352860.383180 4025775.131367 0.000000 0.000000
352860.425976 4025775.062628 0.000000 -0.000000
352860.469032 4025774.993474 0.000000 0.000000
352860.512351 4025774.923897 0.000000 0.000000
352860.555938 4025774.853888 0.000000 -0.000000
352860.599799 4025774.783440 0.000000 0.000000
352860.643939 4025774.712544 0.000000 -0.000000
352860.688363 4025774.641192 0.000000 -0.000000
352860.733077 4025774.569373 0.000000 -0.000000
352860.778087 4025774.497079 0.000000 0.000000
352860.823400 4025774.424300 0.000000 0.000000
352860.869020 4025774.351026 0.000000 0.000000
352860.914955 4025774.277247 0.000000 0.000000
352860.961212 4025774.202950 0.000000 -0.000000
352861.007798 4025774.128126 0.000000 -0.000000
352861.054719 4025774.052763 0.000000 -0.000000
352861.101984 4025773.976847 0.000000 -0.000000
352861.149600 4025773.900368 0.000000 -0.000000
352861.197576 4025773.823311 0.000000 0.000000
352861.245920 4025773.745663 0.000000 -0.000000
352861.294640 4025773.667410 0.000000 0.000000
352861.343746 4025773.588537 0.000000 0.000000
352861.393248 4025773.509030 0.000000 0.000000
352861.443154 4025773.428871 0.000000 0.000000
352861.493476 4025773.348046 0.000000 -0.000000
352861.544224 4025773.266536 0.000000 -0.000000
352861.595410 4025773.184324 0.000000 0.000000
352861.647044 4025773.101391 0.000000 0.000000
352861.699138 4025773.017719 0.000000 -0.000000
352861.751705 4025772.933287 0.000000 -0.000000
352861.804758 4025772.848075 0.000000 -0.000000
352861.858310 4025772.762062 0.000000 0.000000
352861.912375 4025772.675225 0.000000 0.000000
352861.966967 4025772.587540 0.000000 0.000000
352862.022102 4025772.498985 0.000000 -0.000000
352862.077795 4025772.409534 0.000000 -0.000000
352862.134061 4025772.319161 0.000000 0.000000
352862.190918 4025772.227839 0.000000 0.000000
352862.248383 4025772.135540 0.000000 0.000000
352862.306474 4025772.042236 0.000000 -0.000000
352862.365212 4025771.947893 0.000000 -0.000000
352862.424616 4025771.852481 0.000000 -0.000000
352862.484708 4025771.755963 0.000000 -0.000000
352862.545512 4025771.658302 0.000000 -0.000000
352862.607052 4025771.559457 0.000000 -0.000000
352862.669357 4025771.459385 0.000000 0.000000
352862.732457 4025771.358037 0.000000 0.000000
352862.796382 4025771.255362 0.000000 -0.000000
352862.861170 4025771.151303 0.000000 0.000000
352862.926858 4025771.045796 0.000000 -0.000000
352862.993490 4025770.938774 0.000000 0.000000
352863.061114 4025770.830160 0.000000 -0.000000
352863.129779 4025770.719871 0.000000 0.000000
352863.199545 4025770.607815 0.000000 -0.000000
352863.270474 4025770.493893 0.000000 0.000000
352863.342634 4025770.377991 0.000000 0.000000
352863.416102 4025770.259990 0.000000 0.000000
352863.490961 4025770.139753 0.000000 0.000000
352863.567303 4025770.017135 0.000000 0.000000
352863.645228 4025769.891975 0.000000 0.000000
352863.724845 4025769.764097 0.000000 -0.000000
352863.806274 4025769.633307 0.000000 -0.000000
352863.889647 4025769.499397 0.000000 -0.000000
352863.975104 4025769.362139 0.000000 -0.000000
352864.062801 4025769.221284 0.000000 -0.000000
352864.152904 4025769.076562 0.000000 -0.000000
352864.245596 4025768.927684 0.000000 -0.000000
352864.341073 4025768.774331 0.000000 -0.000000
352864.439548 4025768.616165 0.000000 -0.000000
352864.541248 4025768.452817 0.000000 -0.000000
352864.646421 4025768.283891 0.000000 -0.000000
352864.755333 4025768.108962 0.000000 -0.000000
352864.868266 4025767.927572 0.000000 -0.000000
352864.985527 4025767.739231 0.000000 -0.000000
352865.107443 4025767.543414 0.000000 -0.000000
352865.234363 4025767.339559 0.000000 -0.000000
352865.366661 4025767.127067 0.000000 -0.000000
352865.504734 4025766.905298 0.000000 -0.000000
352865.649009 4025766.673570 0.000000 -0.000000
352865.799935 4025766.431156 0.000000 -0.000000
352865.957994 4025766.177287 0.000000 -0.000000
352866.123696 4025765.911142 0.000000 -0.000000
352866.297582 4025765.631853 0.000000 -0.000000
