352925.224693 4025630.182350 0.000000 0.000000
352925.293157 4025629.871770 0.000000 -0.001110
352925.356793 4025629.575836 0.000000 -0.002220
352925.415928 4025629.293594 0.000000 -0.003330
352925.470866 4025629.024143 0.000000 -0.004440
352925.521897 4025628.766634 0.000000 -0.005550
352925.569294 4025628.520266 0.000000 -0.006661
352925.613311 4025628.284287 0.000000 -0.007771
352925.654188 4025628.057991 0.000000 -0.008881
352925.692151 4025627.840712 0.000000 -0.009991
352925.727410 4025627.631830 0.000000 -0.011101
352925.760162 4025627.430761 0.000000 -0.012211
352925.790592 4025627.236961 0.000000 -0.013321
352925.818871 4025627.049920 0.000000 -0.014431
352925.845159 4025626.869164 0.000000 -0.015541
352925.869605 4025626.694251 0.000000 -0.016651
352925.892347 4025626.524771 0.000000 -0.017761
352925.913513 4025626.360340 0.000000 -0.018871
352925.933223 4025626.200605 0.000000 -0.019982
352925.951584 4025626.045237 0.000000 -0.021092
352925.968700 4025625.893935 0.000000 -0.022202
352925.984661 4025625.746417 0.000000 -0.023312
352925.999555 4025625.602425 0.000000 -0.024422
352926.013460 4025625.461723 0.000000 -0.025532
352926.026447 4025625.324092 0.000000 -0.026642
352926.038583 4025625.189331 0.000000 -0.027752
352926.049927 4025625.057258 0.000000 -0.028862
352926.060535 4025624.927704 0.000000 -0.029021
352926.070455 4025624.800516 0.000000 -0.029124
352926.079732 4025624.675555 0.000000 -0.029177
352926.088409 4025624.552692 0.000000 -0.029185
352926.096521 4025624.431812 0.000000 -0.029152
352926.104103 4025624.312810 0.000000 -0.029084
352926.111183 4025624.195588 0.000000 -0.028988
352926.117790 4025624.080060 0.000000 -0.028869
352926.123947 4025623.966147 0.000000 -0.028732
352926.129678 4025623.853775 0.000000 -0.028583
352926.135001 4025623.742880 0.000000 -0.028426
352926.139935 4025623.633401 0.000000 -0.028267
352926.144495 4025623.525282 0.000000 -0.028109
352926.148698 4025623.418475 0.000000 -0.027956
352926.152555 4025623.312931 0.000000 -0.027810
352926.156079 4025623.208608 0.000000 -0.027673
352926.159281 4025623.105466 0.000000 -0.027548
352926.162172 4025623.003467 0.000000 -0.027436
352926.164762 4025622.902576 0.000000 -0.027337
352926.167058 4025622.802760 0.000000 -0.027252
352926.169070 4025622.703987 0.000000 -0.027180
352926.170806 4025622.606227 0.000000 -0.027121
352926.172272 4025622.509450 0.000000 -0.027075
352926.173478 4025622.413630 0.000000 -0.027041
352926.174428 4025622.318738 0.000000 -0.027018
352926.175131 4025622.224750 0.000000 -0.027004
352926.175592 4025622.131638 0.000000 -0.026999
352926.175818 4025622.039381 0.000000 -0.027002
352926.175815 4025621.947952 0.000000 -0.027010
352926.175588 4025621.857331 0.000000 -0.027023
352926.175143 4025621.767495 0.000000 -0.027040
352926.174484 4025621.678423 0.000000 -0.027059
352926.173618 4025621.590093 0.000000 -0.027079
352926.172548 4025621.502487 0.000000 -0.027100
352926.171280 4025621.415586 0.000000 -0.027120
352926.169818 4025621.329369 0.000000 -0.027139
352926.168166 4025621.243820 0.000000 -0.027155
352926.166328 4025621.158921 0.000000 -0.027169
352926.164309 4025621.074655 0.000000 -0.027179
352926.162112 4025620.991005 0.000000 -0.027185
352926.159740 4025620.907957 0.000000 -0.027187
352926.157198 4025620.825493 0.000000 -0.027184
352926.154489 4025620.743599 0.000000 -0.027176
352926.151616 4025620.662261 0.000000 -0.027163
352926.148582 4025620.581465 0.000000 -0.027144
352926.145391 4025620.501195 0.000000 -0.027119
352926.142044 4025620.421440 0.000000 -0.027088
352926.138546 4025620.342186 0.000000 -0.027051
352926.134900 4025620.263420 0.000000 -0.027007
352926.131107 4025620.185130 0.000000 -0.026957
352926.127170 4025620.107303 0.000000 -0.026900
352926.123092 4025620.029928 0.000000 -0.026837
352926.118876 4025619.952992 0.000000 -0.026766
352926.114523 4025619.876485 0.000000 -0.026687
352926.110037 4025619.800396 0.000000 -0.026601
352926.105419 4025619.724712 0.000000 -0.026508
352926.100672 4025619.649423 0.000000 -0.026407
352926.095799 4025619.574520 0.000000 -0.026298
352926.090800 4025619.499990 0.000000 -0.026181
352926.085678 4025619.425825 0.000000 -0.026056
352926.080436 4025619.352013 0.000000 -0.025922
352926.075075 4025619.278545 0.000000 -0.025781
352926.069597 4025619.205410 0.000000 -0.025631
352926.064004 4025619.132600 0.000000 -0.025473
352926.058299 4025619.060104 0.000000 -0.025306
352926.052482 4025618.987912 0.000000 -0.025132
352926.046556 4025618.916016 0.000000 -0.024950
352926.040523 4025618.844406 0.000000 -0.024760
352926.034384 4025618.773071 0.000000 -0.024562
352926.028140 4025618.702004 0.000000 -0.024357
352926.021795 4025618.631195 0.000000 -0.024144
352926.015349 4025618.560635 0.000000 -0.023925
352926.008803 4025618.490314 0.000000 -0.023698
352926.002160 4025618.420224 0.000000 -0.023466
352925.995421 4025618.350355 0.000000 -0.023228
352925.988588 4025618.280699 0.000000 -0.022984
352925.981661 4025618.211247 0.000000 -0.022735
352925.974643 4025618.141990 0.000000 -0.022481
352925.967534 4025618.072919 0.000000 -0.022224
352925.960336 4025618.004025 0.000000 -0.021962
352925.953050 4025617.935300 0.000000 -0.021697
352925.945678 4025617.866735 0.000000 -0.021430
352925.938220 4025617.798321 0.000000 -0.021161
352925.930678 4025617.730050 0.000000 -0.020890
352925.923052 4025617.661913 0.000000 -0.020618
352925.915344 4025617.593902 0.000000 -0.020346
352925.907554 4025617.526008 0.000000 -0.020074
352925.899684 4025617.458222 0.000000 -0.019803
352925.891734 4025617.390536 0.000000 -0.019532
352925.883705 4025617.322943 0.000000 -0.019264
352925.875598 4025617.255432 0.000000 -0.018998
352925.867412 4025617.187997 0.000000 -0.018736
352925.859150 4025617.120628 0.000000 -0.018476
352925.850810 4025617.053317 0.000000 -0.018221
352925.842395 4025616.986056 0.000000 -0.017970
352925.833903 4025616.918837 0.000000 -0.017724
352925.825336 4025616.851651 0.000000 -0.017483
352925.816693 4025616.784490 0.000000 -0.017248
352925.807974 4025616.717346 0.000000 -0.017020
352925.799181 4025616.650210 0.000000 -0.016798
352925.790311 4025616.583075 0.000000 -0.016583
352925.781367 4025616.515931 0.000000 -0.016376
352925.772347 4025616.448771 0.000000 -0.016176
352925.763251 4025616.381587 0.000000 -0.015984
352925.754078 4025616.314370 0.000000 -0.015801
352925.744830 4025616.247111 0.000000 -0.015625
352925.735504 4025616.179803 0.000000 -0.015459
352925.726100 4025616.112438 0.000000 -0.015301
352925.716619 4025616.045007 0.000000 -0.015152
352925.707058 4025615.977501 0.000000 -0.015012
352925.697418 4025615.909913 0.000000 -0.014882
352925.687697 4025615.842235 0.000000 -0.014760
352925.677895 4025615.774457 0.000000 -0.014648
352925.668010 4025615.706571 0.000000 -0.014546
352925.658041 4025615.638570 0.000000 -0.014452
352925.647988 4025615.570444 0.000000 -0.014368
352925.637848 4025615.502186 0.000000 -0.014293
352925.627621 4025615.433787 0.000000 -0.014227
352925.617305 4025615.365238 0.000000 -0.014170
352925.606899 4025615.296531 0.000000 -0.014123
352925.596400 4025615.227658 0.000000 -0.014084
352925.585808 4025615.158609 0.000000 -0.014054
352925.575120 4025615.089377 0.000000 -0.014033
352925.564335 4025615.019952 0.000000 -0.014021
352925.553451 4025614.950327 0.000000 -0.014017
352925.542465 4025614.880491 0.000000 -0.014021
352925.531375 4025614.810438 0.000000 -0.014034
352925.520181 4025614.740156 0.000000 -0.014055
352925.508878 4025614.669639 0.000000 -0.014084
352925.497465 4025614.598877 0.000000 -0.014121
352925.485939 4025614.527861 0.000000 -0.014165
352925.474298 4025614.456582 0.000000 -0.014218
352925.462539 4025614.385031 0.000000 -0.014277
352925.450659 4025614.313199 0.000000 -0.014345
352925.438657 4025614.241076 0.000000 -0.014419
352925.426527 4025614.168654 0.000000 -0.014501
352925.414268 4025614.095922 0.000000 -0.014591
352925.401877 4025614.022872 0.000000 -0.014687
352925.389350 4025613.949494 0.000000 -0.014790
352925.376684 4025613.875777 0.000000 -0.014900
352925.363875 4025613.801713 0.000000 -0.015017
352925.350920 4025613.727291 0.000000 -0.015141
352925.337815 4025613.652500 0.000000 -0.015271
352925.324556 4025613.577332 0.000000 -0.015408
352925.311139 4025613.501774 0.000000 -0.015551
352925.297560 4025613.425817 0.000000 -0.015701
352925.283814 4025613.349449 0.000000 -0.015856
352925.269898 4025613.272660 0.000000 -0.016018
352925.255806 4025613.195438 0.000000 -0.016185
352925.241533 4025613.117771 0.000000 -0.016358
352925.227074 4025613.039648 0.000000 -0.016537
352925.212425 4025612.961057 0.000000 -0.016720
352925.197579 4025612.881985 0.000000 -0.016909
352925.182531 4025612.802419 0.000000 -0.017102
352925.167274 4025612.722347 0.000000 -0.017300
352925.151804 4025612.641754 0.000000 -0.017502
352925.136113 4025612.560628 0.000000 -0.017708
352925.120194 4025612.478955 0.000000 -0.017918
352925.104041 4025612.396719 0.000000 -0.018130
352925.087646 4025612.313906 0.000000 -0.018345
352925.071002 4025612.230500 0.000000 -0.018563
352925.054101 4025612.146486 0.000000 -0.018782
352925.036935 4025612.061847 0.000000 -0.019002
352925.019495 4025611.976567 0.000000 -0.019223
352925.001772 4025611.890628 0.000000 -0.019443
352924.983757 4025611.804012 0.000000 -0.019663
352924.965441 4025611.716701 0.000000 -0.019882
352924.946813 4025611.628675 0.000000 -0.020098
352924.927862 4025611.539916 0.000000 -0.020311
352924.908579 4025611.450402 0.000000 -0.020519
352924.888952 4025611.360113 0.000000 -0.020722
352924.868968 4025611.269027 0.000000 -0.020918
352924.848617 4025611.177121 0.000000 -0.021106
352924.827884 4025611.084373 0.000000 -0.021284
352924.806757 4025610.990757 0.000000 -0.021451
352924.785222 4025610.896251 0.000000 -0.021604
352924.763265 4025610.800827 0.000000 -0.021742
352924.740871 4025610.704459 0.000000 -0.021863
352924.718024 4025610.607119 0.000000 -0.021964
352924.694709 4025610.508779 0.000000 -0.022042
352924.670907 4025610.409407 0.000000 -0.022096
352924.646602 4025610.308971 0.000000 -0.022123
352924.621774 4025610.207437 0.000000 -0.022119
352924.596403 4025610.104768 0.000000 -0.022083
352924.570470 4025610.000924 0.000000 -0.022011
352924.543950 4025609.895861 0.000000 -0.021901
352924.516820 4025609.789532 0.000000 -0.021750
352924.489056 4025609.681886 0.000000 -0.021557
352924.460628 4025609.572867 0.000000 -0.021319
352924.431509 4025609.462411 0.000000 -0.021034
352924.401667 4025609.350451 0.000000 -0.020701
352924.371067 4025609.236911 0.000000 -0.020320
352924.339673 4025609.121708 0.000000 -0.019889
352924.307446 4025609.004750 0.000000 -0.019411
352924.274342 4025608.885935 0.000000 -0.018885
352924.240318 4025608.765152 0.000000 -0.018313
352924.205321 4025608.642277 0.000000 -0.017698
352924.169300 4025608.517175 0.000000 -0.017042
352924.132197 4025608.389697 0.000000 -0.016349
352924.093948 4025608.259680 0.000000 -0.015695
352924.054487 4025608.126945 0.000000 -0.015041
352924.013742 4025607.991296 0.000000 -0.014387
352923.971634 4025607.852520 0.000000 -0.013733
352923.928081 4025607.710384 0.000000 -0.013079
352923.882990 4025607.564634 0.000000 -0.012425
352923.836267 4025607.414995 0.000000 -0.011771
352923.787806 4025607.261169 0.000000 -0.011117
352923.737497 4025607.102832 0.000000 -0.010463
352923.685220 4025606.939635 0.000000 -0.009809
352923.630848 4025606.771200 0.000000 -0.009155
352923.574244 4025606.597121 0.000000 -0.008501
352923.515262 4025606.416959 0.000000 -0.007847
352923.453747 4025606.230246 0.000000 -0.007193
352923.389533 4025606.036475 0.000000 -0.006540
352923.322444 4025605.835106 0.000000 -0.005886
352923.252293 4025605.625561 0.000000 -0.005232
352923.178879 4025605.407222 0.000000 -0.004578
352923.101992 4025605.179427 0.000000 -0.003924
352923.021407 4025604.941474 0.000000 -0.003270
352922.936885 4025604.692613 0.000000 -0.002616
352922.848176 4025604.432047 0.000000 -0.001962
352922.755012 4025604.158930 0.000000 -0.001308
352922.657113 4025603.872364 0.000000 -0.000654
