352927.991443 4025631.064737 0.000000 0.000000
352927.870347 4025631.390119 0.000000 -0.000020
352927.755057 4025631.699900 0.000000 -0.000041
352927.645196 4025631.995103 0.000000 -0.000061
352927.540405 4025632.276691 0.000000 -0.000082
352927.440347 4025632.545574 0.000000 -0.000102
352927.344704 4025632.802607 0.000000 -0.000122
352927.253178 4025633.048596 0.000000 -0.000143
352927.165487 4025633.284297 0.000000 -0.000163
352927.081369 4025633.510420 0.000000 -0.000183
352927.000575 4025633.727631 0.000000 -0.000204
352926.922876 4025633.936552 0.000000 -0.000224
352926.848053 4025634.137766 0.000000 -0.000245
352926.775907 4025634.331817 0.000000 -0.000265
352926.706247 4025634.519213 0.000000 -0.000285
352926.638899 4025634.700425 0.000000 -0.000306
352926.573699 4025634.875893 0.000000 -0.000326
352926.510495 4025635.046025 0.000000 -0.000346
352926.449148 4025635.211198 0.000000 -0.000367
352926.389527 4025635.371764 0.000000 -0.000387
352926.331512 4025635.528045 0.000000 -0.000408
352926.274991 4025635.680341 0.000000 -0.000428
352926.219862 4025635.828925 0.000000 -0.000448
352926.166032 4025635.974053 0.000000 -0.000469
352926.113412 4025636.115955 0.000000 -0.000497
352926.061925 4025636.254846 0.000000 -0.000525
352926.011497 4025636.390920 0.000000 -0.000551
352925.962062 4025636.524357 0.000000 -0.000577
352925.913558 4025636.655318 0.000000 -0.000602
352925.865931 4025636.783953 0.000000 -0.000626
352925.819130 4025636.910397 0.000000 -0.000648
352925.773109 4025637.034773 0.000000 -0.000669
352925.727826 4025637.157193 0.000000 -0.000688
352925.683243 4025637.277759 0.000000 -0.000706
352925.639325 4025637.396562 0.000000 -0.000723
352925.596042 4025637.513687 0.000000 -0.000738
352925.553364 4025637.629210 0.000000 -0.000751
352925.511265 4025637.743200 0.000000 -0.000763
352925.469722 4025637.855721 0.000000 -0.000773
352925.428713 4025637.966830 0.000000 -0.000782
352925.388218 4025638.076580 0.000000 -0.000790
352925.348219 4025638.185019 0.000000 -0.000796
352925.308698 4025638.292193 0.000000 -0.000800
352925.269640 4025638.398144 0.000000 -0.000804
352925.231030 4025638.502909 0.000000 -0.000806
352925.192855 4025638.606526 0.000000 -0.000807
352925.155100 4025638.709029 0.000000 -0.000807
352925.117755 4025638.810451 0.000000 -0.000806
352925.080806 4025638.910823 0.000000 -0.000804
352925.044244 4025639.010174 0.000000 -0.000801
352925.008055 4025639.108533 0.000000 -0.000797
352924.972232 4025639.205928 0.000000 -0.000792
352924.936762 4025639.302385 0.000000 -0.000786
352924.901637 4025639.397929 0.000000 -0.000780
352924.866846 4025639.492587 0.000000 -0.000773
352924.832382 4025639.586380 0.000000 -0.000765
352924.798235 4025639.679332 0.000000 -0.000756
352924.764397 4025639.771465 0.000000 -0.000747
352924.730859 4025639.862800 0.000000 -0.000737
352924.697615 4025639.953357 0.000000 -0.000727
352924.664655 4025640.043157 0.000000 -0.000716
352924.631974 4025640.132218 0.000000 -0.000704
352924.599565 4025640.220557 0.000000 -0.000693
352924.567419 4025640.308193 0.000000 -0.000680
352924.535532 4025640.395143 0.000000 -0.000668
352924.503896 4025640.481422 0.000000 -0.000655
352924.472507 4025640.567047 0.000000 -0.000641
352924.441357 4025640.652031 0.000000 -0.000628
352924.410442 4025640.736391 0.000000 -0.000614
352924.379756 4025640.820139 0.000000 -0.000600
352924.349295 4025640.903289 0.000000 -0.000586
352924.319052 4025640.985854 0.000000 -0.000572
352924.289023 4025641.067846 0.000000 -0.000557
352924.259204 4025641.149278 0.000000 -0.000543
352924.229591 4025641.230161 0.000000 -0.000528
352924.200178 4025641.310506 0.000000 -0.000514
352924.170962 4025641.390325 0.000000 -0.000499
352924.141938 4025641.469626 0.000000 -0.000485
352924.113104 4025641.548421 0.000000 -0.000471
352924.084454 4025641.626720 0.000000 -0.000456
352924.055986 4025641.704531 0.000000 -0.000442
352924.027696 4025641.781863 0.000000 -0.000428
352923.999581 4025641.858727 0.000000 -0.000415
352923.971637 4025641.935129 0.000000 -0.000401
352923.943861 4025642.011079 0.000000 -0.000388
352923.916250 4025642.086585 0.000000 -0.000375
352923.888801 4025642.161653 0.000000 -0.000362
352923.861511 4025642.236293 0.000000 -0.000350
352923.834378 4025642.310511 0.000000 -0.000337
352923.807398 4025642.384315 0.000000 -0.000326
352923.780569 4025642.457712 0.000000 -0.000314
352923.753888 4025642.530708 0.000000 -0.000303
352923.727353 4025642.603310 0.000000 -0.000292
352923.700961 4025642.675525 0.000000 -0.000281
352923.674710 4025642.747360 0.000000 -0.000271
352923.648597 4025642.818820 0.000000 -0.000261
352923.622620 4025642.889911 0.000000 -0.000252
352923.596777 4025642.960641 0.000000 -0.000243
352923.571065 4025643.031014 0.000000 -0.000234
352923.545483 4025643.101037 0.000000 -0.000226
352923.520028 4025643.170715 0.000000 -0.000218
352923.494698 4025643.240053 0.000000 -0.000210
352923.469490 4025643.309059 0.000000 -0.000203
352923.444404 4025643.377736 0.000000 -0.000196
352923.419436 4025643.446091 0.000000 -0.000190
352923.394586 4025643.514128 0.000000 -0.000184
352923.369850 4025643.581853 0.000000 -0.000178
352923.345227 4025643.649271 0.000000 -0.000173
352923.320715 4025643.716387 0.000000 -0.000167
352923.296313 4025643.783207 0.000000 -0.000163
352923.272018 4025643.849734 0.000000 -0.000158
352923.247828 4025643.915974 0.000000 -0.000154
352923.223743 4025643.981932 0.000000 -0.000150
352923.199759 4025644.047613 0.000000 -0.000146
352923.175876 4025644.113021 0.000000 -0.000143
352923.152091 4025644.178161 0.000000 -0.000140
352923.128403 4025644.243038 0.000000 -0.000137
352923.104809 4025644.307656 0.000000 -0.000134
352923.081310 4025644.372020 0.000000 -0.000132
352923.057902 4025644.436134 0.000000 -0.000130
352923.034584 4025644.500004 0.000000 -0.000128
352923.011355 4025644.563632 0.000000 -0.000126
352922.988212 4025644.627024 0.000000 -0.000124
352922.965155 4025644.690185 0.000000 -0.000123
352922.942181 4025644.753118 0.000000 -0.000121
352922.919290 4025644.815827 0.000000 -0.000120
352922.896478 4025644.878318 0.000000 -0.000119
352922.873746 4025644.940594 0.000000 -0.000118
352922.851091 4025645.002660 0.000000 -0.000117
352922.828512 4025645.064520 0.000000 -0.000116
352922.806007 4025645.126178 0.000000 -0.000115
352922.783574 4025645.187637 0.000000 -0.000114
352922.761213 4025645.248904 0.000000 -0.000114
352922.738922 4025645.309981 0.000000 -0.000113
352922.716698 4025645.370872 0.000000 -0.000112
352922.694542 4025645.431582 0.000000 -0.000112
352922.672450 4025645.492115 0.000000 -0.000111
352922.650423 4025645.552475 0.000000 -0.000111
352922.628457 4025645.612665 0.000000 -0.000110
352922.606552 4025645.672690 0.000000 -0.000109
352922.584707 4025645.732554 0.000000 -0.000109
352922.562919 4025645.792261 0.000000 -0.000108
352922.541188 4025645.851814 0.000000 -0.000107
352922.519512 4025645.911218 0.000000 -0.000107
352922.497890 4025645.970476 0.000000 -0.000106
352922.476319 4025646.029593 0.000000 -0.000105
352922.454800 4025646.088571 0.000000 -0.000104
352922.433330 4025646.147415 0.000000 -0.000103
352922.411908 4025646.206129 0.000000 -0.000102
352922.390533 4025646.264716 0.000000 -0.000101
352922.369203 4025646.323180 0.000000 -0.000100
352922.347917 4025646.381524 0.000000 -0.000099
352922.326673 4025646.439753 0.000000 -0.000098
352922.305471 4025646.497869 0.000000 -0.000097
352922.284309 4025646.555877 0.000000 -0.000095
352922.263186 4025646.613779 0.000000 -0.000094
352922.242101 4025646.671580 0.000000 -0.000093
352922.221051 4025646.729282 0.000000 -0.000091
352922.200037 4025646.786888 0.000000 -0.000090
352922.179057 4025646.844403 0.000000 -0.000088
352922.158109 4025646.901829 0.000000 -0.000086
352922.137193 4025646.959170 0.000000 -0.000085
352922.116308 4025647.016429 0.000000 -0.000083
352922.095451 4025647.073608 0.000000 -0.000081
352922.074623 4025647.130710 0.000000 -0.000079
352922.053822 4025647.187739 0.000000 -0.000077
352922.033047 4025647.244698 0.000000 -0.000075
352922.012297 4025647.301589 0.000000 -0.000073
352921.991571 4025647.358416 0.000000 -0.000071
352921.970868 4025647.415179 0.000000 -0.000069
352921.950186 4025647.471884 0.000000 -0.000066
352921.929526 4025647.528531 0.000000 -0.000064
352921.908886 4025647.585124 0.000000 -0.000062
352921.888266 4025647.641665 0.000000 -0.000059
352921.867663 4025647.698156 0.000000 -0.000057
352921.847078 4025647.754599 0.000000 -0.000054
352921.826510 4025647.810998 0.000000 -0.000051
352921.805958 4025647.867353 0.000000 -0.000049
352921.785421 4025647.923668 0.000000 -0.000046
352921.764898 4025647.979944 0.000000 -0.000043
352921.744389 4025648.036183 0.000000 -0.000040
352921.723892 4025648.092387 0.000000 -0.000036
352921.703408 4025648.148558 0.000000 -0.000033
352921.682935 4025648.204698 0.000000 -0.000030
352921.662473 4025648.260809 0.000000 -0.000026
352921.642022 4025648.316891 0.000000 -0.000022
352921.621580 4025648.372948 0.000000 -0.000019
352921.601147 4025648.428979 0.000000 -0.000015
352921.580723 4025648.484987 0.000000 -0.000010
352921.560307 4025648.540974 0.000000 -0.000006
352921.539898 4025648.596940 0.000000 -0.000002
352921.519497 4025648.652887 0.000000 0.000003
352921.499102 4025648.708815 0.000000 0.000008
352921.478713 4025648.764727 0.000000 0.000013
352921.458330 4025648.820624 0.000000 0.000018
352921.437952 4025648.876505 0.000000 0.000024
352921.417579 4025648.932373 0.000000 0.000029
352921.397210 4025648.988229 0.000000 0.000035
352921.376846 4025649.044072 0.000000 0.000042
352921.356486 4025649.099905 0.000000 0.000048
352921.336129 4025649.155727 0.000000 0.000055
352921.315775 4025649.211541 0.000000 0.000062
352921.295424 4025649.267345 0.000000 0.000069
352921.275076 4025649.323142 0.000000 0.000077
352921.254731 4025649.378931 0.000000 0.000085
352921.234387 4025649.434714 0.000000 0.000093
352921.214046 4025649.490490 0.000000 0.000101
352921.193706 4025649.546261 0.000000 0.000110
352921.173368 4025649.602026 0.000000 0.000119
352921.153031 4025649.657787 0.000000 0.000129
352921.132695 4025649.713543 0.000000 0.000139
352921.112361 4025649.769296 0.000000 0.000149
352921.092027 4025649.825045 0.000000 0.000159
352921.071693 4025649.880790 0.000000 0.000170
352921.051361 4025649.936533 0.000000 0.000182
352921.031028 4025649.992273 0.000000 0.000193
352921.010696 4025650.048010 0.000000 0.000205
352920.990364 4025650.103745 0.000000 0.000217
352920.970032 4025650.159478 0.000000 0.000230
352920.949699 4025650.215210 0.000000 0.000243
352920.929367 4025650.270939 0.000000 0.000256
352920.909034 4025650.326667 0.000000 0.000269
352920.888700 4025650.382394 0.000000 0.000283
352920.868366 4025650.438120 0.000000 0.000297
352920.848031 4025650.493844 0.000000 0.000312
352920.827696 4025650.549568 0.000000 0.000327
352920.807360 4025650.605290 0.000000 0.000342
352920.787022 4025650.661011 0.000000 0.000357
352920.766684 4025650.716732 0.000000 0.000372
352920.746345 4025650.772452 0.000000 0.000388
352920.726004 4025650.828171 0.000000 0.000404
352920.705663 4025650.883889 0.000000 0.000420
352920.685320 4025650.939607 0.000000 0.000437
352920.664975 4025650.995324 0.000000 0.000453
352920.644630 4025651.051040 0.000000 0.000470
352920.624282 4025651.106756 0.000000 0.000487
352920.603933 4025651.162471 0.000000 0.000503
352920.583583 4025651.218185 0.000000 0.000520
352920.563230 4025651.273899 0.000000 0.000537
352920.542876 4025651.329612 0.000000 0.000555
352920.522520 4025651.385324 0.000000 0.000572
352920.502163 4025651.441036 0.000000 0.000589
352920.481803 4025651.496747 0.000000 0.000606
352920.461441 4025651.552457 0.000000 0.000623
352920.441077 4025651.608166 0.000000 0.000639
352920.420711 4025651.663875 0.000000 0.000656
352920.400343 4025651.719582 0.000000 0.000673
352920.379972 4025651.775289 0.000000 0.000689
352920.359600 4025651.830995 0.000000 0.000705
352920.339224 4025651.886700 0.000000 0.000721
352920.318847 4025651.942404 0.000000 0.000737
352920.298467 4025651.998108 0.000000 0.000752
352920.278084 4025652.053810 0.000000 0.000767
352920.257699 4025652.109512 0.000000 0.000782
352920.237311 4025652.165212 0.000000 0.000796
352920.216920 4025652.220911 0.000000 0.000810
352920.196527 4025652.276610 0.000000 0.000823
352920.176131 4025652.332307 0.000000 0.000836
352920.155732 4025652.388004 0.000000 0.000849
352920.135330 4025652.443699 0.000000 0.000861
352920.114925 4025652.499393 0.000000 0.000872
352920.094517 4025652.555086 0.000000 0.000883
352920.074106 4025652.610778 0.000000 0.000893
352920.053692 4025652.666469 0.000000 0.000903
352920.033275 4025652.722159 0.000000 0.000912
352920.012855 4025652.777848 0.000000 0.000920
352919.992432 4025652.833535 0.000000 0.000928
352919.972005 4025652.889221 0.000000 0.000935
352919.951576 4025652.944906 0.000000 0.000941
352919.931143 4025653.000590 0.000000 0.000947
352919.910707 4025653.056273 0.000000 0.000952
352919.890267 4025653.111955 0.000000 0.000956
352919.869825 4025653.167635 0.000000 0.000959
352919.849379 4025653.223314 0.000000 0.000962
352919.828930 4025653.278992 0.000000 0.000964
352919.808477 4025653.334669 0.000000 0.000965
352919.788021 4025653.390344 0.000000 0.000966
352919.767562 4025653.446019 0.000000 0.000965
352919.747100 4025653.501692 0.000000 0.000964
352919.726634 4025653.557364 0.000000 0.000962
352919.706165 4025653.613034 0.000000 0.000960
352919.685693 4025653.668704 0.000000 0.000957
352919.665218 4025653.724372 0.000000 0.000953
352919.644739 4025653.780039 0.000000 0.000948
352919.624257 4025653.835705 0.000000 0.000942
352919.603772 4025653.891370 0.000000 0.000936
352919.583283 4025653.947033 0.000000 0.000929
352919.562792 4025654.002696 0.000000 0.000922
352919.542297 4025654.058357 0.000000 0.000913
352919.521800 4025654.114017 0.000000 0.000905
352919.501299 4025654.169676 0.000000 0.000895
352919.480795 4025654.225334 0.000000 0.000885
352919.460288 4025654.280990 0.000000 0.000874
352919.439778 4025654.336646 0.000000 0.000863
352919.419265 4025654.392301 0.000000 0.000851
352919.398750 4025654.447954 0.000000 0.000839
352919.378231 4025654.503607 0.000000 0.000826
352919.357710 4025654.559258 0.000000 0.000812
352919.337186 4025654.614909 0.000000 0.000799
352919.316660 4025654.670558 0.000000 0.000784
352919.296130 4025654.726207 0.000000 0.000770
352919.275599 4025654.781854 0.000000 0.000755
352919.255064 4025654.837501 0.000000 0.000739
352919.234527 4025654.893146 0.000000 0.000723
352919.213988 4025654.948791 0.000000 0.000707
352919.193447 4025655.004435 0.000000 0.000691
352919.172903 4025655.060078 0.000000 0.000674
352919.152357 4025655.115721 0.000000 0.000657
352919.131808 4025655.171362 0.000000 0.000640
352919.111258 4025655.227003 0.000000 0.000623
352919.090705 4025655.282643 0.000000 0.000606
352919.070151 4025655.338282 0.000000 0.000588
352919.049595 4025655.393921 0.000000 0.000570
352919.029036 4025655.449559 0.000000 0.000553
352919.008476 4025655.505196 0.000000 0.000535
352918.987914 4025655.560832 0.000000 0.000517
352918.967351 4025655.616468 0.000000 0.000499
352918.946786 4025655.672104 0.000000 0.000481
352918.926219 4025655.727738 0.000000 0.000462
352918.905651 4025655.783372 0.000000 0.000444
352918.885081 4025655.839006 0.000000 0.000426
352918.864510 4025655.894639 0.000000 0.000408
352918.843938 4025655.950272 0.000000 0.000390
352918.823364 4025656.005904 0.000000 0.000371
352918.802789 4025656.061536 0.000000 0.000353
352918.782213 4025656.117167 0.000000 0.000335
352918.761636 4025656.172798 0.000000 0.000317
352918.741058 4025656.228429 0.000000 0.000299
352918.720479 4025656.284059 0.000000 0.000280
352918.699899 4025656.339689 0.000000 0.000262
352918.679318 4025656.395318 0.000000 0.000244
352918.658737 4025656.450948 0.000000 0.000226
352918.638154 4025656.506577 0.000000 0.000208
352918.617571 4025656.562205 0.000000 0.000190
352918.596988 4025656.617834 0.000000 0.000171
352918.576404 4025656.673462 0.000000 0.000153
352918.555819 4025656.729090 0.000000 0.000135
352918.535234 4025656.784718 0.000000 0.000116
352918.514649 4025656.840346 0.000000 0.000098
352918.494063 4025656.895974 0.000000 0.000079
352918.473477 4025656.951602 0.000000 0.000060
352918.452891 4025657.007229 0.000000 0.000041
352918.432305 4025657.062857 0.000000 0.000022
352918.411718 4025657.118484 0.000000 0.000003
352918.391132 4025657.174112 0.000000 -0.000016
352918.370546 4025657.229739 0.000000 -0.000036
352918.349959 4025657.285367 0.000000 -0.000056
352918.329373 4025657.340994 0.000000 -0.000076
352918.308787 4025657.396622 0.000000 -0.000097
352918.288202 4025657.452250 0.000000 -0.000118
352918.267617 4025657.507878 0.000000 -0.000139
352918.247032 4025657.563506 0.000000 -0.000161
352918.226448 4025657.619134 0.000000 -0.000183
352918.205864 4025657.674763 0.000000 -0.000205
352918.185281 4025657.730391 0.000000 -0.000228
352918.164699 4025657.786020 0.000000 -0.000251
352918.144117 4025657.841649 0.000000 -0.000275
352918.123537 4025657.897279 0.000000 -0.000299
352918.102957 4025657.952909 0.000000 -0.000324
352918.082378 4025658.008539 0.000000 -0.000349
352918.061800 4025658.064170 0.000000 -0.000375
352918.041224 4025658.119801 0.000000 -0.000401
352918.020649 4025658.175432 0.000000 -0.000428
352918.000075 4025658.231064 0.000000 -0.000456
352917.979503 4025658.286697 0.000000 -0.000484
352917.958932 4025658.342330 0.000000 -0.000512
352917.938363 4025658.397964 0.000000 -0.000542
352917.917795 4025658.453598 0.000000 -0.000571
352917.897230 4025658.509233 0.000000 -0.000602
352917.876666 4025658.564869 0.000000 -0.000633
352917.856104 4025658.620505 0.000000 -0.000664
352917.835545 4025658.676143 0.000000 -0.000696
352917.814988 4025658.731781 0.000000 -0.000729
352917.794433 4025658.787420 0.000000 -0.000762
352917.773880 4025658.843059 0.000000 -0.000796
352917.753331 4025658.898700 0.000000 -0.000830
352917.732783 4025658.954342 0.000000 -0.000864
352917.712239 4025659.009985 0.000000 -0.000899
352917.691698 4025659.065629 0.000000 -0.000935
352917.671160 4025659.121274 0.000000 -0.000971
352917.650625 4025659.176920 0.000000 -0.001007
352917.630093 4025659.232567 0.000000 -0.001043
352917.609565 4025659.288216 0.000000 -0.001080
352917.589040 4025659.343866 0.000000 -0.001117
352917.568519 4025659.399517 0.000000 -0.001154
352917.548002 4025659.455169 0.000000 -0.001192
352917.527488 4025659.510824 0.000000 -0.001229
352917.506979 4025659.566479 0.000000 -0.001267
352917.486474 4025659.622136 0.000000 -0.001305
352917.465974 4025659.677795 0.000000 -0.001342
352917.445478 4025659.733455 0.000000 -0.001380
352917.424986 4025659.789117 0.000000 -0.001417
352917.404499 4025659.844781 0.000000 -0.001454
352917.384018 4025659.900446 0.000000 -0.001491
352917.363541 4025659.956114 0.000000 -0.001528
352917.343069 4025660.011783 0.000000 -0.001564
352917.322603 4025660.067454 0.000000 -0.001600
352917.302142 4025660.123127 0.000000 -0.001635
352917.281686 4025660.178802 0.000000 -0.001670
352917.261236 4025660.234479 0.000000 -0.001704
352917.240792 4025660.290159 0.000000 -0.001737
352917.220354 4025660.345840 0.000000 -0.001770
352917.199922 4025660.401523 0.000000 -0.001802
352917.179496 4025660.457209 0.000000 -0.001832
352917.159076 4025660.512897 0.000000 -0.001862
352917.138662 4025660.568588 0.000000 -0.001891
352917.118255 4025660.624280 0.000000 -0.001919
352917.097855 4025660.679975 0.000000 -0.001946
352917.077461 4025660.735673 0.000000 -0.001972
352917.057074 4025660.791373 0.000000 -0.001996
352917.036693 4025660.847075 0.000000 -0.002019
352917.016320 4025660.902780 0.000000 -0.002041
352916.995953 4025660.958488 0.000000 -0.002062
352916.975594 4025661.014198 0.000000 -0.002081
352916.955242 4025661.069910 0.000000 -0.002098
352916.934896 4025661.125626 0.000000 -0.002114
352916.914559 4025661.181343 0.000000 -0.002129
352916.894228 4025661.237064 0.000000 -0.002142
352916.873905 4025661.292787 0.000000 -0.002153
352916.853589 4025661.348513 0.000000 -0.002163
352916.833280 4025661.404242 0.000000 -0.002171
352916.812979 4025661.459973 0.000000 -0.002177
352916.792686 4025661.515707 0.000000 -0.002182
352916.772399 4025661.571443 0.000000 -0.002185
352916.752121 4025661.627183 0.000000 -0.002186
352916.731849 4025661.682925 0.000000 -0.002185
352916.711586 4025661.738670 0.000000 -0.002183
352916.691329 4025661.794417 0.000000 -0.002179
352916.671081 4025661.850168 0.000000 -0.002173
352916.650839 4025661.905921 0.000000 -0.002166
352916.630605 4025661.961676 0.000000 -0.002157
352916.610379 4025662.017435 0.000000 -0.002146
352916.590159 4025662.073196 0.000000 -0.002133
352916.569947 4025662.128959 0.000000 -0.002119
352916.549743 4025662.184726 0.000000 -0.002103
352916.529545 4025662.240495 0.000000 -0.002086
352916.509354 4025662.296266 0.000000 -0.002067
352916.489171 4025662.352040 0.000000 -0.002046
352916.468994 4025662.407817 0.000000 -0.002024
352916.448825 4025662.463596 0.000000 -0.002000
352916.428662 4025662.519377 0.000000 -0.001975
352916.408506 4025662.575161 0.000000 -0.001948
352916.388356 4025662.630948 0.000000 -0.001920
352916.368213 4025662.686737 0.000000 -0.001891
352916.348077 4025662.742528 0.000000 -0.001861
352916.327947 4025662.798321 0.000000 -0.001829
352916.307822 4025662.854117 0.000000 -0.001796
352916.287704 4025662.909915 0.000000 -0.001762
352916.267592 4025662.965715 0.000000 -0.001727
352916.247486 4025663.021517 0.000000 -0.001691
352916.227385 4025663.077321 0.000000 -0.001654
352916.207290 4025663.133127 0.000000 -0.001616
352916.187201 4025663.188935 0.000000 -0.001577
352916.167116 4025663.244745 0.000000 -0.001537
352916.147037 4025663.300557 0.000000 -0.001497
352916.126963 4025663.356371 0.000000 -0.001456
352916.106893 4025663.412187 0.000000 -0.001415
352916.086828 4025663.468004 0.000000 -0.001373
352916.066768 4025663.523823 0.000000 -0.001330
352916.046713 4025663.579643 0.000000 -0.001287
352916.026661 4025663.635465 0.000000 -0.001244
352916.006614 4025663.691289 0.000000 -0.001200
352915.986570 4025663.747114 0.000000 -0.001156
352915.966530 4025663.802940 0.000000 -0.001112
352915.946494 4025663.858768 0.000000 -0.001068
352915.926462 4025663.914597 0.000000 -0.001023
352915.906433 4025663.970427 0.000000 -0.000979
352915.886407 4025664.026258 0.000000 -0.000934
352915.866384 4025664.082091 0.000000 -0.000889
352915.846364 4025664.137924 0.000000 -0.000845
352915.826346 4025664.193759 0.000000 -0.000800
352915.806331 4025664.249594 0.000000 -0.000756
352915.786319 4025664.305430 0.000000 -0.000711
352915.766309 4025664.361267 0.000000 -0.000667
352915.746301 4025664.417105 0.000000 -0.000623
352915.726295 4025664.472944 0.000000 -0.000579
352915.706291 4025664.528783 0.000000 -0.000535
352915.686288 4025664.584623 0.000000 -0.000491
352915.666287 4025664.640463 0.000000 -0.000448
352915.646288 4025664.696304 0.000000 -0.000404
352915.626290 4025664.752146 0.000000 -0.000361
352915.606292 4025664.807987 0.000000 -0.000318
352915.586296 4025664.863829 0.000000 -0.000276
352915.566301 4025664.919672 0.000000 -0.000233
352915.546306 4025664.975515 0.000000 -0.000191
352915.526312 4025665.031357 0.000000 -0.000149
352915.506318 4025665.087200 0.000000 -0.000107
352915.486325 4025665.143044 0.000000 -0.000065
352915.466331 4025665.198887 0.000000 -0.000024
352915.446338 4025665.254730 0.000000 0.000018
352915.426345 4025665.310573 0.000000 0.000059
352915.406351 4025665.366416 0.000000 0.000101
352915.386357 4025665.422259 0.000000 0.000142
352915.366362 4025665.478101 0.000000 0.000183
352915.346367 4025665.533944 0.000000 0.000224
352915.326371 4025665.589786 0.000000 0.000266
352915.306374 4025665.645628 0.000000 0.000307
352915.286376 4025665.701469 0.000000 0.000348
352915.266377 4025665.757310 0.000000 0.000390
352915.246376 4025665.813150 0.000000 0.000431
352915.226375 4025665.868990 0.000000 0.000473
352915.206371 4025665.924830 0.000000 0.000515
352915.186366 4025665.980668 0.000000 0.000558
352915.166359 4025666.036506 0.000000 0.000600
352915.146350 4025666.092344 0.000000 0.000643
352915.126339 4025666.148180 0.000000 0.000687
352915.106325 4025666.204016 0.000000 0.000730
352915.086309 4025666.259851 0.000000 0.000774
352915.066291 4025666.315685 0.000000 0.000819
352915.046270 4025666.371517 0.000000 0.000864
352915.026246 4025666.427349 0.000000 0.000909
352915.006219 4025666.483180 0.000000 0.000955
352914.986189 4025666.539010 0.000000 0.001001
352914.966156 4025666.594838 0.000000 0.001048
352914.946120 4025666.650665 0.000000 0.001096
352914.926079 4025666.706491 0.000000 0.001144
352914.906035 4025666.762315 0.000000 0.001192
352914.885988 4025666.818138 0.000000 0.001241
352914.865936 4025666.873960 0.000000 0.001291
352914.845880 4025666.929780 0.000000 0.001341
352914.825819 4025666.985598 0.000000 0.001392
352914.805754 4025667.041415 0.000000 0.001443
352914.785684 4025667.097230 0.000000 0.001494
352914.765609 4025667.153043 0.000000 0.001547
352914.745529 4025667.208854 0.000000 0.001599
352914.725444 4025667.264663 0.000000 0.001652
352914.705354 4025667.320470 0.000000 0.001706
352914.685258 4025667.376275 0.000000 0.001760
352914.665156 4025667.432078 0.000000 0.001814
352914.645048 4025667.487879 0.000000 0.001868
352914.624933 4025667.543678 0.000000 0.001923
352914.604813 4025667.599474 0.000000 0.001978
352914.584686 4025667.655268 0.000000 0.002033
352914.564552 4025667.711059 0.000000 0.002089
352914.544411 4025667.766848 0.000000 0.002144
352914.524263 4025667.822634 0.000000 0.002199
352914.504108 4025667.878417 0.000000 0.002255
352914.483945 4025667.934198 0.000000 0.002310
352914.463775 4025667.989976 0.000000 0.002365
352914.443597 4025668.045751 0.000000 0.002419
352914.423410 4025668.101523 0.000000 0.002474
352914.403215 4025668.157291 0.000000 0.002528
352914.383012 4025668.213057 0.000000 0.002581
352914.362800 4025668.268820 0.000000 0.002634
352914.342580 4025668.324579 0.000000 0.002686
352914.322350 4025668.380335 0.000000 0.002737
352914.302111 4025668.436088 0.000000 0.002788
352914.281863 4025668.491837 0.000000 0.002838
352914.261605 4025668.547582 0.000000 0.002886
352914.241337 4025668.603324 0.000000 0.002934
352914.221060 4025668.659063 0.000000 0.002980
352914.200772 4025668.714797 0.000000 0.003025
352914.180475 4025668.770528 0.000000 0.003069
352914.160166 4025668.826255 0.000000 0.003111
352914.139848 4025668.881978 0.000000 0.003152
352914.119518 4025668.937698 0.000000 0.003191
352914.099178 4025668.993413 0.000000 0.003228
352914.078827 4025669.049124 0.000000 0.003264
352914.058465 4025669.104831 0.000000 0.003298
352914.038091 4025669.160534 0.000000 0.003330
352914.017706 4025669.216233 0.000000 0.003360
352913.997310 4025669.271928 0.000000 0.003387
352913.976902 4025669.327618 0.000000 0.003413
352913.956483 4025669.383304 0.000000 0.003437
352913.936052 4025669.438986 0.000000 0.003458
352913.915609 4025669.494663 0.000000 0.003477
352913.895155 4025669.550336 0.000000 0.003493
352913.874688 4025669.606005 0.000000 0.003507
352913.854209 4025669.661669 0.000000 0.003519
352913.833719 4025669.717329 0.000000 0.003528
352913.813216 4025669.772985 0.000000 0.003535
352913.792702 4025669.828636 0.000000 0.003540
352913.772175 4025669.884282 0.000000 0.003541
352913.751637 4025669.939924 0.000000 0.003540
352913.731086 4025669.995562 0.000000 0.003537
352913.710523 4025670.051195 0.000000 0.003531
352913.689948 4025670.106824 0.000000 0.003523
352913.669361 4025670.162448 0.000000 0.003511
352913.648763 4025670.218068 0.000000 0.003498
352913.628152 4025670.273684 0.000000 0.003482
352913.607530 4025670.329295 0.000000 0.003463
352913.586895 4025670.384902 0.000000 0.003442
352913.566249 4025670.440505 0.000000 0.003418
352913.545592 4025670.496103 0.000000 0.003392
352913.524923 4025670.551697 0.000000 0.003363
352913.504242 4025670.607287 0.000000 0.003332
352913.483550 4025670.662873 0.000000 0.003299
352913.462847 4025670.718454 0.000000 0.003263
352913.442133 4025670.774032 0.000000 0.003225
352913.421408 4025670.829605 0.000000 0.003185
352913.400673 4025670.885175 0.000000 0.003143
352913.379926 4025670.940740 0.000000 0.003099
352913.359169 4025670.996302 0.000000 0.003053
352913.338402 4025671.051860 0.000000 0.003005
352913.317625 4025671.107414 0.000000 0.002956
352913.296838 4025671.162965 0.000000 0.002904
352913.276041 4025671.218512 0.000000 0.002851
352913.255234 4025671.274055 0.000000 0.002797
352913.234419 4025671.329595 0.000000 0.002741
352913.213593 4025671.385132 0.000000 0.002683
352913.192759 4025671.440665 0.000000 0.002625
352913.171917 4025671.496195 0.000000 0.002565
352913.151065 4025671.551722 0.000000 0.002504
352913.130206 4025671.607246 0.000000 0.002442
352913.109338 4025671.662767 0.000000 0.002379
352913.088462 4025671.718285 0.000000 0.002315
352913.067579 4025671.773800 0.000000 0.002251
352913.046688 4025671.829312 0.000000 0.002186
352913.025790 4025671.884822 0.000000 0.002120
352913.004885 4025671.940329 0.000000 0.002054
352912.983973 4025671.995834 0.000000 0.001988
352912.963055 4025672.051336 0.000000 0.001921
352912.942130 4025672.106836 0.000000 0.001854
352912.921200 4025672.162334 0.000000 0.001787
352912.900263 4025672.217829 0.000000 0.001720
352912.879321 4025672.273323 0.000000 0.001653
352912.858374 4025672.328814 0.000000 0.001586
352912.837422 4025672.384304 0.000000 0.001519
352912.816464 4025672.439792 0.000000 0.001453
352912.795502 4025672.495278 0.000000 0.001387
352912.774536 4025672.550762 0.000000 0.001321
352912.753565 4025672.606245 0.000000 0.001255
352912.732591 4025672.661727 0.000000 0.001190
352912.711612 4025672.717207 0.000000 0.001126
352912.690630 4025672.772686 0.000000 0.001062
352912.669645 4025672.828163 0.000000 0.000999
352912.648656 4025672.883640 0.000000 0.000936
352912.627665 4025672.939115 0.000000 0.000875
352912.606671 4025672.994589 0.000000 0.000813
352912.585674 4025673.050063 0.000000 0.000753
352912.564675 4025673.105535 0.000000 0.000693
352912.543674 4025673.161007 0.000000 0.000634
352912.522672 4025673.216478 0.000000 0.000576
352912.501667 4025673.271949 0.000000 0.000519
352912.480661 4025673.327419 0.000000 0.000462
352912.459653 4025673.382888 0.000000 0.000407
352912.438645 4025673.438357 0.000000 0.000352
352912.417635 4025673.493826 0.000000 0.000298
352912.396625 4025673.549294 0.000000 0.000245
352912.375614 4025673.604762 0.000000 0.000193
352912.354602 4025673.660230 0.000000 0.000141
352912.333591 4025673.715698 0.000000 0.000090
352912.312579 4025673.771166 0.000000 0.000040
352912.291567 4025673.826634 0.000000 -0.000009
352912.270555 4025673.882102 0.000000 -0.000057
352912.249544 4025673.937570 0.000000 -0.000105
352912.228533 4025673.993038 0.000000 -0.000152
352912.207523 4025674.048507 0.000000 -0.000198
352912.186513 4025674.103975 0.000000 -0.000244
352912.165505 4025674.159445 0.000000 -0.000289
352912.144498 4025674.214914 0.000000 -0.000334
352912.123492 4025674.270384 0.000000 -0.000377
352912.102487 4025674.325855 0.000000 -0.000421
352912.081484 4025674.381326 0.000000 -0.000464
352912.060482 4025674.436797 0.000000 -0.000506
352912.039482 4025674.492270 0.000000 -0.000548
352912.018484 4025674.547743 0.000000 -0.000590
352911.997488 4025674.603217 0.000000 -0.000631
352911.976495 4025674.658691 0.000000 -0.000672
352911.955503 4025674.714167 0.000000 -0.000713
352911.934514 4025674.769643 0.000000 -0.000753
352911.913528 4025674.825120 0.000000 -0.000793
352911.892544 4025674.880599 0.000000 -0.000833
352911.871563 4025674.936078 0.000000 -0.000873
352911.850585 4025674.991558 0.000000 -0.000912
352911.829610 4025675.047040 0.000000 -0.000952
352911.808638 4025675.102523 0.000000 -0.000991
352911.787670 4025675.158007 0.000000 -0.001030
352911.766705 4025675.213492 0.000000 -0.001069
352911.745743 4025675.268979 0.000000 -0.001108
352911.724786 4025675.324467 0.000000 -0.001147
352911.703832 4025675.379956 0.000000 -0.001185
352911.682882 4025675.435447 0.000000 -0.001224
352911.661936 4025675.490939 0.000000 -0.001263
352911.640994 4025675.546433 0.000000 -0.001301
352911.620057 4025675.601929 0.000000 -0.001339
352911.599124 4025675.657426 0.000000 -0.001378
352911.578196 4025675.712925 0.000000 -0.001416
352911.557272 4025675.768426 0.000000 -0.001454
352911.536354 4025675.823928 0.000000 -0.001492
352911.515440 4025675.879433 0.000000 -0.001530
352911.494531 4025675.934939 0.000000 -0.001567
352911.473628 4025675.990447 0.000000 -0.001605
352911.452730 4025676.045957 0.000000 -0.001642
352911.431837 4025676.101469 0.000000 -0.001679
352911.410950 4025676.156984 0.000000 -0.001715
352911.390069 4025676.212500 0.000000 -0.001752
352911.369194 4025676.268019 0.000000 -0.001788
352911.348324 4025676.323539 0.000000 -0.001824
352911.327461 4025676.379063 0.000000 -0.001859
352911.306604 4025676.434588 0.000000 -0.001894
352911.285753 4025676.490116 0.000000 -0.001928
352911.264909 4025676.545646 0.000000 -0.001962
352911.244071 4025676.601178 0.000000 -0.001996
352911.223240 4025676.656713 0.000000 -0.002028
352911.202416 4025676.712251 0.000000 -0.002060
352911.181599 4025676.767791 0.000000 -0.002092
352911.160789 4025676.823334 0.000000 -0.002122
352911.139986 4025676.878879 0.000000 -0.002152
352911.119190 4025676.934428 0.000000 -0.002181
352911.098401 4025676.989978 0.000000 -0.002209
352911.077620 4025677.045532 0.000000 -0.002236
352911.056847 4025677.101088 0.000000 -0.002262
352911.036081 4025677.156648 0.000000 -0.002287
352911.015323 4025677.212210 0.000000 -0.002311
352910.994573 4025677.267775 0.000000 -0.002334
352910.973830 4025677.323343 0.000000 -0.002355
352910.953096 4025677.378914 0.000000 -0.002375
352910.932370 4025677.434488 0.000000 -0.002394
352910.911651 4025677.490065 0.000000 -0.002412
352910.890941 4025677.545645 0.000000 -0.002428
352910.870239 4025677.601228 0.000000 -0.002443
352910.849546 4025677.656814 0.000000 -0.002456
352910.828861 4025677.712403 0.000000 -0.002468
352910.808184 4025677.767995 0.000000 -0.002478
352910.787515 4025677.823591 0.000000 -0.002487
352910.766855 4025677.879189 0.000000 -0.002494
352910.746204 4025677.934791 0.000000 -0.002500
352910.725561 4025677.990396 0.000000 -0.002504
352910.704926 4025678.046004 0.000000 -0.002506
352910.684300 4025678.101615 0.000000 -0.002507
352910.663683 4025678.157229 0.000000 -0.002506
352910.643074 4025678.212847 0.000000 -0.002503
352910.622473 4025678.268468 0.000000 -0.002499
352910.601881 4025678.324091 0.000000 -0.002492
352910.581298 4025678.379718 0.000000 -0.002484
352910.560722 4025678.435348 0.000000 -0.002475
352910.540156 4025678.490982 0.000000 -0.002464
352910.519597 4025678.546618 0.000000 -0.002451
352910.499047 4025678.602257 0.000000 -0.002436
352910.478505 4025678.657900 0.000000 -0.002419
352910.457972 4025678.713545 0.000000 -0.002401
352910.437446 4025678.769194 0.000000 -0.002382
352910.416929 4025678.824845 0.000000 -0.002360
352910.396420 4025678.880500 0.000000 -0.002338
352910.375918 4025678.936157 0.000000 -0.002313
352910.355424 4025678.991818 0.000000 -0.002287
352910.334938 4025679.047481 0.000000 -0.002260
352910.314460 4025679.103147 0.000000 -0.002231
352910.293989 4025679.158816 0.000000 -0.002200
352910.273526 4025679.214487 0.000000 -0.002169
352910.253070 4025679.270162 0.000000 -0.002135
352910.232621 4025679.325839 0.000000 -0.002101
352910.212179 4025679.381518 0.000000 -0.002065
352910.191744 4025679.437200 0.000000 -0.002028
352910.171316 4025679.492885 0.000000 -0.001990
352910.150895 4025679.548572 0.000000 -0.001951
352910.130480 4025679.604262 0.000000 -0.001911
352910.110072 4025679.659954 0.000000 -0.001870
352910.089670 4025679.715648 0.000000 -0.001828
352910.069273 4025679.771345 0.000000 -0.001785
352910.048883 4025679.827044 0.000000 -0.001741
352910.028499 4025679.882745 0.000000 -0.001696
352910.008120 4025679.938448 0.000000 -0.001651
352909.987747 4025679.994153 0.000000 -0.001605
352909.967379 4025680.049860 0.000000 -0.001559
352909.947017 4025680.105569 0.000000 -0.001512
352909.926659 4025680.161280 0.000000 -0.001464
352909.906306 4025680.216992 0.000000 -0.001416
352909.885958 4025680.272707 0.000000 -0.001368
352909.865614 4025680.328423 0.000000 -0.001320
352909.845275 4025680.384140 0.000000 -0.001271
352909.824939 4025680.439859 0.000000 -0.001222
352909.804608 4025680.495580 0.000000 -0.001173
352909.784281 4025680.551302 0.000000 -0.001124
352909.763957 4025680.607026 0.000000 -0.001075
352909.743636 4025680.662750 0.000000 -0.001025
352909.723319 4025680.718476 0.000000 -0.000976
352909.703006 4025680.774203 0.000000 -0.000927
352909.682695 4025680.829932 0.000000 -0.000878
352909.662387 4025680.885661 0.000000 -0.000830
352909.642081 4025680.941391 0.000000 -0.000781
352909.621778 4025680.997122 0.000000 -0.000733
352909.601477 4025681.052854 0.000000 -0.000685
352909.581179 4025681.108587 0.000000 -0.000637
352909.560882 4025681.164321 0.000000 -0.000590
352909.540588 4025681.220055 0.000000 -0.000543
352909.520295 4025681.275790 0.000000 -0.000496
352909.500003 4025681.331525 0.000000 -0.000450
352909.479713 4025681.387261 0.000000 -0.000404
352909.459424 4025681.442998 0.000000 -0.000359
352909.439136 4025681.498735 0.000000 -0.000314
352909.418849 4025681.554472 0.000000 -0.000270
352909.398563 4025681.610209 0.000000 -0.000226
352909.378278 4025681.665947 0.000000 -0.000183
352909.357993 4025681.721685 0.000000 -0.000140
352909.337708 4025681.777423 0.000000 -0.000098
352909.317423 4025681.833161 0.000000 -0.000056
352909.297139 4025681.888899 0.000000 -0.000014
352909.276854 4025681.944637 0.000000 0.000026
352909.256570 4025682.000375 0.000000 0.000067
352909.236284 4025682.056112 0.000000 0.000106
352909.215999 4025682.111850 0.000000 0.000146
352909.195713 4025682.167588 0.000000 0.000184
352909.175426 4025682.223325 0.000000 0.000222
352909.155138 4025682.279062 0.000000 0.000260
352909.134849 4025682.334798 0.000000 0.000298
352909.114560 4025682.390534 0.000000 0.000334
352909.094269 4025682.446270 0.000000 0.000371
352909.073976 4025682.502005 0.000000 0.000407
352909.053682 4025682.557740 0.000000 0.000442
352909.033387 4025682.613474 0.000000 0.000477
352909.013090 4025682.669207 0.000000 0.000512
352908.992791 4025682.724940 0.000000 0.000547
352908.972491 4025682.780672 0.000000 0.000581
352908.952188 4025682.836403 0.000000 0.000614
352908.931883 4025682.892134 0.000000 0.000648
352908.911576 4025682.947864 0.000000 0.000681
352908.891267 4025683.003593 0.000000 0.000713
352908.870955 4025683.059321 0.000000 0.000746
352908.850641 4025683.115048 0.000000 0.000778
352908.830324 4025683.170774 0.000000 0.000810
352908.810004 4025683.226499 0.000000 0.000842
352908.789682 4025683.282223 0.000000 0.000873
352908.769356 4025683.337946 0.000000 0.000904
352908.749028 4025683.393668 0.000000 0.000935
352908.728696 4025683.449388 0.000000 0.000966
352908.708361 4025683.505108 0.000000 0.000997
352908.688023 4025683.560826 0.000000 0.001027
352908.667682 4025683.616543 0.000000 0.001058
352908.647336 4025683.672259 0.000000 0.001088
352908.626988 4025683.727973 0.000000 0.001117
352908.606635 4025683.783686 0.000000 0.001147
352908.586279 4025683.839397 0.000000 0.001177
352908.565918 4025683.895107 0.000000 0.001206
352908.545554 4025683.950816 0.000000 0.001235
352908.525185 4025684.006523 0.000000 0.001264
352908.504813 4025684.062228 0.000000 0.001292
352908.484436 4025684.117932 0.000000 0.001321
352908.464054 4025684.173634 0.000000 0.001349
352908.443668 4025684.229335 0.000000 0.001377
352908.423278 4025684.285033 0.000000 0.001404
352908.402882 4025684.340731 0.000000 0.001432
352908.382482 4025684.396426 0.000000 0.001459
352908.362077 4025684.452119 0.000000 0.001485
352908.341667 4025684.507811 0.000000 0.001512
352908.321252 4025684.563501 0.000000 0.001538
352908.300832 4025684.619189 0.000000 0.001563
352908.280407 4025684.674875 0.000000 0.001589
352908.259976 4025684.730559 0.000000 0.001613
352908.239540 4025684.786241 0.000000 0.001638
352908.219098 4025684.841921 0.000000 0.001661
352908.198651 4025684.897598 0.000000 0.001685
352908.178198 4025684.953274 0.000000 0.001707
352908.157740 4025685.008948 0.000000 0.001730
352908.137275 4025685.064619 0.000000 0.001751
352908.116805 4025685.120289 0.000000 0.001772
352908.096329 4025685.175956 0.000000 0.001792
352908.075846 4025685.231621 0.000000 0.001812
352908.055358 4025685.287283 0.000000 0.001831
352908.034863 4025685.342944 0.000000 0.001849
352908.014363 4025685.398602 0.000000 0.001866
352907.993855 4025685.454257 0.000000 0.001882
352907.973342 4025685.509911 0.000000 0.001898
352907.952822 4025685.565562 0.000000 0.001912
352907.932296 4025685.621210 0.000000 0.001926
352907.911763 4025685.676857 0.000000 0.001939
352907.891224 4025685.732500 0.000000 0.001951
352907.870678 4025685.788142 0.000000 0.001961
352907.850125 4025685.843781 0.000000 0.001971
352907.829566 4025685.899417 0.000000 0.001980
352907.809000 4025685.955051 0.000000 0.001987
352907.788427 4025686.010682 0.000000 0.001994
352907.767848 4025686.066311 0.000000 0.001999
352907.747262 4025686.121938 0.000000 0.002003
352907.726669 4025686.177562 0.000000 0.002006
352907.706069 4025686.233183 0.000000 0.002008
352907.685462 4025686.288802 0.000000 0.002008
352907.664849 4025686.344418 0.000000 0.002008
352907.644229 4025686.400032 0.000000 0.002006
352907.623602 4025686.455644 0.000000 0.002003
352907.602968 4025686.511252 0.000000 0.001999
352907.582327 4025686.566859 0.000000 0.001993
352907.561680 4025686.622463 0.000000 0.001986
352907.541026 4025686.678064 0.000000 0.001979
352907.520365 4025686.733663 0.000000 0.001969
352907.499698 4025686.789259 0.000000 0.001959
352907.479024 4025686.844853 0.000000 0.001947
352907.458343 4025686.900445 0.000000 0.001934
352907.437656 4025686.956034 0.000000 0.001920
352907.416963 4025687.011620 0.000000 0.001905
352907.396263 4025687.067205 0.000000 0.001888
352907.375556 4025687.122787 0.000000 0.001871
352907.354843 4025687.178366 0.000000 0.001852
352907.334124 4025687.233944 0.000000 0.001832
352907.313399 4025687.289519 0.000000 0.001811
352907.292668 4025687.345091 0.000000 0.001789
352907.271931 4025687.400662 0.000000 0.001766
352907.251187 4025687.456230 0.000000 0.001742
352907.230438 4025687.511796 0.000000 0.001717
352907.209683 4025687.567360 0.000000 0.001691
352907.188923 4025687.622922 0.000000 0.001664
352907.168157 4025687.678482 0.000000 0.001636
352907.147385 4025687.734040 0.000000 0.001607
352907.126608 4025687.789596 0.000000 0.001578
352907.105826 4025687.845150 0.000000 0.001547
352907.085038 4025687.900702 0.000000 0.001516
352907.064245 4025687.956252 0.000000 0.001484
352907.043448 4025688.011800 0.000000 0.001452
352907.022646 4025688.067346 0.000000 0.001419
352907.001838 4025688.122891 0.000000 0.001385
352906.981027 4025688.178434 0.000000 0.001351
352906.960211 4025688.233976 0.000000 0.001317
352906.939390 4025688.289515 0.000000 0.001282
352906.918565 4025688.345053 0.000000 0.001246
352906.897736 4025688.400590 0.000000 0.001211
352906.876903 4025688.456125 0.000000 0.001175
352906.856067 4025688.511659 0.000000 0.001138
352906.835226 4025688.567191 0.000000 0.001102
352906.814382 4025688.622722 0.000000 0.001065
352906.793534 4025688.678252 0.000000 0.001028
352906.772683 4025688.733781 0.000000 0.000992
352906.751829 4025688.789308 0.000000 0.000955
352906.730972 4025688.844834 0.000000 0.000918
352906.710112 4025688.900359 0.000000 0.000881
352906.689248 4025688.955883 0.000000 0.000844
352906.668383 4025689.011406 0.000000 0.000807
352906.647514 4025689.066928 0.000000 0.000771
352906.626643 4025689.122449 0.000000 0.000734
352906.605770 4025689.177969 0.000000 0.000698
352906.584894 4025689.233489 0.000000 0.000662
352906.564017 4025689.289007 0.000000 0.000626
352906.543137 4025689.344525 0.000000 0.000591
352906.522256 4025689.400042 0.000000 0.000556
352906.501373 4025689.455559 0.000000 0.000521
352906.480488 4025689.511075 0.000000 0.000487
352906.459602 4025689.566590 0.000000 0.000453
352906.438714 4025689.622105 0.000000 0.000419
352906.417825 4025689.677620 0.000000 0.000386
352906.396935 4025689.733134 0.000000 0.000353
352906.376043 4025689.788647 0.000000 0.000321
352906.355151 4025689.844161 0.000000 0.000289
352906.334258 4025689.899674 0.000000 0.000258
352906.313364 4025689.955186 0.000000 0.000227
352906.292470 4025690.010699 0.000000 0.000197
352906.271575 4025690.066211 0.000000 0.000167
352906.250680 4025690.121723 0.000000 0.000138
352906.229784 4025690.177235 0.000000 0.000109
352906.208888 4025690.232747 0.000000 0.000081
352906.187992 4025690.288259 0.000000 0.000053
352906.167095 4025690.343770 0.000000 0.000026
352906.146199 4025690.399282 0.000000 -0.000001
352906.125303 4025690.454794 0.000000 -0.000027
352906.104407 4025690.510306 0.000000 -0.000053
352906.083512 4025690.565818 0.000000 -0.000078
352906.062616 4025690.621330 0.000000 -0.000102
352906.041722 4025690.676842 0.000000 -0.000126
352906.020827 4025690.732355 0.000000 -0.000150
352905.999934 4025690.787868 0.000000 -0.000173
352905.979040 4025690.843381 0.000000 -0.000196
352905.958148 4025690.898894 0.000000 -0.000218
352905.937257 4025690.954408 0.000000 -0.000239
352905.916366 4025691.009921 0.000000 -0.000260
352905.895476 4025691.065436 0.000000 -0.000281
352905.874588 4025691.120950 0.000000 -0.000301
352905.853700 4025691.176465 0.000000 -0.000321
352905.832814 4025691.231981 0.000000 -0.000340
352905.811928 4025691.287497 0.000000 -0.000359
352905.791044 4025691.343013 0.000000 -0.000378
352905.770162 4025691.398530 0.000000 -0.000396
352905.749280 4025691.454047 0.000000 -0.000414
352905.728400 4025691.509565 0.000000 -0.000431
352905.707522 4025691.565084 0.000000 -0.000448
352905.686645 4025691.620603 0.000000 -0.000465
352905.665770 4025691.676123 0.000000 -0.000481
352905.644896 4025691.731643 0.000000 -0.000497
352905.624024 4025691.787164 0.000000 -0.000513
352905.603154 4025691.842685 0.000000 -0.000528
352905.582286 4025691.898208 0.000000 -0.000543
352905.561419 4025691.953730 0.000000 -0.000558
352905.540555 4025692.009254 0.000000 -0.000573
352905.519692 4025692.064778 0.000000 -0.000587
352905.498831 4025692.120304 0.000000 -0.000601
352905.477973 4025692.175829 0.000000 -0.000614
352905.457116 4025692.231356 0.000000 -0.000627
352905.436262 4025692.286883 0.000000 -0.000640
352905.415409 4025692.342412 0.000000 -0.000653
352905.394559 4025692.397941 0.000000 -0.000666
352905.373711 4025692.453471 0.000000 -0.000678
352905.352866 4025692.509001 0.000000 -0.000690
352905.332023 4025692.564533 0.000000 -0.000701
352905.311182 4025692.620066 0.000000 -0.000713
352905.290343 4025692.675599 0.000000 -0.000724
352905.269507 4025692.731133 0.000000 -0.000735
352905.248673 4025692.786668 0.000000 -0.000745
352905.227842 4025692.842205 0.000000 -0.000756
352905.207014 4025692.897742 0.000000 -0.000766
352905.186188 4025692.953280 0.000000 -0.000775
352905.165364 4025693.008819 0.000000 -0.000785
352905.144544 4025693.064359 0.000000 -0.000794
352905.123726 4025693.119900 0.000000 -0.000803
352905.102910 4025693.175442 0.000000 -0.000811
352905.082098 4025693.230985 0.000000 -0.000819
352905.061288 4025693.286529 0.000000 -0.000827
352905.040481 4025693.342074 0.000000 -0.000835
352905.019676 4025693.397620 0.000000 -0.000842
352904.998875 4025693.453168 0.000000 -0.000849
352904.978076 4025693.508716 0.000000 -0.000855
352904.957280 4025693.564265 0.000000 -0.000862
352904.936487 4025693.619816 0.000000 -0.000867
352904.915697 4025693.675367 0.000000 -0.000873
352904.894910 4025693.730920 0.000000 -0.000878
352904.874126 4025693.786474 0.000000 -0.000883
352904.853345 4025693.842029 0.000000 -0.000887
352904.832567 4025693.897584 0.000000 -0.000891
352904.811792 4025693.953142 0.000000 -0.000894
352904.791020 4025694.008700 0.000000 -0.000897
352904.770251 4025694.064259 0.000000 -0.000900
352904.749485 4025694.119820 0.000000 -0.000902
352904.728722 4025694.175381 0.000000 -0.000903
352904.707962 4025694.230944 0.000000 -0.000905
352904.687205 4025694.286508 0.000000 -0.000906
352904.666451 4025694.342073 0.000000 -0.000906
352904.645700 4025694.397639 0.000000 -0.000906
352904.624953 4025694.453206 0.000000 -0.000905
352904.604208 4025694.508775 0.000000 -0.000904
352904.583466 4025694.564344 0.000000 -0.000903
352904.562728 4025694.619915 0.000000 -0.000901
352904.541992 4025694.675487 0.000000 -0.000898
352904.521259 4025694.731060 0.000000 -0.000895
352904.500530 4025694.786634 0.000000 -0.000892
352904.479803 4025694.842209 0.000000 -0.000888
352904.459080 4025694.897786 0.000000 -0.000883
352904.438359 4025694.953363 0.000000 -0.000879
352904.417641 4025695.008942 0.000000 -0.000873
352904.396927 4025695.064521 0.000000 -0.000868
352904.376215 4025695.120102 0.000000 -0.000861
352904.355506 4025695.175684 0.000000 -0.000855
352904.334800 4025695.231267 0.000000 -0.000848
352904.314097 4025695.286851 0.000000 -0.000840
352904.293397 4025695.342436 0.000000 -0.000832
352904.272699 4025695.398022 0.000000 -0.000824
352904.252004 4025695.453609 0.000000 -0.000815
352904.231312 4025695.509197 0.000000 -0.000806
352904.210623 4025695.564786 0.000000 -0.000796
352904.189936 4025695.620376 0.000000 -0.000786
352904.169252 4025695.675967 0.000000 -0.000776
352904.148571 4025695.731560 0.000000 -0.000765
352904.127892 4025695.787153 0.000000 -0.000754
352904.107215 4025695.842747 0.000000 -0.000743
352904.086542 4025695.898342 0.000000 -0.000731
352904.065870 4025695.953937 0.000000 -0.000719
352904.045201 4025696.009534 0.000000 -0.000707
352904.024534 4025696.065132 0.000000 -0.000694
352904.003870 4025696.120730 0.000000 -0.000682
352903.983208 4025696.176329 0.000000 -0.000669
352903.962548 4025696.231930 0.000000 -0.000655
352903.941890 4025696.287530 0.000000 -0.000642
352903.921235 4025696.343132 0.000000 -0.000629
352903.900581 4025696.398735 0.000000 -0.000615
352903.879930 4025696.454338 0.000000 -0.000601
352903.859280 4025696.509942 0.000000 -0.000587
352903.838632 4025696.565547 0.000000 -0.000573
352903.817987 4025696.621152 0.000000 -0.000559
352903.797343 4025696.676758 0.000000 -0.000545
352903.776701 4025696.732365 0.000000 -0.000531
352903.756060 4025696.787973 0.000000 -0.000516
352903.735422 4025696.843581 0.000000 -0.000502
352903.714785 4025696.899189 0.000000 -0.000488
352903.694149 4025696.954799 0.000000 -0.000474
352903.673515 4025697.010408 0.000000 -0.000459
352903.652883 4025697.066019 0.000000 -0.000445
352903.632252 4025697.121630 0.000000 -0.000431
352903.611622 4025697.177241 0.000000 -0.000417
352903.590994 4025697.232853 0.000000 -0.000404
352903.570367 4025697.288466 0.000000 -0.000390
352903.549741 4025697.344079 0.000000 -0.000377
352903.529117 4025697.399692 0.000000 -0.000363
352903.508493 4025697.455306 0.000000 -0.000350
352903.487871 4025697.510920 0.000000 -0.000337
352903.467250 4025697.566535 0.000000 -0.000324
352903.446630 4025697.622150 0.000000 -0.000312
352903.426011 4025697.677765 0.000000 -0.000299
352903.405392 4025697.733381 0.000000 -0.000287
352903.384775 4025697.788997 0.000000 -0.000275
352903.364159 4025697.844613 0.000000 -0.000263
352903.343543 4025697.900230 0.000000 -0.000252
352903.322928 4025697.955847 0.000000 -0.000241
352903.302314 4025698.011464 0.000000 -0.000230
352903.281700 4025698.067081 0.000000 -0.000219
352903.261088 4025698.122699 0.000000 -0.000209
352903.240475 4025698.178317 0.000000 -0.000199
352903.219864 4025698.233935 0.000000 -0.000189
352903.199253 4025698.289554 0.000000 -0.000180
352903.178643 4025698.345172 0.000000 -0.000170
352903.158033 4025698.400791 0.000000 -0.000161
352903.137423 4025698.456410 0.000000 -0.000153
352903.116814 4025698.512029 0.000000 -0.000144
352903.096206 4025698.567649 0.000000 -0.000136
352903.075597 4025698.623268 0.000000 -0.000129
352903.054990 4025698.678888 0.000000 -0.000121
352903.034382 4025698.734508 0.000000 -0.000114
352903.013775 4025698.790127 0.000000 -0.000107
352902.993168 4025698.845747 0.000000 -0.000101
352902.972562 4025698.901367 0.000000 -0.000094
352902.951955 4025698.956988 0.000000 -0.000088
352902.931349 4025699.012608 0.000000 -0.000082
352902.910744 4025699.068228 0.000000 -0.000077
352902.890138 4025699.123849 0.000000 -0.000072
352902.869533 4025699.179469 0.000000 -0.000067
352902.848927 4025699.235090 0.000000 -0.000062
352902.828322 4025699.290710 0.000000 -0.000057
352902.807718 4025699.346331 0.000000 -0.000053
352902.787113 4025699.401952 0.000000 -0.000049
352902.766508 4025699.457573 0.000000 -0.000045
352902.745904 4025699.513194 0.000000 -0.000042
352902.725299 4025699.568814 0.000000 -0.000038
352902.704695 4025699.624435 0.000000 -0.000035
352902.684091 4025699.680056 0.000000 -0.000032
352902.663487 4025699.735677 0.000000 -0.000029
352902.642882 4025699.791298 0.000000 -0.000026
352902.622278 4025699.846919 0.000000 -0.000024
352902.601674 4025699.902540 0.000000 -0.000022
352902.581071 4025699.958161 0.000000 -0.000019
352902.560467 4025700.013782 0.000000 -0.000017
352902.539863 4025700.069404 0.000000 -0.000015
352902.519259 4025700.125025 0.000000 -0.000014
352902.498655 4025700.180646 0.000000 -0.000012
352902.478051 4025700.236267 0.000000 -0.000011
352902.457448 4025700.291888 0.000000 -0.000009
352902.436844 4025700.347509 0.000000 -0.000008
352902.416240 4025700.403130 0.000000 -0.000007
352902.395637 4025700.458751 0.000000 -0.000006
352902.375033 4025700.514373 0.000000 -0.000005
352902.354429 4025700.569994 0.000000 -0.000004
352902.333825 4025700.625615 0.000000 -0.000003
352902.313222 4025700.681236 0.000000 -0.000002
352902.292618 4025700.736857 0.000000 -0.000001
352902.272014 4025700.792478 0.000000 -0.000001
352902.251411 4025700.848099 0.000000 -0.000000
352902.230807 4025700.903721 0.000000 0.000000
352902.210203 4025700.959342 0.000000 0.000001
352902.189599 4025701.014963 0.000000 0.000001
352902.168996 4025701.070584 0.000000 0.000002
352902.148392 4025701.126205 0.000000 0.000002
352902.127788 4025701.181826 0.000000 0.000002
352902.107184 4025701.237447 0.000000 0.000003
352902.086581 4025701.293068 0.000000 0.000003
352902.065977 4025701.348690 0.000000 0.000003
352902.045373 4025701.404311 0.000000 0.000003
352902.024769 4025701.459932 0.000000 0.000003
352902.004165 4025701.515553 0.000000 0.000003
352901.983562 4025701.571174 0.000000 0.000004
352901.962958 4025701.626795 0.000000 0.000004
352901.942354 4025701.682416 0.000000 0.000004
352901.921750 4025701.738037 0.000000 0.000004
352901.901146 4025701.793658 0.000000 0.000004
352901.880542 4025701.849279 0.000000 0.000004
352901.859938 4025701.904900 0.000000 0.000004
352901.839334 4025701.960521 0.000000 0.000004
352901.818730 4025702.016142 0.000000 0.000004
352901.798126 4025702.071763 0.000000 0.000004
352901.777522 4025702.127384 0.000000 0.000004
352901.756918 4025702.183006 0.000000 0.000004
352901.736314 4025702.238627 0.000000 0.000004
352901.715710 4025702.294248 0.000000 0.000004
352901.695106 4025702.349869 0.000000 0.000004
352901.674502 4025702.405490 0.000000 0.000004
352901.653898 4025702.461111 0.000000 0.000004
352901.633294 4025702.516732 0.000000 0.000004
352901.612690 4025702.572353 0.000000 0.000004
352901.592086 4025702.627974 0.000000 0.000004
352901.571481 4025702.683595 0.000000 0.000004
352901.550877 4025702.739216 0.000000 0.000004
352901.530273 4025702.794836 0.000000 0.000004
352901.509669 4025702.850457 0.000000 0.000004
352901.489065 4025702.906078 0.000000 0.000004
352901.468461 4025702.961699 0.000000 0.000004
352901.447856 4025703.017320 0.000000 0.000004
352901.427252 4025703.072941 0.000000 0.000004
352901.406648 4025703.128562 0.000000 0.000004
352901.386044 4025703.184183 0.000000 0.000004
352901.365439 4025703.239804 0.000000 0.000004
352901.344835 4025703.295425 0.000000 0.000004
352901.324231 4025703.351046 0.000000 0.000004
352901.303626 4025703.406667 0.000000 0.000004
352901.283022 4025703.462288 0.000000 0.000004
352901.262418 4025703.517909 0.000000 0.000004
352901.241813 4025703.573530 0.000000 0.000004
352901.221209 4025703.629150 0.000000 0.000004
352901.200605 4025703.684771 0.000000 0.000004
352901.180000 4025703.740392 0.000000 0.000004
352901.159396 4025703.796013 0.000000 0.000004
352901.138791 4025703.851634 0.000000 0.000004
352901.118187 4025703.907255 0.000000 0.000004
352901.097583 4025703.962876 0.000000 0.000004
352901.076978 4025704.018497 0.000000 0.000004
352901.056374 4025704.074117 0.000000 0.000003
352901.035769 4025704.129738 0.000000 0.000003
352901.015165 4025704.185359 0.000000 0.000003
352900.994560 4025704.240980 0.000000 0.000003
352900.973956 4025704.296601 0.000000 0.000003
352900.953351 4025704.352222 0.000000 0.000003
352900.932747 4025704.407843 0.000000 0.000003
352900.912142 4025704.463463 0.000000 0.000003
352900.891538 4025704.519084 0.000000 0.000003
352900.870933 4025704.574705 0.000000 0.000003
352900.850328 4025704.630326 0.000000 0.000003
352900.829724 4025704.685947 0.000000 0.000003
352900.809119 4025704.741567 0.000000 0.000003
352900.788515 4025704.797188 0.000000 0.000003
352900.767910 4025704.852809 0.000000 0.000003
352900.747305 4025704.908430 0.000000 0.000003
352900.726701 4025704.964051 0.000000 0.000003
352900.706096 4025705.019672 0.000000 0.000003
352900.685492 4025705.075292 0.000000 0.000003
352900.664887 4025705.130913 0.000000 0.000003
352900.644282 4025705.186534 0.000000 0.000003
352900.623678 4025705.242155 0.000000 0.000003
352900.603073 4025705.297775 0.000000 0.000003
352900.582468 4025705.353396 0.000000 0.000003
352900.561863 4025705.409017 0.000000 0.000003
352900.541259 4025705.464638 0.000000 0.000003
352900.520654 4025705.520259 0.000000 0.000003
352900.500049 4025705.575879 0.000000 0.000003
352900.479445 4025705.631500 0.000000 0.000003
352900.458840 4025705.687121 0.000000 0.000003
352900.438235 4025705.742742 0.000000 0.000003
352900.417630 4025705.798362 0.000000 0.000003
352900.397026 4025705.853983 0.000000 0.000003
352900.376421 4025705.909604 0.000000 0.000003
352900.355816 4025705.965225 0.000000 0.000003
352900.335211 4025706.020845 0.000000 0.000003
352900.314606 4025706.076466 0.000000 0.000003
352900.294002 4025706.132087 0.000000 0.000003
352900.273397 4025706.187707 0.000000 0.000003
352900.252792 4025706.243328 0.000000 0.000003
352900.232187 4025706.298949 0.000000 0.000003
352900.211582 4025706.354570 0.000000 0.000003
352900.190977 4025706.410190 0.000000 0.000003
352900.170373 4025706.465811 0.000000 0.000003
352900.149768 4025706.521432 0.000000 0.000003
352900.129163 4025706.577053 0.000000 0.000003
352900.108558 4025706.632673 0.000000 0.000003
352900.087953 4025706.688294 0.000000 0.000003
352900.067348 4025706.743915 0.000000 0.000003
352900.046743 4025706.799535 0.000000 0.000003
352900.026138 4025706.855156 0.000000 0.000003
352900.005533 4025706.910777 0.000000 0.000003
352899.984928 4025706.966397 0.000000 0.000004
352899.964323 4025707.022018 0.000000 0.000004
352899.943718 4025707.077639 0.000000 0.000004
352899.923113 4025707.133259 0.000000 0.000004
352899.902508 4025707.188880 0.000000 0.000004
352899.881903 4025707.244501 0.000000 0.000004
352899.861298 4025707.300121 0.000000 0.000004
352899.840693 4025707.355742 0.000000 0.000004
352899.820088 4025707.411363 0.000000 0.000004
352899.799483 4025707.466983 0.000000 0.000004
352899.778878 4025707.522604 0.000000 0.000004
352899.758273 4025707.578224 0.000000 0.000004
352899.737668 4025707.633845 0.000000 0.000004
352899.717063 4025707.689466 0.000000 0.000005
352899.696458 4025707.745086 0.000000 0.000005
352899.675852 4025707.800707 0.000000 0.000005
352899.655247 4025707.856328 0.000000 0.000005
352899.634642 4025707.911948 0.000000 0.000005
352899.614037 4025707.967569 0.000000 0.000005
352899.593432 4025708.023189 0.000000 0.000005
352899.572826 4025708.078810 0.000000 0.000005
352899.552221 4025708.134430 0.000000 0.000005
352899.531616 4025708.190051 0.000000 0.000005
352899.511011 4025708.245672 0.000000 0.000005
352899.490405 4025708.301292 0.000000 0.000005
352899.469800 4025708.356913 0.000000 0.000006
352899.449195 4025708.412533 0.000000 0.000006
352899.428589 4025708.468154 0.000000 0.000006
352899.407984 4025708.523774 0.000000 0.000006
352899.387378 4025708.579395 0.000000 0.000006
352899.366773 4025708.635015 0.000000 0.000006
352899.346168 4025708.690636 0.000000 0.000006
352899.325562 4025708.746256 0.000000 0.000006
352899.304957 4025708.801877 0.000000 0.000006
352899.284351 4025708.857497 0.000000 0.000006
352899.263746 4025708.913118 0.000000 0.000006
352899.243140 4025708.968738 0.000000 0.000006
352899.222535 4025709.024359 0.000000 0.000006
352899.201929 4025709.079979 0.000000 0.000006
352899.181323 4025709.135599 0.000000 0.000007
352899.160718 4025709.191220 0.000000 0.000007
352899.140112 4025709.246840 0.000000 0.000007
352899.119506 4025709.302461 0.000000 0.000007
352899.098901 4025709.358081 0.000000 0.000007
352899.078295 4025709.413702 0.000000 0.000007
352899.057689 4025709.469322 0.000000 0.000007
352899.037083 4025709.524942 0.000000 0.000007
352899.016478 4025709.580563 0.000000 0.000007
352898.995872 4025709.636183 0.000000 0.000007
352898.975266 4025709.691803 0.000000 0.000007
352898.954660 4025709.747424 0.000000 0.000007
352898.934054 4025709.803044 0.000000 0.000007
352898.913448 4025709.858664 0.000000 0.000007
352898.892842 4025709.914285 0.000000 0.000007
352898.872237 4025709.969905 0.000000 0.000007
352898.851631 4025710.025525 0.000000 0.000007
352898.831025 4025710.081146 0.000000 0.000007
352898.810419 4025710.136766 0.000000 0.000007
352898.789812 4025710.192386 0.000000 0.000007
352898.769206 4025710.248006 0.000000 0.000007
352898.748600 4025710.303627 0.000000 0.000007
352898.727994 4025710.359247 0.000000 0.000007
352898.707388 4025710.414867 0.000000 0.000007
352898.686782 4025710.470487 0.000000 0.000007
352898.666176 4025710.526108 0.000000 0.000007
352898.645569 4025710.581728 0.000000 0.000008
352898.624963 4025710.637348 0.000000 0.000008
352898.604357 4025710.692968 0.000000 0.000008
352898.583751 4025710.748588 0.000000 0.000008
352898.563144 4025710.804209 0.000000 0.000008
352898.542538 4025710.859829 0.000000 0.000008
352898.521932 4025710.915449 0.000000 0.000009
352898.501325 4025710.971069 0.000000 0.000009
352898.480719 4025711.026689 0.000000 0.000009
352898.460112 4025711.082309 0.000000 0.000010
352898.439506 4025711.137929 0.000000 0.000010
352898.418900 4025711.193550 0.000000 0.000011
352898.398293 4025711.249170 0.000000 0.000011
352898.377686 4025711.304790 0.000000 0.000012
352898.357080 4025711.360410 0.000000 0.000013
352898.336473 4025711.416030 0.000000 0.000014
352898.315867 4025711.471650 0.000000 0.000015
352898.295260 4025711.527270 0.000000 0.000016
352898.274653 4025711.582890 0.000000 0.000018
352898.254047 4025711.638510 0.000000 0.000019
352898.233440 4025711.694130 0.000000 0.000021
352898.212833 4025711.749750 0.000000 0.000023
352898.192226 4025711.805370 0.000000 0.000025
352898.171619 4025711.860990 0.000000 0.000027
352898.151012 4025711.916610 0.000000 0.000029
352898.130405 4025711.972230 0.000000 0.000032
352898.109798 4025712.027850 0.000000 0.000035
352898.089191 4025712.083470 0.000000 0.000038
352898.068584 4025712.139089 0.000000 0.000042
352898.047976 4025712.194709 0.000000 0.000046
352898.027369 4025712.250329 0.000000 0.000050
352898.006761 4025712.305949 0.000000 0.000054
352897.986153 4025712.361568 0.000000 0.000059
352897.965545 4025712.417188 0.000000 0.000065
352897.944937 4025712.472807 0.000000 0.000070
352897.924329 4025712.528427 0.000000 0.000076
352897.903720 4025712.584046 0.000000 0.000083
352897.883112 4025712.639665 0.000000 0.000090
352897.862503 4025712.695284 0.000000 0.000098
352897.841894 4025712.750904 0.000000 0.000106
352897.821284 4025712.806523 0.000000 0.000114
352897.800674 4025712.862141 0.000000 0.000123
352897.780064 4025712.917760 0.000000 0.000133
352897.759454 4025712.973379 0.000000 0.000143
352897.738843 4025713.028997 0.000000 0.000154
352897.718232 4025713.084616 0.000000 0.000166
352897.697620 4025713.140234 0.000000 0.000178
352897.677008 4025713.195852 0.000000 0.000191
352897.656395 4025713.251469 0.000000 0.000204
352897.635782 4025713.307087 0.000000 0.000219
352897.615168 4025713.362704 0.000000 0.000234
352897.594553 4025713.418321 0.000000 0.000250
352897.573938 4025713.473938 0.000000 0.000266
352897.553321 4025713.529554 0.000000 0.000283
352897.532704 4025713.585170 0.000000 0.000302
352897.512086 4025713.640786 0.000000 0.000321
352897.491467 4025713.696401 0.000000 0.000340
352897.470848 4025713.752016 0.000000 0.000361
352897.450227 4025713.807631 0.000000 0.000382
352897.429604 4025713.863245 0.000000 0.000405
352897.408981 4025713.918859 0.000000 0.000428
352897.388356 4025713.974472 0.000000 0.000452
352897.367730 4025714.030085 0.000000 0.000476
352897.347103 4025714.085697 0.000000 0.000502
352897.326474 4025714.141308 0.000000 0.000528
352897.305843 4025714.196919 0.000000 0.000556
352897.285210 4025714.252530 0.000000 0.000584
352897.264576 4025714.308139 0.000000 0.000613
352897.243940 4025714.363748 0.000000 0.000643
352897.223302 4025714.419356 0.000000 0.000673
352897.202661 4025714.474963 0.000000 0.000705
352897.182019 4025714.530570 0.000000 0.000737
352897.161374 4025714.586175 0.000000 0.000770
352897.140726 4025714.641780 0.000000 0.000803
352897.120076 4025714.697383 0.000000 0.000838
352897.099423 4025714.752986 0.000000 0.000873
352897.078768 4025714.808587 0.000000 0.000908
352897.058109 4025714.864187 0.000000 0.000945
352897.037448 4025714.919787 0.000000 0.000982
352897.016783 4025714.975385 0.000000 0.001019
352896.996115 4025715.030981 0.000000 0.001057
352896.975444 4025715.086577 0.000000 0.001096
352896.954769 4025715.142171 0.000000 0.001135
352896.934090 4025715.197763 0.000000 0.001174
352896.913407 4025715.253355 0.000000 0.001214
352896.892721 4025715.308944 0.000000 0.001254
352896.872030 4025715.364532 0.000000 0.001295
352896.851335 4025715.420119 0.000000 0.001336
352896.830636 4025715.475704 0.000000 0.001377
352896.809932 4025715.531287 0.000000 0.001418
352896.789223 4025715.586868 0.000000 0.001459
352896.768510 4025715.642447 0.000000 0.001500
352896.747791 4025715.698025 0.000000 0.001542
352896.727068 4025715.753601 0.000000 0.001583
352896.706339 4025715.809174 0.000000 0.001624
352896.685605 4025715.864746 0.000000 0.001665
352896.664865 4025715.920315 0.000000 0.001706
352896.644120 4025715.975882 0.000000 0.001747
352896.623368 4025716.031447 0.000000 0.001787
352896.602611 4025716.087010 0.000000 0.001827
352896.581848 4025716.142571 0.000000 0.001867
352896.561078 4025716.198129 0.000000 0.001906
352896.540302 4025716.253684 0.000000 0.001945
352896.519520 4025716.309238 0.000000 0.001983
352896.498731 4025716.364788 0.000000 0.002020
352896.477935 4025716.420336 0.000000 0.002057
352896.457132 4025716.475882 0.000000 0.002093
352896.436322 4025716.531424 0.000000 0.002128
352896.415505 4025716.586965 0.000000 0.002163
352896.394681 4025716.642502 0.000000 0.002197
352896.373849 4025716.698036 0.000000 0.002230
352896.353010 4025716.753568 0.000000 0.002261
352896.332163 4025716.809097 0.000000 0.002292
352896.311308 4025716.864622 0.000000 0.002322
352896.290446 4025716.920145 0.000000 0.002351
352896.269576 4025716.975665 0.000000 0.002379
352896.248697 4025717.031182 0.000000 0.002406
352896.227811 4025717.086695 0.000000 0.002432
352896.206916 4025717.142206 0.000000 0.002456
352896.186014 4025717.197713 0.000000 0.002479
352896.165102 4025717.253218 0.000000 0.002502
352896.144183 4025717.308719 0.000000 0.002522
352896.123255 4025717.364216 0.000000 0.002542
352896.102318 4025717.419711 0.000000 0.002560
352896.081373 4025717.475202 0.000000 0.002578
352896.060419 4025717.530690 0.000000 0.002593
352896.039456 4025717.586175 0.000000 0.002608
352896.018484 4025717.641656 0.000000 0.002621
352895.997504 4025717.697134 0.000000 0.002633
352895.976515 4025717.752608 0.000000 0.002643
352895.955517 4025717.808080 0.000000 0.002653
352895.934510 4025717.863547 0.000000 0.002660
352895.913494 4025717.919012 0.000000 0.002667
352895.892469 4025717.974473 0.000000 0.002672
352895.871435 4025718.029930 0.000000 0.002676
352895.850392 4025718.085384 0.000000 0.002679
352895.829340 4025718.140835 0.000000 0.002680
352895.808279 4025718.196282 0.000000 0.002680
352895.787210 4025718.251726 0.000000 0.002679
352895.766131 4025718.307167 0.000000 0.002676
352895.745043 4025718.362604 0.000000 0.002672
352895.723946 4025718.418037 0.000000 0.002667
352895.702840 4025718.473468 0.000000 0.002661
352895.681726 4025718.528895 0.000000 0.002653
352895.660602 4025718.584318 0.000000 0.002644
352895.639470 4025718.639738 0.000000 0.002635
352895.618329 4025718.695155 0.000000 0.002624
352895.597179 4025718.750568 0.000000 0.002612
352895.576020 4025718.805978 0.000000 0.002599
352895.554852 4025718.861385 0.000000 0.002585
352895.533676 4025718.916789 0.000000 0.002570
352895.512492 4025718.972189 0.000000 0.002554
352895.491299 4025719.027586 0.000000 0.002537
352895.470097 4025719.082980 0.000000 0.002520
352895.448887 4025719.138370 0.000000 0.002501
352895.427669 4025719.193758 0.000000 0.002482
352895.406443 4025719.249142 0.000000 0.002462
352895.385208 4025719.304523 0.000000 0.002442
352895.363965 4025719.359901 0.000000 0.002421
352895.342715 4025719.415276 0.000000 0.002400
352895.321456 4025719.470649 0.000000 0.002378
352895.300190 4025719.526018 0.000000 0.002356
352895.278915 4025719.581384 0.000000 0.002334
352895.257633 4025719.636747 0.000000 0.002311
352895.236344 4025719.692107 0.000000 0.002288
352895.215047 4025719.747465 0.000000 0.002266
352895.193742 4025719.802819 0.000000 0.002243
352895.172431 4025719.858171 0.000000 0.002221
352895.151112 4025719.913520 0.000000 0.002198
352895.129785 4025719.968867 0.000000 0.002176
352895.108452 4025720.024210 0.000000 0.002155
352895.087112 4025720.079551 0.000000 0.002134
352895.065765 4025720.134890 0.000000 0.002114
352895.044411 4025720.190225 0.000000 0.002094
352895.023050 4025720.245558 0.000000 0.002075
352895.001682 4025720.300889 0.000000 0.002057
352894.980308 4025720.356217 0.000000 0.002040
352894.958928 4025720.411543 0.000000 0.002025
352894.937541 4025720.466866 0.000000 0.002010
352894.916147 4025720.522186 0.000000 0.001998
352894.894747 4025720.577505 0.000000 0.001986
352894.873341 4025720.632820 0.000000 0.001976
352894.851929 4025720.688134 0.000000 0.001969
352894.830511 4025720.743445 0.000000 0.001963
352894.809086 4025720.798753 0.000000 0.001959
352894.787655 4025720.854060 0.000000 0.001957
352894.766218 4025720.909363 0.000000 0.001957
352894.744775 4025720.964665 0.000000 0.001961
352894.723326 4025721.019964 0.000000 0.001966
352894.701871 4025721.075261 0.000000 0.001975
352894.680410 4025721.130555 0.000000 0.001986
352894.658943 4025721.185847 0.000000 0.002000
352894.637469 4025721.241137 0.000000 0.002018
352894.615990 4025721.296424 0.000000 0.002039
352894.594504 4025721.351708 0.000000 0.002063
352894.573012 4025721.406990 0.000000 0.002091
352894.551514 4025721.462270 0.000000 0.002122
352894.530009 4025721.517547 0.000000 0.002157
352894.508498 4025721.572821 0.000000 0.002197
352894.486980 4025721.628093 0.000000 0.002240
352894.465455 4025721.683362 0.000000 0.002288
352894.443924 4025721.738628 0.000000 0.002339
352894.422385 4025721.793891 0.000000 0.002395
352894.400840 4025721.849151 0.000000 0.002456
352894.379286 4025721.904408 0.000000 0.002521
352894.357726 4025721.959662 0.000000 0.002591
352894.336157 4025722.014913 0.000000 0.002665
352894.314580 4025722.070160 0.000000 0.002744
352894.292995 4025722.125404 0.000000 0.002828
352894.271402 4025722.180645 0.000000 0.002917
352894.249799 4025722.235881 0.000000 0.003011
352894.228188 4025722.291114 0.000000 0.003110
352894.206567 4025722.346343 0.000000 0.003213
352894.184936 4025722.401567 0.000000 0.003321
352894.163295 4025722.456788 0.000000 0.003435
352894.141644 4025722.512003 0.000000 0.003553
352894.119981 4025722.567214 0.000000 0.003676
352894.098307 4025722.622421 0.000000 0.003803
352894.076622 4025722.677622 0.000000 0.003936
352894.054924 4025722.732818 0.000000 0.004073
352894.033213 4025722.788008 0.000000 0.004214
352894.011490 4025722.843193 0.000000 0.004360
352893.989753 4025722.898372 0.000000 0.004511
352893.968001 4025722.953545 0.000000 0.004665
352893.946235 4025723.008712 0.000000 0.004824
352893.924454 4025723.063872 0.000000 0.004987
352893.902657 4025723.119025 0.000000 0.005153
352893.880844 4025723.174171 0.000000 0.005324
352893.859014 4025723.229310 0.000000 0.005497
352893.837166 4025723.284441 0.000000 0.005674
352893.815301 4025723.339565 0.000000 0.005854
352893.793417 4025723.394680 0.000000 0.006037
352893.771513 4025723.449787 0.000000 0.006223
352893.749590 4025723.504885 0.000000 0.006411
352893.727646 4025723.559975 0.000000 0.006601
352893.705680 4025723.615055 0.000000 0.006793
352893.683693 4025723.670126 0.000000 0.006987
352893.661684 4025723.725186 0.000000 0.007183
352893.639651 4025723.780237 0.000000 0.007379
352893.617594 4025723.835278 0.000000 0.007576
352893.595513 4025723.890307 0.000000 0.007774
352893.573406 4025723.945326 0.000000 0.007972
352893.551274 4025724.000333 0.000000 0.008171
352893.529115 4025724.055329 0.000000 0.008368
352893.506929 4025724.110313 0.000000 0.008565
352893.484715 4025724.165285 0.000000 0.008762
352893.462472 4025724.220244 0.000000 0.008957
352893.440200 4025724.275190 0.000000 0.009150
352893.417897 4025724.330123 0.000000 0.009341
352893.395565 4025724.385043 0.000000 0.009530
352893.373201 4025724.439950 0.000000 0.009717
352893.350805 4025724.494842 0.000000 0.009901
352893.328376 4025724.549720 0.000000 0.010082
352893.305914 4025724.604584 0.000000 0.010259
352893.283419 4025724.659433 0.000000 0.010432
352893.260889 4025724.714267 0.000000 0.010602
352893.238324 4025724.769085 0.000000 0.010767
352893.215724 4025724.823889 0.000000 0.010928
352893.193087 4025724.878676 0.000000 0.011083
352893.170414 4025724.933447 0.000000 0.011234
352893.147704 4025724.988203 0.000000 0.011380
352893.124957 4025725.042941 0.000000 0.011520
352893.102171 4025725.097663 0.000000 0.011654
352893.079346 4025725.152369 0.000000 0.011782
352893.056483 4025725.207057 0.000000 0.011904
352893.033580 4025725.261728 0.000000 0.012020
352893.010638 4025725.316382 0.000000 0.012130
352892.987655 4025725.371018 0.000000 0.012232
352892.964633 4025725.425637 0.000000 0.012328
352892.941569 4025725.480237 0.000000 0.012417
352892.918464 4025725.534820 0.000000 0.012499
352892.895318 4025725.589385 0.000000 0.012574
352892.872130 4025725.643932 0.000000 0.012642
352892.848900 4025725.698460 0.000000 0.012703
352892.825629 4025725.752970 0.000000 0.012756
352892.802315 4025725.807461 0.000000 0.012802
352892.778959 4025725.861934 0.000000 0.012840
352892.755561 4025725.916389 0.000000 0.012871
352892.732120 4025725.970825 0.000000 0.012895
352892.708636 4025726.025242 0.000000 0.012911
352892.685110 4025726.079641 0.000000 0.012920
352892.661542 4025726.134021 0.000000 0.012922
352892.637930 4025726.188383 0.000000 0.012916
352892.614276 4025726.242726 0.000000 0.012903
352892.590580 4025726.297050 0.000000 0.012883
352892.566841 4025726.351356 0.000000 0.012856
352892.543060 4025726.405643 0.000000 0.012822
352892.519236 4025726.459912 0.000000 0.012780
352892.495371 4025726.514162 0.000000 0.012733
352892.471463 4025726.568395 0.000000 0.012678
352892.447514 4025726.622609 0.000000 0.012617
352892.423524 4025726.676805 0.000000 0.012550
352892.399492 4025726.730983 0.000000 0.012477
352892.375420 4025726.785143 0.000000 0.012398
352892.351307 4025726.839285 0.000000 0.012313
352892.327153 4025726.893410 0.000000 0.012222
352892.302960 4025726.947517 0.000000 0.012126
352892.278727 4025727.001607 0.000000 0.012025
352892.254454 4025727.055679 0.000000 0.011918
352892.230143 4025727.109735 0.000000 0.011807
352892.205793 4025727.163774 0.000000 0.011692
352892.181405 4025727.217796 0.000000 0.011572
352892.156980 4025727.271802 0.000000 0.011448
352892.132517 4025727.325792 0.000000 0.011320
352892.108018 4025727.379765 0.000000 0.011189
352892.083482 4025727.433723 0.000000 0.011054
352892.058910 4025727.487665 0.000000 0.010916
352892.034303 4025727.541591 0.000000 0.010775
352892.009661 4025727.595502 0.000000 0.010632
352891.984984 4025727.649399 0.000000 0.010486
352891.960274 4025727.703280 0.000000 0.010338
352891.935530 4025727.757147 0.000000 0.010188
352891.910753 4025727.810999 0.000000 0.010037
352891.885944 4025727.864838 0.000000 0.009884
352891.861104 4025727.918662 0.000000 0.009730
352891.836232 4025727.972473 0.000000 0.009575
352891.811329 4025728.026270 0.000000 0.009419
352891.786396 4025728.080054 0.000000 0.009263
352891.761433 4025728.133825 0.000000 0.009106
352891.736441 4025728.187584 0.000000 0.008950
352891.711421 4025728.241330 0.000000 0.008794
352891.686372 4025728.295063 0.000000 0.008638
352891.661296 4025728.348785 0.000000 0.008483
352891.636193 4025728.402494 0.000000 0.008330
352891.611064 4025728.456193 0.000000 0.008177
352891.585908 4025728.509879 0.000000 0.008026
352891.560727 4025728.563555 0.000000 0.007877
352891.535521 4025728.617220 0.000000 0.007729
352891.510291 4025728.670874 0.000000 0.007584
352891.485037 4025728.724517 0.000000 0.007441
352891.459759 4025728.778150 0.000000 0.007301
352891.434458 4025728.831773 0.000000 0.007163
352891.409135 4025728.885387 0.000000 0.007029
352891.383790 4025728.938990 0.000000 0.006898
352891.358423 4025728.992584 0.000000 0.006770
352891.333035 4025729.046169 0.000000 0.006647
352891.307627 4025729.099744 0.000000 0.006527
352891.282198 4025729.153311 0.000000 0.006411
352891.256749 4025729.206869 0.000000 0.006300
352891.231281 4025729.260418 0.000000 0.006193
352891.205794 4025729.313958 0.000000 0.006091
352891.180287 4025729.367491 0.000000 0.005994
352891.154763 4025729.421015 0.000000 0.005902
352891.129220 4025729.474531 0.000000 0.005816
352891.103660 4025729.528039 0.000000 0.005735
352891.078081 4025729.581539 0.000000 0.005659
352891.052486 4025729.635031 0.000000 0.005590
352891.026874 4025729.688516 0.000000 0.005527
352891.001245 4025729.741993 0.000000 0.005470
352890.975599 4025729.795462 0.000000 0.005419
352890.949937 4025729.848924 0.000000 0.005375
352890.924259 4025729.902378 0.000000 0.005337
352890.898565 4025729.955826 0.000000 0.005306
352890.872855 4025730.009265 0.000000 0.005282
352890.847129 4025730.062698 0.000000 0.005265
352890.821387 4025730.116123 0.000000 0.005255
352890.795629 4025730.169540 0.000000 0.005252
352890.769856 4025730.222950 0.000000 0.005257
352890.744067 4025730.276353 0.000000 0.005268
352890.718263 4025730.329748 0.000000 0.005287
352890.692442 4025730.383136 0.000000 0.005313
352890.666606 4025730.436516 0.000000 0.005346
352890.640754 4025730.489889 0.000000 0.005387
352890.614886 4025730.543253 0.000000 0.005434
352890.589001 4025730.596610 0.000000 0.005489
352890.563100 4025730.649958 0.000000 0.005552
352890.537183 4025730.703299 0.000000 0.005621
352890.511248 4025730.756631 0.000000 0.005697
352890.485297 4025730.809954 0.000000 0.005781
352890.459328 4025730.863269 0.000000 0.005871
352890.433342 4025730.916575 0.000000 0.005968
352890.407338 4025730.969872 0.000000 0.006071
352890.381315 4025731.023160 0.000000 0.006181
352890.355274 4025731.076439 0.000000 0.006298
352890.329214 4025731.129707 0.000000 0.006420
352890.303135 4025731.182966 0.000000 0.006548
352890.277035 4025731.236214 0.000000 0.006682
352890.250916 4025731.289453 0.000000 0.006822
352890.224775 4025731.342680 0.000000 0.006966
352890.198614 4025731.395896 0.000000 0.007116
352890.172430 4025731.449102 0.000000 0.007270
352890.146225 4025731.502295 0.000000 0.007429
352890.119996 4025731.555477 0.000000 0.007592
352890.093745 4025731.608647 0.000000 0.007759
352890.067469 4025731.661804 0.000000 0.007929
352890.041169 4025731.714948 0.000000 0.008103
352890.014844 4025731.768079 0.000000 0.008279
352889.988494 4025731.821197 0.000000 0.008458
352889.962117 4025731.874301 0.000000 0.008639
352889.935714 4025731.927391 0.000000 0.008821
352889.909283 4025731.980466 0.000000 0.009005
352889.882824 4025732.033527 0.000000 0.009190
352889.856336 4025732.086572 0.000000 0.009376
352889.829819 4025732.139602 0.000000 0.009562
352889.803272 4025732.192616 0.000000 0.009747
352889.776694 4025732.245614 0.000000 0.009932
352889.750085 4025732.298595 0.000000 0.010116
352889.723445 4025732.351560 0.000000 0.010298
352889.696772 4025732.404507 0.000000 0.010478
352889.670066 4025732.457437 0.000000 0.010656
352889.643326 4025732.510349 0.000000 0.010832
352889.616552 4025732.563242 0.000000 0.011004
352889.589743 4025732.616117 0.000000 0.011173
352889.562899 4025732.668974 0.000000 0.011338
352889.536019 4025732.721811 0.000000 0.011499
352889.509102 4025732.774628 0.000000 0.011655
352889.482149 4025732.827426 0.000000 0.011806
352889.455157 4025732.880204 0.000000 0.011952
352889.428128 4025732.932962 0.000000 0.012093
352889.401061 4025732.985699 0.000000 0.012227
352889.373954 4025733.038416 0.000000 0.012355
352889.346808 4025733.091111 0.000000 0.012477
352889.319622 4025733.143786 0.000000 0.012592
352889.292396 4025733.196439 0.000000 0.012700
352889.265130 4025733.249070 0.000000 0.012801
352889.237823 4025733.301680 0.000000 0.012894
352889.210474 4025733.354267 0.000000 0.012980
352889.183084 4025733.406833 0.000000 0.013057
352889.155653 4025733.459376 0.000000 0.013127
352889.128180 4025733.511897 0.000000 0.013189
352889.100664 4025733.564396 0.000000 0.013242
352889.073107 4025733.616872 0.000000 0.013287
352889.045507 4025733.669325 0.000000 0.013323
352889.017864 4025733.721756 0.000000 0.013351
352888.990179 4025733.774164 0.000000 0.013371
352888.962451 4025733.826549 0.000000 0.013381
352888.934681 4025733.878911 0.000000 0.013384
352888.906868 4025733.931251 0.000000 0.013377
352888.879012 4025733.983568 0.000000 0.013362
352888.851114 4025734.035862 0.000000 0.013338
352888.823173 4025734.088134 0.000000 0.013306
352888.795190 4025734.140383 0.000000 0.013266
352888.767164 4025734.192609 0.000000 0.013217
352888.739097 4025734.244813 0.000000 0.013160
352888.710988 4025734.296995 0.000000 0.013095
352888.682837 4025734.349154 0.000000 0.013022
352888.654645 4025734.401292 0.000000 0.012942
352888.626412 4025734.453407 0.000000 0.012853
352888.598138 4025734.505501 0.000000 0.012758
352888.569824 4025734.557573 0.000000 0.012655
352888.541469 4025734.609624 0.000000 0.012545
352888.513075 4025734.661654 0.000000 0.012429
352888.484642 4025734.713663 0.000000 0.012306
352888.456170 4025734.765651 0.000000 0.012177
352888.427659 4025734.817618 0.000000 0.012042
352888.399110 4025734.869565 0.000000 0.011901
352888.370524 4025734.921493 0.000000 0.011755
352888.341902 4025734.973400 0.000000 0.011604
352888.313242 4025735.025288 0.000000 0.011448
352888.284547 4025735.077157 0.000000 0.011288
352888.255816 4025735.129007 0.000000 0.011123
352888.227051 4025735.180839 0.000000 0.010955
352888.198251 4025735.232652 0.000000 0.010783
352888.169418 4025735.284447 0.000000 0.010607
352888.140551 4025735.336225 0.000000 0.010429
352888.111652 4025735.387985 0.000000 0.010248
352888.082722 4025735.439728 0.000000 0.010065
352888.053759 4025735.491455 0.000000 0.009880
352888.024767 4025735.543165 0.000000 0.009693
352887.995744 4025735.594859 0.000000 0.009504
352887.966692 4025735.646538 0.000000 0.009315
352887.937611 4025735.698201 0.000000 0.009124
352887.908502 4025735.749849 0.000000 0.008933
352887.879365 4025735.801482 0.000000 0.008741
352887.850202 4025735.853101 0.000000 0.008549
352887.821012 4025735.904707 0.000000 0.008358
352887.791797 4025735.956298 0.000000 0.008167
352887.762557 4025736.007876 0.000000 0.007976
352887.733292 4025736.059441 0.000000 0.007786
352887.704003 4025736.110993 0.000000 0.007598
352887.674692 4025736.162533 0.000000 0.007411
352887.645357 4025736.214061 0.000000 0.007225
352887.616001 4025736.265577 0.000000 0.007041
352887.586623 4025736.317082 0.000000 0.006858
352887.557225 4025736.368576 0.000000 0.006678
352887.527806 4025736.420058 0.000000 0.006500
352887.498368 4025736.471531 0.000000 0.006325
352887.468910 4025736.522993 0.000000 0.006152
352887.439435 4025736.574445 0.000000 0.005981
352887.409941 4025736.625888 0.000000 0.005814
352887.380429 4025736.677321 0.000000 0.005649
352887.350901 4025736.728746 0.000000 0.005488
352887.321356 4025736.780161 0.000000 0.005330
352887.291796 4025736.831568 0.000000 0.005175
352887.262220 4025736.882967 0.000000 0.005023
352887.232629 4025736.934358 0.000000 0.004875
352887.203023 4025736.985741 0.000000 0.004731
352887.173404 4025737.037117 0.000000 0.004590
352887.143771 4025737.088485 0.000000 0.004453
352887.114125 4025737.139846 0.000000 0.004320
352887.084466 4025737.191201 0.000000 0.004191
352887.054794 4025737.242548 0.000000 0.004065
352887.025111 4025737.293890 0.000000 0.003944
352886.995416 4025737.345225 0.000000 0.003826
352886.965710 4025737.396554 0.000000 0.003712
352886.935993 4025737.447878 0.000000 0.003603
352886.906266 4025737.499195 0.000000 0.003497
352886.876529 4025737.550508 0.000000 0.003396
352886.846781 4025737.601815 0.000000 0.003299
352886.817024 4025737.653116 0.000000 0.003205
352886.787258 4025737.704413 0.000000 0.003116
352886.757483 4025737.755705 0.000000 0.003031
352886.727699 4025737.806992 0.000000 0.002950
352886.697906 4025737.858275 0.000000 0.002873
352886.668105 4025737.909553 0.000000 0.002800
352886.638296 4025737.960827 0.000000 0.002730
352886.608479 4025738.012096 0.000000 0.002665
352886.578655 4025738.063361 0.000000 0.002604
352886.548823 4025738.114623 0.000000 0.002547
352886.518984 4025738.165880 0.000000 0.002494
352886.489138 4025738.217133 0.000000 0.002444
352886.459284 4025738.268383 0.000000 0.002398
352886.429424 4025738.319629 0.000000 0.002356
352886.399557 4025738.370871 0.000000 0.002318
352886.369683 4025738.422110 0.000000 0.002284
352886.339803 4025738.473345 0.000000 0.002253
352886.309916 4025738.524577 0.000000 0.002225
352886.280023 4025738.575805 0.000000 0.002202
352886.250123 4025738.627030 0.000000 0.002181
352886.220217 4025738.678252 0.000000 0.002165
352886.190304 4025738.729471 0.000000 0.002151
352886.160385 4025738.780687 0.000000 0.002141
352886.130460 4025738.831900 0.000000 0.002134
352886.100528 4025738.883110 0.000000 0.002130
352886.070589 4025738.934318 0.000000 0.002129
352886.040644 4025738.985523 0.000000 0.002132
352886.010693 4025739.036725 0.000000 0.002137
352885.980734 4025739.087924 0.000000 0.002145
352885.950769 4025739.139122 0.000000 0.002156
352885.920796 4025739.190317 0.000000 0.002170
352885.890816 4025739.241510 0.000000 0.002187
352885.860829 4025739.292702 0.000000 0.002206
352885.830835 4025739.343891 0.000000 0.002228
352885.800832 4025739.395080 0.000000 0.002252
352885.770821 4025739.446266 0.000000 0.002278
352885.740803 4025739.497452 0.000000 0.002306
352885.710775 4025739.548637 0.000000 0.002337
352885.680739 4025739.599822 0.000000 0.002370
352885.650693 4025739.651006 0.000000 0.002405
352885.620638 4025739.702190 0.000000 0.002441
352885.590573 4025739.753375 0.000000 0.002480
352885.560497 4025739.804560 0.000000 0.002520
352885.530411 4025739.855747 0.000000 0.002561
352885.500313 4025739.906935 0.000000 0.002604
352885.470204 4025739.958125 0.000000 0.002648
352885.440083 4025740.009318 0.000000 0.002694
352885.409949 4025740.060513 0.000000 0.002740
352885.379802 4025740.111713 0.000000 0.002788
352885.349640 4025740.162916 0.000000 0.002837
352885.319465 4025740.214125 0.000000 0.002886
352885.289274 4025740.265339 0.000000 0.002936
352885.259068 4025740.316559 0.000000 0.002986
352885.228846 4025740.367786 0.000000 0.003037
352885.198606 4025740.419021 0.000000 0.003088
352885.168348 4025740.470265 0.000000 0.003140
352885.138072 4025740.521518 0.000000 0.003191
352885.107776 4025740.572782 0.000000 0.003243
352885.077460 4025740.624058 0.000000 0.003294
352885.047122 4025740.675347 0.000000 0.003346
352885.016763 4025740.726649 0.000000 0.003396
352884.986380 4025740.777966 0.000000 0.003447
352884.955974 4025740.829300 0.000000 0.003497
352884.925542 4025740.880651 0.000000 0.003546
352884.895084 4025740.932021 0.000000 0.003594
352884.864599 4025740.983411 0.000000 0.003642
352884.834086 4025741.034824 0.000000 0.003688
352884.803543 4025741.086259 0.000000 0.003734
352884.772970 4025741.137720 0.000000 0.003778
352884.742364 4025741.189207 0.000000 0.003821
352884.711726 4025741.240723 0.000000 0.003863
352884.681053 4025741.292268 0.000000 0.003903
352884.650345 4025741.343846 0.000000 0.003942
352884.619599 4025741.395457 0.000000 0.003979
352884.588815 4025741.447104 0.000000 0.004014
352884.557992 4025741.498790 0.000000 0.004048
352884.527127 4025741.550515 0.000000 0.004080
352884.496219 4025741.602282 0.000000 0.004110
352884.465267 4025741.654093 0.000000 0.004138
352884.434269 4025741.705951 0.000000 0.004164
352884.403224 4025741.757858 0.000000 0.004188
352884.372130 4025741.809816 0.000000 0.004210
352884.340985 4025741.861828 0.000000 0.004229
352884.309788 4025741.913896 0.000000 0.004247
352884.278537 4025741.966023 0.000000 0.004262
352884.247230 4025742.018211 0.000000 0.004274
352884.215866 4025742.070464 0.000000 0.004285
352884.184443 4025742.122783 0.000000 0.004293
352884.152959 4025742.175172 0.000000 0.004299
352884.121412 4025742.227633 0.000000 0.004302
352884.089800 4025742.280170 0.000000 0.004303
352884.058122 4025742.332785 0.000000 0.004301
352884.026375 4025742.385482 0.000000 0.004297
352883.994558 4025742.438262 0.000000 0.004291
352883.962669 4025742.491130 0.000000 0.004282
352883.930706 4025742.544089 0.000000 0.004271
352883.898666 4025742.597142 0.000000 0.004257
352883.866548 4025742.650291 0.000000 0.004241
352883.834350 4025742.703541 0.000000 0.004223
352883.802070 4025742.756895 0.000000 0.004202
352883.769706 4025742.810355 0.000000 0.004179
352883.737255 4025742.863925 0.000000 0.004154
352883.704715 4025742.917609 0.000000 0.004126
352883.672086 4025742.971411 0.000000 0.004096
352883.639363 4025743.025333 0.000000 0.004064
352883.606546 4025743.079379 0.000000 0.004030
352883.573632 4025743.133552 0.000000 0.003994
352883.540619 4025743.187857 0.000000 0.003956
352883.507505 4025743.242296 0.000000 0.003916
352883.474288 4025743.296874 0.000000 0.003874
352883.440966 4025743.351594 0.000000 0.003831
352883.407535 4025743.406459 0.000000 0.003785
352883.373996 4025743.461474 0.000000 0.003738
352883.340344 4025743.516642 0.000000 0.003690
352883.306578 4025743.571967 0.000000 0.003640
352883.272696 4025743.627452 0.000000 0.003588
352883.238695 4025743.683101 0.000000 0.003535
352883.204574 4025743.738919 0.000000 0.003481
352883.170330 4025743.794908 0.000000 0.003425
352883.135960 4025743.851073 0.000000 0.003368
352883.101464 4025743.907418 0.000000 0.003311
352883.066837 4025743.963947 0.000000 0.003252
352883.032079 4025744.020662 0.000000 0.003192
352882.997186 4025744.077570 0.000000 0.003132
352882.962157 4025744.134672 0.000000 0.003070
352882.926990 4025744.191974 0.000000 0.003008
352882.891681 4025744.249479 0.000000 0.002946
352882.856229 4025744.307192 0.000000 0.002883
352882.820631 4025744.365116 0.000000 0.002819
352882.784885 4025744.423256 0.000000 0.002755
352882.748989 4025744.481616 0.000000 0.002691
352882.712940 4025744.540200 0.000000 0.002627
352882.676736 4025744.599012 0.000000 0.002562
352882.640374 4025744.658056 0.000000 0.002497
352882.603852 4025744.717337 0.000000 0.002433
352882.567167 4025744.776860 0.000000 0.002368
352882.530318 4025744.836628 0.000000 0.002304
352882.493300 4025744.896646 0.000000 0.002240
352882.456113 4025744.956919 0.000000 0.002176
352882.418753 4025745.017450 0.000000 0.002113
352882.381218 4025745.078245 0.000000 0.002049
352882.343504 4025745.139309 0.000000 0.001987
352882.305610 4025745.200646 0.000000 0.001925
352882.267532 4025745.262260 0.000000 0.001863
352882.229269 4025745.324157 0.000000 0.001803
352882.190816 4025745.386342 0.000000 0.001743
352882.152172 4025745.448819 0.000000 0.001683
352882.113332 4025745.511593 0.000000 0.001625
352882.074295 4025745.574671 0.000000 0.001567
352882.035058 4025745.638057 0.000000 0.001511
352881.995616 4025745.701755 0.000000 0.001455
352881.955968 4025745.765773 0.000000 0.001400
352881.916110 4025745.830115 0.000000 0.001347
352881.876039 4025745.894786 0.000000 0.001294
352881.835751 4025745.959793 0.000000 0.001242
352881.795243 4025746.025142 0.000000 0.001192
352881.754512 4025746.090837 0.000000 0.001143
352881.713553 4025746.156887 0.000000 0.001095
352881.672365 4025746.223295 0.000000 0.001048
352881.630941 4025746.290070 0.000000 0.001003
352881.589280 4025746.357217 0.000000 0.000959
352881.547377 4025746.424743 0.000000 0.000916
352881.505228 4025746.492655 0.000000 0.000874
352881.462829 4025746.560959 0.000000 0.000834
352881.420175 4025746.629664 0.000000 0.000795
352881.377262 4025746.698777 0.000000 0.000758
352881.334086 4025746.768305 0.000000 0.000721
352881.290641 4025746.838256 0.000000 0.000687
352881.246924 4025746.908638 0.000000 0.000653
352881.202929 4025746.979460 0.000000 0.000621
352881.158650 4025747.050730 0.000000 0.000590
352881.114083 4025747.122457 0.000000 0.000561
352881.069222 4025747.194650 0.000000 0.000533
352881.024060 4025747.267320 0.000000 0.000506
352880.978593 4025747.340475 0.000000 0.000481
352880.932814 4025747.414126 0.000000 0.000457
352880.886716 4025747.488284 0.000000 0.000434
352880.840293 4025747.562960 0.000000 0.000413
352880.793537 4025747.638164 0.000000 0.000393
352880.746442 4025747.713910 0.000000 0.000374
352880.699000 4025747.790208 0.000000 0.000356
352880.651203 4025747.867073 0.000000 0.000340
352880.603043 4025747.944516 0.000000 0.000325
352880.554512 4025748.022552 0.000000 0.000311
352880.505601 4025748.101195 0.000000 0.000298
352880.456300 4025748.180459 0.000000 0.000286
352880.406601 4025748.260361 0.000000 0.000276
352880.356493 4025748.340916 0.000000 0.000266
352880.305966 4025748.422139 0.000000 0.000258
352880.255009 4025748.504050 0.000000 0.000250
352880.203612 4025748.586665 0.000000 0.000244
352880.151763 4025748.670003 0.000000 0.000238
352880.099450 4025748.754083 0.000000 0.000233
352880.046660 4025748.838926 0.000000 0.000229
352879.993381 4025748.924551 0.000000 0.000226
352879.939598 4025749.010981 0.000000 0.000224
352879.885299 4025749.098237 0.000000 0.000223
352879.830469 4025749.186344 0.000000 0.000222
352879.775092 4025749.275325 0.000000 0.000222
352879.719153 4025749.365204 0.000000 0.000222
352879.662635 4025749.456009 0.000000 0.000223
352879.605523 4025749.547766 0.000000 0.000225
352879.547797 4025749.640503 0.000000 0.000227
352879.489440 4025749.734249 0.000000 0.000229
352879.430432 4025749.829037 0.000000 0.000232
352879.370753 4025749.924899 0.000000 0.000235
352879.310379 4025750.021869 0.000000 0.000238
352879.249288 4025750.119987 0.000000 0.000242
352879.187454 4025750.219292 0.000000 0.000245
352879.124849 4025750.319829 0.000000 0.000249
352879.061444 4025750.421646 0.000000 0.000252
352878.997205 4025750.524794 0.000000 0.000256
352878.932096 4025750.629331 0.000000 0.000259
352878.866079 4025750.735319 0.000000 0.000262
352878.799110 4025750.842828 0.000000 0.000264
352878.731141 4025750.951934 0.000000 0.000267
352878.662120 4025751.062719 0.000000 0.000268
352878.591989 4025751.175277 0.000000 0.000269
352878.520686 4025751.289707 0.000000 0.000270
352878.448139 4025751.406122 0.000000 0.000269
352878.374273 4025751.524644 0.000000 0.000268
352878.299003 4025751.645407 0.000000 0.000266
352878.222237 4025751.768558 0.000000 0.000264
352878.143873 4025751.894260 0.000000 0.000260
352878.063802 4025752.022688 0.000000 0.000256
352877.981902 4025752.154035 0.000000 0.000250
352877.898041 4025752.288513 0.000000 0.000239
352877.812077 4025752.426349 0.000000 0.000228
352877.723853 4025752.567792 0.000000 0.000216
352877.633200 4025752.713113 0.000000 0.000205
352877.539936 4025752.862604 0.000000 0.000194
352877.443862 4025753.016582 0.000000 0.000182
352877.344764 4025753.175389 0.000000 0.000171
352877.242411 4025753.339394 0.000000 0.000159
352877.136554 4025753.508994 0.000000 0.000148
352877.026927 4025753.684616 0.000000 0.000137
352876.913243 4025753.866718 0.000000 0.000125
352876.795193 4025754.055794 0.000000 0.000114
352876.672448 4025754.252369 0.000000 0.000102
352876.544656 4025754.457007 0.000000 0.000091
352876.411441 4025754.670310 0.000000 0.000080
352876.272400 4025754.892920 0.000000 0.000068
352876.127105 4025755.125521 0.000000 0.000057
352875.975103 4025755.368841 0.000000 0.000046
352875.815908 4025755.623655 0.000000 0.000034
352875.649006 4025755.890785 0.000000 0.000023
352875.473853 4025756.171101 0.000000 0.000011
