352866.792252 4025769.959747 0.000000 0.000000
352866.612484 4025770.249977 0.000000 -0.000000
352866.441336 4025770.526292 0.000000 -0.000000
352866.278243 4025770.789603 0.000000 -0.000000
352866.122672 4025771.040768 0.000000 -0.000000
352865.974121 4025771.280600 0.000000 -0.000000
352865.832118 4025771.509861 0.000000 -0.000000
352865.696218 4025771.729268 0.000000 -0.000000
352865.566003 4025771.939498 0.000000 -0.000000
352865.441082 4025772.141181 0.000000 -0.000000
352865.321085 4025772.334913 0.000000 -0.000000
352865.205670 4025772.521249 0.000000 -0.000000
352865.094514 4025772.700707 0.000000 -0.000000
352864.987318 4025772.873773 0.000000 -0.000000
352864.883800 4025773.040900 0.000000 -0.000000
352864.783701 4025773.202509 0.000000 -0.000000
352864.686776 4025773.358991 0.000000 -0.000000
352864.592802 4025773.510710 0.000000 -0.000000
352864.501570 4025773.658003 0.000000 -0.000000
352864.412884 4025773.801183 0.000000 -0.000000
352864.326569 4025773.940538 0.000000 -0.000000
352864.242457 4025774.076335 0.000000 -0.000000
352864.160397 4025774.208819 0.000000 -0.000000
352864.080249 4025774.338216 0.000000 -0.000000
352864.001885 4025774.464733 0.000000 -0.000000
352863.925187 4025774.588560 0.000000 0.000000
352863.850047 4025774.709872 0.000000 0.000000
352863.776366 4025774.828828 0.000000 0.000000
352863.704055 4025774.945573 0.000000 -0.000000
352863.633031 4025775.060240 0.000000 -0.000000
352863.563219 4025775.172950 0.000000 -0.000000
352863.494552 4025775.283812 0.000000 -0.000000
352863.426967 4025775.392926 0.000000 -0.000000
352863.360408 4025775.500383 0.000000 -0.000000
352863.294825 4025775.606266 0.000000 -0.000000
352863.230170 4025775.710649 0.000000 -0.000000
352863.166403 4025775.813601 0.000000 0.000000
352863.103484 4025775.915182 0.000000 0.000000
352863.041378 4025776.015451 0.000000 -0.000000
352862.980054 4025776.114457 0.000000 -0.000000
352862.919482 4025776.212249 0.000000 0.000000
352862.859635 4025776.308870 0.000000 -0.000000
352862.800489 4025776.404361 0.000000 0.000000
352862.742020 4025776.498757 0.000000 0.000000
352862.684208 4025776.592094 0.000000 0.000000
352862.627030 4025776.684406 0.000000 0.000000
352862.570470 4025776.775721 0.000000 -0.000000
352862.514508 4025776.866070 0.000000 -0.000000
352862.459128 4025776.955481 0.000000 0.000000
352862.404312 4025777.043980 0.000000 0.000000
352862.350045 4025777.131592 0.000000 -0.000000
352862.296312 4025777.218343 0.000000 0.000000
352862.243099 4025777.304255 0.000000 -0.000000
352862.190390 4025777.389353 0.000000 -0.000000
352862.138172 4025777.473657 0.000000 0.000000
352862.086432 4025777.557190 0.000000 0.000000
352862.035158 4025777.639971 0.000000 -0.000000
352861.984337 4025777.722020 0.000000 0.000000
352861.933957 4025777.803357 0.000000 0.000000
352861.884008 4025777.883999 0.000000 0.000000
352861.834478 4025777.963964 0.000000 -0.000000
352861.785357 4025778.043269 0.000000 0.000000
352861.736635 4025778.121930 0.000000 0.000000
352861.688302 4025778.199962 0.000000 0.000000
352861.640349 4025778.277382 0.000000 0.000000
352861.592766 4025778.354203 0.000000 0.000000
352861.545546 4025778.430439 0.000000 -0.000000
352861.498679 4025778.506104 0.000000 0.000000
352861.452158 4025778.581211 0.000000 0.000000
352861.405975 4025778.655772 0.000000 -0.000000
352861.360123 4025778.729800 0.000000 0.000000
352861.314595 4025778.803305 0.000000 -0.000000
352861.269383 4025778.876299 0.000000 0.000000
352861.224480 4025778.948792 0.000000 -0.000000
352861.179881 4025779.020796 0.000000 0.000000
352861.135580 4025779.092320 0.000000 -0.000000
352861.091570 4025779.163374 0.000000 -0.000000
352861.047845 4025779.233967 0.000000 -0.000000
352861.004400 4025779.304108 0.000000 -0.000000
352860.961229 4025779.373805 0.000000 -0.000000
352860.918328 4025779.443068 0.000000 -0.000000
352860.875691 4025779.511905 0.000000 -0.000000
352860.833314 4025779.580322 0.000000 -0.000000
352860.791191 4025779.648329 0.000000 0.000000
352860.749317 4025779.715932 0.000000 0.000000
352860.707690 4025779.783139 0.000000 -0.000000
352860.666303 4025779.849957 0.000000 0.000000
352860.625154 4025779.916392 0.000000 -0.000000
352860.584237 4025779.982451 0.000000 -0.000000
352860.543549 4025780.048140 0.000000 -0.000000
352860.503086 4025780.113467 0.000000 0.000000
352860.462845 4025780.178437 0.000000 -0.000000
352860.422820 4025780.243055 0.000000 0.000000
352860.383009 4025780.307329 0.000000 -0.000000
352860.343409 4025780.371263 0.000000 0.000000
352860.304015 4025780.434864 0.000000 -0.000000
352860.264824 4025780.498136 0.000000 0.000000
352860.225834 4025780.561086 0.000000 -0.000000
352860.187040 4025780.623718 0.000000 -0.000000
352860.148439 4025780.686038 0.000000 0.000000
352860.110029 4025780.748050 0.000000 0.000000
352860.071805 4025780.809761 0.000000 0.000000
352860.033766 4025780.871174 0.000000 0.000000
352859.995908 4025780.932296 0.000000 0.000000
352859.958228 4025780.993129 0.000000 0.000000
352859.920723 4025781.053680 0.000000 0.000000
352859.883390 4025781.113953 0.000000 -0.000000
352859.846227 4025781.173953 0.000000 -0.000000
352859.809230 4025781.233683 0.000000 -0.000000
352859.772397 4025781.293149 0.000000 -0.000000
352859.735725 4025781.352355 0.000000 0.000000
352859.699212 4025781.411306 0.000000 0.000000
352859.662854 4025781.470005 0.000000 -0.000000
352859.626649 4025781.528457 0.000000 0.000000
352859.590594 4025781.586666 0.000000 0.000000
352859.554688 4025781.644636 0.000000 -0.000000
352859.518926 4025781.702372 0.000000 -0.000000
352859.483308 4025781.759878 0.000000 0.000000
352859.447829 4025781.817157 0.000000 -0.000000
352859.412489 4025781.874214 0.000000 0.000000
352859.377283 4025781.931052 0.000000 -0.000000
352859.342210 4025781.987676 0.000000 0.000000
352859.307268 4025782.044090 0.000000 0.000000
352859.272453 4025782.100297 0.000000 -0.000000
352859.237764 4025782.156302 0.000000 0.000000
352859.203198 4025782.212108 0.000000 -0.000000
352859.168753 4025782.267719 0.000000 -0.000000
352859.134427 4025782.323138 0.000000 -0.000000
352859.100216 4025782.378371 0.000000 -0.000000
352859.066119 4025782.433420 0.000000 -0.000000
352859.032133 4025782.488289 0.000000 -0.000000
352858.998257 4025782.542981 0.000000 0.000000
352858.964487 4025782.597502 0.000000 0.000000
352858.930822 4025782.651853 0.000000 0.000000
352858.897259 4025782.706040 0.000000 -0.000000
352858.863797 4025782.760065 0.000000 0.000000
352858.830432 4025782.813932 0.000000 0.000000
352858.797162 4025782.867645 0.000000 -0.000000
352858.763986 4025782.921207 0.000000 -0.000000
352858.730901 4025782.974622 0.000000 0.000000
352858.697905 4025783.027893 0.000000 -0.000000
352858.664996 4025783.081024 0.000000 -0.000000
352858.632171 4025783.134019 0.000000 0.000000
352858.599429 4025783.186880 0.000000 0.000000
352858.566767 4025783.239612 0.000000 -0.000000
352858.534184 4025783.292217 0.000000 -0.000000
352858.501677 4025783.344700 0.000000 0.000000
352858.469243 4025783.397063 0.000000 0.000000
352858.436882 4025783.449309 0.000000 0.000000
352858.404591 4025783.501443 0.000000 0.000000
352858.372367 4025783.553467 0.000000 0.000000
352858.340209 4025783.605385 0.000000 0.000000
352858.308116 4025783.657199 0.000000 -0.000000
352858.276084 4025783.708914 0.000000 -0.000000
352858.244112 4025783.760532 0.000000 0.000000
352858.212199 4025783.812055 0.000000 -0.000000
352858.180341 4025783.863488 0.000000 -0.000000
352858.148538 4025783.914834 0.000000 -0.000000
352858.116788 4025783.966094 0.000000 -0.000000
352858.085088 4025784.017273 0.000000 -0.000000
352858.053437 4025784.068372 0.000000 0.000000
352858.021833 4025784.119396 0.000000 0.000000
352857.990275 4025784.170346 0.000000 -0.000000
352857.958761 4025784.221225 0.000000 0.000000
352857.927289 4025784.272037 0.000000 0.000000
352857.895857 4025784.322783 0.000000 0.000000
352857.864464 4025784.373466 0.000000 -0.000000
352857.833108 4025784.424089 0.000000 0.000000
352857.801789 4025784.474654 0.000000 0.000000
352857.770503 4025784.525163 0.000000 -0.000000
352857.739251 4025784.575619 0.000000 -0.000000
352857.708030 4025784.626025 0.000000 0.000000
352857.676839 4025784.676382 0.000000 -0.000000
352857.645677 4025784.726693 0.000000 -0.000000
352857.614542 4025784.776959 0.000000 -0.000000
352857.583434 4025784.827183 0.000000 0.000000
352857.552350 4025784.877367 0.000000 -0.000000
352857.521290 4025784.927512 0.000000 -0.000000
352857.490253 4025784.977622 0.000000 -0.000000
352857.459237 4025785.027696 0.000000 0.000000
352857.428241 4025785.077738 0.000000 0.000000
352857.397265 4025785.127749 0.000000 0.000000
352857.366306 4025785.177730 0.000000 -0.000000
352857.335366 4025785.227683 0.000000 0.000000
352857.304441 4025785.277611 0.000000 -0.000000
352857.273532 4025785.327513 0.000000 -0.000000
352857.242637 4025785.377392 0.000000 0.000000
352857.211756 4025785.427249 0.000000 -0.000000
352857.180888 4025785.477085 0.000000 0.000000
352857.150031 4025785.526901 0.000000 0.000000
352857.119186 4025785.576700 0.000000 -0.000000
352857.088352 4025785.626481 0.000000 -0.000000
352857.057528 4025785.676247 0.000000 -0.000000
352857.026713 4025785.725997 0.000000 0.000000
352856.995906 4025785.775733 0.000000 -0.000000
352856.965108 4025785.825457 0.000000 -0.000000
352856.934317 4025785.875168 0.000000 0.000000
352856.903533 4025785.924868 0.000000 0.000000
352856.872755 4025785.974558 0.000000 0.000000
352856.841984 4025786.024238 0.000000 0.000000
352856.811218 4025786.073909 0.000000 0.000000
352856.780457 4025786.123572 0.000000 0.000000
352856.749700 4025786.173227 0.000000 0.000000
352856.718949 4025786.222875 0.000000 0.000000
352856.688201 4025786.272517 0.000000 0.000000
352856.657457 4025786.322152 0.000000 -0.000000
352856.626716 4025786.371783 0.000000 -0.000000
352856.595978 4025786.421408 0.000000 0.000000
352856.565243 4025786.471029 0.000000 0.000000
352856.534511 4025786.520646 0.000000 -0.000000
352856.503781 4025786.570259 0.000000 -0.000000
352856.473053 4025786.619868 0.000000 0.000000
352856.442327 4025786.669475 0.000000 -0.000000
352856.411603 4025786.719079 0.000000 0.000000
352856.380880 4025786.768680 0.000000 0.000000
352856.350158 4025786.818279 0.000000 0.000000
352856.319438 4025786.867876 0.000000 -0.000000
352856.288719 4025786.917471 0.000000 -0.000000
352856.258001 4025786.967065 0.000000 0.000000
352856.227284 4025787.016658 0.000000 0.000000
352856.196567 4025787.066249 0.000000 -0.000000
352856.165851 4025787.115839 0.000000 0.000000
352856.135136 4025787.165428 0.000000 0.000000
352856.104421 4025787.215016 0.000000 -0.000000
352856.073707 4025787.264604 0.000000 0.000000
352856.042993 4025787.314191 0.000000 0.000000
352856.012279 4025787.363777 0.000000 0.000000
352855.981566 4025787.413363 0.000000 -0.000000
352855.950853 4025787.462949 0.000000 -0.000000
352855.920140 4025787.512534 0.000000 0.000000
352855.889427 4025787.562120 0.000000 0.000000
352855.858714 4025787.611704 0.000000 0.000000
352855.828002 4025787.661289 0.000000 -0.000000
352855.797289 4025787.710874 0.000000 0.000000
352855.766577 4025787.760458 0.000000 -0.000000
352855.735865 4025787.810043 0.000000 0.000000
352855.705152 4025787.859627 0.000000 0.000000
352855.674440 4025787.909211 0.000000 0.000000
352855.643728 4025787.958795 0.000000 -0.000000
352855.613016 4025788.008380 0.000000 -0.000000
352855.582304 4025788.057964 0.000000 0.000000
352855.551591 4025788.107548 0.000000 -0.000000
352855.520879 4025788.157132 0.000000 0.000000
352855.490167 4025788.206716 0.000000 -0.000000
352855.459455 4025788.256301 0.000000 -0.000000
352855.428743 4025788.305885 0.000000 -0.000000
352855.398030 4025788.355469 0.000000 0.000000
352855.367318 4025788.405053 0.000000 0.000000
352855.336606 4025788.454637 0.000000 -0.000000
352855.305894 4025788.504221 0.000000 0.000000
352855.275182 4025788.553805 0.000000 -0.000000
352855.244469 4025788.603390 0.000000 0.000000
352855.213757 4025788.652974 0.000000 0.000000
352855.183045 4025788.702558 0.000000 -0.000000
352855.152333 4025788.752142 0.000000 0.000000
352855.121621 4025788.801726 0.000000 0.000000
352855.090909 4025788.851310 0.000000 -0.000000
352855.060196 4025788.900895 0.000000 -0.000000
352855.029484 4025788.950479 0.000000 -0.000000
352854.998772 4025789.000063 0.000000 -0.000000
352854.968060 4025789.049647 0.000000 0.000000
352854.937348 4025789.099231 0.000000 -0.000000
352854.906635 4025789.148815 0.000000 -0.000000
352854.875923 4025789.198400 0.000000 0.000000
352854.845211 4025789.247984 0.000000 -0.000000
352854.814499 4025789.297568 0.000000 0.000000
352854.783787 4025789.347152 0.000000 -0.000000
352854.753074 4025789.396736 0.000000 -0.000000
352854.722362 4025789.446320 0.000000 0.000000
352854.691650 4025789.495904 0.000000 0.000000
352854.660938 4025789.545489 0.000000 0.000000
352854.630226 4025789.595073 0.000000 0.000000
352854.599514 4025789.644657 0.000000 0.000000
352854.568801 4025789.694241 0.000000 -0.000000
352854.538089 4025789.743825 0.000000 0.000000
352854.507377 4025789.793409 0.000000 -0.000000
352854.476665 4025789.842994 0.000000 0.000000
352854.445953 4025789.892578 0.000000 -0.000000
352854.415240 4025789.942162 0.000000 -0.000000
352854.384528 4025789.991746 0.000000 0.000000
352854.353816 4025790.041330 0.000000 0.000000
352854.323104 4025790.090914 0.000000 -0.000000
352854.292392 4025790.140498 0.000000 -0.000000
352854.261679 4025790.190083 0.000000 0.000000
352854.230967 4025790.239667 0.000000 -0.000000
352854.200255 4025790.289251 0.000000 0.000000
352854.169543 4025790.338835 0.000000 0.000000
352854.138831 4025790.388419 0.000000 -0.000000
352854.108119 4025790.438003 0.000000 -0.000000
352854.077406 4025790.487588 0.000000 0.000000
352854.046694 4025790.537172 0.000000 0.000000
352854.015982 4025790.586756 0.000000 -0.000000
352853.985270 4025790.636340 0.000000 0.000000
352853.954558 4025790.685924 0.000000 -0.000000
352853.923845 4025790.735508 0.000000 -0.000000
352853.893133 4025790.785093 0.000000 -0.000000
352853.862421 4025790.834677 0.000000 0.000000
352853.831709 4025790.884261 0.000000 0.000000
352853.800997 4025790.933845 0.000000 -0.000000
352853.770285 4025790.983429 0.000000 0.000000
352853.739572 4025791.033013 0.000000 -0.000000
352853.708860 4025791.082597 0.000000 0.000000
352853.678148 4025791.132182 0.000000 0.000000
352853.647436 4025791.181766 0.000000 -0.000000
352853.616724 4025791.231350 0.000000 0.000000
352853.586011 4025791.280934 0.000000 0.000000
352853.555299 4025791.330518 0.000000 -0.000000
352853.524587 4025791.380102 0.000000 -0.000000
352853.493875 4025791.429687 0.000000 -0.000000
352853.463163 4025791.479271 0.000000 -0.000000
352853.432450 4025791.528855 0.000000 -0.000000
352853.401738 4025791.578439 0.000000 0.000000
352853.371026 4025791.628023 0.000000 0.000000
352853.340314 4025791.677607 0.000000 -0.000000
352853.309602 4025791.727191 0.000000 -0.000000
352853.278890 4025791.776776 0.000000 0.000000
352853.248177 4025791.826360 0.000000 -0.000000
352853.217465 4025791.875944 0.000000 0.000000
352853.186753 4025791.925528 0.000000 0.000000
352853.156041 4025791.975112 0.000000 0.000000
352853.125329 4025792.024696 0.000000 0.000000
352853.094616 4025792.074281 0.000000 0.000000
352853.063904 4025792.123865 0.000000 0.000000
352853.033192 4025792.173449 0.000000 -0.000000
352853.002480 4025792.223033 0.000000 0.000000
352852.971768 4025792.272617 0.000000 -0.000000
352852.941055 4025792.322201 0.000000 -0.000000
352852.910343 4025792.371786 0.000000 -0.000000
352852.879631 4025792.421370 0.000000 -0.000000
352852.848919 4025792.470954 0.000000 0.000000
352852.818207 4025792.520538 0.000000 0.000000
352852.787495 4025792.570122 0.000000 0.000000
352852.756782 4025792.619706 0.000000 0.000000
352852.726070 4025792.669290 0.000000 0.000000
352852.695358 4025792.718875 0.000000 -0.000000
352852.664646 4025792.768459 0.000000 -0.000000
352852.633934 4025792.818043 0.000000 0.000000
352852.603221 4025792.867627 0.000000 -0.000000
352852.572509 4025792.917211 0.000000 -0.000000
352852.541797 4025792.966795 0.000000 -0.000000
352852.511085 4025793.016380 0.000000 0.000000
352852.480373 4025793.065964 0.000000 -0.000000
352852.449660 4025793.115548 0.000000 -0.000000
352852.418948 4025793.165132 0.000000 -0.000000
352852.388236 4025793.214716 0.000000 -0.000000
352852.357524 4025793.264300 0.000000 -0.000000
352852.326812 4025793.313884 0.000000 -0.000000
352852.296100 4025793.363469 0.000000 0.000000
352852.265387 4025793.413053 0.000000 -0.000000
352852.234675 4025793.462637 0.000000 -0.000000
352852.203963 4025793.512221 0.000000 0.000000
352852.173251 4025793.561805 0.000000 0.000000
352852.142539 4025793.611389 0.000000 0.000000
352852.111826 4025793.660974 0.000000 0.000000
352852.081114 4025793.710558 0.000000 0.000000
352852.050402 4025793.760142 0.000000 -0.000000
352852.019690 4025793.809726 0.000000 -0.000000
352851.988978 4025793.859310 0.000000 -0.000000
352851.958266 4025793.908894 0.000000 -0.000000
352851.927553 4025793.958479 0.000000 -0.000000
352851.896841 4025794.008063 0.000000 0.000000
352851.866129 4025794.057647 0.000000 0.000000
352851.835417 4025794.107231 0.000000 -0.000000
352851.804704 4025794.156815 0.000000 -0.000000
352851.773992 4025794.206400 0.000000 0.000000
352851.743280 4025794.255984 0.000000 0.000000
352851.712568 4025794.305568 0.000000 0.000000
352851.681855 4025794.355153 0.000000 -0.000000
352851.651143 4025794.404737 0.000000 0.000000
352851.620430 4025794.454322 0.000000 0.000000
352851.589718 4025794.503907 0.000000 -0.000000
352851.559005 4025794.553492 0.000000 0.000000
352851.528292 4025794.603078 0.000000 0.000000
352851.497579 4025794.652663 0.000000 0.000000
352851.466865 4025794.702249 0.000000 -0.000000
352851.436152 4025794.751836 0.000000 -0.000000
352851.405438 4025794.801423 0.000000 -0.000000
352851.374723 4025794.851010 0.000000 -0.000000
352851.344009 4025794.900599 0.000000 -0.000000
352851.313293 4025794.950188 0.000000 0.000000
352851.282578 4025794.999778 0.000000 0.000000
352851.251861 4025795.049369 0.000000 -0.000000
352851.221144 4025795.098961 0.000000 0.000000
352851.190426 4025795.148555 0.000000 -0.000000
352851.159706 4025795.198151 0.000000 0.000000
352851.128986 4025795.247748 0.000000 0.000000
352851.098265 4025795.297347 0.000000 0.000000
352851.067542 4025795.346948 0.000000 0.000000
352851.036818 4025795.396552 0.000000 -0.000000
352851.006092 4025795.446158 0.000000 -0.000000
352850.975364 4025795.495768 0.000000 0.000000
352850.944634 4025795.545381 0.000000 0.000000
352850.913901 4025795.594998 0.000000 0.000000
352850.883166 4025795.644618 0.000000 -0.000000
352850.852429 4025795.694244 0.000000 -0.000000
352850.821688 4025795.743874 0.000000 -0.000000
352850.790944 4025795.793510 0.000000 0.000000
352850.760196 4025795.843152 0.000000 0.000000
352850.729444 4025795.892800 0.000000 0.000000
352850.698688 4025795.942455 0.000000 0.000000
352850.667927 4025795.992118 0.000000 -0.000000
352850.637161 4025796.041789 0.000000 0.000000
352850.606390 4025796.091469 0.000000 -0.000000
352850.575612 4025796.141158 0.000000 -0.000000
352850.544828 4025796.190858 0.000000 0.000000
352850.514037 4025796.240570 0.000000 -0.000000
352850.483239 4025796.290293 0.000000 0.000000
352850.452432 4025796.340030 0.000000 -0.000000
352850.421617 4025796.389780 0.000000 0.000000
352850.390793 4025796.439545 0.000000 -0.000000
352850.359958 4025796.489327 0.000000 -0.000000
352850.329113 4025796.539125 0.000000 -0.000000
352850.298257 4025796.588942 0.000000 -0.000000
352850.267389 4025796.638778 0.000000 0.000000
352850.236508 4025796.688635 0.000000 -0.000000
352850.205613 4025796.738514 0.000000 -0.000000
352850.174704 4025796.788416 0.000000 -0.000000
352850.143779 4025796.838343 0.000000 0.000000
352850.112838 4025796.888297 0.000000 0.000000
352850.081880 4025796.938278 0.000000 -0.000000
352850.050904 4025796.988289 0.000000 0.000000
352850.019908 4025797.038330 0.000000 -0.000000
352849.988892 4025797.088405 0.000000 -0.000000
352849.957855 4025797.138514 0.000000 0.000000
352849.926795 4025797.188660 0.000000 -0.000000
352849.895711 4025797.238844 0.000000 0.000000
352849.864603 4025797.289068 0.000000 -0.000000
352849.833468 4025797.339334 0.000000 0.000000
352849.802306 4025797.389645 0.000000 -0.000000
352849.771115 4025797.440002 0.000000 -0.000000
352849.739894 4025797.490407 0.000000 0.000000
352849.708641 4025797.540864 0.000000 0.000000
352849.677356 4025797.591373 0.000000 -0.000000
352849.646036 4025797.641938 0.000000 0.000000
352849.614681 4025797.692561 0.000000 0.000000
352849.583288 4025797.743244 0.000000 -0.000000
352849.551856 4025797.793990 0.000000 0.000000
352849.520384 4025797.844801 0.000000 0.000000
352849.488869 4025797.895681 0.000000 -0.000000
352849.457311 4025797.946631 0.000000 -0.000000
352849.425707 4025797.997654 0.000000 0.000000
352849.394057 4025798.048754 0.000000 -0.000000
352849.362357 4025798.099932 0.000000 0.000000
352849.330606 4025798.151193 0.000000 0.000000
352849.298803 4025798.202538 0.000000 0.000000
352849.266946 4025798.253971 0.000000 -0.000000
352849.235032 4025798.305495 0.000000 0.000000
352849.203061 4025798.357113 0.000000 0.000000
352849.171029 4025798.408827 0.000000 -0.000000
352849.138935 4025798.460642 0.000000 0.000000
352849.106778 4025798.512559 0.000000 -0.000000
352849.074554 4025798.564584 0.000000 -0.000000
352849.042263 4025798.616717 0.000000 0.000000
352849.009901 4025798.668964 0.000000 -0.000000
352848.977468 4025798.721327 0.000000 -0.000000
352848.944961 4025798.773809 0.000000 -0.000000
352848.912377 4025798.826415 0.000000 0.000000
352848.879715 4025798.879146 0.000000 -0.000000
352848.846973 4025798.932008 0.000000 0.000000
352848.814149 4025798.985002 0.000000 -0.000000
352848.781240 4025799.038134 0.000000 -0.000000
352848.748244 4025799.091405 0.000000 -0.000000
352848.715159 4025799.144820 0.000000 0.000000
352848.681982 4025799.198382 0.000000 0.000000
352848.648713 4025799.252095 0.000000 0.000000
352848.615348 4025799.305962 0.000000 0.000000
352848.581885 4025799.359987 0.000000 -0.000000
352848.548322 4025799.414173 0.000000 -0.000000
352848.514657 4025799.468525 0.000000 -0.000000
352848.480888 4025799.523045 0.000000 0.000000
352848.447011 4025799.577738 0.000000 -0.000000
352848.413026 4025799.632607 0.000000 0.000000
352848.378929 4025799.687656 0.000000 -0.000000
352848.344718 4025799.742888 0.000000 0.000000
352848.310391 4025799.798308 0.000000 0.000000
352848.275946 4025799.853919 0.000000 0.000000
352848.241380 4025799.909725 0.000000 0.000000
352848.206691 4025799.965729 0.000000 0.000000
352848.171877 4025800.021937 0.000000 -0.000000
352848.136934 4025800.078350 0.000000 0.000000
352848.101862 4025800.134975 0.000000 0.000000
352848.066656 4025800.191813 0.000000 0.000000
352848.031315 4025800.248870 0.000000 -0.000000
352847.995837 4025800.306149 0.000000 -0.000000
352847.960218 4025800.363655 0.000000 -0.000000
352847.924457 4025800.421391 0.000000 -0.000000
352847.888550 4025800.479361 0.000000 0.000000
352847.852496 4025800.537570 0.000000 0.000000
352847.816291 4025800.596022 0.000000 -0.000000
352847.779933 4025800.654721 0.000000 0.000000
352847.743420 4025800.713671 0.000000 0.000000
352847.706748 4025800.772877 0.000000 0.000000
352847.669915 4025800.832343 0.000000 -0.000000
352847.632918 4025800.892074 0.000000 -0.000000
352847.595755 4025800.952073 0.000000 -0.000000
352847.558422 4025801.012346 0.000000 -0.000000
352847.520917 4025801.072897 0.000000 0.000000
352847.483237 4025801.133731 0.000000 -0.000000
352847.445378 4025801.194852 0.000000 0.000000
352847.407339 4025801.256266 0.000000 -0.000000
352847.369116 4025801.317976 0.000000 -0.000000
352847.330706 4025801.379989 0.000000 0.000000
352847.292105 4025801.442309 0.000000 -0.000000
352847.253311 4025801.504941 0.000000 -0.000000
352847.214320 4025801.567891 0.000000 0.000000
352847.175130 4025801.631163 0.000000 -0.000000
352847.135736 4025801.694764 0.000000 0.000000
352847.096135 4025801.758698 0.000000 0.000000
352847.056325 4025801.822971 0.000000 0.000000
352847.016300 4025801.887590 0.000000 0.000000
352846.976058 4025801.952560 0.000000 -0.000000
352846.935595 4025802.017886 0.000000 -0.000000
352846.894907 4025802.083576 0.000000 -0.000000
352846.853991 4025802.149635 0.000000 0.000000
352846.812841 4025802.216070 0.000000 -0.000000
352846.771455 4025802.282887 0.000000 0.000000
352846.729827 4025802.350094 0.000000 -0.000000
352846.687954 4025802.417697 0.000000 0.000000
352846.645831 4025802.485704 0.000000 0.000000
352846.603453 4025802.554122 0.000000 0.000000
352846.560816 4025802.622958 0.000000 0.000000
352846.517915 4025802.692221 0.000000 -0.000000
352846.474745 4025802.761919 0.000000 -0.000000
352846.431300 4025802.832060 0.000000 0.000000
352846.387575 4025802.902653 0.000000 -0.000000
352846.343565 4025802.973706 0.000000 0.000000
352846.299263 4025803.045230 0.000000 -0.000000
352846.254664 4025803.117234 0.000000 0.000000
352846.209762 4025803.189728 0.000000 -0.000000
352846.164550 4025803.262722 0.000000 0.000000
352846.119021 4025803.336227 0.000000 -0.000000
352846.073169 4025803.410254 0.000000 0.000000
352846.026986 4025803.484815 0.000000 0.000000
352845.980466 4025803.559922 0.000000 -0.000000
352845.933599 4025803.635587 0.000000 0.000000
352845.886379 4025803.711824 0.000000 -0.000000
352845.838796 4025803.788645 0.000000 0.000000
352845.790843 4025803.866064 0.000000 0.000000
352845.742510 4025803.944097 0.000000 -0.000000
352845.693787 4025804.022758 0.000000 0.000000
352845.644666 4025804.102063 0.000000 -0.000000
352845.595136 4025804.182028 0.000000 0.000000
352845.545187 4025804.262670 0.000000 -0.000000
352845.494808 4025804.344006 0.000000 -0.000000
352845.443987 4025804.426056 0.000000 -0.000000
352845.392712 4025804.508837 0.000000 -0.000000
352845.340973 4025804.592369 0.000000 0.000000
352845.288755 4025804.676674 0.000000 -0.000000
352845.236046 4025804.761771 0.000000 0.000000
352845.182832 4025804.847684 0.000000 0.000000
352845.129099 4025804.934435 0.000000 -0.000000
352845.074833 4025805.022047 0.000000 0.000000
352845.020017 4025805.110546 0.000000 0.000000
352844.964636 4025805.199956 0.000000 -0.000000
352844.908675 4025805.290305 0.000000 -0.000000
352844.852114 4025805.381621 0.000000 -0.000000
352844.794937 4025805.473932 0.000000 -0.000000
352844.737124 4025805.567270 0.000000 0.000000
352844.678656 4025805.661666 0.000000 0.000000
352844.619510 4025805.757156 0.000000 0.000000
352844.559663 4025805.853777 0.000000 0.000000
352844.499091 4025805.951569 0.000000 0.000000
352844.437767 4025806.050576 0.000000 -0.000000
352844.375661 4025806.150844 0.000000 0.000000
352844.312742 4025806.252426 0.000000 -0.000000
352844.248974 4025806.355377 0.000000 -0.000000
352844.184320 4025806.459760 0.000000 0.000000
352844.118737 4025806.565643 0.000000 -0.000000
352844.052178 4025806.673101 0.000000 -0.000000
352843.984593 4025806.782215 0.000000 -0.000000
352843.915926 4025806.893077 0.000000 -0.000000
352843.846114 4025807.005787 0.000000 0.000000
352843.775090 4025807.120454 0.000000 -0.000000
352843.702778 4025807.237199 0.000000 0.000000
352843.629098 4025807.356155 0.000000 0.000000
352843.553957 4025807.477467 0.000000 0.000000
352843.477259 4025807.601294 0.000000 -0.000000
352843.398895 4025807.727811 0.000000 0.000000
352843.318748 4025807.857208 0.000000 0.000000
352843.236688 4025807.989691 0.000000 0.000000
352843.152576 4025808.125488 0.000000 0.000000
352843.066260 4025808.264843 0.000000 0.000000
352842.977575 4025808.408023 0.000000 0.000000
352842.886342 4025808.555317 0.000000 0.000000
352842.792368 4025808.707036 0.000000 0.000000
352842.695444 4025808.863518 0.000000 0.000000
352842.595345 4025809.025126 0.000000 0.000000
352842.491827 4025809.192253 0.000000 0.000000
352842.384631 4025809.365320 0.000000 0.000000
352842.273475 4025809.544778 0.000000 0.000000
352842.158060 4025809.731113 0.000000 0.000000
352842.038063 4025809.924845 0.000000 0.000000
352841.913141 4025810.126529 0.000000 0.000000
352841.782926 4025810.336758 0.000000 0.000000
352841.647026 4025810.556166 0.000000 0.000000
352841.505023 4025810.785427 0.000000 0.000000
352841.356473 4025811.025258 0.000000 0.000000
352841.200902 4025811.276424 0.000000 0.000000
352841.037808 4025811.539735 0.000000 0.000000
352840.866660 4025811.816049 0.000000 0.000000
