352840.686893 4025812.106280 0.000000 0.000000
352840.514485 4025812.386028 0.000000 0.000004
352840.350342 4025812.652364 0.000000 0.000008
352840.193925 4025812.906165 0.000000 0.000013
352840.044722 4025813.148259 0.000000 0.000017
352839.902253 4025813.379429 0.000000 0.000021
352839.766062 4025813.600410 0.000000 0.000025
352839.635725 4025813.811894 0.000000 0.000029
352839.510841 4025814.014530 0.000000 0.000034
352839.391032 4025814.208930 0.000000 0.000038
352839.275947 4025814.395665 0.000000 0.000042
352839.165256 4025814.575270 0.000000 0.000046
352839.058650 4025814.748247 0.000000 0.000050
352838.955841 4025814.915063 0.000000 0.000054
352838.856560 4025815.076153 0.000000 0.000059
352838.760557 4025815.231924 0.000000 0.000063
352838.667599 4025815.382754 0.000000 0.000067
352838.577470 4025815.528992 0.000000 0.000071
352838.489969 4025815.670965 0.000000 0.000075
352838.404912 4025815.808972 0.000000 0.000080
352838.322126 4025815.943292 0.000000 0.000084
352838.241453 4025816.074182 0.000000 0.000088
352838.162747 4025816.201878 0.000000 0.000092
352838.085874 4025816.326598 0.000000 0.000096
352838.010711 4025816.448541 0.000000 0.000101
352837.937144 4025816.567891 0.000000 0.000105
352837.865070 4025816.684816 0.000000 0.000119
352837.794395 4025816.799468 0.000000 0.000134
352837.725031 4025816.911989 0.000000 0.000151
352837.656900 4025817.022506 0.000000 0.000169
352837.589929 4025817.131135 0.000000 0.000188
352837.524054 4025817.237982 0.000000 0.000209
352837.459215 4025817.343142 0.000000 0.000232
352837.395358 4025817.446704 0.000000 0.000256
352837.332434 4025817.548747 0.000000 0.000282
352837.270397 4025817.649342 0.000000 0.000309
352837.209208 4025817.748555 0.000000 0.000338
352837.148829 4025817.846446 0.000000 0.000368
352837.089227 4025817.943069 0.000000 0.000401
352837.030371 4025818.038473 0.000000 0.000434
352836.972232 4025818.132704 0.000000 0.000470
352836.914784 4025818.225804 0.000000 0.000507
352836.858004 4025818.317811 0.000000 0.000546
352836.801869 4025818.408761 0.000000 0.000586
352836.746358 4025818.498686 0.000000 0.000628
352836.691451 4025818.587620 0.000000 0.000671
352836.637130 4025818.675590 0.000000 0.000715
352836.583378 4025818.762625 0.000000 0.000761
352836.530177 4025818.848752 0.000000 0.000809
352836.477512 4025818.933996 0.000000 0.000857
352836.425366 4025819.018381 0.000000 0.000907
352836.373726 4025819.101931 0.000000 0.000958
352836.322577 4025819.184670 0.000000 0.001010
352836.271904 4025819.266618 0.000000 0.001063
352836.221695 4025819.347797 0.000000 0.001117
352836.171937 4025819.428227 0.000000 0.001171
352836.122617 4025819.507928 0.000000 0.001227
352836.073724 4025819.586918 0.000000 0.001282
352836.025245 4025819.665216 0.000000 0.001339
352835.977171 4025819.742839 0.000000 0.001395
352835.929490 4025819.819804 0.000000 0.001452
352835.882192 4025819.896127 0.000000 0.001509
352835.835267 4025819.971823 0.000000 0.001566
352835.788705 4025820.046908 0.000000 0.001623
352835.742498 4025820.121396 0.000000 0.001680
352835.696637 4025820.195301 0.000000 0.001736
352835.651113 4025820.268636 0.000000 0.001792
352835.605919 4025820.341414 0.000000 0.001848
352835.561045 4025820.413648 0.000000 0.001902
352835.516485 4025820.485349 0.000000 0.001956
352835.472232 4025820.556529 0.000000 0.002009
352835.428278 4025820.627200 0.000000 0.002060
352835.384616 4025820.697371 0.000000 0.002111
352835.341241 4025820.767053 0.000000 0.002160
352835.298146 4025820.836257 0.000000 0.002207
352835.255324 4025820.904992 0.000000 0.002253
352835.212771 4025820.973267 0.000000 0.002298
352835.170479 4025821.041091 0.000000 0.002340
352835.128445 4025821.108474 0.000000 0.002381
352835.086662 4025821.175423 0.000000 0.002420
352835.045126 4025821.241947 0.000000 0.002456
352835.003832 4025821.308054 0.000000 0.002491
352834.962774 4025821.373751 0.000000 0.002523
352834.921948 4025821.439047 0.000000 0.002553
352834.881351 4025821.503948 0.000000 0.002580
352834.840976 4025821.568463 0.000000 0.002605
352834.800821 4025821.632597 0.000000 0.002628
352834.760881 4025821.696357 0.000000 0.002648
352834.721152 4025821.759751 0.000000 0.002666
352834.681631 4025821.822785 0.000000 0.002680
352834.642312 4025821.885465 0.000000 0.002693
352834.603193 4025821.947798 0.000000 0.002702
352834.564270 4025822.009790 0.000000 0.002709
352834.525540 4025822.071446 0.000000 0.002713
352834.486998 4025822.132774 0.000000 0.002714
352834.448642 4025822.193779 0.000000 0.002713
352834.410468 4025822.254466 0.000000 0.002709
352834.372473 4025822.314842 0.000000 0.002702
352834.334653 4025822.374913 0.000000 0.002693
352834.297005 4025822.434683 0.000000 0.002681
352834.259527 4025822.494160 0.000000 0.002667
352834.222214 4025822.553347 0.000000 0.002650
352834.185063 4025822.612251 0.000000 0.002630
352834.148073 4025822.670878 0.000000 0.002608
352834.111238 4025822.729233 0.000000 0.002584
352834.074557 4025822.787321 0.000000 0.002558
352834.038027 4025822.845148 0.000000 0.002529
352834.001644 4025822.902719 0.000000 0.002498
352833.965404 4025822.960039 0.000000 0.002466
352833.929306 4025823.017115 0.000000 0.002431
352833.893347 4025823.073952 0.000000 0.002395
352833.857522 4025823.130554 0.000000 0.002357
352833.821829 4025823.186927 0.000000 0.002317
352833.786266 4025823.243078 0.000000 0.002275
352833.750828 4025823.299010 0.000000 0.002233
352833.715513 4025823.354730 0.000000 0.002189
352833.680319 4025823.410243 0.000000 0.002144
352833.645241 4025823.465555 0.000000 0.002097
352833.610276 4025823.520670 0.000000 0.002050
352833.575423 4025823.575595 0.000000 0.002002
352833.540677 4025823.630335 0.000000 0.001953
352833.506035 4025823.684896 0.000000 0.001904
352833.471494 4025823.739282 0.000000 0.001854
352833.437051 4025823.793500 0.000000 0.001803
352833.402703 4025823.847556 0.000000 0.001753
352833.368447 4025823.901454 0.000000 0.001702
352833.334279 4025823.955201 0.000000 0.001651
352833.300196 4025824.008802 0.000000 0.001600
352833.266194 4025824.062264 0.000000 0.001550
352833.232271 4025824.115590 0.000000 0.001499
352833.198422 4025824.168789 0.000000 0.001449
352833.164645 4025824.221865 0.000000 0.001400
352833.130937 4025824.274824 0.000000 0.001351
352833.097293 4025824.327672 0.000000 0.001302
352833.063710 4025824.380415 0.000000 0.001254
352833.030184 4025824.433059 0.000000 0.001207
352832.996713 4025824.485610 0.000000 0.001161
352832.963292 4025824.538074 0.000000 0.001116
352832.929919 4025824.590457 0.000000 0.001072
352832.896588 4025824.642765 0.000000 0.001029
352832.863297 4025824.695004 0.000000 0.000987
352832.830042 4025824.747179 0.000000 0.000946
352832.796820 4025824.799299 0.000000 0.000907
352832.763626 4025824.851367 0.000000 0.000868
352832.730457 4025824.903391 0.000000 0.000831
352832.697309 4025824.955377 0.000000 0.000796
352832.664178 4025825.007330 0.000000 0.000761
352832.631061 4025825.059258 0.000000 0.000729
352832.597953 4025825.111166 0.000000 0.000697
352832.564852 4025825.163060 0.000000 0.000667
352832.531752 4025825.214948 0.000000 0.000638
352832.498651 4025825.266833 0.000000 0.000611
352832.465544 4025825.318725 0.000000 0.000585
352832.432428 4025825.370627 0.000000 0.000561
352832.399298 4025825.422547 0.000000 0.000538
352832.366151 4025825.474490 0.000000 0.000517
352832.332983 4025825.526463 0.000000 0.000497
352832.299791 4025825.578473 0.000000 0.000478
352832.266569 4025825.630524 0.000000 0.000461
352832.233316 4025825.682623 0.000000 0.000445
352832.200025 4025825.734777 0.000000 0.000430
352832.166695 4025825.786991 0.000000 0.000416
352832.133321 4025825.839271 0.000000 0.000404
352832.099899 4025825.891624 0.000000 0.000393
352832.066426 4025825.944055 0.000000 0.000383
352832.032897 4025825.996569 0.000000 0.000374
352831.999309 4025826.049174 0.000000 0.000367
352831.965659 4025826.101875 0.000000 0.000360
352831.931942 4025826.154678 0.000000 0.000355
352831.898156 4025826.207588 0.000000 0.000350
352831.864295 4025826.260611 0.000000 0.000347
352831.830357 4025826.313753 0.000000 0.000344
352831.796339 4025826.367020 0.000000 0.000342
352831.762235 4025826.420417 0.000000 0.000341
352831.728043 4025826.473950 0.000000 0.000341
352831.693760 4025826.527625 0.000000 0.000341
352831.659381 4025826.581446 0.000000 0.000342
352831.624903 4025826.635420 0.000000 0.000344
352831.590323 4025826.689552 0.000000 0.000346
352831.555637 4025826.743847 0.000000 0.000349
352831.520842 4025826.798311 0.000000 0.000353
352831.485933 4025826.852949 0.000000 0.000357
352831.450909 4025826.907766 0.000000 0.000361
352831.415764 4025826.962768 0.000000 0.000366
352831.380496 4025827.017961 0.000000 0.000371
352831.345102 4025827.073348 0.000000 0.000377
352831.309578 4025827.128936 0.000000 0.000383
352831.273920 4025827.184730 0.000000 0.000389
352831.238125 4025827.240735 0.000000 0.000396
352831.202191 4025827.296957 0.000000 0.000402
352831.166112 4025827.353399 0.000000 0.000409
352831.129887 4025827.410069 0.000000 0.000417
352831.093511 4025827.466970 0.000000 0.000424
352831.056981 4025827.524108 0.000000 0.000432
352831.020295 4025827.581488 0.000000 0.000440
352830.983447 4025827.639115 0.000000 0.000449
352830.946436 4025827.696996 0.000000 0.000458
352830.909257 4025827.755134 0.000000 0.000467
352830.871908 4025827.813535 0.000000 0.000476
352830.834384 4025827.872204 0.000000 0.000486
352830.796683 4025827.931147 0.000000 0.000497
352830.758800 4025827.990369 0.000000 0.000508
352830.720732 4025828.049876 0.000000 0.000520
352830.682476 4025828.109672 0.000000 0.000533
352830.644028 4025828.169763 0.000000 0.000546
352830.605385 4025828.230155 0.000000 0.000561
352830.566542 4025828.290854 0.000000 0.000577
352830.527496 4025828.351864 0.000000 0.000594
352830.488244 4025828.413192 0.000000 0.000613
352830.448781 4025828.474844 0.000000 0.000633
352830.409103 4025828.536826 0.000000 0.000656
352830.369207 4025828.599142 0.000000 0.000680
352830.329088 4025828.661801 0.000000 0.000707
352830.288743 4025828.724807 0.000000 0.000736
352830.248167 4025828.788167 0.000000 0.000768
352830.207356 4025828.851888 0.000000 0.000802
352830.166305 4025828.915977 0.000000 0.000840
352830.125010 4025828.980439 0.000000 0.000881
352830.083466 4025829.045282 0.000000 0.000926
352830.041668 4025829.110514 0.000000 0.000975
352829.999611 4025829.176141 0.000000 0.001028
352829.957290 4025829.242171 0.000000 0.001085
352829.914700 4025829.308611 0.000000 0.001146
352829.871835 4025829.375470 0.000000 0.001212
352829.828689 4025829.442756 0.000000 0.001284
352829.785256 4025829.510478 0.000000 0.001360
352829.741531 4025829.578643 0.000000 0.001442
352829.697507 4025829.647261 0.000000 0.001529
352829.653177 4025829.716341 0.000000 0.001622
352829.608534 4025829.785893 0.000000 0.001720
352829.563571 4025829.855926 0.000000 0.001825
352829.518280 4025829.926452 0.000000 0.001936
352829.472654 4025829.997479 0.000000 0.002053
352829.426684 4025830.069020 0.000000 0.002176
352829.380362 4025830.141085 0.000000 0.002305
352829.333679 4025830.213686 0.000000 0.002441
352829.286625 4025830.286836 0.000000 0.002583
352829.239192 4025830.360547 0.000000 0.002731
352829.191368 4025830.434831 0.000000 0.002886
352829.143144 4025830.509703 0.000000 0.003048
352829.094508 4025830.585176 0.000000 0.003215
352829.045448 4025830.661264 0.000000 0.003389
352828.995954 4025830.737983 0.000000 0.003570
352828.946011 4025830.815349 0.000000 0.003756
352828.895608 4025830.893376 0.000000 0.003949
352828.844731 4025830.972082 0.000000 0.004148
352828.793365 4025831.051485 0.000000 0.004353
352828.741495 4025831.131601 0.000000 0.004564
352828.689107 4025831.212450 0.000000 0.004780
352828.636184 4025831.294050 0.000000 0.005002
352828.582709 4025831.376422 0.000000 0.005229
352828.528664 4025831.459586 0.000000 0.005461
352828.474033 4025831.543563 0.000000 0.005697
352828.418795 4025831.628375 0.000000 0.005937
352828.362931 4025831.714046 0.000000 0.006180
352828.306420 4025831.800599 0.000000 0.006425
352828.249240 4025831.888059 0.000000 0.006673
352828.191368 4025831.976453 0.000000 0.006920
352828.132780 4025832.065809 0.000000 0.007168
352828.073450 4025832.156156 0.000000 0.007413
352828.013350 4025832.247526 0.000000 0.007655
352827.952449 4025832.339954 0.000000 0.007892
352827.890716 4025832.433477 0.000000 0.008123
352827.828115 4025832.528136 0.000000 0.008344
352827.764608 4025832.623975 0.000000 0.008555
352827.700153 4025832.721043 0.000000 0.008754
352827.634703 4025832.819393 0.000000 0.008936
352827.568210 4025832.919084 0.000000 0.009102
352827.500618 4025833.020181 0.000000 0.009248
352827.431866 4025833.122756 0.000000 0.009372
352827.361889 4025833.226888 0.000000 0.009472
352827.290614 4025833.332663 0.000000 0.009546
352827.217961 4025833.440179 0.000000 0.009592
352827.143842 4025833.549539 0.000000 0.009609
352827.068163 4025833.660862 0.000000 0.009596
352826.990818 4025833.774274 0.000000 0.009552
352826.911694 4025833.889915 0.000000 0.009477
352826.830665 4025834.007939 0.000000 0.009082
352826.747596 4025834.128514 0.000000 0.008687
352826.662338 4025834.251821 0.000000 0.008292
352826.574731 4025834.378062 0.000000 0.007897
352826.484601 4025834.507453 0.000000 0.007502
352826.391759 4025834.640229 0.000000 0.007108
352826.296001 4025834.776647 0.000000 0.006713
352826.197105 4025834.916983 0.000000 0.006318
352826.094834 4025835.061537 0.000000 0.005923
352825.988931 4025835.210631 0.000000 0.005528
352825.879121 4025835.364614 0.000000 0.005133
352825.765107 4025835.523860 0.000000 0.004738
352825.646572 4025835.688772 0.000000 0.004343
352825.523175 4025835.859782 0.000000 0.003949
352825.394552 4025836.037352 0.000000 0.003554
352825.260314 4025836.221978 0.000000 0.003159
352825.120046 4025836.414189 0.000000 0.002764
352824.973305 4025836.614549 0.000000 0.002369
352824.819620 4025836.823661 0.000000 0.001974
352824.658491 4025837.042166 0.000000 0.001579
352824.489384 4025837.270745 0.000000 0.001185
352824.311734 4025837.510122 0.000000 0.000790
352824.124943 4025837.761067 0.000000 0.000395
