352823.928377 4025838.024393 0.000000 0.000000
352823.770522 4025838.224470 0.000000 0.002846
352823.611458 4025838.423479 0.000000 0.005692
352823.451119 4025838.621325 0.000000 0.008539
352823.289445 4025838.817916 0.000000 0.011385
352823.126375 4025839.013161 0.000000 0.014231
352822.961850 4025839.206966 0.000000 0.017077
352822.795812 4025839.399239 0.000000 0.019923
352822.628206 4025839.589888 0.000000 0.022769
352822.458975 4025839.778816 0.000000 0.025616
352822.288068 4025839.965926 0.000000 0.028462
352822.115430 4025840.151119 0.000000 0.031308
352821.941011 4025840.334294 0.000000 0.034154
352821.764761 4025840.515348 0.000000 0.037000
352821.586631 4025840.694173 0.000000 0.039847
352821.406574 4025840.870661 0.000000 0.042693
352821.224543 4025841.044703 0.000000 0.045539
352821.040495 4025841.216185 0.000000 0.048385
352820.854387 4025841.384994 0.000000 0.051231
352820.666178 4025841.551015 0.000000 0.054078
352820.475830 4025841.714133 0.000000 0.056924
352820.283307 4025841.874232 0.000000 0.059770
352820.088575 4025842.031197 0.000000 0.061248
352819.891605 4025842.184915 0.000000 0.062618
352819.692367 4025842.335275 0.000000 0.063863
352819.490839 4025842.482169 0.000000 0.064961
352819.287001 4025842.625494 0.000000 0.065892
352819.080836 4025842.765152 0.000000 0.066633
352818.872334 4025842.901050 0.000000 0.067160
352818.661488 4025843.033106 0.000000 0.067449
352818.448298 4025843.161244 0.000000 0.067476
352818.232769 4025843.285400 0.000000 0.064102
352818.014914 4025843.405522 0.000000 0.060728
352817.794749 4025843.521572 0.000000 0.057354
352817.572303 4025843.633527 0.000000 0.053981
352817.347609 4025843.741380 0.000000 0.050607
352817.120711 4025843.845145 0.000000 0.047233
352816.891660 4025843.944856 0.000000 0.043859
352816.660519 4025844.040570 0.000000 0.040485
352816.427360 4025844.132369 0.000000 0.037112
352816.192269 4025844.220362 0.000000 0.033738
352815.955340 4025844.304688 0.000000 0.030364
352815.716684 4025844.385519 0.000000 0.026990
352815.476421 4025844.463058 0.000000 0.023616
352815.234689 4025844.537548 0.000000 0.020243
352814.991640 4025844.609271 0.000000 0.016869
352814.747440 4025844.678550 0.000000 0.013495
352814.502275 4025844.745753 0.000000 0.010121
352814.256347 4025844.811297 0.000000 0.006748
352814.009876 4025844.875649 0.000000 0.003374
