352738.238929 4025833.841675 0.000000 0.000000
352737.974482 4025833.670880 0.000000 -0.000000
352737.722715 4025833.508274 0.000000 -0.000000
352737.482796 4025833.353321 0.000000 -0.000000
352737.253943 4025833.205515 0.000000 -0.000000
352737.035418 4025833.064379 0.000000 -0.000000
352736.826524 4025832.929463 0.000000 -0.000000
352736.626607 4025832.800345 0.000000 -0.000000
352736.435053 4025832.676629 0.000000 -0.000000
352736.251284 4025832.557940 0.000000 -0.000000
352736.074760 4025832.443931 0.000000 -0.000000
352735.904973 4025832.334273 0.000000 -0.000000
352735.741451 4025832.228661 0.000000 -0.000000
352735.583749 4025832.126808 0.000000 -0.000000
352735.431456 4025832.028448 0.000000 -0.000000
352735.284187 4025831.933333 0.000000 -0.000000
352735.141584 4025831.841232 0.000000 -0.000000
352735.003314 4025831.751930 0.000000 -0.000000
352734.869069 4025831.665227 0.000000 -0.000000
352734.738564 4025831.580939 0.000000 -0.000000
352734.611533 4025831.498895 0.000000 -0.000000
352734.487733 4025831.418938 0.000000 -0.000000
352734.366939 4025831.340922 0.000000 -0.000000
352734.248942 4025831.264713 0.000000 -0.000000
352734.133552 4025831.190187 0.000000 -0.000000
352734.020593 4025831.117232 0.000000 -0.000000
352733.909905 4025831.045744 0.000000 -0.000000
352733.801341 4025830.975626 0.000000 -0.000000
352733.694764 4025830.906793 0.000000 -0.000000
352733.590052 4025830.839164 0.000000 -0.000000
352733.487092 4025830.772666 0.000000 -0.000000
352733.385780 4025830.707234 0.000000 -0.000000
352733.286024 4025830.642805 0.000000 -0.000000
352733.187736 4025830.579326 0.000000 -0.000000
352733.090839 4025830.516744 0.000000 0.000000
352732.995262 4025830.455014 0.000000 -0.000000
352732.900937 4025830.394094 0.000000 -0.000000
352732.807806 4025830.333945 0.000000 -0.000000
352732.715813 4025830.274531 0.000000 -0.000000
352732.624908 4025830.215819 0.000000 -0.000000
352732.535042 4025830.157778 0.000000 0.000000
352732.446173 4025830.100382 0.000000 0.000000
352732.358260 4025830.043602 0.000000 0.000000
352732.271264 4025829.987415 0.000000 0.000000
352732.185149 4025829.931797 0.000000 0.000000
352732.099882 4025829.876727 0.000000 0.000000
352732.015429 4025829.822183 0.000000 0.000000
352731.931760 4025829.768144 0.000000 -0.000000
352731.848845 4025829.714593 0.000000 0.000000
352731.766654 4025829.661509 0.000000 -0.000000
352731.685159 4025829.608876 0.000000 -0.000000
352731.604335 4025829.556674 0.000000 0.000000
352731.524153 4025829.504888 0.000000 0.000000
352731.444588 4025829.453501 0.000000 -0.000000
352731.365616 4025829.402496 0.000000 0.000000
352731.287213 4025829.351859 0.000000 0.000000
352731.209355 4025829.301574 0.000000 0.000000
352731.132019 4025829.251626 0.000000 0.000000
352731.055184 4025829.202002 0.000000 -0.000000
352730.978829 4025829.152687 0.000000 -0.000000
352730.902933 4025829.103669 0.000000 -0.000000
352730.827476 4025829.054934 0.000000 0.000000
352730.752438 4025829.006471 0.000000 0.000000
352730.677803 4025828.958267 0.000000 0.000000
352730.603550 4025828.910310 0.000000 0.000000
352730.529663 4025828.862590 0.000000 0.000000
352730.456126 4025828.815095 0.000000 -0.000000
352730.382921 4025828.767815 0.000000 -0.000000
352730.310033 4025828.720740 0.000000 -0.000000
352730.237447 4025828.673860 0.000000 -0.000000
352730.165149 4025828.627166 0.000000 -0.000000
352730.093124 4025828.580648 0.000000 -0.000000
352730.021358 4025828.534297 0.000000 -0.000000
352729.949838 4025828.488106 0.000000 -0.000000
352729.878552 4025828.442065 0.000000 -0.000000
352729.807487 4025828.396167 0.000000 0.000000
352729.736631 4025828.350404 0.000000 0.000000
352729.665973 4025828.304769 0.000000 -0.000000
352729.595502 4025828.259255 0.000000 -0.000000
352729.525206 4025828.213854 0.000000 0.000000
352729.455075 4025828.168559 0.000000 -0.000000
352729.385100 4025828.123365 0.000000 -0.000000
352729.315271 4025828.078266 0.000000 0.000000
352729.245577 4025828.033254 0.000000 -0.000000
352729.176011 4025827.988323 0.000000 0.000000
352729.106562 4025827.943470 0.000000 -0.000000
352729.037223 4025827.898687 0.000000 0.000000
352728.967985 4025827.853969 0.000000 -0.000000
352728.898840 4025827.809311 0.000000 -0.000000
352728.829780 4025827.764708 0.000000 -0.000000
352728.760797 4025827.720155 0.000000 0.000000
352728.691884 4025827.675647 0.000000 -0.000000
352728.623033 4025827.631179 0.000000 0.000000
352728.554237 4025827.586747 0.000000 -0.000000
352728.485489 4025827.542345 0.000000 0.000000
352728.416781 4025827.497970 0.000000 -0.000000
352728.348108 4025827.453616 0.000000 -0.000000
352728.279461 4025827.409280 0.000000 -0.000000
352728.210834 4025827.364957 0.000000 -0.000000
352728.142221 4025827.320643 0.000000 0.000000
352728.073614 4025827.276333 0.000000 0.000000
352728.005008 4025827.232023 0.000000 0.000000
352727.936395 4025827.187709 0.000000 0.000000
352727.867768 4025827.143386 0.000000 0.000000
352727.799121 4025827.099049 0.000000 -0.000000
352727.730447 4025827.054696 0.000000 0.000000
352727.661740 4025827.010321 0.000000 -0.000000
352727.592992 4025826.965919 0.000000 -0.000000
352727.524195 4025826.921487 0.000000 0.000000
352727.455344 4025826.877019 0.000000 -0.000000
352727.386431 4025826.832511 0.000000 0.000000
352727.317448 4025826.787958 0.000000 0.000000
352727.248388 4025826.743355 0.000000 -0.000000
352727.179243 4025826.698697 0.000000 0.000000
352727.110006 4025826.653979 0.000000 0.000000
352727.040667 4025826.609196 0.000000 -0.000000
352726.971218 4025826.564342 0.000000 -0.000000
352726.901652 4025826.519412 0.000000 0.000000
352726.831958 4025826.474400 0.000000 -0.000000
352726.762129 4025826.429300 0.000000 0.000000
352726.692153 4025826.384106 0.000000 -0.000000
352726.622023 4025826.338812 0.000000 -0.000000
352726.551727 4025826.293411 0.000000 -0.000000
352726.481255 4025826.247896 0.000000 0.000000
352726.410597 4025826.202261 0.000000 -0.000000
352726.339741 4025826.156499 0.000000 -0.000000
352726.268676 4025826.110601 0.000000 0.000000
352726.197390 4025826.064560 0.000000 -0.000000
352726.125871 4025826.018369 0.000000 -0.000000
352726.054105 4025825.972018 0.000000 0.000000
352725.982080 4025825.925500 0.000000 -0.000000
352725.909781 4025825.878806 0.000000 -0.000000
352725.837195 4025825.831926 0.000000 0.000000
352725.764308 4025825.784851 0.000000 -0.000000
352725.691103 4025825.737571 0.000000 0.000000
352725.617565 4025825.690076 0.000000 0.000000
352725.543679 4025825.642356 0.000000 -0.000000
352725.469426 4025825.594399 0.000000 0.000000
352725.394790 4025825.546195 0.000000 0.000000
352725.319753 4025825.497732 0.000000 -0.000000
352725.244296 4025825.448997 0.000000 0.000000
352725.168400 4025825.399979 0.000000 -0.000000
352725.092044 4025825.350664 0.000000 -0.000000
352725.015210 4025825.301040 0.000000 0.000000
352724.937874 4025825.251092 0.000000 -0.000000
352724.860016 4025825.200807 0.000000 -0.000000
352724.781612 4025825.150170 0.000000 0.000000
352724.702641 4025825.099165 0.000000 -0.000000
352724.623076 4025825.047778 0.000000 0.000000
352724.542894 4025824.995992 0.000000 0.000000
352724.462069 4025824.943790 0.000000 -0.000000
352724.380575 4025824.891157 0.000000 0.000000
352724.298384 4025824.838073 0.000000 -0.000000
352724.215468 4025824.784521 0.000000 0.000000
352724.131799 4025824.730483 0.000000 0.000000
352724.047347 4025824.675939 0.000000 0.000000
352723.962079 4025824.620868 0.000000 0.000000
352723.875965 4025824.565251 0.000000 -0.000000
352723.788969 4025824.509064 0.000000 0.000000
352723.701056 4025824.452284 0.000000 -0.000000
352723.612187 4025824.394887 0.000000 -0.000000
352723.522321 4025824.336847 0.000000 0.000000
352723.431415 4025824.278135 0.000000 -0.000000
352723.339423 4025824.218721 0.000000 0.000000
352723.246291 4025824.158571 0.000000 0.000000
352723.151967 4025824.097651 0.000000 -0.000000
352723.056389 4025824.035922 0.000000 0.000000
352722.959492 4025823.973340 0.000000 0.000000
352722.861205 4025823.909861 0.000000 -0.000000
352722.761448 4025823.845432 0.000000 -0.000000
352722.660137 4025823.779999 0.000000 0.000000
352722.557177 4025823.713502 0.000000 -0.000000
352722.452465 4025823.645873 0.000000 -0.000000
352722.345888 4025823.577039 0.000000 0.000000
352722.237323 4025823.506922 0.000000 -0.000000
352722.126635 4025823.435433 0.000000 -0.000000
352722.013677 4025823.362478 0.000000 -0.000000
352721.898287 4025823.287953 0.000000 -0.000000
352721.780290 4025823.211744 0.000000 -0.000000
352721.659495 4025823.133728 0.000000 -0.000000
352721.535696 4025823.053771 0.000000 -0.000000
352721.408665 4025822.971727 0.000000 -0.000000
352721.278159 4025822.887439 0.000000 -0.000000
352721.143915 4025822.800736 0.000000 -0.000000
352721.005645 4025822.711434 0.000000 -0.000000
352720.863042 4025822.619332 0.000000 -0.000000
352720.715772 4025822.524217 0.000000 -0.000000
352720.563479 4025822.425858 0.000000 -0.000000
352720.405778 4025822.324005 0.000000 -0.000000
352720.242255 4025822.218393 0.000000 -0.000000
352720.072469 4025822.108735 0.000000 -0.000000
352719.895944 4025821.994725 0.000000 -0.000000
352719.712175 4025821.876037 0.000000 -0.000000
352719.520621 4025821.752320 0.000000 -0.000000
352719.320705 4025821.623203 0.000000 -0.000000
352719.111811 4025821.488287 0.000000 -0.000000
352718.893285 4025821.347151 0.000000 -0.000000
352718.664433 4025821.199345 0.000000 -0.000000
352718.424514 4025821.044392 0.000000 -0.000000
352718.172747 4025820.881786 0.000000 -0.000000
