352678.150064 4025795.014287 0.000000 -0.000000
352678.023988 4025794.933072 0.000000 -0.000000
352677.897912 4025794.851858 0.000000 -0.000000
352677.771836 4025794.770643 0.000000 -0.000000
352677.645760 4025794.689429 0.000000 -0.000000
352677.519684 4025794.608214 0.000000 -0.000000
352677.393608 4025794.527000 0.000000 -0.000000
352677.267532 4025794.445785 0.000000 -0.000000
352677.141456 4025794.364570 0.000000 -0.000000
352677.015380 4025794.283356 0.000000 -0.000000
352676.889304 4025794.202141 0.000000 -0.000000
352676.763228 4025794.120927 0.000000 -0.000000
352676.637152 4025794.039712 0.000000 -0.000000
352676.511076 4025793.958498 0.000000 -0.000000
352676.385001 4025793.877283 0.000000 -0.000000
352676.258925 4025793.796068 0.000000 -0.000000
352676.132849 4025793.714854 0.000000 -0.000000
352676.006773 4025793.633639 0.000000 -0.000000
352675.880697 4025793.552425 0.000000 -0.000000
352675.754621 4025793.471210 0.000000 -0.000000
352675.628545 4025793.389996 0.000000 -0.000000
352675.502469 4025793.308781 0.000000 -0.000000
352675.376393 4025793.227566 0.000000 -0.000000
352675.250317 4025793.146352 0.000000 -0.000000
352675.124241 4025793.065137 0.000000 -0.000000
352674.998165 4025792.983923 0.000000 -0.000000
352674.872089 4025792.902708 0.000000 -0.000000
352674.746013 4025792.821494 0.000000 -0.000000
352674.619937 4025792.740279 0.000000 -0.000000
352674.493861 4025792.659065 0.000000 -0.000000
352674.367785 4025792.577850 0.000000 -0.000000
352674.241709 4025792.496635 0.000000 -0.000000
352674.115633 4025792.415421 0.000000 -0.000000
352673.989558 4025792.334206 0.000000 0.000000
352673.863482 4025792.252992 0.000000 0.000000
352673.737406 4025792.171777 0.000000 0.000000
352673.611330 4025792.090563 0.000000 0.000000
352673.485254 4025792.009348 0.000000 0.000000
352673.359178 4025791.928133 0.000000 0.000000
352673.233102 4025791.846919 0.000000 0.000000
352673.107026 4025791.765704 0.000000 0.000000
352672.980950 4025791.684490 0.000000 0.000000
352672.854874 4025791.603275 0.000000 0.000000
352672.728798 4025791.522061 0.000000 0.000000
352672.602722 4025791.440846 0.000000 0.000000
352672.476646 4025791.359631 0.000000 0.000000
352672.350570 4025791.278417 0.000000 0.000000
352672.224494 4025791.197202 0.000000 0.000000
352672.098418 4025791.115988 0.000000 0.000000
352671.972342 4025791.034773 0.000000 0.000000
