352671.846266 4025790.953559 0.000000 0.000000
352671.597596 4025790.877209 0.000000 -0.006747
352671.348443 4025790.811964 0.000000 -0.013494
352671.099305 4025790.757911 0.000000 -0.020242
352670.850644 4025790.715098 0.000000 -0.026989
352670.602881 4025790.683537 0.000000 -0.033736
352670.356406 4025790.663207 0.000000 -0.040483
352670.111575 4025790.654054 0.000000 -0.047231
352669.868712 4025790.655993 0.000000 -0.053978
352669.628108 4025790.668913 0.000000 -0.060725
352669.390028 4025790.692676 0.000000 -0.067472
352669.154708 4025790.727119 0.000000 -0.074220
352668.922355 4025790.772057 0.000000 -0.080967
352668.693153 4025790.827285 0.000000 -0.087714
352668.467262 4025790.892578 0.000000 -0.094461
352668.244817 4025790.967694 0.000000 -0.101209
352668.025932 4025791.052376 0.000000 -0.107956
352667.810701 4025791.146352 0.000000 -0.114703
352667.599197 4025791.249340 0.000000 -0.121450
352667.391475 4025791.361044 0.000000 -0.128197
352667.187573 4025791.481160 0.000000 -0.134945
352666.987511 4025791.609377 0.000000 -0.141692
352666.791295 4025791.745376 0.000000 -0.148439
352666.598916 4025791.888834 0.000000 -0.155186
352666.410352 4025792.039424 0.000000 -0.148352
352666.225567 4025792.196816 0.000000 -0.141426
352666.044514 4025792.360678 0.000000 -0.134470
352665.867134 4025792.530679 0.000000 -0.127538
352665.693361 4025792.706489 0.000000 -0.120679
352665.523117 4025792.887780 0.000000 -0.113935
352665.356315 4025793.074226 0.000000 -0.107341
352665.192864 4025793.265507 0.000000 -0.101974
352665.032661 4025793.461307 0.000000 -0.096607
352664.875600 4025793.661316 0.000000 -0.091240
352664.721569 4025793.865231 0.000000 -0.085873
352664.570451 4025794.072758 0.000000 -0.080506
352664.422123 4025794.283611 0.000000 -0.075139
352664.276461 4025794.497511 0.000000 -0.069772
352664.133335 4025794.714193 0.000000 -0.064404
352663.992614 4025794.933401 0.000000 -0.059037
352663.854164 4025795.154889 0.000000 -0.053670
352663.717850 4025795.378425 0.000000 -0.048303
352663.583536 4025795.603789 0.000000 -0.042936
352663.451085 4025795.830773 0.000000 -0.037569
352663.320358 4025796.059184 0.000000 -0.032202
352663.191217 4025796.288841 0.000000 -0.026835
352663.063526 4025796.519579 0.000000 -0.021468
352662.937147 4025796.751247 0.000000 -0.016101
352662.811945 4025796.983708 0.000000 -0.010734
352662.687784 4025797.216841 0.000000 -0.005367
