445394.597382 3945650.871766 0.000000 0.000000
445394.331238 3945651.164793 0.000000 -0.000000
445394.067769 3945651.454874 0.000000 -0.000000
445393.806975 3945651.742011 0.000000 -0.000000
445393.548856 3945652.026203 0.000000 0.000000
445393.293412 3945652.307449 0.000000 0.000000
445393.040643 3945652.585751 0.000000 0.000000
445392.790548 3945652.861108 0.000000 0.000000
445392.543128 3945653.133520 0.000000 0.000000
445392.298383 3945653.402986 0.000000 0.000000
445392.056313 3945653.669508 0.000000 -0.000000
445391.816918 3945653.933085 0.000000 0.000000
445391.580197 3945654.193717 0.000000 0.000000
445391.346151 3945654.451403 0.000000 -0.000000
445391.114780 3945654.706145 0.000000 0.000000
445390.886084 3945654.957942 0.000000 0.000000
445390.660063 3945655.206794 0.000000 -0.000000
445390.436716 3945655.452701 0.000000 0.000000
445390.216044 3945655.695662 0.000000 -0.000000
445389.998048 3945655.935679 0.000000 0.000000
445389.782725 3945656.172751 0.000000 0.000000
445389.570078 3945656.406878 0.000000 -0.000000
445389.360106 3945656.638060 0.000000 -0.000000
445389.152808 3945656.866297 0.000000 0.000000
445388.948185 3945657.091588 0.000000 0.000000
445388.746237 3945657.313935 0.000000 0.000000
445388.546964 3945657.533337 0.000000 0.000000
445388.350365 3945657.749794 0.000000 -0.000000
445388.156442 3945657.963306 0.000000 0.000000
445387.965193 3945658.173873 0.000000 -0.000000
445387.776619 3945658.381495 0.000000 0.000000
445387.590719 3945658.586172 0.000000 -0.000000
445387.407495 3945658.787904 0.000000 -0.000000
445387.226945 3945658.986691 0.000000 -0.000000
445387.049071 3945659.182533 0.000000 0.000000
445386.873871 3945659.375429 0.000000 -0.000000
445386.701345 3945659.565381 0.000000 -0.000000
445386.531495 3945659.752388 0.000000 0.000000
445386.364320 3945659.936450 0.000000 -0.000000
445386.199819 3945660.117567 0.000000 -0.000000
445386.037993 3945660.295739 0.000000 -0.000000
445385.878842 3945660.470966 0.000000 -0.000000
445385.722365 3945660.643248 0.000000 0.000000
445385.568564 3945660.812585 0.000000 -0.000000
445385.417437 3945660.978977 0.000000 0.000000
445385.268985 3945661.142424 0.000000 -0.000000
445385.123208 3945661.302927 0.000000 -0.000000
445384.980106 3945661.460484 0.000000 -0.000000
445384.839678 3945661.615096 0.000000 -0.000000
445384.701926 3945661.766763 0.000000 0.000000
445384.566848 3945661.915485 0.000000 -0.000000
445384.433107 3945662.062734 0.000000 0.000000
445384.299367 3945662.209984 0.000000 0.000000
445384.165627 3945662.357234 0.000000 0.000000
445384.031886 3945662.504483 0.000000 -0.000000
445383.898146 3945662.651733 0.000000 0.000000
445383.764405 3945662.798982 0.000000 -0.000000
445383.630665 3945662.946232 0.000000 0.000000
445383.496924 3945663.093481 0.000000 0.000000
445383.363184 3945663.240731 0.000000 0.000000
445383.229443 3945663.387981 0.000000 -0.000000
445383.095703 3945663.535230 0.000000 0.000000
445382.961963 3945663.682480 0.000000 -0.000000
445382.828222 3945663.829729 0.000000 0.000000
445382.694482 3945663.976979 0.000000 -0.000000
445382.560741 3945664.124229 0.000000 0.000000
445382.427001 3945664.271478 0.000000 0.000000
445382.293260 3945664.418728 0.000000 0.000000
445382.159520 3945664.565977 0.000000 -0.000000
445382.025779 3945664.713227 0.000000 0.000000
445381.892039 3945664.860476 0.000000 -0.000000
445381.758299 3945665.007726 0.000000 0.000000
445381.624558 3945665.154976 0.000000 0.000000
445381.490818 3945665.302225 0.000000 -0.000000
445381.357077 3945665.449475 0.000000 0.000000
445381.223337 3945665.596724 0.000000 -0.000000
445381.089596 3945665.743974 0.000000 0.000000
445380.955856 3945665.891224 0.000000 -0.000000
445380.822115 3945666.038473 0.000000 -0.000000
445380.688375 3945666.185723 0.000000 0.000000
445380.554634 3945666.332972 0.000000 -0.000000
445380.420894 3945666.480222 0.000000 -0.000000
445380.287154 3945666.627471 0.000000 0.000000
445380.153413 3945666.774721 0.000000 0.000000
445380.019673 3945666.921971 0.000000 -0.000000
445379.885932 3945667.069220 0.000000 0.000000
445379.752192 3945667.216470 0.000000 0.000000
445379.618451 3945667.363719 0.000000 -0.000000
445379.484711 3945667.510969 0.000000 0.000000
445379.350970 3945667.658219 0.000000 0.000000
445379.217230 3945667.805468 0.000000 -0.000000
445379.083490 3945667.952718 0.000000 0.000000
445378.949749 3945668.099967 0.000000 -0.000000
445378.816009 3945668.247217 0.000000 0.000000
445378.682268 3945668.394467 0.000000 -0.000000
445378.548528 3945668.541716 0.000000 0.000000
445378.414787 3945668.688966 0.000000 -0.000000
445378.281047 3945668.836215 0.000000 0.000000
445378.147306 3945668.983465 0.000000 0.000000
445378.013566 3945669.130714 0.000000 0.000000
445377.879826 3945669.277964 0.000000 0.000000
445377.744748 3945669.426686 0.000000 0.000000
445377.606995 3945669.578353 0.000000 -0.000000
445377.466568 3945669.732965 0.000000 0.000000
445377.323465 3945669.890522 0.000000 0.000000
445377.177688 3945670.051024 0.000000 -0.000000
445377.029236 3945670.214471 0.000000 0.000000
445376.878110 3945670.380863 0.000000 0.000000
445376.724308 3945670.550200 0.000000 -0.000000
445376.567832 3945670.722482 0.000000 0.000000
445376.408681 3945670.897709 0.000000 0.000000
445376.246855 3945671.075881 0.000000 -0.000000
445376.082354 3945671.256998 0.000000 0.000000
445375.915178 3945671.441060 0.000000 -0.000000
445375.745328 3945671.628067 0.000000 0.000000
445375.572803 3945671.818019 0.000000 -0.000000
445375.397603 3945672.010916 0.000000 0.000000
445375.219728 3945672.206758 0.000000 0.000000
445375.039178 3945672.405545 0.000000 -0.000000
445374.855954 3945672.607277 0.000000 0.000000
445374.670055 3945672.811954 0.000000 0.000000
445374.481481 3945673.019576 0.000000 0.000000
445374.290232 3945673.230143 0.000000 -0.000000
445374.096308 3945673.443655 0.000000 0.000000
445373.899710 3945673.660112 0.000000 0.000000
445373.700437 3945673.879514 0.000000 -0.000000
445373.498488 3945674.101860 0.000000 -0.000000
445373.293866 3945674.327152 0.000000 0.000000
445373.086568 3945674.555389 0.000000 -0.000000
445372.876595 3945674.786571 0.000000 0.000000
445372.663948 3945675.020698 0.000000 -0.000000
445372.448626 3945675.257770 0.000000 0.000000
445372.230629 3945675.497786 0.000000 -0.000000
445372.009957 3945675.740748 0.000000 0.000000
445371.786611 3945675.986655 0.000000 -0.000000
445371.560589 3945676.235507 0.000000 0.000000
445371.331893 3945676.487304 0.000000 -0.000000
445371.100522 3945676.742045 0.000000 0.000000
445370.866476 3945676.999732 0.000000 -0.000000
445370.629756 3945677.260364 0.000000 -0.000000
445370.390360 3945677.523941 0.000000 0.000000
445370.148290 3945677.790462 0.000000 -0.000000
445369.903545 3945678.059929 0.000000 -0.000000
445369.656125 3945678.332341 0.000000 0.000000
445369.406031 3945678.607698 0.000000 0.000000
445369.153261 3945678.885999 0.000000 0.000000
445368.897817 3945679.167246 0.000000 -0.000000
445368.639698 3945679.451438 0.000000 0.000000
445368.378904 3945679.738574 0.000000 0.000000
445368.115435 3945680.028656 0.000000 -0.000000
